#!ascii label  , from subject 3271 vox2ras=TkReg
1351
99923  -58.129  19.222  49.859 0.0000000000
108879  -49.878  29.527  49.879 0.0000000000
102386  -46.187  21.638  50.781 0.0000000000
101662  -57.211  19.790  41.523 0.0000000000
108905  -56.490  30.936  47.025 0.0000000000
105360  -58.037  25.158  47.865 0.0000000000
104654  -58.036  24.722  39.438 0.0000000000
101732  -52.175  21.029  34.469 0.0000000000
90215  -57.388  8.211  58.037 0.0000000000
97363  -56.157  15.476  56.092 0.0000000000
111300  -43.560  34.718  51.917 0.0000000000
113362  -50.917  37.286  49.051 0.0000000000
113418  -54.567  37.414  44.950 0.0000000000
102366  -53.582  22.150  52.533 0.0000000000
105321  -53.188  25.790  54.114 0.0000000000
103874  -52.459  23.295  47.466 0.0000000000
101635  -52.922  20.302  45.345 0.0000000000
99988  -51.434  17.944  40.727 0.0000000000
101678  -46.931  19.721  37.252 0.0000000000
99054  -54.774  17.957  47.309 0.0000000000
109568  -57.373  31.459  43.586 0.0000000000
107545  -57.896  28.174  43.176 0.0000000000
107577  -57.538  28.182  39.912 0.0000000000
105444  -55.970  25.702  36.308 0.0000000000
94778  -57.757  12.261  57.616 0.0000000000
95671  -56.433  13.254  59.195 0.0000000000
110683  -39.730  32.464  52.147 0.0000000000
114088  -53.184  38.317  46.800 0.0000000000
100745  -51.568  19.572  55.902 0.0000000000
102362  -49.310  21.445  51.933 0.0000000000
109498  -50.050  31.945  53.000 0.0000000000
108860  -54.507  29.957  52.771 0.0000000000
103169  -58.541  22.319  44.835 0.0000000000
103146  -56.405  22.440  47.848 0.0000000000
102439  -55.547  21.140  44.515 0.0000000000
103159  -52.131  22.250  45.214 0.0000000000
101653  -54.293  20.334  42.808 0.0000000000
99961  -52.832  18.211  42.991 0.0000000000
100004  -54.128  18.713  40.735 0.0000000000
101695  -49.612  20.227  36.276 0.0000000000
108902  -53.151  29.775  47.594 0.0000000000
107521  -55.299  28.783  49.146 0.0000000000
106857  -56.290  27.992  46.404 0.0000000000
105391  -58.355  25.272  43.363 0.0000000000
102462  -58.390  21.706  40.025 0.0000000000
101683  -55.560  19.812  37.119 0.0000000000
102486  -55.919  22.453  35.553 0.0000000000
103955  -52.948  23.494  33.399 0.0000000000
93035  -58.554  10.868  55.181 0.0000000000
95750  -57.468  13.698  53.644 0.0000000000
99031  -57.975  17.743  53.232 0.0000000000
108806  -46.913  30.832  56.981 0.0000000000
108855  -44.835  30.784  52.946 0.0000000000
110111  -47.652  32.176  51.438 0.0000000000
110709  -50.981  32.908  50.945 0.0000000000
111325  -54.304  34.477  49.359 0.0000000000
111341  -56.351  34.011  46.809 0.0000000000
111357  -55.930  34.284  44.400 0.0000000000
112731  -54.883  36.426  43.387 0.0000000000
98154  -54.178  16.595  58.260 0.0000000000
100749  -55.628  19.340  55.422 0.0000000000
102381  -56.421  21.163  51.943 0.0000000000
104565  -49.264  24.709  53.219 0.0000000000
105352  -56.182  25.760  51.074 0.0000000000
104596  -52.941  23.882  50.850 0.0000000000
103850  -49.163  22.503  49.033 0.0000000000
102408  -50.323  21.925  48.245 0.0000000000
102410  -52.413  21.117  48.119 0.0000000000
100806  -53.696  19.344  48.248 0.0000000000
99075  -52.034  17.535  46.450 0.0000000000
99101  -49.947  16.596  44.216 0.0000000000
99123  -47.994  17.498  42.120 0.0000000000
100903  -52.141  19.397  37.531 0.0000000000
100882  -49.292  19.493  38.449 0.0000000000
100852  -46.239  19.123  40.109 0.0000000000
99040  -58.613  17.543  50.704 0.0000000000
99936  -58.227  18.283  48.747 0.0000000000
99934  -56.540  18.897  48.308 0.0000000000
109594  -57.427  31.069  41.758 0.0000000000
108925  -57.510  30.237  42.347 0.0000000000
108978  -57.146  29.759  39.866 0.0000000000
107599  -56.577  28.215  38.089 0.0000000000
102373  -47.823  21.327  51.220 0.0000000000
109526  -49.940  30.823  51.529 0.0000000000
101648  -57.793  20.412  42.888 0.0000000000
102441  -57.654  21.178  44.589 0.0000000000
101646  -56.009  20.558  43.866 0.0000000000
102456  -54.813  20.910  43.154 0.0000000000
100835  -55.189  19.918  42.252 0.0000000000
99977  -54.174  19.079  41.990 0.0000000000
100855  -55.593  19.299  40.747 0.0000000000
108903  -54.507  30.262  47.761 0.0000000000
107532  -55.139  28.743  47.345 0.0000000000
108215  -56.141  28.893  46.147 0.0000000000
106158  -58.185  26.382  40.865 0.0000000000
106148  -58.118  26.367  42.911 0.0000000000
105397  -58.307  25.423  41.376 0.0000000000
103902  -58.587  23.382  42.261 0.0000000000
103906  -58.054  23.751  39.513 0.0000000000
102467  -57.818  21.809  38.008 0.0000000000
103923  -57.265  23.525  37.236 0.0000000000
104713  -54.657  24.649  34.261 0.0000000000
96574  -57.060  14.162  56.914 0.0000000000
94805  -57.762  12.943  55.764 0.0000000000
96600  -56.829  14.498  54.982 0.0000000000
97398  -57.297  15.855  53.605 0.0000000000
98193  -57.084  16.949  54.361 0.0000000000
111298  -41.494  33.849  51.659 0.0000000000
109506  -42.427  31.087  52.648 0.0000000000
110100  -44.020  32.109  52.725 0.0000000000
109522  -46.230  31.248  51.820 0.0000000000
111289  -46.141  34.202  52.673 0.0000000000
112660  -48.803  36.588  50.092 0.0000000000
111971  -49.171  35.626  51.661 0.0000000000
111987  -51.455  35.645  51.101 0.0000000000
110711  -53.029  33.503  50.296 0.0000000000
112675  -52.666  36.089  49.576 0.0000000000
114101  -54.105  38.141  45.870 0.0000000000
112040  -54.814  35.774  46.997 0.0000000000
112047  -55.366  35.451  45.862 0.0000000000
111344  -56.442  34.212  45.929 0.0000000000
112051  -55.033  35.627  44.949 0.0000000000
112054  -54.805  35.512  44.093 0.0000000000
112730  -54.739  36.848  43.958 0.0000000000
95699  -50.022  13.908  57.429 0.0000000000
94764  -51.744  12.639  59.096 0.0000000000
96550  -51.188  14.239  58.512 0.0000000000
97337  -53.738  15.342  59.256 0.0000000000
98152  -52.170  16.813  57.996 0.0000000000
102324  -52.579  21.360  54.885 0.0000000000
101542  -53.673  20.142  56.195 0.0000000000
102336  -54.325  21.225  54.930 0.0000000000
102353  -56.094  20.918  53.751 0.0000000000
102367  -54.934  22.034  52.821 0.0000000000
105308  -52.382  25.426  55.200 0.0000000000
105305  -49.250  24.671  55.013 0.0000000000
105328  -50.977  25.098  53.707 0.0000000000
106844  -56.950  27.072  48.856 0.0000000000
106841  -56.264  27.328  50.313 0.0000000000
105355  -56.884  25.601  49.881 0.0000000000
103136  -54.483  22.647  48.247 0.0000000000
103855  -54.334  23.205  49.568 0.0000000000
103864  -52.791  23.295  48.473 0.0000000000
103841  -50.386  23.510  50.042 0.0000000000
103862  -50.687  23.326  48.029 0.0000000000
103134  -49.552  22.349  48.460 0.0000000000
103872  -50.619  22.936  47.202 0.0000000000
102427  -52.502  21.287  45.439 0.0000000000
102419  -51.650  21.673  46.361 0.0000000000
101628  -52.961  20.354  47.243 0.0000000000
100799  -53.829  20.046  48.650 0.0000000000
100812  -53.145  19.261  47.178 0.0000000000
100805  -53.367  18.579  47.741 0.0000000000
99946  -52.540  18.418  45.858 0.0000000000
99974  -51.801  17.742  41.441 0.0000000000
99102  -51.073  17.052  44.403 0.0000000000
99112  -50.097  16.963  43.051 0.0000000000
99111  -49.059  16.966  42.900 0.0000000000
99973  -49.522  17.745  41.577 0.0000000000
101699  -53.648  20.162  36.093 0.0000000000
100905  -54.322  19.336  37.901 0.0000000000
101698  -52.495  20.116  35.995 0.0000000000
101693  -47.704  20.150  36.452 0.0000000000
101681  -49.250  20.015  37.041 0.0000000000
100899  -47.914  19.731  37.882 0.0000000000
100865  -47.794  19.391  39.500 0.0000000000
100879  -46.349  19.621  38.671 0.0000000000
100878  -45.346  19.478  38.653 0.0000000000
96614  -58.473  14.547  51.476 0.0000000000
98238  -53.120  16.635  46.920 0.0000000000
108909  -57.117  30.999  45.952 0.0000000000
108217  -57.273  29.435  45.034 0.0000000000
108221  -57.885  29.164  43.007 0.0000000000
107564  -57.806  28.110  41.476 0.0000000000
106174  -57.719  26.453  38.893 0.0000000000
105433  -57.461  25.478  37.685 0.0000000000
106910  -56.996  27.282  37.796 0.0000000000
93019  -57.917  10.650  58.108 0.0000000000
93015  -57.664  10.733  59.030 0.0000000000
96565  -56.348  14.535  57.694 0.0000000000
111994  -41.067  34.715  49.618 0.0000000000
113385  -52.057  37.892  48.089 0.0000000000
114774  -53.768  39.640  44.558 0.0000000000
114790  -54.732  38.981  43.733 0.0000000000
99860  -51.121  18.158  56.641 0.0000000000
102332  -50.303  21.342  53.554 0.0000000000
102364  -51.166  22.012  52.130 0.0000000000
106824  -54.537  27.501  53.598 0.0000000000
103888  -58.472  23.392  46.439 0.0000000000
103876  -57.943  23.734  48.235 0.0000000000
103155  -57.103  22.238  46.757 0.0000000000
102422  -56.224  21.716  46.216 0.0000000000
103152  -53.934  22.447  46.269 0.0000000000
103887  -52.110  22.983  45.634 0.0000000000
103168  -53.631  22.178  44.374 0.0000000000
102447  -53.396  21.263  43.719 0.0000000000
101639  -53.119  20.169  44.518 0.0000000000
100823  -53.042  19.216  44.558 0.0000000000
99962  -53.504  18.981  43.227 0.0000000000
99990  -53.433  18.400  41.288 0.0000000000
99989  -52.538  18.045  40.931 0.0000000000
101714  -50.914  20.534  35.394 0.0000000000
103112  -45.122  22.638  52.321 0.0000000000
108200  -50.941  29.612  47.861 0.0000000000
108184  -52.823  29.660  49.619 0.0000000000
107525  -53.420  28.638  47.938 0.0000000000
107528  -56.335  28.200  47.993 0.0000000000
106122  -57.880  26.463  47.026 0.0000000000
106863  -57.416  27.532  44.459 0.0000000000
106131  -57.781  26.757  45.099 0.0000000000
105369  -58.382  25.218  46.175 0.0000000000
103895  -58.736  23.250  44.355 0.0000000000
102458  -58.467  21.513  42.073 0.0000000000
101663  -57.777  20.082  40.928 0.0000000000
100871  -56.685  19.562  39.501 0.0000000000
101674  -57.508  20.741  38.026 0.0000000000
101701  -56.209  20.919  36.331 0.0000000000
102484  -54.418  21.348  34.734 0.0000000000
103930  -55.878  23.732  35.548 0.0000000000
103209  -54.390  22.866  33.855 0.0000000000
93918  -58.345  11.467  56.377 0.0000000000
94816  -57.972  12.656  54.005 0.0000000000
95751  -57.894  13.218  53.062 0.0000000000
96612  -57.908  14.655  52.250 0.0000000000
98214  -58.367  16.595  52.201 0.0000000000
99920  -58.073  18.805  51.781 0.0000000000
109443  -49.975  31.577  57.625 0.0000000000
108836  -46.202  31.018  55.071 0.0000000000
109486  -48.119  32.107  54.799 0.0000000000
109510  -47.539  31.448  53.049 0.0000000000
109524  -47.887  30.594  51.296 0.0000000000
109534  -48.421  30.558  50.317 0.0000000000
111982  -45.702  35.708  50.415 0.0000000000
111960  -47.395  35.127  52.223 0.0000000000
110700  -49.226  33.011  51.676 0.0000000000
110128  -49.475  31.396  49.472 0.0000000000
110130  -51.838  31.866  49.744 0.0000000000
109542  -53.672  31.796  49.299 0.0000000000
109553  -55.347  31.988  48.455 0.0000000000
112690  -53.432  36.313  48.491 0.0000000000
111331  -55.486  33.968  48.277 0.0000000000
110145  -56.620  32.435  46.781 0.0000000000
110152  -57.065  32.418  45.612 0.0000000000
110164  -57.061  32.844  43.778 0.0000000000
110760  -55.951  33.536  43.291 0.0000000000
110749  -55.085  34.229  43.397 0.0000000000
114131  -55.130  38.056  42.870 0.0000000000
96554  -55.446  14.838  58.722 0.0000000000
98166  -55.315  16.564  56.846 0.0000000000
99862  -52.894  18.520  57.072 0.0000000000
99864  -54.721  18.464  56.500 0.0000000000
98994  -55.712  17.551  55.715 0.0000000000
99889  -57.042  18.337  54.434 0.0000000000
100776  -57.623  19.389  53.010 0.0000000000
101617  -57.580  19.947  50.816 0.0000000000
103826  -47.643  23.613  52.119 0.0000000000
108186  -54.694  29.547  50.495 0.0000000000
106828  -55.200  27.434  52.171 0.0000000000
105342  -54.760  25.673  52.489 0.0000000000
103857  -56.449  23.870  50.129 0.0000000000
104598  -54.831  23.993  51.268 0.0000000000
104578  -52.659  24.596  52.294 0.0000000000
104587  -51.187  24.136  51.695 0.0000000000
103833  -48.583  23.441  51.380 0.0000000000
103124  -47.551  22.253  50.046 0.0000000000
102400  -48.294  21.828  49.567 0.0000000000
102390  -49.784  21.622  50.099 0.0000000000
102392  -52.013  21.686  50.149 0.0000000000
103150  -51.127  22.241  46.372 0.0000000000
102409  -51.243  21.514  48.165 0.0000000000
102393  -53.467  21.532  50.154 0.0000000000
101614  -54.426  21.078  49.879 0.0000000000
101621  -54.961  20.451  49.565 0.0000000000
100802  -56.698  19.814  49.445 0.0000000000
99932  -54.452  18.578  48.157 0.0000000000
99045  -53.414  17.773  47.768 0.0000000000
98228  -51.516  16.378  47.096 0.0000000000
99087  -51.930  17.586  45.590 0.0000000000
99074  -51.118  16.780  46.216 0.0000000000
98248  -49.486  16.220  46.132 0.0000000000
98277  -48.468  16.074  44.399 0.0000000000
99098  -47.371  16.595  43.381 0.0000000000
100887  -54.712  18.905  39.049 0.0000000000
100886  -53.457  18.894  38.557 0.0000000000
100012  -51.920  18.867  38.857 0.0000000000
100918  -51.272  19.977  36.612 0.0000000000
100883  -50.280  19.400  38.338 0.0000000000
100000  -49.865  18.522  39.719 0.0000000000
99986  -48.934  18.447  40.626 0.0000000000
99970  -46.888  18.169  41.326 0.0000000000
99924  -58.348  18.759  50.097 0.0000000000
99928  -58.328  18.416  49.229 0.0000000000
99927  -58.022  19.089  49.478 0.0000000000
99935  -57.594  18.722  48.667 0.0000000000
100810  -57.337  19.114  48.904 0.0000000000
109606  -57.231  30.886  40.977 0.0000000000
108961  -56.798  30.566  40.288 0.0000000000
101603  -47.184  21.091  51.600 0.0000000000
101612  -47.022  21.408  51.043 0.0000000000
108868  -50.450  30.269  50.782 0.0000000000
108869  -51.641  30.577  50.936 0.0000000000
108880  -51.049  29.681  50.140 0.0000000000
101657  -57.789  20.181  41.939 0.0000000000
101647  -56.878  20.449  43.460 0.0000000000
101656  -56.857  19.918  42.374 0.0000000000
101655  -55.770  20.325  42.910 0.0000000000
100836  -55.923  19.788  42.123 0.0000000000
100844  -55.408  19.518  41.576 0.0000000000
100845  -56.361  19.603  41.388 0.0000000000
108904  -55.846  30.399  47.267 0.0000000000
108209  -55.721  29.716  46.965 0.0000000000
108213  -56.551  29.761  46.262 0.0000000000
106166  -58.097  26.079  40.268 0.0000000000
104648  -58.216  24.908  40.122 0.0000000000
104649  -58.331  24.501  40.770 0.0000000000
103909  -57.701  23.985  38.787 0.0000000000
104673  -57.597  24.696  38.116 0.0000000000
91181  -57.712  8.832  57.295 0.0000000000
96573  -56.606  14.828  56.549 0.0000000000
96586  -57.039  14.320  55.999 0.0000000000
96585  -56.518  15.005  55.638 0.0000000000
96599  -56.480  15.267  54.908 0.0000000000
97374  -56.270  15.895  55.275 0.0000000000
111299  -42.507  34.593  51.595 0.0000000000
110686  -43.381  33.047  52.822 0.0000000000
111287  -44.044  34.067  52.633 0.0000000000
110687  -44.613  33.139  52.808 0.0000000000
111301  -44.631  34.892  52.148 0.0000000000
112686  -49.303  37.212  48.471 0.0000000000
112685  -48.493  36.652  48.088 0.0000000000
112672  -49.513  36.885  49.481 0.0000000000
112661  -49.834  36.461  50.580 0.0000000000
112662  -51.038  36.413  50.425 0.0000000000
112663  -51.988  36.149  50.316 0.0000000000
112674  -51.683  36.736  49.443 0.0000000000
114112  -54.437  38.089  45.202 0.0000000000
113407  -54.370  37.397  45.712 0.0000000000
112721  -54.585  36.659  45.557 0.0000000000
112050  -54.834  36.020  45.453 0.0000000000
112726  -54.654  36.610  44.739 0.0000000000
112727  -54.690  36.215  44.220 0.0000000000
96572  -49.137  14.472  56.854 0.0000000000
97349  -50.083  14.992  57.509 0.0000000000
96563  -50.676  13.949  58.051 0.0000000000
97350  -50.610  15.551  57.874 0.0000000000
98136  -51.737  16.207  58.237 0.0000000000
102350  -52.856  22.059  53.445 0.0000000000
102335  -53.225  21.692  54.478 0.0000000000
102351  -54.117  22.041  53.808 0.0000000000
106082  -53.301  26.536  54.957 0.0000000000
105320  -52.553  25.590  54.371 0.0000000000
105319  -51.587  25.274  54.402 0.0000000000
105329  -51.881  25.290  53.691 0.0000000000
106118  -57.173  26.339  48.761 0.0000000000
106115  -56.900  26.086  49.410 0.0000000000
105359  -57.618  25.493  48.401 0.0000000000
103135  -53.468  22.919  47.839 0.0000000000
103865  -53.823  23.075  48.742 0.0000000000
103863  -51.720  23.475  48.208 0.0000000000
103873  -51.450  23.325  47.208 0.0000000000
102420  -52.357  21.125  46.330 0.0000000000
101631  -52.835  20.298  46.253 0.0000000000
100815  -52.916  19.329  46.096 0.0000000000
99126  -51.252  17.532  42.282 0.0000000000
99135  -51.074  17.665  41.489 0.0000000000
99125  -50.101  17.600  41.955 0.0000000000
99134  -50.687  17.756  41.206 0.0000000000
101716  -53.021  20.660  35.180 0.0000000000
101679  -47.454  19.824  37.201 0.0000000000
101680  -48.334  19.996  37.140 0.0000000000
100880  -47.374  19.603  38.677 0.0000000000
100898  -46.939  19.654  37.824 0.0000000000
100897  -45.838  19.680  37.705 0.0000000000
97407  -58.986  15.470  51.057 0.0000000000
99053  -53.591  17.313  47.320 0.0000000000
108914  -57.511  30.453  44.401 0.0000000000
108916  -57.595  30.330  43.350 0.0000000000
108244  -57.451  29.306  41.122 0.0000000000
108245  -57.681  28.642  41.634 0.0000000000
107563  -57.576  28.298  40.879 0.0000000000
106882  -57.850  27.234  40.356 0.0000000000
106893  -57.606  27.276  39.445 0.0000000000
106183  -57.590  26.438  38.055 0.0000000000
106902  -57.426  27.238  38.633 0.0000000000
106909  -56.517  27.748  37.615 0.0000000000
92092  -57.232  10.133  60.270 0.0000000000
95688  -56.727  13.632  58.412 0.0000000000
96555  -56.112  14.001  58.779 0.0000000000
111312  -39.674  34.242  50.085 0.0000000000
114773  -53.179  39.970  44.769 0.0000000000
115475  -53.326  40.237  44.017 0.0000000000
115486  -52.316  40.586  42.847 0.0000000000
102346  -49.079  21.196  52.575 0.0000000000
101582  -49.825  21.094  53.571 0.0000000000
102347  -49.757  21.428  52.897 0.0000000000
102348  -50.685  21.766  52.972 0.0000000000
102363  -50.168  21.731  52.024 0.0000000000
110080  -50.754  32.605  54.368 0.0000000000
108160  -54.677  29.035  53.205 0.0000000000
103156  -58.055  22.858  47.088 0.0000000000
103164  -58.100  22.304  45.944 0.0000000000
102440  -56.710  21.099  44.643 0.0000000000
102423  -56.919  21.798  45.965 0.0000000000
102429  -55.260  21.697  45.654 0.0000000000
103153  -54.957  22.044  46.590 0.0000000000
102428  -54.505  21.976  45.384 0.0000000000
103161  -53.850  22.365  45.302 0.0000000000
102438  -54.500  21.819  44.785 0.0000000000
101645  -54.411  20.815  43.058 0.0000000000
102448  -54.328  21.439  43.663 0.0000000000
101644  -53.805  20.615  43.199 0.0000000000
102446  -53.065  20.929  44.080 0.0000000000
101643  -53.330  20.419  43.789 0.0000000000
100828  -53.521  19.774  43.424 0.0000000000
100833  -53.918  19.695  42.782 0.0000000000
99991  -54.143  18.901  41.534 0.0000000000
100003  -53.374  18.388  40.372 0.0000000000
108900  -51.689  29.425  47.356 0.0000000000
108202  -52.383  28.739  47.936 0.0000000000
108206  -52.572  29.090  47.413 0.0000000000
107536  -55.573  28.657  46.782 0.0000000000
106849  -56.375  28.115  47.274 0.0000000000
106851  -57.316  27.210  47.354 0.0000000000
106855  -57.345  27.261  46.449 0.0000000000
107543  -57.641  28.391  43.848 0.0000000000
107541  -57.254  28.469  44.658 0.0000000000
106868  -57.679  27.504  43.692 0.0000000000
106142  -58.168  26.091  43.863 0.0000000000
106141  -57.788  26.762  44.236 0.0000000000
106132  -58.234  26.046  44.745 0.0000000000
106126  -58.250  26.041  45.630 0.0000000000
105387  -58.443  25.196  44.326 0.0000000000
104629  -58.601  24.233  44.845 0.0000000000
104635  -58.609  24.266  43.842 0.0000000000
103180  -58.412  22.579  40.623 0.0000000000
103178  -58.534  22.475  41.663 0.0000000000
102460  -58.448  21.622  41.062 0.0000000000
101658  -58.283  20.761  41.478 0.0000000000
101664  -58.335  20.812  40.493 0.0000000000
101670  -57.782  20.404  38.961 0.0000000000
101671  -58.159  20.991  38.991 0.0000000000
102476  -56.917  22.483  36.536 0.0000000000
102470  -56.787  21.272  36.751 0.0000000000
102475  -56.453  22.002  36.029 0.0000000000
102474  -55.713  21.177  35.730 0.0000000000
105445  -56.549  25.351  36.539 0.0000000000
104682  -56.865  24.659  36.747 0.0000000000
104694  -55.709  24.686  35.574 0.0000000000
104726  -53.412  24.166  33.542 0.0000000000
103942  -54.864  23.715  34.125 0.0000000000
93905  -58.086  11.361  57.623 0.0000000000
93027  -58.245  10.624  57.178 0.0000000000
94795  -58.094  11.944  56.842 0.0000000000
95745  -57.330  13.811  54.536 0.0000000000
94812  -57.727  13.133  54.873 0.0000000000
94815  -57.625  13.300  54.273 0.0000000000
96611  -57.380  14.730  53.061 0.0000000000
98213  -57.970  16.746  53.036 0.0000000000
99032  -58.221  17.552  52.466 0.0000000000
99913  -58.210  18.170  51.933 0.0000000000
99912  -58.030  18.540  52.588 0.0000000000
108791  -47.570  30.957  57.758 0.0000000000
108762  -50.125  30.219  60.527 0.0000000000
108780  -49.359  30.894  58.633 0.0000000000
108781  -50.325  30.666  58.627 0.0000000000
108808  -48.220  31.197  57.299 0.0000000000
110086  -39.983  31.768  53.279 0.0000000000
109504  -41.137  31.245  53.142 0.0000000000
108843  -44.107  30.346  53.546 0.0000000000
108844  -45.139  30.600  53.577 0.0000000000
109485  -47.384  31.661  55.199 0.0000000000
109495  -47.356  31.535  54.037 0.0000000000
109496  -48.334  31.985  53.622 0.0000000000
108846  -47.032  31.224  53.261 0.0000000000
109523  -46.650  31.632  51.578 0.0000000000
108876  -46.802  30.859  51.201 0.0000000000
109533  -47.434  30.863  50.879 0.0000000000
110119  -48.449  31.644  50.679 0.0000000000
111969  -46.615  35.372  51.783 0.0000000000
111970  -48.012  35.671  51.619 0.0000000000
111306  -50.223  34.344  51.740 0.0000000000
111305  -49.232  34.499  52.128 0.0000000000
110701  -50.569  33.511  51.419 0.0000000000
110120  -49.333  31.793  50.327 0.0000000000
110121  -50.243  32.107  50.218 0.0000000000
110129  -50.593  31.593  49.485 0.0000000000
110122  -51.348  32.378  50.332 0.0000000000
111324  -53.590  34.436  49.942 0.0000000000
110131  -53.109  32.432  49.883 0.0000000000
110132  -54.131  32.686  49.518 0.0000000000
109543  -54.347  32.142  49.243 0.0000000000
110715  -54.637  33.582  49.235 0.0000000000
114076  -52.478  38.229  47.440 0.0000000000
113375  -52.810  36.907  48.380 0.0000000000
112701  -53.604  36.848  47.482 0.0000000000
112041  -55.384  35.272  46.733 0.0000000000
112030  -55.202  35.148  47.394 0.0000000000
111336  -55.754  34.358  47.558 0.0000000000
110721  -56.067  33.304  47.683 0.0000000000
110722  -56.385  33.235  47.088 0.0000000000
110151  -56.955  32.800  46.116 0.0000000000
110725  -56.680  33.389  46.369 0.0000000000
111350  -56.264  34.325  45.064 0.0000000000
110739  -56.887  33.258  44.477 0.0000000000
110751  -56.759  33.307  43.993 0.0000000000
110163  -56.543  33.297  43.458 0.0000000000
110750  -56.170  33.685  43.754 0.0000000000
111356  -55.154  34.689  43.849 0.0000000000
111363  -54.651  34.913  43.441 0.0000000000
112059  -54.657  35.443  43.154 0.0000000000
114791  -54.948  38.464  43.246 0.0000000000
95668  -54.023  13.493  60.282 0.0000000000
98138  -53.354  16.136  58.791 0.0000000000
97325  -54.421  15.098  59.262 0.0000000000
97352  -54.922  15.990  58.029 0.0000000000
97339  -55.272  15.473  58.201 0.0000000000
98155  -54.900  16.547  57.483 0.0000000000
99874  -51.449  18.980  56.275 0.0000000000
99861  -51.727  18.555  56.628 0.0000000000
100733  -52.323  19.239  56.452 0.0000000000
100748  -54.905  19.633  55.766 0.0000000000
100735  -54.373  19.421  56.301 0.0000000000
100736  -55.042  19.064  56.010 0.0000000000
99865  -55.392  18.389  55.924 0.0000000000
99875  -56.006  18.387  55.346 0.0000000000
99876  -56.594  18.394  54.838 0.0000000000
100750  -56.339  19.043  55.021 0.0000000000
102368  -56.057  21.242  52.997 0.0000000000
101585  -57.236  20.090  53.102 0.0000000000
101605  -56.979  20.596  51.738 0.0000000000
101606  -57.503  20.046  51.463 0.0000000000
102396  -56.611  20.932  51.334 0.0000000000
105326  -49.207  24.942  53.799 0.0000000000
104572  -47.299  23.955  52.792 0.0000000000
108197  -54.462  29.282  49.544 0.0000000000
108185  -53.856  29.737  49.992 0.0000000000
108198  -55.193  29.198  50.079 0.0000000000
106111  -56.179  26.534  50.844 0.0000000000
106835  -55.438  27.680  51.610 0.0000000000
106102  -55.499  26.597  51.933 0.0000000000
106098  -55.059  26.919  52.502 0.0000000000
105343  -55.383  25.981  52.156 0.0000000000
103139  -57.336  23.278  48.589 0.0000000000
103868  -57.312  23.756  49.180 0.0000000000
103867  -56.287  23.209  49.359 0.0000000000
103844  -53.587  23.515  50.278 0.0000000000
103845  -54.611  23.503  50.483 0.0000000000
104597  -53.876  23.841  51.103 0.0000000000
104590  -54.140  24.360  51.803 0.0000000000
104589  -53.210  24.304  51.603 0.0000000000
104577  -51.719  24.543  52.319 0.0000000000
104588  -52.116  24.084  51.374 0.0000000000
103834  -49.801  23.642  51.023 0.0000000000
103840  -49.341  23.065  50.047 0.0000000000
103839  -48.168  22.534  50.053 0.0000000000
103127  -47.829  22.119  49.672 0.0000000000
103849  -48.438  22.291  49.346 0.0000000000
103141  -50.243  22.537  47.692 0.0000000000
102402  -49.909  21.845  49.096 0.0000000000
102391  -50.813  21.595  50.113 0.0000000000
102403  -51.025  21.491  49.113 0.0000000000
103160  -52.885  22.549  45.023 0.0000000000
103886  -51.468  22.751  45.801 0.0000000000
103158  -51.461  22.230  45.805 0.0000000000
102416  -52.240  21.149  47.122 0.0000000000
102415  -51.339  21.683  47.175 0.0000000000
102404  -52.212  21.397  49.118 0.0000000000
102405  -53.188  21.201  49.069 0.0000000000
101613  -53.738  21.133  49.552 0.0000000000
100800  -54.419  19.872  49.002 0.0000000000
100801  -55.503  19.868  49.200 0.0000000000
100807  -54.907  19.234  48.693 0.0000000000
99938  -52.879  18.145  47.433 0.0000000000
99930  -53.179  18.008  47.783 0.0000000000
99061  -52.301  17.477  47.109 0.0000000000
99052  -52.737  17.354  47.499 0.0000000000
99060  -51.504  16.896  46.915 0.0000000000
99956  -52.907  18.576  43.991 0.0000000000
99950  -52.535  18.484  44.974 0.0000000000
99103  -51.978  17.665  44.655 0.0000000000
99085  -50.136  16.629  45.225 0.0000000000
98249  -50.280  16.444  46.339 0.0000000000
98260  -48.880  15.728  45.434 0.0000000000
98278  -49.051  16.381  44.491 0.0000000000
99110  -48.089  17.068  42.896 0.0000000000
99099  -48.172  16.543  43.607 0.0000000000
99109  -47.237  17.145  42.851 0.0000000000
99097  -46.809  16.648  43.201 0.0000000000
99122  -47.056  17.619  42.129 0.0000000000
100907  -56.393  19.642  38.188 0.0000000000
100888  -55.995  19.283  38.844 0.0000000000
100906  -55.524  19.439  37.893 0.0000000000
100904  -53.229  19.328  37.682 0.0000000000
100885  -52.449  19.040  38.350 0.0000000000
100013  -52.511  18.645  39.098 0.0000000000
101713  -49.944  20.483  35.468 0.0000000000
101696  -50.637  20.188  36.315 0.0000000000
100901  -49.806  19.728  37.654 0.0000000000
100868  -50.493  18.919  38.990 0.0000000000
100867  -49.603  19.084  39.064 0.0000000000
99999  -48.880  18.876  39.779 0.0000000000
100853  -47.049  19.177  40.086 0.0000000000
99985  -47.804  18.820  40.432 0.0000000000
99984  -46.637  18.659  40.615 0.0000000000
99969  -46.159  18.093  41.086 0.0000000000
99043  -58.700  17.621  49.728 0.0000000000
99048  -58.182  18.110  48.366 0.0000000000
109580  -57.401  31.220  42.621 0.0000000000
108942  -57.441  30.190  41.445 0.0000000000
108258  -57.497  29.120  40.284 0.0000000000
108274  -57.339  28.899  39.493 0.0000000000
108285  -56.986  28.623  38.782 0.0000000000
101594  -48.689  20.984  52.612 0.0000000000
102374  -48.692  21.422  51.063 0.0000000000
109513  -50.684  31.713  52.502 0.0000000000
109527  -51.144  31.147  51.689 0.0000000000
108871  -53.698  30.487  51.498 0.0000000000
102442  -58.376  21.476  44.261 0.0000000000
102432  -58.126  21.668  45.071 0.0000000000
102451  -57.861  20.746  43.830 0.0000000000
101641  -56.598  20.708  44.103 0.0000000000
101640  -56.209  20.805  44.325 0.0000000000
102449  -55.265  20.856  43.503 0.0000000000
102457  -55.188  20.702  43.026 0.0000000000
100834  -54.520  19.872  42.445 0.0000000000
100843  -54.631  19.394  41.878 0.0000000000
100854  -54.775  19.156  41.097 0.0000000000
100869  -54.856  18.932  40.227 0.0000000000
108897  -53.702  30.541  48.124 0.0000000000
108207  -53.725  29.319  47.464 0.0000000000
108208  -55.042  29.378  47.246 0.0000000000
108211  -55.286  28.952  46.812 0.0000000000
107539  -56.275  28.449  45.942 0.0000000000
106874  -58.129  27.281  42.300 0.0000000000
106869  -57.990  27.370  43.052 0.0000000000
106151  -58.232  26.383  41.869 0.0000000000
105393  -58.330  25.367  42.365 0.0000000000
104641  -58.500  24.330  42.830 0.0000000000
104646  -58.450  24.413  41.809 0.0000000000
103907  -58.310  23.544  40.270 0.0000000000
103183  -58.174  22.708  39.483 0.0000000000
102468  -58.041  22.159  38.580 0.0000000000
103185  -57.860  22.838  38.518 0.0000000000
103188  -57.497  22.803  37.548 0.0000000000
103193  -56.730  22.942  36.319 0.0000000000
105476  -55.122  25.148  34.917 0.0000000000
92116  -58.472  10.184  55.725 0.0000000000
95703  -57.278  13.349  57.264 0.0000000000
94794  -57.727  12.691  56.649 0.0000000000
95719  -57.411  13.548  56.347 0.0000000000
95734  -57.413  13.729  55.434 0.0000000000
96609  -56.918  14.663  53.960 0.0000000000
97397  -56.842  15.411  54.047 0.0000000000
97388  -57.202  16.464  54.053 0.0000000000
98204  -57.553  17.065  53.781 0.0000000000
108805  -45.979  30.792  56.626 0.0000000000
110684  -40.905  32.304  52.128 0.0000000000
110098  -41.708  31.680  52.474 0.0000000000
110685  -42.016  32.963  52.398 0.0000000000
110099  -42.822  31.956  52.575 0.0000000000
109508  -44.610  31.288  52.627 0.0000000000
109509  -45.468  31.091  52.458 0.0000000000
110101  -45.246  32.204  52.573 0.0000000000
110102  -46.189  32.504  52.495 0.0000000000
110689  -46.632  33.366  52.638 0.0000000000
112670  -47.838  36.259  48.536 0.0000000000
111984  -48.107  36.276  50.575 0.0000000000
112651  -49.439  36.142  51.203 0.0000000000
111986  -50.516  35.937  51.229 0.0000000000
111307  -51.332  34.561  51.429 0.0000000000
110710  -52.073  33.510  50.829 0.0000000000
111317  -52.159  34.584  51.015 0.0000000000
112001  -52.669  35.597  50.162 0.0000000000
112003  -53.865  35.109  49.465 0.0000000000
114089  -53.713  37.954  46.409 0.0000000000
112712  -53.949  36.899  46.902 0.0000000000
112713  -54.418  36.618  46.432 0.0000000000
112046  -54.915  35.963  46.161 0.0000000000
111340  -55.922  34.747  46.404 0.0000000000
111343  -55.784  34.886  45.481 0.0000000000
111349  -55.498  34.883  44.660 0.0000000000
96571  -48.436  14.429  56.212 0.0000000000
94792  -49.225  12.617  56.776 0.0000000000
94776  -50.081  12.468  57.498 0.0000000000
95701  -50.976  13.246  58.146 0.0000000000
96552  -52.971  14.728  59.381 0.0000000000
97336  -52.668  15.407  59.041 0.0000000000
98137  -52.416  16.188  58.545 0.0000000000
98153  -53.065  16.914  58.312 0.0000000000
101553  -52.216  20.728  55.404 0.0000000000
100746  -52.662  20.005  56.122 0.0000000000
102325  -53.255  21.204  55.278 0.0000000000
102337  -55.115  20.899  54.767 0.0000000000
101570  -56.411  20.137  54.448 0.0000000000
102352  -55.400  21.320  54.085 0.0000000000
102380  -55.495  21.653  51.835 0.0000000000
105306  -50.234  24.775  55.071 0.0000000000
105318  -50.594  25.059  54.375 0.0000000000
105327  -50.004  24.927  53.607 0.0000000000
107522  -56.227  28.228  48.836 0.0000000000
107517  -56.170  28.160  49.805 0.0000000000
106843  -56.542  27.370  49.374 0.0000000000
106114  -56.552  26.451  49.931 0.0000000000
105354  -56.468  25.716  50.428 0.0000000000
103145  -55.264  22.261  47.671 0.0000000000
103137  -55.595  22.712  48.855 0.0000000000
103130  -54.639  22.861  48.968 0.0000000000
103854  -53.202  23.321  49.415 0.0000000000
103843  -52.609  23.519  50.164 0.0000000000
103842  -51.578  23.633  50.352 0.0000000000
103853  -52.135  23.461  49.268 0.0000000000
103852  -51.033  23.533  49.090 0.0000000000
103851  -50.019  23.154  48.969 0.0000000000
103860  -49.428  22.542  48.555 0.0000000000
103861  -49.926  22.771  48.103 0.0000000000
103871  -50.212  22.833  47.619 0.0000000000
103166  -52.511  21.744  44.821 0.0000000000
102426  -51.925  21.716  45.746 0.0000000000
101625  -52.744  20.772  47.648 0.0000000000
102411  -53.208  20.856  48.606 0.0000000000
101626  -53.295  20.395  48.171 0.0000000000
101629  -53.398  19.973  47.800 0.0000000000
99944  -52.650  18.347  46.738 0.0000000000
99127  -51.970  17.686  42.842 0.0000000000
99114  -52.027  17.663  43.692 0.0000000000
99113  -51.056  17.267  43.400 0.0000000000
99100  -49.065  16.576  43.830 0.0000000000
99124  -48.944  17.443  42.136 0.0000000000
99972  -48.912  17.931  41.466 0.0000000000
100922  -54.944  19.607  37.184 0.0000000000
100921  -54.041  19.730  36.996 0.0000000000
100920  -52.917  19.669  36.800 0.0000000000
101694  -48.666  20.253  36.351 0.0000000000
100900  -48.852  19.778  37.806 0.0000000000
100881  -48.350  19.576  38.600 0.0000000000
100866  -48.730  19.308  39.206 0.0000000000
100864  -46.773  19.457  39.460 0.0000000000
100863  -45.826  19.408  39.461 0.0000000000
95756  -58.591  13.538  51.149 0.0000000000
108911  -56.866  29.976  46.104 0.0000000000
108912  -57.192  30.464  45.541 0.0000000000
108219  -57.717  29.392  44.107 0.0000000000
108222  -57.965  28.515  42.791 0.0000000000
108230  -57.563  29.371  41.984 0.0000000000
108231  -57.880  28.640  42.334 0.0000000000
107546  -58.037  28.020  42.609 0.0000000000
106883  -58.053  27.419  41.374 0.0000000000
106157  -58.040  26.542  40.304 0.0000000000
105408  -57.922  25.628  39.160 0.0000000000
105421  -57.787  25.618  38.394 0.0000000000
106192  -57.136  26.292  37.369 0.0000000000
106204  -56.836  25.979  36.873 0.0000000000
107600  -57.089  27.870  38.515 0.0000000000
106920  -56.828  26.894  37.270 0.0000000000
91179  -57.647  8.996  58.272 0.0000000000
92100  -57.666  9.846  58.653 0.0000000000
93893  -57.773  11.511  58.432 0.0000000000
93885  -57.336  11.627  59.404 0.0000000000
94765  -57.368  12.343  58.635 0.0000000000
96566  -56.985  13.992  57.446 0.0000000000
110682  -38.731  33.376  51.476 0.0000000000
111297  -40.584  33.950  51.043 0.0000000000
111314  -41.373  34.511  50.849 0.0000000000
111979  -42.265  35.080  50.645 0.0000000000
113373  -51.465  37.346  48.724 0.0000000000
114746  -53.017  39.150  46.288 0.0000000000
114760  -53.755  38.960  45.635 0.0000000000
114761  -54.180  38.497  45.376 0.0000000000
114775  -54.347  38.766  44.838 0.0000000000
114123  -54.723  38.170  44.436 0.0000000000
114789  -53.951  39.767  43.413 0.0000000000
100760  -50.084  20.041  54.806 0.0000000000
101552  -50.994  20.343  55.157 0.0000000000
101566  -51.423  21.079  54.690 0.0000000000
102349  -51.694  22.002  53.193 0.0000000000
102365  -52.315  22.128  52.296 0.0000000000
106818  -54.028  27.479  54.457 0.0000000000
106090  -54.262  26.900  53.834 0.0000000000
104616  -58.425  24.380  46.774 0.0000000000
104607  -57.907  24.606  48.338 0.0000000000
103882  -58.270  23.645  47.342 0.0000000000
103163  -57.424  21.954  46.036 0.0000000000
103144  -54.214  22.525  47.243 0.0000000000
103143  -53.196  22.900  46.837 0.0000000000
103881  -52.230  23.245  46.471 0.0000000000
103151  -52.999  22.803  45.872 0.0000000000
103173  -53.438  21.831  43.899 0.0000000000
103167  -52.863  21.983  44.364 0.0000000000
102436  -52.820  21.175  44.609 0.0000000000
100819  -52.912  19.325  45.225 0.0000000000
100827  -53.255  19.576  43.998 0.0000000000
99957  -53.368  19.222  43.685 0.0000000000
100842  -54.207  19.334  42.291 0.0000000000
99976  -53.650  18.769  42.263 0.0000000000
99975  -52.553  17.951  41.979 0.0000000000
101715  -51.900  20.530  35.255 0.0000000000
101731  -51.176  20.946  34.587 0.0000000000
101730  -50.195  20.895  34.681 0.0000000000
101729  -49.221  20.759  34.690 0.0000000000
101712  -48.964  20.436  35.503 0.0000000000
101711  -47.981  20.439  35.592 0.0000000000
101692  -46.672  19.870  36.670 0.0000000000
108192  -49.651  29.640  48.403 0.0000000000
108183  -51.729  29.380  49.413 0.0000000000
108194  -51.463  29.120  48.481 0.0000000000
108203  -52.988  28.784  48.398 0.0000000000
107520  -54.093  28.888  48.661 0.0000000000
107531  -54.126  28.899  47.528 0.0000000000
107526  -54.560  28.688  48.056 0.0000000000
106846  -56.702  27.686  48.495 0.0000000000
106847  -57.159  27.158  48.200 0.0000000000
105362  -57.944  25.813  47.701 0.0000000000
108216  -56.611  29.349  45.843 0.0000000000
107540  -56.762  28.471  45.382 0.0000000000
106859  -57.197  27.487  45.405 0.0000000000
106125  -57.915  26.759  46.026 0.0000000000
106123  -58.188  26.007  46.405 0.0000000000
105363  -58.199  25.370  47.099 0.0000000000
104622  -58.546  24.268  45.829 0.0000000000
103891  -58.634  23.251  45.407 0.0000000000
103174  -58.750  22.267  43.795 0.0000000000
103899  -58.664  23.292  43.307 0.0000000000
103176  -58.659  22.337  42.714 0.0000000000
102452  -58.522  21.244  43.153 0.0000000000
101649  -58.256  20.761  42.319 0.0000000000
100846  -57.032  19.692  40.896 0.0000000000
100857  -57.248  19.776  40.196 0.0000000000
101669  -57.179  19.841  38.998 0.0000000000
101673  -57.061  20.028  38.341 0.0000000000
101685  -57.244  21.206  37.359 0.0000000000
101684  -56.470  20.267  37.289 0.0000000000
101700  -55.144  20.255  36.294 0.0000000000
101717  -54.187  20.673  35.337 0.0000000000
102483  -53.651  21.065  34.739 0.0000000000
104683  -57.228  24.453  37.340 0.0000000000
103922  -56.908  23.774  36.664 0.0000000000
103931  -56.474  23.553  36.095 0.0000000000
104714  -55.371  24.250  34.813 0.0000000000
103943  -55.459  23.490  34.807 0.0000000000
103200  -55.694  22.903  35.208 0.0000000000
92106  -57.887  9.792  57.673 0.0000000000
93032  -58.399  10.506  56.534 0.0000000000
93924  -58.373  11.567  55.582 0.0000000000
94806  -58.112  12.171  56.071 0.0000000000
94813  -58.048  12.344  55.157 0.0000000000
93926  -58.383  11.664  54.629 0.0000000000
94818  -58.346  12.523  52.847 0.0000000000
95754  -58.134  13.525  52.142 0.0000000000
97405  -58.448  15.577  51.847 0.0000000000
97404  -57.887  15.699  52.651 0.0000000000
98216  -58.762  16.518  51.327 0.0000000000
99038  -58.439  17.479  51.644 0.0000000000
99921  -58.248  18.470  51.121 0.0000000000
100792  -58.169  19.137  50.533 0.0000000000
108821  -44.842  30.561  55.182 0.0000000000
108841  -42.265  30.511  53.222 0.0000000000
108834  -44.451  30.364  54.333 0.0000000000
108823  -46.575  30.995  56.119 0.0000000000
109469  -47.367  31.372  56.236 0.0000000000
110051  -48.784  32.116  56.343 0.0000000000
110052  -49.542  32.387  56.276 0.0000000000
110063  -49.710  32.574  55.405 0.0000000000
110089  -49.279  32.319  53.885 0.0000000000
109497  -49.199  31.939  53.076 0.0000000000
108865  -46.751  30.693  51.591 0.0000000000
108858  -47.580  30.649  51.831 0.0000000000
109512  -49.454  31.367  52.270 0.0000000000
109525  -48.799  30.662  51.347 0.0000000000
108867  -49.308  30.152  50.538 0.0000000000
108878  -48.992  29.842  49.513 0.0000000000
111967  -44.066  35.337  51.292 0.0000000000
111302  -45.709  34.918  52.292 0.0000000000
111290  -47.030  34.495  52.461 0.0000000000
110690  -47.584  33.181  52.353 0.0000000000
111304  -48.693  35.171  52.116 0.0000000000
111292  -48.775  34.088  52.290 0.0000000000
110699  -48.187  32.696  51.900 0.0000000000
110127  -48.812  31.161  49.908 0.0000000000
108889  -49.153  29.908  48.580 0.0000000000
109539  -49.844  30.707  48.563 0.0000000000
109549  -50.754  30.396  48.156 0.0000000000
109550  -51.885  30.658  48.333 0.0000000000
110123  -52.321  32.684  50.329 0.0000000000
109541  -52.468  31.435  49.153 0.0000000000
109551  -53.136  30.998  48.582 0.0000000000
108898  -54.390  30.784  48.219 0.0000000000
109558  -55.499  31.387  48.032 0.0000000000
112689  -52.487  36.697  48.852 0.0000000000
112676  -53.264  35.868  49.281 0.0000000000
112017  -54.257  35.402  48.765 0.0000000000
112702  -54.215  36.284  47.488 0.0000000000
112691  -54.210  35.893  48.171 0.0000000000
111330  -55.009  34.481  48.481 0.0000000000
110719  -55.678  33.399  48.216 0.0000000000
110140  -56.173  32.400  47.548 0.0000000000
109559  -56.306  31.497  47.296 0.0000000000
109562  -57.031  31.519  46.122 0.0000000000
109564  -57.153  31.567  45.451 0.0000000000
109566  -57.308  31.552  44.610 0.0000000000
110729  -56.881  33.458  45.406 0.0000000000
110157  -57.138  32.440  44.829 0.0000000000
110177  -57.167  32.276  42.763 0.0000000000
110759  -55.444  33.700  43.140 0.0000000000
113424  -54.747  37.453  44.164 0.0000000000
113425  -55.018  37.371  43.401 0.0000000000
95670  -55.802  13.274  59.735 0.0000000000
97324  -54.128  14.851  59.476 0.0000000000
96537  -54.650  14.427  59.487 0.0000000000
96538  -55.546  13.992  59.349 0.0000000000
96564  -55.669  15.140  58.014 0.0000000000
97353  -55.522  15.667  57.435 0.0000000000
97362  -55.721  15.937  56.499 0.0000000000
98965  -51.096  17.241  57.326 0.0000000000
98967  -52.696  17.592  57.627 0.0000000000
99850  -53.247  17.958  57.489 0.0000000000
100734  -53.395  19.553  56.503 0.0000000000
99863  -53.947  18.755  56.852 0.0000000000
98969  -54.492  17.457  57.336 0.0000000000
98970  -54.982  17.029  57.060 0.0000000000
98177  -55.611  16.727  56.124 0.0000000000
97373  -55.906  16.128  55.849 0.0000000000
98192  -56.553  16.802  54.879 0.0000000000
99010  -56.826  17.641  54.644 0.0000000000
99890  -57.403  18.523  54.017 0.0000000000
100762  -56.936  19.313  54.380 0.0000000000
100763  -57.439  19.124  53.715 0.0000000000
99903  -57.730  18.559  53.411 0.0000000000
100784  -57.794  19.391  52.069 0.0000000000
100791  -57.964  19.398  51.132 0.0000000000
100795  -57.797  19.637  50.077 0.0000000000
103816  -45.778  23.004  52.587 0.0000000000
103824  -45.715  22.885  51.909 0.0000000000
103117  -45.999  22.438  51.058 0.0000000000
108881  -52.206  30.077  50.266 0.0000000000
108872  -54.438  30.068  51.900 0.0000000000
108187  -55.302  29.098  50.924 0.0000000000
108174  -55.207  28.900  51.771 0.0000000000
108169  -55.011  28.693  52.497 0.0000000000
107495  -54.772  28.149  53.229 0.0000000000
106097  -54.622  26.662  53.065 0.0000000000
106096  -54.090  26.356  53.578 0.0000000000
104606  -57.559  24.692  48.995 0.0000000000
104604  -57.124  24.744  49.865 0.0000000000
104600  -56.393  24.859  50.685 0.0000000000
103856  -55.471  23.220  49.749 0.0000000000
103846  -55.535  23.808  50.622 0.0000000000
104592  -55.742  25.110  51.439 0.0000000000
104580  -54.317  24.891  52.344 0.0000000000
105341  -53.963  25.272  52.871 0.0000000000
105340  -53.147  25.020  53.024 0.0000000000
105339  -52.239  24.966  53.013 0.0000000000
104576  -50.834  24.503  52.453 0.0000000000
104575  -49.888  24.521  52.653 0.0000000000
103835  -50.772  23.780  51.016 0.0000000000
104586  -50.324  24.081  51.808 0.0000000000
104585  -49.496  23.913  51.931 0.0000000000
103832  -47.240  22.849  51.093 0.0000000000
103123  -46.897  22.160  50.503 0.0000000000
103126  -47.377  21.949  50.032 0.0000000000
102388  -48.048  21.576  50.291 0.0000000000
102389  -48.881  21.616  50.160 0.0000000000
103129  -49.219  22.048  48.839 0.0000000000
102401  -49.069  21.849  49.343 0.0000000000
102375  -49.580  21.523  51.048 0.0000000000
102376  -50.545  21.668  51.104 0.0000000000
102377  -51.635  21.876  51.180 0.0000000000
102378  -52.891  21.923  51.304 0.0000000000
103880  -51.388  23.130  46.335 0.0000000000
103879  -51.038  22.736  46.382 0.0000000000
103142  -50.748  22.401  46.988 0.0000000000
102379  -54.238  21.886  51.547 0.0000000000
102394  -54.920  21.547  50.723 0.0000000000
101620  -53.830  20.578  49.139 0.0000000000
101615  -55.582  20.977  50.203 0.0000000000
101622  -56.083  20.426  49.734 0.0000000000
101623  -56.686  20.264  49.917 0.0000000000
100808  -56.016  19.405  48.695 0.0000000000
99933  -55.485  18.816  48.124 0.0000000000
99939  -54.916  18.414  47.807 0.0000000000
99931  -53.677  18.335  47.992 0.0000000000
99046  -54.071  17.934  47.888 0.0000000000
98229  -52.142  16.565  47.349 0.0000000000
98236  -50.466  16.162  46.752 0.0000000000
97422  -49.967  15.270  46.505 0.0000000000
98234  -49.001  15.268  46.531 0.0000000000
98276  -47.518  16.123  43.805 0.0000000000
100856  -56.448  19.489  40.422 0.0000000000
100870  -55.737  19.165  39.797 0.0000000000
100015  -54.115  18.662  39.956 0.0000000000
100014  -53.450  18.569  39.476 0.0000000000
100002  -52.444  18.331  40.003 0.0000000000
100001  -51.282  18.549  39.562 0.0000000000
101697  -51.531  20.171  36.046 0.0000000000
101682  -50.074  19.968  36.930 0.0000000000
100902  -50.959  19.745  37.338 0.0000000000
100884  -51.384  19.203  38.452 0.0000000000
99987  -50.087  17.948  40.785 0.0000000000
99971  -47.911  18.114  41.380 0.0000000000
99998  -48.323  19.153  39.752 0.0000000000
92111  -58.427  10.323  56.218 0.0000000000
93011  -57.378  10.779  59.872 0.0000000000
93028  -58.463  10.961  56.649 0.0000000000
93033  -58.522  10.847  56.049 0.0000000000
93904  -50.123  12.007  57.737 0.0000000000
93906  -58.275  11.345  57.001 0.0000000000
94762  -50.487  12.168  57.918 0.0000000000
94777  -50.658  12.638  57.852 0.0000000000
94779  -58.082  11.723  57.275 0.0000000000
94793  -49.725  12.743  57.163 0.0000000000
95689  -57.218  13.078  58.102 0.0000000000
95700  -50.343  13.362  57.593 0.0000000000
95702  -56.976  13.761  57.811 0.0000000000
95716  -48.855  13.508  56.551 0.0000000000
95717  -49.639  13.488  57.131 0.0000000000
95718  -50.015  13.015  57.315 0.0000000000
95753  -57.636  13.904  52.763 0.0000000000
96535  -52.801  14.033  59.488 0.0000000000
96536  -53.622  14.361  59.658 0.0000000000
96539  -55.986  13.639  59.259 0.0000000000
96549  -50.705  14.623  58.148 0.0000000000
96553  -54.833  15.046  59.112 0.0000000000
96561  -49.788  14.460  57.313 0.0000000000
96562  -50.313  14.398  57.701 0.0000000000
96608  -56.651  15.138  54.416 0.0000000000
96627  -49.028  14.930  46.540 0.0000000000
96628  -49.278  14.961  46.490 0.0000000000
96631  -49.130  14.875  46.303 0.0000000000
97334  -50.958  14.969  58.366 0.0000000000
97335  -51.591  15.380  58.535 0.0000000000
97338  -54.627  15.581  58.737 0.0000000000
97351  -51.272  15.962  58.170 0.0000000000
97354  -56.083  15.278  56.848 0.0000000000
97387  -56.757  15.980  54.410 0.0000000000
97418  -52.051  16.215  47.298 0.0000000000
97421  -49.178  15.142  46.582 0.0000000000
97430  -48.970  15.044  46.419 0.0000000000
98139  -54.002  15.973  58.829 0.0000000000
98178  -56.023  16.767  55.457 0.0000000000
98230  -52.792  16.775  47.404 0.0000000000
98235  -49.398  15.527  46.557 0.0000000000
98247  -49.000  15.408  46.251 0.0000000000
98261  -49.168  16.303  45.099 0.0000000000
98966  -51.788  17.345  57.476 0.0000000000
98968  -53.597  17.495  57.797 0.0000000000
98980  -51.393  17.822  56.995 0.0000000000
98981  -52.097  17.975  57.155 0.0000000000
98982  -54.676  17.899  56.835 0.0000000000
98983  -55.138  17.516  56.548 0.0000000000
98995  -56.303  17.589  55.152 0.0000000000
99011  -57.297  17.750  54.188 0.0000000000
99022  -57.642  17.938  53.755 0.0000000000
99047  -54.528  18.216  47.822 0.0000000000
99051  -51.949  16.929  47.330 0.0000000000
99073  -50.365  16.612  45.911 0.0000000000
99086  -51.116  16.978  45.338 0.0000000000
99108  -46.569  16.986  42.706 0.0000000000
99851  -53.781  18.116  57.335 0.0000000000
99852  -54.348  18.162  56.999 0.0000000000
99873  -50.821  18.631  56.175 0.0000000000
100732  -51.750  19.105  56.335 0.0000000000
100747  -53.262  20.102  56.220 0.0000000000
100761  -56.232  19.657  54.842 0.0000000000
100775  -57.252  19.706  53.616 0.0000000000
100794  -57.040  20.112  49.983 0.0000000000
100796  -58.167  19.224  50.226 0.0000000000
100803  -57.427  19.308  49.221 0.0000000000
100809  -56.945  19.241  48.854 0.0000000000
100813  -53.351  19.734  47.614 0.0000000000
100872  -57.422  19.899  39.505 0.0000000000
100889  -56.684  19.633  38.764 0.0000000000
100917  -46.530  19.719  37.320 0.0000000000
101543  -53.987  19.928  56.306 0.0000000000
101551  -50.400  20.162  54.921 0.0000000000
101554  -53.320  20.566  55.875 0.0000000000
101555  -54.315  20.315  55.765 0.0000000000
101556  -55.125  20.061  55.407 0.0000000000
101565  -50.190  20.675  54.306 0.0000000000
101567  -52.078  21.247  54.839 0.0000000000
101568  -54.931  20.578  55.142 0.0000000000
101569  -55.665  20.361  54.823 0.0000000000
101583  -56.093  20.650  54.176 0.0000000000
101584  -56.735  20.433  53.711 0.0000000000
101593  -48.044  20.702  52.476 0.0000000000
101595  -56.864  20.649  52.666 0.0000000000
101596  -57.394  20.067  52.361 0.0000000000
101604  -47.764  21.110  51.789 0.0000000000
101611  -46.550  21.290  51.108 0.0000000000
101616  -56.837  20.492  50.612 0.0000000000
101654  -54.879  20.490  42.724 0.0000000000
101666  -57.942  20.201  39.924 0.0000000000
101667  -58.268  20.916  39.544 0.0000000000
101718  -55.057  20.974  35.299 0.0000000000
102326  -53.833  20.898  55.526 0.0000000000
102333  -51.065  21.477  53.860 0.0000000000
102334  -52.134  21.614  54.223 0.0000000000
102360  -48.031  21.130  51.867 0.0000000000
102361  -48.515  21.238  51.976 0.0000000000
102372  -47.281  21.394  51.060 0.0000000000
102387  -47.191  21.681  50.596 0.0000000000
102395  -56.038  21.251  51.070 0.0000000000
102399  -47.701  21.841  49.906 0.0000000000
102414  -50.625  21.962  47.538 0.0000000000
102421  -55.605  21.775  46.375 0.0000000000
102430  -56.350  21.480  45.410 0.0000000000
102431  -57.368  21.603  45.401 0.0000000000
102437  -53.018  21.462  44.087 0.0000000000
102450  -57.163  20.805  44.141 0.0000000000
102464  -57.993  21.095  38.560 0.0000000000
102465  -58.162  21.700  39.000 0.0000000000
102471  -57.242  22.060  36.938 0.0000000000
103118  -46.569  22.535  50.981 0.0000000000
103128  -48.805  22.202  49.052 0.0000000000
103131  -55.003  22.884  49.344 0.0000000000
103133  -49.245  22.348  48.717 0.0000000000
103138  -56.803  22.986  48.680 0.0000000000
103147  -57.496  22.952  47.973 0.0000000000
103148  -58.021  23.254  47.694 0.0000000000
103154  -55.956  21.838  46.996 0.0000000000
103162  -54.492  22.093  45.834 0.0000000000
103172  -53.156  21.693  43.967 0.0000000000
103182  -57.941  23.308  39.070 0.0000000000
103186  -58.078  22.335  38.887 0.0000000000
103194  -57.166  22.928  36.828 0.0000000000
103201  -56.236  22.929  35.783 0.0000000000
103210  -55.209  22.872  34.472 0.0000000000
103817  -46.277  23.261  53.280 0.0000000000
103825  -46.596  23.354  52.304 0.0000000000
103830  -45.739  22.654  51.444 0.0000000000
103831  -46.279  22.797  51.439 0.0000000000
103836  -51.409  23.855  51.132 0.0000000000
103838  -47.440  22.410  50.334 0.0000000000
103847  -56.034  24.216  50.669 0.0000000000
103858  -57.023  24.144  49.904 0.0000000000
103866  -55.807  23.003  49.345 0.0000000000
103869  -57.742  24.169  48.718 0.0000000000
103875  -57.557  23.428  48.499 0.0000000000
103885  -51.178  22.563  46.002 0.0000000000
103904  -58.471  23.477  41.232 0.0000000000
103915  -57.472  23.707  37.919 0.0000000000
104574  -48.835  24.215  52.537 0.0000000000
104579  -53.577  24.684  52.369 0.0000000000
104591  -55.008  24.790  51.843 0.0000000000
104593  -56.062  25.380  51.230 0.0000000000
104595  -52.300  23.733  50.706 0.0000000000
104599  -55.621  24.425  51.129 0.0000000000
104601  -56.780  25.216  50.247 0.0000000000
104603  -56.814  24.377  50.187 0.0000000000
104609  -58.188  24.470  47.632 0.0000000000
104655  -58.234  24.284  40.013 0.0000000000
104662  -57.835  24.933  38.746 0.0000000000
104695  -56.396  24.402  36.171 0.0000000000
104727  -54.225  24.250  33.757 0.0000000000
105307  -51.249  25.007  55.066 0.0000000000
105316  -48.810  24.832  54.301 0.0000000000
105317  -49.656  24.956  54.378 0.0000000000
105330  -52.766  25.371  53.653 0.0000000000
105331  -53.607  25.713  53.559 0.0000000000
105332  -54.234  25.923  53.144 0.0000000000
105337  -50.593  24.831  53.095 0.0000000000
105338  -51.354  24.910  53.047 0.0000000000
105350  -55.375  25.463  51.947 0.0000000000
105351  -55.796  25.798  51.642 0.0000000000
105357  -57.217  25.479  49.228 0.0000000000
105377  -58.462  25.184  45.265 0.0000000000
105400  -58.101  25.547  39.869 0.0000000000
105401  -58.220  25.476  40.548 0.0000000000
105446  -57.067  25.362  37.068 0.0000000000
105461  -56.045  25.125  36.080 0.0000000000
106088  -53.182  26.023  54.557 0.0000000000
106089  -53.682  26.485  54.240 0.0000000000
106101  -55.088  26.386  52.434 0.0000000000
106103  -55.808  26.796  51.398 0.0000000000
106110  -55.928  26.297  51.413 0.0000000000
106117  -56.800  26.655  49.260 0.0000000000
106120  -57.563  26.435  47.933 0.0000000000
106147  -57.903  26.813  43.548 0.0000000000
106165  -57.905  26.408  39.750 0.0000000000
106191  -56.717  26.572  37.004 0.0000000000
106203  -56.288  26.297  36.631 0.0000000000
106817  -53.696  26.941  54.745 0.0000000000
106825  -54.855  27.468  52.878 0.0000000000
106829  -55.526  27.159  51.619 0.0000000000
106836  -55.931  27.423  51.154 0.0000000000
106850  -56.663  27.892  47.567 0.0000000000
106853  -56.336  28.052  46.969 0.0000000000
106854  -56.767  27.685  46.793 0.0000000000
106858  -56.623  27.747  45.988 0.0000000000
106919  -56.186  27.350  37.035 0.0000000000
107490  -54.442  28.311  53.929 0.0000000000
107496  -55.009  28.075  52.639 0.0000000000
107503  -55.219  28.177  51.994 0.0000000000
107508  -55.583  28.288  51.234 0.0000000000
107509  -56.068  28.027  50.630 0.0000000000
107516  -55.675  28.640  50.326 0.0000000000
107519  -53.460  28.819  48.475 0.0000000000
107524  -52.867  28.753  47.616 0.0000000000
107527  -55.595  28.494  48.081 0.0000000000
107530  -53.283  28.885  47.525 0.0000000000
107533  -56.045  28.313  47.321 0.0000000000
107534  -56.384  28.163  47.625 0.0000000000
107537  -55.975  28.466  46.509 0.0000000000
107550  -58.042  28.052  41.945 0.0000000000
107588  -57.406  28.043  39.116 0.0000000000
107607  -56.143  28.103  37.556 0.0000000000
108161  -54.841  28.489  52.899 0.0000000000
108168  -54.860  29.403  52.297 0.0000000000
108173  -54.865  29.574  51.418 0.0000000000
108181  -49.655  29.478  48.907 0.0000000000
108182  -50.614  29.268  49.160 0.0000000000
108193  -50.447  29.505  48.270 0.0000000000
108195  -52.432  29.057  48.785 0.0000000000
108196  -53.439  29.164  49.044 0.0000000000
108201  -51.562  29.272  47.693 0.0000000000
108205  -51.932  29.275  47.332 0.0000000000
108212  -55.939  29.331  46.549 0.0000000000
108792  -48.465  31.012  57.843 0.0000000000
108793  -49.033  31.033  58.086 0.0000000000
108804  -45.234  30.730  55.893 0.0000000000
108807  -47.690  31.118  57.050 0.0000000000
108822  -45.659  30.724  55.617 0.0000000000
108824  -47.103  31.041  56.622 0.0000000000
108833  -43.461  30.233  54.159 0.0000000000
108835  -45.391  30.651  54.599 0.0000000000
108842  -43.134  30.341  53.429 0.0000000000
108845  -46.321  31.019  53.731 0.0000000000
108852  -42.260  30.677  52.851 0.0000000000
108853  -42.862  30.639  52.906 0.0000000000
108854  -43.803  30.687  52.999 0.0000000000
108856  -46.016  30.881  52.426 0.0000000000
108857  -47.069  30.850  52.399 0.0000000000
108859  -54.041  30.559  52.390 0.0000000000
108864  -46.442  30.849  51.430 0.0000000000
108866  -47.260  30.654  51.463 0.0000000000
108875  -46.582  30.863  51.074 0.0000000000
108877  -47.043  30.735  51.228 0.0000000000
108890  -49.784  29.919  48.107 0.0000000000
108894  -50.486  29.881  47.885 0.0000000000
108895  -51.435  29.848  47.680 0.0000000000
108896  -52.541  30.234  47.833 0.0000000000
108901  -52.157  29.546  47.419 0.0000000000
108907  -56.069  29.943  46.835 0.0000000000
108908  -56.662  30.462  46.488 0.0000000000
108962  -57.367  30.003  40.647 0.0000000000
109431  -49.296  31.092  58.156 0.0000000000
109432  -49.761  31.142  58.166 0.0000000000
109441  -48.498  31.245  57.423 0.0000000000
109442  -49.072  31.312  57.661 0.0000000000
109452  -47.771  31.323  56.714 0.0000000000
109453  -48.303  31.500  56.844 0.0000000000
109454  -49.296  31.955  57.025 0.0000000000
109455  -50.252  32.071  56.940 0.0000000000
109468  -46.891  31.222  55.988 0.0000000000
109470  -48.081  31.956  55.855 0.0000000000
109484  -46.834  31.281  55.563 0.0000000000
109492  -41.144  31.290  53.370 0.0000000000
109493  -41.638  31.092  53.473 0.0000000000
109494  -46.793  31.317  54.712 0.0000000000
109505  -41.645  30.946  52.873 0.0000000000
109507  -43.415  31.213  52.679 0.0000000000
109511  -48.198  31.156  52.310 0.0000000000
109521  -45.542  31.464  52.386 0.0000000000
109531  -46.509  31.003  51.240 0.0000000000
109532  -46.860  31.268  51.223 0.0000000000
109538  -48.943  30.564  49.267 0.0000000000
109540  -51.177  31.153  48.823 0.0000000000
109548  -50.120  30.220  48.070 0.0000000000
109552  -54.553  31.527  48.690 0.0000000000
109557  -54.768  30.944  48.224 0.0000000000
109561  -56.722  31.500  46.699 0.0000000000
110062  -48.863  32.315  55.555 0.0000000000
110078  -49.028  32.356  54.624 0.0000000000
110079  -49.883  32.590  54.525 0.0000000000
110087  -40.829  31.689  53.385 0.0000000000
110090  -50.005  32.375  53.682 0.0000000000
110091  -50.907  32.414  53.384 0.0000000000
110096  -39.975  31.736  52.953 0.0000000000
110097  -40.728  31.568  52.707 0.0000000000
110103  -46.844  32.600  52.280 0.0000000000
110108  -45.969  31.822  52.258 0.0000000000
110109  -46.495  31.976  51.962 0.0000000000
110110  -47.111  32.149  51.674 0.0000000000
110112  -48.204  32.205  51.313 0.0000000000
110117  -47.276  31.788  51.258 0.0000000000
110118  -47.588  31.629  51.023 0.0000000000
110134  -54.786  32.665  49.099 0.0000000000
110135  -55.305  32.596  48.633 0.0000000000
110139  -55.750  32.515  48.147 0.0000000000
110146  -56.913  32.144  46.276 0.0000000000
110186  -57.255  31.820  42.041 0.0000000000
110678  -39.823  32.429  53.141 0.0000000000
110688  -45.705  33.253  52.824 0.0000000000
110691  -48.538  33.524  52.227 0.0000000000
110692  -49.001  33.768  52.171 0.0000000000
110695  -39.585  33.546  51.007 0.0000000000
110696  -40.513  33.076  51.615 0.0000000000
110697  -41.193  32.973  51.919 0.0000000000
110698  -47.654  32.507  51.873 0.0000000000
110702  -51.481  33.778  51.268 0.0000000000
110703  -51.912  34.032  51.156 0.0000000000
110707  -49.231  32.219  50.895 0.0000000000
110708  -49.924  32.605  50.897 0.0000000000
110714  -53.876  33.533  49.803 0.0000000000
110718  -55.214  33.477  48.702 0.0000000000
110730  -57.058  32.913  45.074 0.0000000000
110738  -56.515  33.858  44.596 0.0000000000
111285  -42.191  33.912  52.128 0.0000000000
111286  -42.905  33.996  52.450 0.0000000000
111288  -45.159  34.151  52.737 0.0000000000
111291  -48.201  34.520  52.386 0.0000000000
111296  -40.116  34.035  50.594 0.0000000000
111303  -46.401  34.817  52.376 0.0000000000
111308  -51.749  34.251  51.257 0.0000000000
111313  -40.714  34.446  50.198 0.0000000000
111315  -41.900  34.577  51.230 0.0000000000
111316  -51.862  35.109  51.161 0.0000000000
111318  -52.847  34.437  50.456 0.0000000000
111323  -40.407  34.658  49.309 0.0000000000
111335  -55.191  34.858  47.822 0.0000000000
111337  -56.192  33.756  47.301 0.0000000000
111959  -47.006  35.075  52.247 0.0000000000
111965  -42.633  34.992  51.169 0.0000000000
111966  -43.077  35.131  51.206 0.0000000000
111968  -45.211  35.462  51.447 0.0000000000
111972  -49.987  35.305  51.720 0.0000000000
111973  -50.747  35.194  51.554 0.0000000000
111977  -41.066  34.657  49.971 0.0000000000
111978  -41.359  34.808  50.133 0.0000000000
111985  -49.810  35.961  51.339 0.0000000000
111988  -52.231  35.482  50.683 0.0000000000
111989  -52.691  35.127  50.490 0.0000000000
111995  -41.672  35.108  49.506 0.0000000000
112002  -53.213  35.335  49.862 0.0000000000
112009  -41.040  34.865  48.777 0.0000000000
112016  -53.631  35.627  49.172 0.0000000000
112029  -54.704  35.401  47.862 0.0000000000
112650  -48.890  36.254  51.035 0.0000000000
112664  -52.422  35.859  50.196 0.0000000000
112671  -48.654  36.634  49.045 0.0000000000
112673  -50.570  36.981  49.507 0.0000000000
112687  -49.929  37.224  49.061 0.0000000000
112688  -52.021  37.046  48.905 0.0000000000
113363  -51.175  37.125  49.213 0.0000000000
113371  -49.730  37.612  48.069 0.0000000000
113372  -50.393  37.483  48.601 0.0000000000
113374  -52.312  37.221  48.452 0.0000000000
113386  -52.945  37.407  47.759 0.0000000000
113395  -53.570  37.466  46.930 0.0000000000
113396  -54.018  37.405  46.347 0.0000000000
114100  -53.668  38.440  46.198 0.0000000000
114124  -54.988  38.117  43.652 0.0000000000
114747  -53.433  38.745  46.248 0.0000000000
