#!ascii label  , from subject 3271 vox2ras=TkReg
1380
86363  -47.513  2.484  54.698 0.0000000000
88444  -60.936  4.693  35.343 0.0000000000
91196  -56.348  7.852  52.887 0.0000000000
88317  -54.274  5.805  47.610 0.0000000000
85364  -51.908  2.570  58.044 0.0000000000
91284  -55.239  8.580  40.295 0.0000000000
98327  -58.255  15.902  40.236 0.0000000000
99133  -46.263  17.142  41.068 0.0000000000
82245  -44.156  0.431  62.925 0.0000000000
85431  -49.710  1.975  50.289 0.0000000000
87424  -53.182  5.068  42.760 0.0000000000
89284  -50.045  6.535  48.377 0.0000000000
94820  -58.555  12.555  51.778 0.0000000000
93944  -59.729  11.864  46.135 0.0000000000
98253  -57.487  17.228  45.162 0.0000000000
98337  -52.553  16.618  40.024 0.0000000000
97433  -51.897  15.665  46.504 0.0000000000
90445  -59.949  6.941  31.461 0.0000000000
87278  -46.639  4.159  58.748 0.0000000000
88262  -52.467  5.757  53.360 0.0000000000
89261  -58.539  6.514  51.747 0.0000000000
86376  -53.495  3.559  53.864 0.0000000000
83336  -48.365  -0.303  54.732 0.0000000000
84300  -45.333  1.230  58.569 0.0000000000
90402  -57.903  7.838  36.327 0.0000000000
93125  -58.523  10.753  34.620 0.0000000000
91237  -55.308  8.486  47.628 0.0000000000
93963  -59.596  11.625  40.357 0.0000000000
97536  -57.971  14.985  34.037 0.0000000000
100089  -53.284  18.473  34.452 0.0000000000
100034  -48.329  18.349  36.346 0.0000000000
86392  -46.546  2.624  51.459 0.0000000000
86408  -47.664  3.006  48.851 0.0000000000
87338  -48.866  3.810  51.409 0.0000000000
98216  -58.762  16.518  51.327 0.0000000000
97415  -59.393  15.388  48.582 0.0000000000
99057  -57.752  18.069  47.720 0.0000000000
99076  -54.497  17.219  45.313 0.0000000000
89464  -60.801  5.646  33.614 0.0000000000
87247  -46.219  4.858  61.090 0.0000000000
87269  -49.507  4.507  59.366 0.0000000000
85380  -53.125  2.794  56.301 0.0000000000
84366  -51.736  1.760  54.198 0.0000000000
84325  -50.175  1.199  56.332 0.0000000000
84261  -44.277  1.680  61.113 0.0000000000
82283  -39.163  -0.474  57.187 0.0000000000
86330  -39.955  4.023  57.331 0.0000000000
85339  -38.345  1.777  60.079 0.0000000000
89334  -56.722  7.077  44.323 0.0000000000
89363  -53.045  6.591  41.307 0.0000000000
89406  -55.686  6.910  38.594 0.0000000000
91320  -55.634  7.783  37.592 0.0000000000
92252  -58.114  9.255  35.076 0.0000000000
92212  -57.132  9.436  37.543 0.0000000000
90231  -54.509  7.067  53.453 0.0000000000
91209  -53.506  8.156  50.447 0.0000000000
91221  -56.271  8.573  49.721 0.0000000000
96645  -59.471  13.994  43.308 0.0000000000
93951  -59.664  11.750  43.354 0.0000000000
96663  -59.068  14.009  39.731 0.0000000000
95799  -59.128  13.469  37.186 0.0000000000
98367  -58.109  15.720  36.622 0.0000000000
99254  -56.508  17.116  33.283 0.0000000000
99205  -55.319  17.753  36.897 0.0000000000
98318  -48.938  15.870  40.773 0.0000000000
99179  -50.660  17.314  38.073 0.0000000000
99155  -47.533  17.273  39.010 0.0000000000
99195  -44.837  17.756  36.600 0.0000000000
99139  -45.123  17.717  39.110 0.0000000000
86419  -51.793  3.717  48.970 0.0000000000
88330  -53.462  4.848  45.519 0.0000000000
86439  -51.134  3.662  46.226 0.0000000000
88329  -50.998  5.043  45.350 0.0000000000
91256  -52.496  7.450  44.929 0.0000000000
92133  -58.552  9.860  52.136 0.0000000000
92144  -58.761  9.759  49.435 0.0000000000
94826  -59.273  12.683  49.227 0.0000000000
96629  -59.797  14.401  46.330 0.0000000000
98284  -58.190  16.311  42.630 0.0000000000
98339  -54.701  17.332  39.773 0.0000000000
98293  -55.167  17.152  42.477 0.0000000000
97469  -51.421  15.460  43.432 0.0000000000
97466  -48.468  15.411  43.348 0.0000000000
134528  -56.987  8.502  30.231 0.0000000000
86353  -48.118  2.878  56.334 0.0000000000
87317  -50.751  3.825  54.417 0.0000000000
86355  -49.898  3.597  57.089 0.0000000000
88238  -52.644  4.957  56.606 0.0000000000
89231  -55.089  6.628  55.561 0.0000000000
89215  -54.766  6.025  58.476 0.0000000000
91183  -57.364  8.065  55.435 0.0000000000
89277  -56.585  6.725  49.547 0.0000000000
88275  -55.496  5.627  52.542 0.0000000000
87359  -53.784  5.148  50.855 0.0000000000
85421  -51.998  2.596  52.071 0.0000000000
84375  -49.580  0.092  52.709 0.0000000000
85330  -50.532  3.174  60.617 0.0000000000
84251  -46.865  1.988  62.677 0.0000000000
85341  -47.331  2.488  60.796 0.0000000000
84303  -48.849  1.702  58.357 0.0000000000
83309  -46.765  0.558  56.945 0.0000000000
85390  -45.899  2.120  54.082 0.0000000000
89408  -61.244  6.550  38.411 0.0000000000
89365  -55.975  6.567  41.616 0.0000000000
90375  -58.488  7.657  38.415 0.0000000000
90404  -60.104  7.909  36.357 0.0000000000
91351  -60.499  7.774  34.568 0.0000000000
92261  -59.564  9.653  33.057 0.0000000000
94015  -59.194  11.155  31.376 0.0000000000
89256  -51.295  6.909  51.419 0.0000000000
91226  -52.374  8.649  48.275 0.0000000000
91259  -54.922  8.448  44.462 0.0000000000
92157  -58.431  9.517  46.151 0.0000000000
92164  -57.709  9.008  43.774 0.0000000000
92187  -57.408  9.188  40.520 0.0000000000
93980  -59.196  11.453  37.015 0.0000000000
94878  -58.711  13.041  34.364 0.0000000000
94908  -57.909  12.863  30.915 0.0000000000
99203  -53.296  17.560  37.349 0.0000000000
100069  -51.337  18.355  34.964 0.0000000000
100084  -48.069  18.552  33.456 0.0000000000
100045  -45.701  18.122  34.471 0.0000000000
99232  -42.534  17.503  35.501 0.0000000000
86384  -47.064  2.620  52.439 0.0000000000
86385  -48.775  3.031  53.130 0.0000000000
98222  -59.043  16.838  49.260 0.0000000000
99056  -56.836  18.157  47.283 0.0000000000
89465  -60.929  5.059  34.210 0.0000000000
84318  -52.103  2.367  57.093 0.0000000000
84327  -51.969  2.113  56.604 0.0000000000
84317  -51.556  2.240  57.452 0.0000000000
83293  -38.739  -0.496  58.505 0.0000000000
83292  -37.387  -0.436  58.279 0.0000000000
89307  -55.902  6.691  46.984 0.0000000000
89316  -55.885  6.613  46.060 0.0000000000
91283  -54.348  7.950  40.793 0.0000000000
90355  -54.221  7.124  39.683 0.0000000000
91295  -55.094  8.277  39.255 0.0000000000
92211  -56.310  8.727  37.251 0.0000000000
92193  -56.429  9.217  39.266 0.0000000000
90240  -55.322  7.524  52.984 0.0000000000
91194  -55.069  7.858  51.797 0.0000000000
91203  -56.443  8.215  51.690 0.0000000000
96650  -58.834  14.930  41.648 0.0000000000
96651  -59.166  14.327  41.987 0.0000000000
96662  -58.812  14.644  40.133 0.0000000000
96668  -58.761  14.604  39.163 0.0000000000
97509  -58.001  15.886  38.338 0.0000000000
98365  -57.089  17.056  37.441 0.0000000000
98355  -56.903  17.088  38.331 0.0000000000
98316  -47.300  16.284  41.037 0.0000000000
99143  -48.196  16.655  39.800 0.0000000000
99141  -46.616  17.076  40.014 0.0000000000
99154  -46.493  17.431  38.835 0.0000000000
99132  -45.935  17.609  40.449 0.0000000000
85436  -50.451  2.615  49.447 0.0000000000
86426  -51.471  3.645  48.033 0.0000000000
86417  -49.612  2.318  48.840 0.0000000000
87364  -48.833  4.619  48.837 0.0000000000
87377  -49.375  4.094  47.554 0.0000000000
89303  -50.451  5.821  46.878 0.0000000000
89313  -52.084  6.588  44.943 0.0000000000
90272  -51.563  7.198  46.329 0.0000000000
93930  -58.678  11.504  52.451 0.0000000000
93045  -59.091  10.808  50.741 0.0000000000
94822  -58.805  12.621  50.801 0.0000000000
98232  -59.254  16.097  47.130 0.0000000000
96625  -59.697  14.436  47.324 0.0000000000
98255  -59.232  16.044  45.573 0.0000000000
97445  -59.026  15.809  44.347 0.0000000000
98268  -58.221  16.516  43.800 0.0000000000
98294  -56.315  17.236  42.192 0.0000000000
98267  -57.070  17.224  44.330 0.0000000000
98251  -53.100  16.406  46.235 0.0000000000
98279  -53.286  16.309  44.422 0.0000000000
97442  -50.949  14.988  45.345 0.0000000000
97468  -50.446  15.340  43.434 0.0000000000
96638  -49.396  14.744  45.976 0.0000000000
91392  -59.344  7.623  30.551 0.0000000000
86319  -46.496  3.620  58.017 0.0000000000
86354  -49.157  3.287  56.762 0.0000000000
86321  -47.906  3.842  58.376 0.0000000000
88227  -50.860  4.568  58.931 0.0000000000
87292  -51.327  4.386  58.005 0.0000000000
88234  -52.416  4.882  57.728 0.0000000000
89224  -53.884  5.859  56.069 0.0000000000
89219  -53.959  5.732  56.874 0.0000000000
89211  -54.853  6.163  59.511 0.0000000000
90218  -56.537  7.132  56.853 0.0000000000
90219  -57.254  7.914  57.105 0.0000000000
92115  -58.187  9.326  55.474 0.0000000000
92110  -58.187  9.738  56.543 0.0000000000
89289  -57.793  7.191  49.146 0.0000000000
89269  -57.548  6.783  50.545 0.0000000000
87334  -55.139  5.133  53.532 0.0000000000
87333  -54.439  4.680  53.412 0.0000000000
88285  -54.833  5.668  51.360 0.0000000000
87340  -53.672  4.599  52.223 0.0000000000
86404  -52.832  3.982  51.513 0.0000000000
86387  -52.718  3.187  52.628 0.0000000000
84351  -50.250  0.406  54.812 0.0000000000
84365  -50.995  1.185  53.670 0.0000000000
83356  -49.609  -0.344  53.535 0.0000000000
83258  -45.608  1.381  62.757 0.0000000000
84276  -45.767  2.189  60.627 0.0000000000
84288  -46.976  2.208  59.769 0.0000000000
84289  -48.324  2.118  59.369 0.0000000000
84302  -47.736  1.563  58.544 0.0000000000
84314  -48.303  1.284  57.513 0.0000000000
83299  -46.531  0.947  57.701 0.0000000000
86350  -44.858  2.946  56.183 0.0000000000
85374  -42.426  3.145  55.259 0.0000000000
89398  -61.704  6.044  39.311 0.0000000000
88351  -53.657  5.102  43.520 0.0000000000
88352  -54.656  5.624  43.893 0.0000000000
88377  -54.279  5.678  41.653 0.0000000000
90388  -56.573  7.385  37.707 0.0000000000
90356  -56.530  7.161  39.015 0.0000000000
90389  -57.624  7.599  37.449 0.0000000000
90391  -59.809  7.812  37.408 0.0000000000
90403  -58.974  8.053  36.341 0.0000000000
90412  -60.481  7.589  35.575 0.0000000000
91338  -58.928  8.195  35.843 0.0000000000
92240  -58.099  9.876  35.023 0.0000000000
92254  -59.252  9.388  33.905 0.0000000000
92260  -59.110  9.986  33.588 0.0000000000
93141  -59.378  10.710  32.353 0.0000000000
93135  -58.873  10.842  33.454 0.0000000000
87331  -51.316  4.419  53.921 0.0000000000
88260  -50.788  5.017  52.562 0.0000000000
88273  -52.041  5.827  52.765 0.0000000000
91219  -54.421  8.433  49.478 0.0000000000
91217  -52.540  8.605  49.201 0.0000000000
91236  -54.322  8.482  47.468 0.0000000000
91251  -54.105  8.392  45.427 0.0000000000
91252  -55.160  8.504  45.500 0.0000000000
92148  -59.321  10.318  47.915 0.0000000000
92146  -57.817  9.108  48.061 0.0000000000
92158  -59.295  10.061  46.462 0.0000000000
93958  -59.610  11.698  41.406 0.0000000000
92173  -59.376  9.932  43.465 0.0000000000
92182  -59.311  9.926  42.461 0.0000000000
92171  -57.614  8.938  42.705 0.0000000000
92196  -59.184  9.895  40.601 0.0000000000
93083  -58.991  9.905  39.124 0.0000000000
93969  -59.578  11.585  39.286 0.0000000000
96683  -58.464  14.483  35.528 0.0000000000
95806  -58.647  13.745  35.418 0.0000000000
95817  -58.528  14.104  33.926 0.0000000000
94898  -58.483  12.920  32.215 0.0000000000
96695  -57.963  14.311  32.223 0.0000000000
95844  -56.912  14.128  30.853 0.0000000000
135284  -57.443  15.532  32.548 0.0000000000
99253  -54.652  18.107  33.895 0.0000000000
135356  -55.226  17.392  32.392 0.0000000000
98338  -53.635  17.081  39.920 0.0000000000
99161  -53.620  17.303  38.425 0.0000000000
98363  -52.448  16.979  38.494 0.0000000000
99199  -49.320  17.891  37.380 0.0000000000
99200  -50.355  17.818  37.208 0.0000000000
100049  -49.312  18.430  35.640 0.0000000000
100086  -50.050  18.521  33.844 0.0000000000
100066  -48.231  18.647  34.387 0.0000000000
100065  -47.246  18.617  34.170 0.0000000000
100047  -47.370  18.610  35.105 0.0000000000
99173  -44.416  17.792  37.482 0.0000000000
99216  -44.076  17.683  35.826 0.0000000000
99193  -42.991  17.799  36.615 0.0000000000
99213  -41.385  17.452  36.000 0.0000000000
85425  -48.114  1.356  50.847 0.0000000000
86409  -48.244  2.365  49.331 0.0000000000
86400  -48.046  2.466  50.362 0.0000000000
87346  -48.228  4.187  49.850 0.0000000000
88291  -49.270  5.986  50.027 0.0000000000
96620  -59.058  14.277  49.956 0.0000000000
97410  -59.264  15.475  49.801 0.0000000000
98225  -58.995  16.912  48.409 0.0000000000
99080  -58.142  17.255  46.323 0.0000000000
99091  -56.878  17.388  45.200 0.0000000000
99065  -56.591  17.855  46.502 0.0000000000
99063  -54.323  17.319  46.366 0.0000000000
89471  -60.054  5.792  31.853 0.0000000000
87256  -46.064  4.784  60.164 0.0000000000
87267  -47.710  4.573  59.453 0.0000000000
87258  -47.876  4.847  60.015 0.0000000000
86366  -53.579  3.431  54.753 0.0000000000
85405  -52.915  2.886  54.286 0.0000000000
85404  -52.262  2.151  54.837 0.0000000000
84341  -51.037  1.234  55.650 0.0000000000
83324  -49.253  0.714  55.977 0.0000000000
83268  -44.242  1.380  61.772 0.0000000000
84273  -43.186  1.370  60.119 0.0000000000
83328  -39.910  0.425  55.780 0.0000000000
85372  -40.221  3.298  55.583 0.0000000000
84322  -38.934  1.267  56.206 0.0000000000
85351  -38.074  2.118  59.046 0.0000000000
88374  -52.844  5.784  41.630 0.0000000000
88388  -54.101  5.834  40.779 0.0000000000
89392  -53.862  6.497  40.170 0.0000000000
90372  -55.428  7.354  38.340 0.0000000000
90400  -56.235  7.566  37.024 0.0000000000
91348  -57.968  8.523  35.498 0.0000000000
92224  -56.373  8.485  36.832 0.0000000000
92225  -56.992  9.091  36.509 0.0000000000
93100  -58.065  10.413  36.486 0.0000000000
89233  -53.065  6.128  53.704 0.0000000000
89248  -52.492  6.604  52.413 0.0000000000
90247  -54.055  7.599  51.891 0.0000000000
91210  -54.553  8.278  50.382 0.0000000000
91229  -55.288  8.513  48.628 0.0000000000
94838  -59.770  12.639  44.623 0.0000000000
93946  -59.660  11.843  45.184 0.0000000000
95780  -59.578  13.155  43.334 0.0000000000
94846  -59.517  12.568  41.928 0.0000000000
94849  -59.535  12.566  40.877 0.0000000000
94857  -59.508  12.536  38.742 0.0000000000
96669  -58.999  14.013  38.701 0.0000000000
96675  -58.634  14.658  37.101 0.0000000000
98384  -58.034  15.375  35.148 0.0000000000
135253  -57.573  15.841  33.770 0.0000000000
99226  -57.373  16.621  35.470 0.0000000000
99225  -56.703  17.336  35.549 0.0000000000
99223  -54.509  18.010  36.188 0.0000000000
98335  -50.555  16.366  40.166 0.0000000000
99159  -51.451  16.800  38.825 0.0000000000
98347  -49.463  16.783  39.565 0.0000000000
99177  -48.479  17.602  38.190 0.0000000000
99198  -48.361  18.086  37.311 0.0000000000
99196  -46.130  18.141  36.510 0.0000000000
99175  -46.354  17.740  37.778 0.0000000000
99174  -45.322  17.693  37.576 0.0000000000
99151  -44.262  18.095  38.002 0.0000000000
87373  -53.074  4.848  48.298 0.0000000000
88325  -54.170  5.635  46.778 0.0000000000
87379  -52.872  4.727  47.333 0.0000000000
87392  -52.580  4.403  45.326 0.0000000000
87391  -51.620  4.143  45.272 0.0000000000
85441  -49.343  2.932  47.603 0.0000000000
86443  -50.660  3.978  45.452 0.0000000000
87399  -51.823  4.838  43.801 0.0000000000
89331  -52.303  6.021  43.498 0.0000000000
90297  -53.022  7.070  43.266 0.0000000000
91272  -54.391  8.114  42.572 0.0000000000
92129  -58.045  9.126  52.609 0.0000000000
91213  -57.422  8.730  50.989 0.0000000000
92137  -58.657  9.930  51.261 0.0000000000
93050  -59.500  11.198  49.330 0.0000000000
93940  -59.558  11.926  48.020 0.0000000000
95763  -59.336  13.609  48.907 0.0000000000
95765  -59.609  13.593  47.900 0.0000000000
95769  -59.836  13.522  45.925 0.0000000000
96640  -59.711  14.167  44.386 0.0000000000
97458  -58.833  15.623  43.290 0.0000000000
98296  -58.211  16.183  41.610 0.0000000000
98325  -56.649  17.067  40.194 0.0000000000
98308  -56.482  17.105  41.178 0.0000000000
98307  -55.363  17.132  41.449 0.0000000000
98322  -53.281  16.608  40.982 0.0000000000
98265  -54.759  17.067  44.286 0.0000000000
98292  -54.105  16.687  42.882 0.0000000000
98321  -51.884  16.146  41.329 0.0000000000
97497  -50.887  15.524  41.689 0.0000000000
97481  -48.333  15.403  42.411 0.0000000000
97464  -46.836  15.664  42.960 0.0000000000
86374  -48.942  2.832  54.399 0.0000000000
86364  -49.066  2.942  55.603 0.0000000000
87307  -50.856  3.787  55.457 0.0000000000
87308  -51.665  4.336  55.806 0.0000000000
87291  -50.317  3.945  57.771 0.0000000000
87300  -51.410  4.207  56.977 0.0000000000
88249  -52.767  5.469  54.405 0.0000000000
89234  -53.540  6.203  54.290 0.0000000000
89235  -54.418  6.601  54.469 0.0000000000
90233  -55.967  7.522  53.864 0.0000000000
88236  -54.034  5.661  58.387 0.0000000000
89220  -54.546  5.964  57.430 0.0000000000
90221  -55.894  7.017  55.541 0.0000000000
91190  -56.840  7.880  53.920 0.0000000000
92125  -58.122  9.125  53.552 0.0000000000
93039  -58.653  10.736  53.290 0.0000000000
93928  -58.529  11.674  53.589 0.0000000000
89298  -56.720  7.130  47.830 0.0000000000
89286  -55.349  6.453  48.620 0.0000000000
88264  -56.786  5.771  53.496 0.0000000000
89250  -57.160  6.426  52.012 0.0000000000
88286  -55.706  6.130  51.399 0.0000000000
88295  -55.261  6.143  50.473 0.0000000000
88300  -53.943  5.491  49.287 0.0000000000
87357  -52.964  4.307  49.970 0.0000000000
86402  -51.629  3.089  50.529 0.0000000000
85427  -50.899  2.182  51.114 0.0000000000
85414  -52.045  2.253  53.388 0.0000000000
84376  -50.503  1.098  52.452 0.0000000000
85426  -49.288  1.491  50.729 0.0000000000
85419  -46.938  1.006  51.274 0.0000000000
85293  -48.163  2.325  62.959 0.0000000000
84249  -45.459  1.618  62.170 0.0000000000
85326  -47.193  2.464  61.566 0.0000000000
85310  -48.476  2.685  62.018 0.0000000000
85329  -49.593  2.915  60.834 0.0000000000
85344  -49.899  2.677  59.867 0.0000000000
84305  -50.892  2.338  58.346 0.0000000000
84304  -49.885  1.950  58.242 0.0000000000
83311  -48.694  1.003  56.611 0.0000000000
83323  -48.126  0.312  55.748 0.0000000000
86362  -46.663  2.324  54.507 0.0000000000
86352  -46.822  2.618  55.666 0.0000000000
86335  -45.266  3.246  57.110 0.0000000000
87276  -45.005  3.930  58.558 0.0000000000
87264  -45.094  4.323  59.180 0.0000000000
89410  -61.966  5.026  38.927 0.0000000000
88411  -61.836  5.177  38.048 0.0000000000
89426  -61.283  5.945  36.797 0.0000000000
89332  -55.417  6.187  44.371 0.0000000000
89348  -56.039  6.670  42.723 0.0000000000
89381  -55.355  6.266  40.815 0.0000000000
89396  -56.926  7.175  40.070 0.0000000000
90339  -58.286  7.614  40.523 0.0000000000
90376  -59.553  7.702  38.406 0.0000000000
90392  -60.704  7.174  37.430 0.0000000000
89438  -60.964  5.974  35.999 0.0000000000
90413  -60.855  6.854  35.264 0.0000000000
90423  -60.783  6.855  34.070 0.0000000000
91362  -60.526  7.876  33.322 0.0000000000
91360  -59.094  8.881  34.599 0.0000000000
91361  -59.860  8.684  33.896 0.0000000000
91383  -59.865  8.610  31.382 0.0000000000
92282  -59.347  9.408  30.780 0.0000000000
93161  -58.814  10.100  30.585 0.0000000000
93160  -57.992  10.537  30.258 0.0000000000
87330  -50.356  4.079  53.243 0.0000000000
88271  -50.453  5.443  51.899 0.0000000000
89265  -50.132  7.181  50.336 0.0000000000
90244  -51.872  7.571  51.086 0.0000000000
90255  -51.028  8.188  49.828 0.0000000000
90260  -51.024  8.016  47.742 0.0000000000
91242  -52.227  7.994  46.308 0.0000000000
91258  -53.954  8.235  44.440 0.0000000000
91273  -55.294  8.424  42.430 0.0000000000
91222  -57.231  8.723  49.900 0.0000000000
91239  -56.922  8.656  47.979 0.0000000000
91247  -56.742  8.616  47.383 0.0000000000
92162  -59.340  9.993  45.473 0.0000000000
92161  -58.532  9.440  45.109 0.0000000000
91253  -56.409  8.681  45.619 0.0000000000
91267  -56.762  8.652  43.539 0.0000000000
91274  -56.504  8.575  42.285 0.0000000000
91285  -56.155  8.899  40.518 0.0000000000
92194  -57.358  9.393  39.548 0.0000000000
93984  -58.618  11.176  36.167 0.0000000000
94861  -59.495  12.578  37.646 0.0000000000
93991  -58.874  12.490  35.513 0.0000000000
93999  -58.657  11.905  33.967 0.0000000000
94008  -58.686  11.969  32.911 0.0000000000
94020  -58.486  11.510  30.722 0.0000000000
135249  -56.389  16.289  31.936 0.0000000000
99163  -55.356  17.415  38.492 0.0000000000
99204  -54.263  17.780  37.128 0.0000000000
100053  -53.365  18.083  36.013 0.0000000000
99201  -51.390  17.564  37.322 0.0000000000
99220  -52.003  17.773  36.569 0.0000000000
100070  -52.386  18.414  35.115 0.0000000000
100087  -51.090  18.514  33.887 0.0000000000
100102  -49.928  18.463  32.986 0.0000000000
99269  -48.586  18.018  31.968 0.0000000000
99218  -46.103  18.304  35.650 0.0000000000
99234  -44.074  17.588  34.917 0.0000000000
99108  -46.569  16.986  42.706 0.0000000000
99969  -46.159  18.093  41.086 0.0000000000
100850  -45.090  18.650  39.664 0.0000000000
100861  -44.765  18.669  39.187 0.0000000000
100023  -43.430  18.595  37.418 0.0000000000
86373  -47.506  2.557  53.557 0.0000000000
89452  -60.907  5.192  34.766 0.0000000000
85355  -52.469  2.928  58.420 0.0000000000
85366  -53.091  2.865  57.223 0.0000000000
85365  -52.376  2.607  57.562 0.0000000000
84306  -51.499  2.447  58.125 0.0000000000
83286  -39.381  -0.022  59.268 0.0000000000
89295  -54.876  6.216  47.597 0.0000000000
89306  -55.300  6.383  46.869 0.0000000000
91294  -54.584  7.822  39.890 0.0000000000
92192  -55.664  8.825  39.275 0.0000000000
92185  -55.972  9.062  39.881 0.0000000000
91195  -55.560  7.809  52.159 0.0000000000
97486  -58.570  15.412  41.292 0.0000000000
96656  -58.814  14.748  41.060 0.0000000000
97499  -58.537  15.371  40.426 0.0000000000
97505  -58.544  15.219  39.582 0.0000000000
97504  -58.068  15.765  39.211 0.0000000000
98342  -57.493  16.435  38.842 0.0000000000
98326  -57.690  16.365  39.906 0.0000000000
98303  -46.831  16.336  41.559 0.0000000000
98331  -47.176  16.589  40.398 0.0000000000
98315  -46.730  16.667  41.008 0.0000000000
85435  -49.840  2.245  49.715 0.0000000000
89283  -49.578  5.980  48.751 0.0000000000
88306  -49.609  5.401  48.266 0.0000000000
88307  -50.154  5.955  47.891 0.0000000000
89304  -51.010  6.194  46.379 0.0000000000
90265  -50.408  7.103  47.799 0.0000000000
93932  -58.869  11.680  51.330 0.0000000000
98240  -58.747  16.767  46.595 0.0000000000
98241  -59.225  16.082  46.174 0.0000000000
98254  -58.482  16.724  45.301 0.0000000000
97434  -59.290  15.851  45.125 0.0000000000
98262  -52.514  15.988  46.077 0.0000000000
97443  -52.080  15.596  45.405 0.0000000000
97432  -51.077  15.143  46.259 0.0000000000
97431  -50.179  14.791  46.039 0.0000000000
134489  -58.900  5.823  31.279 0.0000000000
134521  -59.176  6.368  31.060 0.0000000000
90451  -59.232  7.111  30.599 0.0000000000
86320  -47.360  3.722  58.195 0.0000000000
88228  -51.500  4.713  58.680 0.0000000000
88233  -51.813  4.622  58.048 0.0000000000
88239  -53.268  5.403  56.822 0.0000000000
88235  -53.419  5.456  57.847 0.0000000000
91181  -57.712  8.832  57.295 0.0000000000
89270  -58.490  6.836  50.697 0.0000000000
87332  -53.950  4.527  52.935 0.0000000000
86388  -53.395  3.875  52.980 0.0000000000
86395  -52.986  4.023  52.114 0.0000000000
83337  -49.679  0.382  55.230 0.0000000000
83345  -49.583  -0.024  54.354 0.0000000000
83344  -48.819  -0.731  53.697 0.0000000000
84287  -45.658  1.811  59.510 0.0000000000
84301  -46.546  1.350  58.398 0.0000000000
85399  -42.360  2.111  53.901 0.0000000000
85387  -42.849  2.565  54.379 0.0000000000
85386  -41.796  2.512  54.551 0.0000000000
90340  -59.278  7.688  40.463 0.0000000000
87413  -53.321  5.024  42.965 0.0000000000
88365  -53.592  5.330  42.412 0.0000000000
90401  -56.909  7.722  36.755 0.0000000000
90390  -58.706  7.811  37.369 0.0000000000
91339  -59.317  8.201  35.833 0.0000000000
90410  -58.423  8.158  35.836 0.0000000000
92253  -58.628  9.721  34.366 0.0000000000
88248  -52.057  4.904  54.050 0.0000000000
88261  -51.540  5.128  53.165 0.0000000000
91228  -54.371  8.479  48.478 0.0000000000
91244  -54.235  8.475  46.443 0.0000000000
91245  -55.309  8.507  46.570 0.0000000000
93056  -59.491  10.998  47.708 0.0000000000
92153  -59.300  10.189  47.387 0.0000000000
93058  -59.519  10.999  46.755 0.0000000000
93075  -59.539  10.811  41.926 0.0000000000
93080  -59.545  10.715  40.926 0.0000000000
92189  -59.252  9.903  41.478 0.0000000000
93084  -59.413  10.510  39.839 0.0000000000
97531  -58.288  14.659  34.788 0.0000000000
96684  -58.463  14.265  35.086 0.0000000000
96687  -58.364  14.398  34.332 0.0000000000
95831  -58.357  14.201  33.317 0.0000000000
96690  -58.173  14.571  33.601 0.0000000000
96696  -57.896  14.723  32.691 0.0000000000
97539  -57.795  15.169  33.240 0.0000000000
99252  -53.113  18.265  33.470 0.0000000000
98351  -52.978  17.126  38.966 0.0000000000
98350  -51.993  16.671  39.077 0.0000000000
100035  -49.273  18.215  36.602 0.0000000000
100048  -48.315  18.546  35.360 0.0000000000
100033  -47.353  18.488  36.043 0.0000000000
99172  -43.658  18.066  37.362 0.0000000000
99194  -43.842  17.716  36.684 0.0000000000
87347  -48.835  4.603  50.541 0.0000000000
97409  -59.197  15.331  50.387 0.0000000000
98218  -59.085  16.383  50.247 0.0000000000
99049  -58.594  17.693  48.816 0.0000000000
99058  -58.515  17.561  47.982 0.0000000000
98231  -58.888  16.850  47.541 0.0000000000
99067  -58.333  17.443  47.133 0.0000000000
99066  -57.544  17.732  46.789 0.0000000000
99055  -55.883  18.237  47.066 0.0000000000
99062  -53.639  17.016  46.786 0.0000000000
88456  -60.327  4.601  32.705 0.0000000000
87257  -47.109  4.898  60.306 0.0000000000
86356  -53.660  3.368  55.730 0.0000000000
85395  -53.025  2.800  55.322 0.0000000000
85394  -52.513  2.279  55.949 0.0000000000
84326  -51.229  1.638  56.565 0.0000000000
84342  -51.838  1.717  55.766 0.0000000000
83325  -49.896  0.796  55.776 0.0000000000
83304  -40.911  -0.326  57.071 0.0000000000
82284  -40.233  -0.494  57.037 0.0000000000
82291  -40.783  -0.387  56.205 0.0000000000
82290  -39.852  -0.322  56.524 0.0000000000
84330  -39.518  0.830  55.870 0.0000000000
82288  -38.411  -0.006  56.890 0.0000000000
84296  -37.392  1.129  58.184 0.0000000000
89379  -52.900  6.151  41.225 0.0000000000
88386  -53.067  5.932  41.070 0.0000000000
89380  -53.346  6.411  40.777 0.0000000000
91306  -55.216  8.016  38.377 0.0000000000
90371  -54.792  7.221  38.938 0.0000000000
90387  -55.856  7.309  37.648 0.0000000000
91335  -55.899  7.738  37.057 0.0000000000
91336  -56.425  8.137  36.696 0.0000000000
91321  -55.900  8.196  37.012 0.0000000000
93092  -57.586  9.810  36.809 0.0000000000
93099  -57.596  9.859  36.263 0.0000000000
89240  -53.599  6.705  53.322 0.0000000000
90238  -53.537  7.205  52.416 0.0000000000
90230  -54.037  7.168  52.900 0.0000000000
91211  -55.443  8.364  50.515 0.0000000000
91201  -54.600  7.943  51.329 0.0000000000
91220  -55.347  8.495  49.582 0.0000000000
95775  -59.775  13.330  44.065 0.0000000000
96657  -59.145  14.086  40.778 0.0000000000
95787  -59.387  13.391  41.407 0.0000000000
95790  -59.317  13.343  40.319 0.0000000000
95794  -59.288  13.337  39.260 0.0000000000
97517  -58.334  15.458  37.525 0.0000000000
96672  -58.680  14.650  38.140 0.0000000000
97521  -58.447  15.145  36.433 0.0000000000
98375  -58.123  15.545  35.851 0.0000000000
98383  -57.778  15.961  35.393 0.0000000000
98374  -57.646  16.250  36.179 0.0000000000
99206  -56.503  17.428  36.618 0.0000000000
99224  -55.671  17.846  35.851 0.0000000000
98319  -49.870  15.793  40.799 0.0000000000
98334  -49.652  16.414  40.189 0.0000000000
99156  -48.690  17.082  39.207 0.0000000000
99176  -47.411  17.733  38.049 0.0000000000
99153  -45.585  17.578  38.564 0.0000000000
99152  -44.767  17.795  38.419 0.0000000000
87365  -52.609  4.314  49.108 0.0000000000
87372  -52.286  4.281  48.171 0.0000000000
86433  -51.272  3.608  47.088 0.0000000000
87378  -52.067  4.156  47.187 0.0000000000
87384  -51.845  4.122  46.212 0.0000000000
86416  -48.540  2.411  48.375 0.0000000000
86415  -48.295  3.121  48.153 0.0000000000
88328  -50.443  4.616  45.834 0.0000000000
86436  -49.898  3.936  46.483 0.0000000000
87389  -50.575  4.287  45.586 0.0000000000
87390  -51.327  4.440  44.978 0.0000000000
88336  -51.522  5.073  44.346 0.0000000000
88348  -51.955  5.322  43.632 0.0000000000
89330  -51.896  5.595  44.090 0.0000000000
90287  -52.451  7.044  44.534 0.0000000000
90296  -52.572  6.724  43.774 0.0000000000
90288  -52.870  7.282  43.879 0.0000000000
91271  -53.756  7.704  42.742 0.0000000000
91263  -53.339  7.546  43.450 0.0000000000
92132  -58.083  9.190  51.659 0.0000000000
93935  -59.303  11.929  49.645 0.0000000000
93046  -59.331  11.257  50.015 0.0000000000
93053  -59.540  11.163  48.533 0.0000000000
93938  -59.548  11.952  48.883 0.0000000000
96621  -59.319  14.676  49.318 0.0000000000
95762  -59.063  13.865  49.576 0.0000000000
96623  -59.537  14.494  48.307 0.0000000000
95767  -59.752  13.566  46.909 0.0000000000
96633  -59.836  14.318  45.347 0.0000000000
97471  -58.738  15.357  42.205 0.0000000000
98295  -57.376  16.836  41.915 0.0000000000
98306  -54.223  16.766  41.778 0.0000000000
99089  -55.129  17.386  44.797 0.0000000000
98266  -55.689  17.327  44.157 0.0000000000
99088  -54.590  17.147  44.765 0.0000000000
97470  -52.344  15.734  43.406 0.0000000000
98291  -53.232  16.224  43.508 0.0000000000
98305  -52.896  16.211  42.319 0.0000000000
98304  -52.032  15.879  42.166 0.0000000000
97484  -51.310  15.496  42.411 0.0000000000
97467  -49.450  15.349  43.451 0.0000000000
97482  -49.268  15.245  42.455 0.0000000000
97480  -47.489  15.617  42.327 0.0000000000
97465  -47.584  15.494  43.154 0.0000000000
134491  -57.328  6.436  30.802 0.0000000000
86365  -50.014  3.418  56.107 0.0000000000
87299  -50.764  3.787  56.555 0.0000000000
87268  -48.626  4.591  59.541 0.0000000000
87280  -48.453  4.064  58.611 0.0000000000
87281  -49.434  4.203  58.724 0.0000000000
87301  -52.002  4.568  57.250 0.0000000000
87309  -52.105  4.576  56.435 0.0000000000
88242  -52.596  4.993  55.570 0.0000000000
88250  -53.214  5.625  55.053 0.0000000000
89230  -54.415  6.342  55.426 0.0000000000
89229  -53.786  6.032  55.190 0.0000000000
89236  -54.817  6.631  54.999 0.0000000000
90226  -55.328  7.025  54.607 0.0000000000
89216  -55.613  6.451  58.680 0.0000000000
88230  -53.299  5.389  59.005 0.0000000000
89221  -55.438  6.382  57.685 0.0000000000
90222  -56.816  7.537  55.744 0.0000000000
90217  -56.216  7.022  56.154 0.0000000000
90227  -56.343  7.462  54.734 0.0000000000
91186  -57.177  7.912  54.823 0.0000000000
91191  -57.622  8.467  54.161 0.0000000000
91187  -57.733  8.530  55.078 0.0000000000
92121  -58.513  10.045  54.840 0.0000000000
93037  -58.596  10.833  54.242 0.0000000000
90269  -59.171  7.472  47.840 0.0000000000
89278  -57.378  6.915  49.644 0.0000000000
89288  -57.268  7.156  48.671 0.0000000000
89287  -56.271  6.835  48.669 0.0000000000
89276  -55.739  6.506  49.558 0.0000000000
88263  -55.956  5.523  53.449 0.0000000000
88276  -56.614  6.089  52.573 0.0000000000
89259  -56.723  6.427  51.421 0.0000000000
88287  -56.101  6.139  52.008 0.0000000000
87351  -54.049  5.181  51.450 0.0000000000
88294  -54.367  5.619  50.426 0.0000000000
88301  -54.452  5.857  49.470 0.0000000000
88293  -54.073  5.521  49.857 0.0000000000
87358  -53.574  5.021  50.192 0.0000000000
86394  -52.533  3.447  51.768 0.0000000000
86403  -52.612  3.798  50.853 0.0000000000
85428  -51.939  3.066  51.313 0.0000000000
84382  -50.305  1.377  51.592 0.0000000000
84381  -49.359  0.846  51.579 0.0000000000
84380  -48.396  0.418  51.560 0.0000000000
85345  -50.740  2.816  59.574 0.0000000000
84231  -46.241  1.471  63.155 0.0000000000
84252  -47.491  1.948  63.097 0.0000000000
84253  -47.899  1.957  63.335 0.0000000000
85292  -47.402  2.222  62.593 0.0000000000
84262  -45.003  1.761  61.497 0.0000000000
84277  -46.585  2.421  61.044 0.0000000000
85327  -47.910  2.536  61.315 0.0000000000
85328  -48.733  2.640  61.080 0.0000000000
85342  -48.042  2.435  60.389 0.0000000000
84290  -49.360  2.218  59.149 0.0000000000
84291  -50.240  2.428  59.011 0.0000000000
84313  -47.327  1.110  57.642 0.0000000000
83310  -47.771  0.728  56.713 0.0000000000
84336  -45.607  0.756  54.065 0.0000000000
85391  -46.131  2.076  54.130 0.0000000000
85378  -46.087  2.427  55.032 0.0000000000
86349  -43.859  3.308  56.135 0.0000000000
85362  -39.898  3.831  56.514 0.0000000000
85363  -40.814  4.016  56.178 0.0000000000
86331  -40.731  4.161  57.138 0.0000000000
86303  -43.803  4.256  59.185 0.0000000000
87263  -44.412  4.162  58.898 0.0000000000
87254  -44.380  4.443  59.617 0.0000000000
87255  -45.157  4.644  59.940 0.0000000000
88401  -62.203  4.666  39.357 0.0000000000
89386  -61.909  5.593  40.144 0.0000000000
89397  -61.141  6.819  39.341 0.0000000000
89409  -61.725  5.529  38.452 0.0000000000
89419  -61.643  5.459  37.476 0.0000000000
89418  -61.301  6.244  37.503 0.0000000000
88331  -54.362  5.524  45.804 0.0000000000
88332  -54.874  5.948  45.523 0.0000000000
88339  -54.792  5.804  44.920 0.0000000000
89364  -55.143  6.143  41.924 0.0000000000
89347  -55.330  6.153  43.241 0.0000000000
88399  -54.529  6.255  40.243 0.0000000000
88400  -54.928  6.245  40.384 0.0000000000
89394  -55.258  6.534  39.773 0.0000000000
90374  -57.443  7.465  38.485 0.0000000000
89395  -56.319  6.915  39.553 0.0000000000
90357  -57.216  7.322  39.515 0.0000000000
90338  -57.469  7.387  40.640 0.0000000000
90358  -58.334  7.588  39.462 0.0000000000
90359  -59.383  7.719  39.427 0.0000000000
90405  -60.863  6.826  36.422 0.0000000000
89451  -60.952  5.949  34.927 0.0000000000
91359  -58.465  8.932  34.952 0.0000000000
91370  -60.150  8.791  32.614 0.0000000000
92271  -59.794  9.657  31.893 0.0000000000
93150  -59.350  10.420  31.190 0.0000000000
93149  -58.824  10.718  30.689 0.0000000000
94021  -59.075  10.977  30.942 0.0000000000
86386  -49.861  3.399  54.082 0.0000000000
88284  -50.805  6.122  51.696 0.0000000000
88283  -50.037  6.070  51.134 0.0000000000
89255  -50.542  6.904  50.981 0.0000000000
90237  -53.003  7.217  51.963 0.0000000000
90245  -52.438  7.358  51.533 0.0000000000
90252  -52.986  7.791  51.066 0.0000000000
91207  -51.966  8.496  49.805 0.0000000000
91216  -51.491  8.488  49.287 0.0000000000
91215  -51.031  8.375  48.909 0.0000000000
91225  -51.319  8.420  48.199 0.0000000000
91233  -51.516  8.131  47.234 0.0000000000
91234  -52.295  8.485  47.266 0.0000000000
91265  -54.687  8.292  43.476 0.0000000000
91266  -55.688  8.504  43.444 0.0000000000
92140  -58.099  9.190  50.098 0.0000000000
92152  -58.579  9.512  47.207 0.0000000000
92151  -57.438  8.941  46.952 0.0000000000
93949  -59.699  11.794  44.264 0.0000000000
93062  -59.608  10.904  44.831 0.0000000000
93064  -59.624  10.865  43.873 0.0000000000
92165  -58.577  9.423  44.094 0.0000000000
92160  -57.726  9.088  44.734 0.0000000000
92156  -57.416  9.084  45.770 0.0000000000
91261  -56.986  8.709  44.555 0.0000000000
92180  -57.552  8.971  41.588 0.0000000000
91281  -56.709  8.729  41.081 0.0000000000
91286  -56.727  8.971  40.512 0.0000000000
92186  -56.648  9.189  40.044 0.0000000000
93094  -59.199  10.708  37.872 0.0000000000
93087  -58.708  10.071  38.333 0.0000000000
95797  -59.305  13.394  38.206 0.0000000000
94879  -58.692  13.338  35.049 0.0000000000
94870  -58.914  13.032  35.710 0.0000000000
94869  -58.787  12.793  35.159 0.0000000000
94890  -58.602  12.913  33.291 0.0000000000
95830  -58.361  13.840  32.713 0.0000000000
94918  -57.745  12.169  30.333 0.0000000000
94907  -57.093  13.336  30.441 0.0000000000
135289  -57.361  16.353  34.062 0.0000000000
135291  -57.426  15.994  32.977 0.0000000000
135355  -54.647  17.356  32.286 0.0000000000
135319  -55.432  17.095  32.095 0.0000000000
98340  -55.722  17.393  39.463 0.0000000000
99145  -56.094  17.415  39.073 0.0000000000
98353  -54.932  17.359  39.017 0.0000000000
99182  -53.326  17.289  37.970 0.0000000000
99183  -53.961  17.464  37.844 0.0000000000
99222  -53.681  17.915  36.567 0.0000000000
99221  -52.872  17.802  36.610 0.0000000000
99180  -51.742  17.050  38.192 0.0000000000
100050  -50.421  18.290  36.087 0.0000000000
99219  -51.180  17.948  36.611 0.0000000000
100051  -51.656  18.134  35.858 0.0000000000
100088  -52.193  18.581  34.155 0.0000000000
100085  -49.077  18.536  33.656 0.0000000000
99270  -49.752  18.071  32.219 0.0000000000
100101  -48.886  18.387  32.770 0.0000000000
100100  -47.829  18.277  32.618 0.0000000000
100064  -46.355  18.303  33.941 0.0000000000
99235  -44.853  17.868  34.322 0.0000000000
99233  -43.228  17.487  35.296 0.0000000000
99983  -45.921  18.505  40.461 0.0000000000
100851  -45.512  18.913  39.962 0.0000000000
100862  -45.054  19.140  39.360 0.0000000000
100010  -44.071  18.536  37.945 0.0000000000
86393  -47.615  2.916  51.512 0.0000000000
87329  -49.190  3.585  52.320 0.0000000000
99942  -56.981  18.454  47.953 0.0000000000
99941  -56.197  18.569  47.679 0.0000000000
99940  -55.439  18.429  47.584 0.0000000000
87235  -46.427  4.647  61.981 0.0000000000
87248  -47.175  4.941  61.283 0.0000000000
85379  -52.537  2.483  56.790 0.0000000000
84316  -50.545  1.744  57.377 0.0000000000
82277  -39.383  -0.492  57.723 0.0000000000
82275  -37.945  -0.559  57.840 0.0000000000
89308  -56.460  6.968  47.055 0.0000000000
89317  -56.270  6.845  46.546 0.0000000000
90281  -56.330  6.852  45.606 0.0000000000
89324  -56.042  6.676  45.017 0.0000000000
90320  -53.773  7.477  41.050 0.0000000000
90354  -53.679  6.873  40.279 0.0000000000
90337  -53.970  7.368  40.374 0.0000000000
91305  -54.747  7.661  39.168 0.0000000000
91307  -55.742  8.324  37.629 0.0000000000
92200  -55.462  8.532  38.766 0.0000000000
92201  -56.027  8.924  38.286 0.0000000000
92202  -57.136  9.418  38.611 0.0000000000
90239  -54.573  7.546  52.369 0.0000000000
91202  -55.575  8.128  51.361 0.0000000000
91212  -56.398  8.437  50.685 0.0000000000
97472  -59.198  14.845  42.922 0.0000000000
97510  -58.441  15.246  38.663 0.0000000000
97516  -57.959  16.031  37.760 0.0000000000
98366  -57.723  16.254  37.174 0.0000000000
98356  -57.557  16.476  37.991 0.0000000000
99185  -56.043  17.449  37.750 0.0000000000
98317  -48.058  16.015  40.834 0.0000000000
98333  -48.692  16.502  40.107 0.0000000000
98332  -47.821  16.408  40.277 0.0000000000
99142  -47.628  16.759  39.734 0.0000000000
99140  -45.690  17.570  39.550 0.0000000000
86411  -51.275  3.152  49.667 0.0000000000
86418  -50.821  3.133  48.847 0.0000000000
86425  -50.514  3.165  47.960 0.0000000000
87363  -48.299  3.824  48.497 0.0000000000
87370  -48.710  3.715  47.999 0.0000000000
87371  -49.100  4.368  48.141 0.0000000000
88314  -49.717  4.814  47.483 0.0000000000
88323  -50.943  5.581  45.867 0.0000000000
89321  -51.632  5.555  44.699 0.0000000000
90279  -51.578  6.626  45.878 0.0000000000
90273  -52.116  7.501  45.866 0.0000000000
93041  -58.680  10.544  52.527 0.0000000000
93043  -58.798  10.725  51.747 0.0000000000
93934  -59.092  11.828  50.422 0.0000000000
94823  -58.983  12.627  49.955 0.0000000000
98226  -59.251  16.136  48.036 0.0000000000
97419  -59.514  15.312  47.697 0.0000000000
97425  -59.562  15.276  46.735 0.0000000000
97435  -59.539  15.292  45.724 0.0000000000
97446  -59.543  15.068  44.786 0.0000000000
98283  -57.232  16.938  43.013 0.0000000000
98282  -56.097  17.333  43.249 0.0000000000
98252  -53.771  16.788  45.751 0.0000000000
98264  -54.020  16.769  44.804 0.0000000000
98263  -53.048  16.297  45.354 0.0000000000
97457  -52.565  15.873  44.303 0.0000000000
97456  -51.670  15.462  44.378 0.0000000000
97455  -50.650  15.239  44.439 0.0000000000
97454  -49.661  15.207  44.518 0.0000000000
97453  -48.803  15.585  44.437 0.0000000000
134527  -58.969  8.062  30.233 0.0000000000
86337  -47.268  3.242  57.191 0.0000000000
86338  -48.314  3.529  57.668 0.0000000000
86339  -49.230  3.604  57.571 0.0000000000
87282  -50.376  4.394  58.816 0.0000000000
87283  -51.029  4.487  58.620 0.0000000000
87293  -51.907  4.606  57.755 0.0000000000
88243  -53.260  5.462  55.872 0.0000000000
89225  -54.556  6.210  56.312 0.0000000000
89222  -56.197  6.735  57.839 0.0000000000
89227  -55.957  6.643  57.212 0.0000000000
90223  -57.090  7.714  56.443 0.0000000000
91184  -57.561  8.449  56.133 0.0000000000
92116  -58.472  10.184  55.725 0.0000000000
90263  -59.036  7.388  48.870 0.0000000000
89279  -58.284  7.141  49.610 0.0000000000
89268  -56.770  6.597  50.400 0.0000000000
87342  -54.868  5.187  52.994 0.0000000000
88274  -55.132  5.656  51.933 0.0000000000
87341  -54.528  5.177  52.385 0.0000000000
87350  -53.315  4.532  51.238 0.0000000000
84352  -50.832  0.848  54.759 0.0000000000
84364  -50.310  0.263  53.989 0.0000000000
83365  -49.404  -0.496  53.104 0.0000000000
83363  -48.412  -0.698  52.747 0.0000000000
82314  -48.762  -0.985  53.666 0.0000000000
84275  -44.820  1.896  60.424 0.0000000000
84312  -46.797  1.015  57.685 0.0000000000
83331  -44.958  0.123  52.455 0.0000000000
84334  -44.974  1.911  52.576 0.0000000000
85389  -45.204  2.273  53.900 0.0000000000
85377  -45.435  2.534  55.099 0.0000000000
85376  -44.471  2.715  55.112 0.0000000000
85375  -43.407  2.892  55.207 0.0000000000
86348  -42.859  3.625  55.995 0.0000000000
89385  -61.592  6.287  40.172 0.0000000000
90360  -60.336  7.398  39.390 0.0000000000
88338  -54.045  5.251  44.676 0.0000000000
88366  -54.478  5.582  42.739 0.0000000000
89407  -56.203  7.037  38.580 0.0000000000
89417  -56.308  7.146  38.157 0.0000000000
91350  -59.776  8.281  35.193 0.0000000000
93136  -59.255  10.309  33.125 0.0000000000
93140  -58.974  11.361  32.661 0.0000000000
88272  -51.436  5.949  52.221 0.0000000000
91218  -53.475  8.487  49.343 0.0000000000
91227  -53.402  8.566  48.352 0.0000000000
91235  -53.305  8.537  47.358 0.0000000000
93052  -59.292  10.436  48.951 0.0000000000
92143  -57.994  9.164  49.102 0.0000000000
92147  -58.892  9.760  48.290 0.0000000000
93953  -59.613  11.729  42.407 0.0000000000
93068  -59.610  10.835  42.907 0.0000000000
92172  -58.543  9.395  43.076 0.0000000000
92181  -58.461  9.425  42.043 0.0000000000
92188  -58.410  9.486  41.018 0.0000000000
92195  -58.457  9.639  39.928 0.0000000000
93088  -59.399  10.652  38.751 0.0000000000
93975  -59.564  11.572  38.200 0.0000000000
96676  -58.732  14.096  36.707 0.0000000000
95803  -58.857  13.590  36.251 0.0000000000
96681  -58.596  14.152  35.848 0.0000000000
95811  -58.589  13.838  34.603 0.0000000000
95810  -58.628  13.706  34.121 0.0000000000
95816  -58.564  13.668  33.620 0.0000000000
95845  -57.894  13.826  31.754 0.0000000000
135250  -57.386  14.724  31.771 0.0000000000
99237  -56.049  17.822  34.691 0.0000000000
99274  -55.135  17.619  32.817 0.0000000000
98352  -54.033  17.323  39.075 0.0000000000
99160  -53.071  17.203  38.337 0.0000000000
99181  -52.715  17.184  37.986 0.0000000000
100036  -49.852  18.090  36.824 0.0000000000
100068  -50.248  18.451  34.827 0.0000000000
100067  -49.220  18.568  34.611 0.0000000000
100046  -46.390  18.387  34.926 0.0000000000
99215  -43.172  17.617  35.997 0.0000000000
99214  -42.322  17.565  36.006 0.0000000000
86401  -48.895  1.753  50.218 0.0000000000
86410  -48.947  1.950  49.732 0.0000000000
86399  -47.676  3.369  49.844 0.0000000000
87356  -48.813  4.749  49.635 0.0000000000
88299  -49.247  5.523  49.136 0.0000000000
89274  -49.506  6.402  49.208 0.0000000000
95756  -58.591  13.538  51.149 0.0000000000
96616  -58.942  14.498  50.622 0.0000000000
96617  -59.236  14.835  50.046 0.0000000000
97413  -59.300  15.553  49.217 0.0000000000
98223  -59.218  16.159  48.838 0.0000000000
99079  -57.381  17.431  45.847 0.0000000000
99078  -56.295  17.604  45.729 0.0000000000
99077  -55.287  17.553  45.560 0.0000000000
99064  -55.515  17.814  46.396 0.0000000000
98239  -53.590  16.819  46.431 0.0000000000
98250  -52.472  16.158  46.712 0.0000000000
87265  -45.915  4.502  59.342 0.0000000000
87279  -47.473  4.189  58.815 0.0000000000
87266  -46.808  4.589  59.455 0.0000000000
88194  -47.568  4.998  60.672 0.0000000000
87259  -48.298  4.849  60.057 0.0000000000
88219  -49.100  4.694  59.753 0.0000000000
85415  -52.958  3.134  53.445 0.0000000000
84353  -51.538  1.413  54.826 0.0000000000
84340  -50.360  0.793  55.461 0.0000000000
83256  -43.637  0.825  62.213 0.0000000000
83267  -43.613  1.355  61.332 0.0000000000
83279  -43.144  1.324  60.766 0.0000000000
84274  -43.878  1.576  60.393 0.0000000000
83329  -40.720  0.447  55.229 0.0000000000
85385  -40.694  2.435  55.024 0.0000000000
84331  -40.037  1.345  55.449 0.0000000000
84323  -39.454  1.892  55.695 0.0000000000
85361  -39.242  3.301  57.344 0.0000000000
83303  -37.634  0.336  57.533 0.0000000000
85360  -38.261  2.312  57.839 0.0000000000
85352  -39.179  3.078  58.626 0.0000000000
87435  -53.035  5.452  41.934 0.0000000000
88376  -53.639  5.604  41.448 0.0000000000
88375  -53.154  5.637  41.447 0.0000000000
88398  -54.044  6.136  40.193 0.0000000000
89393  -54.476  6.635  39.633 0.0000000000
89405  -55.017  6.814  38.901 0.0000000000
91337  -57.263  8.420  36.211 0.0000000000
92239  -57.567  9.300  35.600 0.0000000000
93111  -57.500  9.646  35.980 0.0000000000
93112  -58.061  10.354  35.652 0.0000000000
89249  -53.151  6.737  52.823 0.0000000000
90246  -53.525  7.670  51.448 0.0000000000
91200  -54.051  8.001  50.894 0.0000000000
94834  -59.755  12.696  45.541 0.0000000000
94842  -59.721  12.562  43.762 0.0000000000
95784  -59.425  13.331  42.499 0.0000000000
94844  -59.570  12.539  42.898 0.0000000000
94853  -59.466  12.533  39.814 0.0000000000
96673  -58.880  14.046  37.680 0.0000000000
96680  -58.546  14.571  36.164 0.0000000000
97525  -58.367  14.908  35.450 0.0000000000
97530  -58.095  15.059  34.715 0.0000000000
97529  -57.919  15.249  34.560 0.0000000000
98389  -57.520  16.157  34.428 0.0000000000
99238  -57.195  16.774  34.634 0.0000000000
99207  -57.150  16.964  36.097 0.0000000000
99236  -54.836  18.195  35.174 0.0000000000
100090  -54.004  18.313  34.877 0.0000000000
98336  -51.494  16.386  40.124 0.0000000000
98349  -51.128  16.629  39.376 0.0000000000
98348  -50.289  16.718  39.478 0.0000000000
99157  -49.945  17.095  38.881 0.0000000000
99178  -49.583  17.500  38.163 0.0000000000
99197  -47.314  18.183  37.054 0.0000000000
88308  -53.769  5.444  48.411 0.0000000000
89305  -54.683  6.056  46.879 0.0000000000
88316  -53.578  5.328  47.490 0.0000000000
88324  -53.516  5.131  46.532 0.0000000000
87385  -52.729  4.543  46.335 0.0000000000
88337  -53.265  4.691  44.507 0.0000000000
87401  -52.555  4.480  44.334 0.0000000000
87412  -52.897  4.789  43.308 0.0000000000
86424  -49.587  2.901  47.862 0.0000000000
86432  -50.498  3.420  47.079 0.0000000000
86429  -49.095  3.607  47.743 0.0000000000
86431  -50.005  3.381  47.090 0.0000000000
86438  -50.602  3.567  46.261 0.0000000000
86444  -50.855  3.785  45.533 0.0000000000
87400  -52.039  4.432  43.995 0.0000000000
87411  -52.455  5.103  43.034 0.0000000000
88363  -52.609  5.689  42.336 0.0000000000
89345  -52.622  6.229  42.566 0.0000000000
89322  -52.089  6.218  44.410 0.0000000000
90305  -52.728  6.593  43.112 0.0000000000
90306  -53.044  6.942  42.501 0.0000000000
91277  -53.462  7.435  42.286 0.0000000000
91278  -53.943  7.806  41.781 0.0000000000
91279  -54.776  8.372  41.524 0.0000000000
91204  -57.316  8.532  52.154 0.0000000000
92136  -58.227  9.338  50.868 0.0000000000
92141  -58.757  9.862  50.376 0.0000000000
93049  -59.228  10.509  49.822 0.0000000000
93942  -59.656  11.888  47.096 0.0000000000
95758  -58.854  13.524  50.212 0.0000000000
95759  -59.036  13.253  49.554 0.0000000000
94828  -59.486  12.751  48.408 0.0000000000
94830  -59.637  12.746  47.474 0.0000000000
94832  -59.727  12.724  46.502 0.0000000000
95771  -59.884  13.445  44.972 0.0000000000
97459  -59.377  14.921  43.834 0.0000000000
98310  -58.232  16.045  40.730 0.0000000000
98309  -57.486  16.653  40.919 0.0000000000
98324  -55.558  17.239  40.459 0.0000000000
98323  -54.453  17.029  40.710 0.0000000000
98281  -54.972  17.116  43.466 0.0000000000
98280  -54.104  16.631  43.876 0.0000000000
98320  -50.797  15.919  40.933 0.0000000000
97496  -50.057  15.333  41.570 0.0000000000
97483  -50.256  15.209  42.462 0.0000000000
97495  -49.117  15.425  41.548 0.0000000000
97494  -48.224  15.630  41.554 0.0000000000
97493  -47.470  15.907  41.583 0.0000000000
97479  -46.769  15.995  42.156 0.0000000000
86375  -49.986  3.360  55.040 0.0000000000
87318  -51.512  4.332  54.759 0.0000000000
87290  -49.341  3.856  58.088 0.0000000000
86340  -49.712  3.738  57.647 0.0000000000
88241  -52.189  4.753  54.902 0.0000000000
89241  -54.024  6.630  53.867 0.0000000000
90225  -54.887  6.978  54.043 0.0000000000
90241  -55.722  7.544  53.354 0.0000000000
89226  -55.537  6.593  56.572 0.0000000000
91197  -57.397  8.463  53.199 0.0000000000
92130  -58.518  9.860  53.003 0.0000000000
92120  -58.208  9.188  54.496 0.0000000000
92126  -58.494  9.953  53.903 0.0000000000
94818  -58.346  12.523  52.847 0.0000000000
94816  -57.972  12.656  54.005 0.0000000000
90262  -58.271  7.355  48.633 0.0000000000
90261  -57.784  7.338  48.163 0.0000000000
90267  -57.423  7.329  47.712 0.0000000000
89297  -56.009  6.810  47.792 0.0000000000
89285  -55.055  6.311  48.093 0.0000000000
89258  -56.305  6.418  50.904 0.0000000000
89267  -56.050  6.453  50.387 0.0000000000
88302  -54.980  6.180  49.615 0.0000000000
88310  -54.810  6.187  49.065 0.0000000000
88309  -54.542  6.028  48.522 0.0000000000
87366  -53.333  4.900  49.220 0.0000000000
87349  -53.124  4.401  50.568 0.0000000000
86412  -52.240  3.657  49.848 0.0000000000
85432  -50.647  2.540  50.156 0.0000000000
85413  -51.302  1.517  52.943 0.0000000000
85420  -51.268  1.771  52.253 0.0000000000
85411  -46.023  2.236  52.830 0.0000000000
85354  -51.650  2.698  58.673 0.0000000000
85271  -48.812  2.339  63.505 0.0000000000
85294  -49.114  2.745  62.836 0.0000000000
83257  -44.782  1.116  62.544 0.0000000000
84250  -46.088  1.804  62.397 0.0000000000
84263  -45.876  2.071  61.631 0.0000000000
84264  -46.587  2.251  61.942 0.0000000000
85308  -47.126  2.313  62.237 0.0000000000
85309  -47.702  2.462  62.108 0.0000000000
85311  -49.349  2.973  61.842 0.0000000000
85343  -49.000  2.447  60.118 0.0000000000
84292  -50.731  2.556  58.973 0.0000000000
84315  -49.411  1.410  57.197 0.0000000000
84324  -49.532  1.156  56.525 0.0000000000
83312  -49.233  1.132  56.574 0.0000000000
83297  -44.984  0.500  57.791 0.0000000000
83298  -45.997  0.782  57.712 0.0000000000
83308  -45.747  0.182  56.643 0.0000000000
83322  -47.188  0.182  55.635 0.0000000000
83335  -47.159  -0.350  54.716 0.0000000000
86351  -45.838  2.782  56.075 0.0000000000
86336  -46.250  3.107  57.068 0.0000000000
87277  -45.786  4.064  58.639 0.0000000000
85373  -41.417  3.495  55.450 0.0000000000
86347  -42.182  3.771  55.767 0.0000000000
87275  -44.474  3.920  58.453 0.0000000000
87246  -45.287  4.675  60.843 0.0000000000
87245  -44.398  4.475  60.499 0.0000000000
88412  -62.168  4.811  38.466 0.0000000000
88422  -61.876  5.072  37.725 0.0000000000
89420  -61.691  5.117  37.144 0.0000000000
89428  -61.335  4.913  36.675 0.0000000000
89439  -60.926  5.159  35.856 0.0000000000
89315  -54.993  6.127  46.105 0.0000000000
89323  -55.335  6.241  45.319 0.0000000000
89333  -56.251  6.687  43.918 0.0000000000
90298  -56.490  6.952  43.324 0.0000000000
89382  -56.095  6.597  40.610 0.0000000000
90377  -60.491  7.289  38.408 0.0000000000
90435  -60.531  6.853  32.704 0.0000000000
91371  -60.246  7.835  32.066 0.0000000000
91349  -58.809  8.442  35.449 0.0000000000
91384  -59.671  7.707  31.010 0.0000000000
92288  -58.242  9.397  30.212 0.0000000000
87339  -49.930  4.464  52.170 0.0000000000
87348  -49.617  4.901  51.464 0.0000000000
88282  -49.403  5.776  50.629 0.0000000000
88292  -49.610  6.337  50.620 0.0000000000
89275  -49.912  7.240  49.228 0.0000000000
89257  -52.029  6.837  51.797 0.0000000000
91208  -52.551  8.382  50.060 0.0000000000
90250  -51.395  7.927  50.427 0.0000000000
89266  -50.807  7.290  50.848 0.0000000000
90249  -50.728  7.943  50.061 0.0000000000
90254  -50.586  8.078  49.373 0.0000000000
90259  -50.506  7.741  48.309 0.0000000000
90266  -50.968  7.451  47.280 0.0000000000
91241  -51.542  7.753  46.771 0.0000000000
91249  -52.508  7.718  45.380 0.0000000000
91243  -53.217  8.397  46.359 0.0000000000
91250  -53.155  8.186  45.374 0.0000000000
91257  -53.037  7.785  44.416 0.0000000000
91264  -53.869  7.973  43.518 0.0000000000
91231  -57.085  8.719  48.910 0.0000000000
91230  -56.169  8.592  48.773 0.0000000000
91238  -56.145  8.509  47.859 0.0000000000
91246  -56.414  8.594  46.802 0.0000000000
93060  -59.590  10.944  45.797 0.0000000000
92166  -59.390  9.946  44.469 0.0000000000
92155  -56.815  8.803  46.132 0.0000000000
91260  -55.985  8.588  44.514 0.0000000000
91280  -55.762  8.638  41.345 0.0000000000
92203  -58.126  9.616  38.935 0.0000000000
94864  -59.224  12.760  36.619 0.0000000000
93985  -59.030  12.140  36.011 0.0000000000
93990  -58.720  11.838  35.169 0.0000000000
94014  -58.879  11.856  31.854 0.0000000000
135290  -57.696  15.439  33.512 0.0000000000
135320  -56.028  16.994  32.422 0.0000000000
98341  -56.724  17.117  39.221 0.0000000000
99164  -56.152  17.380  38.636 0.0000000000
99162  -54.453  17.374  38.426 0.0000000000
99184  -54.887  17.498  37.752 0.0000000000
100054  -53.870  18.063  36.086 0.0000000000
100071  -53.266  18.355  35.337 0.0000000000
99202  -52.338  17.462  37.321 0.0000000000
100052  -52.588  18.101  35.909 0.0000000000
99251  -51.895  18.438  33.212 0.0000000000
99250  -51.188  18.487  33.164 0.0000000000
100103  -50.671  18.502  33.239 0.0000000000
99271  -51.050  18.186  32.564 0.0000000000
100083  -47.079  18.389  33.279 0.0000000000
100099  -46.860  18.112  32.540 0.0000000000
100032  -46.659  18.476  35.673 0.0000000000
99217  -45.281  17.965  35.410 0.0000000000
135277  -40.825  17.247  35.478 0.0000000000
97417  -51.783  16.144  47.211 0.0000000000
97452  -47.874  15.750  43.843 0.0000000000
97450  -46.544  15.921  43.326 0.0000000000
98290  -46.395  16.553  42.495 0.0000000000
99121  -46.348  17.363  41.791 0.0000000000
99970  -46.888  18.169  41.326 0.0000000000
99120  -46.133  17.674  41.044 0.0000000000
99982  -45.434  18.189  40.075 0.0000000000
99981  -45.084  18.296  39.612 0.0000000000
99996  -44.819  18.156  39.201 0.0000000000
100011  -44.519  18.391  38.579 0.0000000000
82276  -38.434  -0.573  57.845 0.0000000000
82281  -38.244  -0.028  57.093 0.0000000000
82282  -38.200  -0.287  57.341 0.0000000000
82289  -38.959  -0.200  56.600 0.0000000000
82298  -39.638  -0.057  56.154 0.0000000000
82299  -40.354  -0.125  55.859 0.0000000000
82313  -48.583  -0.821  53.621 0.0000000000
82323  -48.708  -0.948  53.604 0.0000000000
82324  -48.799  -0.816  53.464 0.0000000000
83302  -38.213  0.334  57.031 0.0000000000
83315  -38.645  0.446  56.516 0.0000000000
83316  -39.236  0.401  56.142 0.0000000000
83342  -44.275  0.445  52.334 0.0000000000
83343  -48.347  -0.819  53.388 0.0000000000
83353  -44.005  0.569  52.369 0.0000000000
83354  -48.564  -0.802  53.164 0.0000000000
83355  -49.132  -0.715  53.300 0.0000000000
83361  -43.716  0.702  52.405 0.0000000000
83362  -43.775  0.532  52.437 0.0000000000
83364  -48.935  -0.659  52.857 0.0000000000
84232  -47.007  1.530  63.410 0.0000000000
84234  -48.318  1.903  63.688 0.0000000000
84310  -38.453  0.822  56.639 0.0000000000
84311  -38.105  1.226  57.138 0.0000000000
84321  -38.636  0.843  56.432 0.0000000000
84333  -41.913  1.827  54.048 0.0000000000
84348  -44.291  1.224  52.182 0.0000000000
84361  -43.836  0.990  52.324 0.0000000000
84362  -47.940  -0.777  52.988 0.0000000000
84371  -43.589  0.881  52.421 0.0000000000
84372  -43.934  0.759  52.303 0.0000000000
84373  -48.039  -0.700  52.741 0.0000000000
84374  -48.167  -0.343  52.270 0.0000000000
85270  -48.420  2.214  63.386 0.0000000000
85291  -47.119  2.190  62.502 0.0000000000
85353  -51.090  2.668  58.996 0.0000000000
85370  -38.606  2.248  56.828 0.0000000000
85371  -39.167  2.763  55.995 0.0000000000
85384  -39.828  2.353  55.395 0.0000000000
85401  -43.964  1.968  52.822 0.0000000000
85418  -45.846  2.216  51.783 0.0000000000
85440  -48.941  3.029  47.634 0.0000000000
85442  -50.025  2.938  47.595 0.0000000000
85446  -48.963  3.286  47.696 0.0000000000
85447  -49.277  3.274  47.602 0.0000000000
85448  -49.666  3.231  47.438 0.0000000000
86422  -48.735  3.270  47.832 0.0000000000
86423  -48.797  2.791  47.815 0.0000000000
86430  -49.727  3.690  47.154 0.0000000000
86437  -50.224  3.771  46.127 0.0000000000
86445  -51.026  3.680  45.755 0.0000000000
87270  -49.989  4.555  59.415 0.0000000000
87289  -48.843  3.746  58.016 0.0000000000
87355  -48.095  3.974  49.253 0.0000000000
87376  -48.877  3.589  47.858 0.0000000000
87382  -49.844  4.232  46.782 0.0000000000
87383  -50.116  4.270  46.131 0.0000000000
87410  -52.098  5.142  43.319 0.0000000000
87422  -52.843  5.477  42.187 0.0000000000
87423  -53.022  5.178  42.462 0.0000000000
87434  -52.945  5.588  41.748 0.0000000000
88207  -47.621  4.936  60.358 0.0000000000
88208  -48.008  4.967  60.397 0.0000000000
88315  -50.124  5.568  47.392 0.0000000000
88321  -49.828  4.518  47.074 0.0000000000
88322  -50.261  5.067  46.459 0.0000000000
88349  -52.367  5.549  43.057 0.0000000000
88350  -53.096  4.680  43.873 0.0000000000
88364  -53.280  5.458  41.926 0.0000000000
88387  -53.543  5.946  40.750 0.0000000000
88389  -54.721  5.971  40.898 0.0000000000
88423  -61.901  4.806  37.354 0.0000000000
89239  -52.948  6.415  53.140 0.0000000000
89247  -51.827  6.567  51.944 0.0000000000
89264  -49.555  6.814  49.743 0.0000000000
89293  -50.468  6.463  47.333 0.0000000000
89294  -51.018  6.832  46.838 0.0000000000
89296  -55.424  6.488  47.651 0.0000000000
89312  -51.561  6.092  45.362 0.0000000000
89314  -54.574  5.841  46.388 0.0000000000
89346  -52.906  6.629  41.917 0.0000000000
89362  -52.731  6.167  41.772 0.0000000000
89383  -56.807  7.053  40.644 0.0000000000
89399  -61.919  5.258  39.383 0.0000000000
89416  -56.088  7.039  38.046 0.0000000000
89427  -61.282  5.368  36.664 0.0000000000
90232  -55.273  7.301  53.716 0.0000000000
90251  -52.452  7.886  50.785 0.0000000000
90256  -58.618  7.329  49.111 0.0000000000
90257  -58.837  7.276  49.334 0.0000000000
90268  -58.152  7.431  47.659 0.0000000000
90274  -56.990  7.254  47.109 0.0000000000
90280  -52.093  7.022  45.424 0.0000000000
90282  -56.772  7.119  46.136 0.0000000000
90289  -56.549  7.008  45.267 0.0000000000
90319  -53.300  7.179  41.627 0.0000000000
90336  -53.399  7.026  40.821 0.0000000000
90373  -56.650  7.266  38.537 0.0000000000
90411  -58.684  8.182  35.839 0.0000000000
91224  -50.809  8.236  48.701 0.0000000000
91254  -57.161  8.820  45.171 0.0000000000
91270  -53.356  7.341  42.848 0.0000000000
92150  -57.030  8.827  46.396 0.0000000000
93055  -59.366  10.503  48.279 0.0000000000
96632  -49.554  14.817  46.262 0.0000000000
96639  -49.713  14.703  45.960 0.0000000000
97423  -51.216  15.764  46.887 0.0000000000
97424  -51.974  15.954  47.084 0.0000000000
97440  -49.017  15.030  45.676 0.0000000000
97441  -49.886  14.813  45.440 0.0000000000
97444  -52.714  16.058  44.847 0.0000000000
97451  -47.092  15.825  43.529 0.0000000000
97463  -46.372  16.032  42.807 0.0000000000
97478  -46.411  16.257  42.384 0.0000000000
97485  -52.029  15.688  42.706 0.0000000000
97492  -47.084  16.133  41.606 0.0000000000
97498  -58.293  15.741  39.871 0.0000000000
97526  -58.389  14.554  35.193 0.0000000000
97534  -57.797  15.455  34.479 0.0000000000
97535  -57.845  15.298  34.290 0.0000000000
98219  -59.214  16.086  49.484 0.0000000000
98237  -52.391  16.368  47.179 0.0000000000
98274  -46.460  16.357  43.103 0.0000000000
98275  -46.843  16.208  43.526 0.0000000000
98302  -46.399  16.572  41.820 0.0000000000
98354  -55.408  17.425  38.969 0.0000000000
98364  -52.791  17.112  38.423 0.0000000000
98373  -57.265  16.841  36.700 0.0000000000
98390  -57.739  15.778  34.747 0.0000000000
98391  -57.958  15.296  34.801 0.0000000000
99090  -56.068  17.434  44.948 0.0000000000
99144  -55.731  17.450  38.924 0.0000000000
99158  -50.888  16.940  38.786 0.0000000000
99239  -57.559  16.293  35.046 0.0000000000
99968  -45.823  18.020  40.694 0.0000000000
99997  -45.169  17.956  39.562 0.0000000000
100072  -53.969  18.194  35.604 0.0000000000
100849  -44.921  18.460  39.455 0.0000000000
135288  -57.655  15.766  34.297 0.0000000000
135357  -55.676  17.288  32.566 0.0000000000
