#!ascii label  , from subject 3271 vox2ras=TkReg
1480
57359  -41.885  -23.425  67.372 0.0000000000
72389  -56.193  -8.970  60.342 0.0000000000
65800  -46.966  -15.818  65.053 0.0000000000
38466  -11.283  -42.337  96.517 0.0000000000
52050  -38.384  -28.135  74.127 0.0000000000
41346  -26.273  -39.627  88.683 0.0000000000
41366  -31.903  -39.099  87.598 0.0000000000
49871  -34.581  -29.947  82.592 0.0000000000
49919  -38.971  -30.074  79.853 0.0000000000
40361  -18.062  -40.246  87.513 0.0000000000
40284  -22.564  -39.717  91.210 0.0000000000
40418  -22.937  -39.967  85.119 0.0000000000
42437  -30.898  -38.631  81.187 0.0000000000
46234  -31.992  -34.480  82.686 0.0000000000
56258  -43.911  -24.586  73.898 0.0000000000
58390  -47.431  -22.634  70.229 0.0000000000
66972  -52.086  -13.914  62.587 0.0000000000
60554  -44.328  -20.629  64.635 0.0000000000
71381  -54.725  -10.480  54.720 0.0000000000
36699  -10.819  -44.410  99.087 0.0000000000
55222  -41.301  -25.547  77.077 0.0000000000
56297  -38.954  -24.432  71.427 0.0000000000
41433  -26.438  -39.479  83.565 0.0000000000
38560  -29.792  -41.841  87.555 0.0000000000
61530  -50.248  -19.538  68.778 0.0000000000
74497  -63.024  -7.913  50.622 0.0000000000
49914  -33.132  -30.193  79.506 0.0000000000
49932  -35.712  -30.626  78.820 0.0000000000
40400  -20.621  -40.055  85.697 0.0000000000
47122  -30.411  -33.881  79.402 0.0000000000
48931  -31.477  -31.614  80.596 0.0000000000
48915  -32.676  -31.465  82.563 0.0000000000
56339  -42.621  -24.807  69.950 0.0000000000
56304  -46.240  -24.396  72.085 0.0000000000
58401  -44.810  -23.005  68.786 0.0000000000
70292  -54.624  -11.579  61.644 0.0000000000
70262  -54.881  -11.548  64.507 0.0000000000
74429  -59.055  -7.502  59.243 0.0000000000
37620  -8.971  -43.418  94.185 0.0000000000
36719  -10.794  -44.097  97.667 0.0000000000
50980  -39.132  -29.138  76.592 0.0000000000
51991  -40.519  -28.463  78.278 0.0000000000
53174  -39.775  -27.175  75.496 0.0000000000
55239  -39.957  -25.192  74.447 0.0000000000
54287  -38.339  -26.159  72.282 0.0000000000
41312  -24.047  -39.655  90.398 0.0000000000
40252  -24.146  -40.558  93.318 0.0000000000
40270  -26.391  -40.763  92.340 0.0000000000
39331  -28.193  -41.551  91.590 0.0000000000
41489  -24.141  -39.184  80.709 0.0000000000
42450  -25.971  -38.558  79.937 0.0000000000
41420  -32.420  -39.179  84.358 0.0000000000
41418  -30.315  -40.121  84.272 0.0000000000
40388  -30.847  -40.855  86.555 0.0000000000
37662  -30.980  -43.092  89.699 0.0000000000
39328  -14.723  -40.822  91.645 0.0000000000
41272  -16.926  -39.658  94.201 0.0000000000
40188  -17.752  -40.037  97.808 0.0000000000
63687  -45.214  -17.986  65.214 0.0000000000
60532  -47.811  -20.393  66.589 0.0000000000
63672  -48.490  -17.421  67.833 0.0000000000
71418  -64.254  -10.536  49.507 0.0000000000
36711  -12.985  -44.580  98.656 0.0000000000
49848  -35.370  -29.913  84.701 0.0000000000
50920  -38.143  -29.417  82.901 0.0000000000
49903  -37.092  -30.830  80.847 0.0000000000
49948  -37.902  -30.924  77.844 0.0000000000
40297  -17.965  -39.849  90.472 0.0000000000
40264  -20.108  -39.965  92.635 0.0000000000
40322  -20.800  -39.886  89.523 0.0000000000
41359  -22.554  -39.798  87.794 0.0000000000
41380  -24.513  -39.670  86.912 0.0000000000
42477  -28.576  -38.501  79.439 0.0000000000
44454  -29.848  -36.620  78.610 0.0000000000
43483  -32.323  -37.247  81.766 0.0000000000
43428  -32.871  -37.305  84.547 0.0000000000
46221  -32.861  -34.202  84.758 0.0000000000
47995  -33.860  -32.187  85.281 0.0000000000
40359  -15.927  -40.546  87.519 0.0000000000
57225  -44.908  -23.407  77.715 0.0000000000
56190  -48.448  -23.956  79.851 0.0000000000
57252  -46.830  -23.174  75.861 0.0000000000
58298  -49.402  -22.487  74.593 0.0000000000
66952  -50.071  -14.685  63.817 0.0000000000
68041  -50.278  -14.280  67.084 0.0000000000
68054  -52.867  -12.888  66.330 0.0000000000
34792  -5.091  -46.390  99.449 0.0000000000
58460  -43.605  -22.464  64.708 0.0000000000
62666  -42.721  -18.874  63.057 0.0000000000
65837  -47.228  -15.457  61.673 0.0000000000
65858  -49.900  -15.464  60.816 0.0000000000
68150  -52.322  -13.493  59.972 0.0000000000
70322  -53.489  -11.553  58.895 0.0000000000
73409  -54.791  -8.777  57.016 0.0000000000
136286  -51.962  -11.383  55.748 0.0000000000
35756  -12.064  -45.529  99.041 0.0000000000
35754  -10.418  -45.342  99.671 0.0000000000
35751  -7.622  -46.072  99.572 0.0000000000
55150  -43.197  -25.292  83.568 0.0000000000
53080  -39.786  -27.797  81.886 0.0000000000
54181  -41.384  -26.118  81.313 0.0000000000
56199  -43.055  -24.003  79.090 0.0000000000
56228  -42.791  -24.227  75.964 0.0000000000
56300  -41.626  -24.322  71.741 0.0000000000
56357  -40.494  -24.274  68.441 0.0000000000
40235  -22.707  -40.676  94.523 0.0000000000
41431  -24.173  -39.562  83.698 0.0000000000
41382  -26.545  -39.616  86.631 0.0000000000
41472  -28.168  -38.764  81.627 0.0000000000
40419  -28.387  -40.166  85.265 0.0000000000
40367  -28.401  -40.540  87.898 0.0000000000
38536  -29.261  -42.204  90.266 0.0000000000
38495  -10.927  -42.530  92.981 0.0000000000
38506  -12.137  -41.785  92.416 0.0000000000
39284  -12.543  -41.384  95.893 0.0000000000
58437  -46.273  -22.158  67.065 0.0000000000
58406  -50.171  -21.735  69.005 0.0000000000
59391  -53.251  -21.675  71.295 0.0000000000
64648  -52.001  -16.797  69.343 0.0000000000
74451  -56.930  -8.166  56.239 0.0000000000
74463  -60.345  -7.606  55.605 0.0000000000
73435  -62.342  -8.604  53.841 0.0000000000
74495  -61.456  -7.765  51.205 0.0000000000
71400  -63.226  -10.553  52.834 0.0000000000
49929  -32.769  -30.260  78.444 0.0000000000
49930  -33.835  -30.268  78.369 0.0000000000
49945  -33.294  -30.300  77.301 0.0000000000
48952  -30.615  -31.548  78.879 0.0000000000
49912  -31.476  -30.897  79.592 0.0000000000
49897  -31.813  -30.839  80.312 0.0000000000
56359  -42.584  -24.223  68.933 0.0000000000
56360  -43.481  -24.228  69.256 0.0000000000
57360  -42.733  -23.192  67.405 0.0000000000
71337  -54.968  -10.779  61.027 0.0000000000
71324  -55.639  -10.537  62.532 0.0000000000
72371  -56.418  -9.606  61.960 0.0000000000
73380  -58.366  -8.407  61.483 0.0000000000
73389  -57.520  -8.136  60.543 0.0000000000
37611  -9.822  -43.192  95.029 0.0000000000
37601  -10.020  -43.465  96.325 0.0000000000
37602  -10.791  -42.851  96.755 0.0000000000
52032  -38.608  -28.486  74.970 0.0000000000
52033  -39.297  -28.094  75.397 0.0000000000
52051  -38.970  -27.649  74.676 0.0000000000
54265  -38.873  -26.516  73.780 0.0000000000
52071  -38.199  -27.578  72.961 0.0000000000
41284  -19.004  -39.779  94.899 0.0000000000
41328  -25.631  -39.655  89.638 0.0000000000
41302  -25.134  -39.869  91.226 0.0000000000
40302  -26.387  -39.960  90.882 0.0000000000
40289  -27.173  -40.762  91.750 0.0000000000
40325  -27.179  -39.978  90.136 0.0000000000
41401  -31.982  -39.270  85.523 0.0000000000
41400  -31.257  -40.207  85.810 0.0000000000
41365  -31.435  -39.834  87.481 0.0000000000
39369  -30.933  -41.003  88.106 0.0000000000
40262  -17.809  -39.786  92.424 0.0000000000
41282  -17.583  -39.671  93.931 0.0000000000
41274  -18.374  -39.726  95.286 0.0000000000
55153  -45.952  -25.554  83.223 0.0000000000
64694  -46.123  -16.482  64.947 0.0000000000
63680  -46.399  -17.736  66.218 0.0000000000
65792  -47.463  -15.908  66.151 0.0000000000
49859  -35.224  -29.692  83.869 0.0000000000
50918  -36.270  -29.593  83.173 0.0000000000
49887  -35.566  -29.971  81.541 0.0000000000
48966  -36.876  -31.382  77.782 0.0000000000
49962  -36.409  -30.906  76.654 0.0000000000
50978  -37.566  -30.207  76.403 0.0000000000
40344  -18.379  -40.123  88.508 0.0000000000
40321  -19.770  -39.935  89.515 0.0000000000
40345  -19.444  -39.996  88.526 0.0000000000
40401  -21.634  -40.045  85.768 0.0000000000
40365  -21.958  -39.849  87.758 0.0000000000
41378  -22.811  -39.723  87.071 0.0000000000
41360  -23.231  -39.755  87.690 0.0000000000
40384  -23.406  -39.722  86.069 0.0000000000
44470  -29.025  -36.552  77.433 0.0000000000
46240  -31.367  -34.487  81.250 0.0000000000
45352  -30.926  -35.539  80.587 0.0000000000
45344  -31.710  -35.812  81.885 0.0000000000
43445  -32.915  -37.456  83.340 0.0000000000
45329  -32.282  -35.412  83.307 0.0000000000
44363  -32.807  -36.060  85.019 0.0000000000
46226  -32.357  -34.403  83.440 0.0000000000
49869  -33.131  -30.715  82.277 0.0000000000
48906  -32.934  -31.703  83.316 0.0000000000
49857  -33.936  -30.431  83.355 0.0000000000
48898  -34.250  -30.827  84.666 0.0000000000
40360  -16.973  -40.392  87.520 0.0000000000
56230  -44.807  -23.906  75.630 0.0000000000
57238  -45.930  -23.352  76.700 0.0000000000
56243  -45.202  -24.245  74.650 0.0000000000
57334  -46.856  -23.125  70.711 0.0000000000
57295  -47.290  -23.200  72.976 0.0000000000
58336  -48.675  -22.553  72.755 0.0000000000
58319  -50.439  -22.342  73.480 0.0000000000
58354  -49.734  -22.408  71.647 0.0000000000
66970  -51.039  -14.547  62.874 0.0000000000
66941  -51.237  -14.089  64.357 0.0000000000
68078  -52.423  -13.534  64.244 0.0000000000
70264  -56.828  -10.877  65.703 0.0000000000
65856  -47.867  -15.698  60.595 0.0000000000
65875  -48.492  -15.644  59.692 0.0000000000
68161  -50.122  -13.939  58.779 0.0000000000
69281  -50.754  -13.049  58.254 0.0000000000
69272  -53.120  -12.474  59.482 0.0000000000
70329  -52.377  -11.632  57.906 0.0000000000
136300  -52.717  -10.999  57.509 0.0000000000
35760  -9.648  -44.926  97.963 0.0000000000
37555  -11.825  -42.854  100.355 0.0000000000
34814  -12.967  -46.211  98.476 0.0000000000
35763  -12.413  -45.286  98.890 0.0000000000
34813  -12.319  -46.281  98.558 0.0000000000
33843  -10.570  -46.452  98.934 0.0000000000
33841  -9.007  -47.046  98.806 0.0000000000
35753  -9.466  -45.513  99.557 0.0000000000
33839  -6.955  -47.456  98.699 0.0000000000
33838  -5.964  -47.911  98.750 0.0000000000
50934  -38.705  -29.501  81.891 0.0000000000
51939  -38.856  -28.466  83.151 0.0000000000
51960  -39.507  -28.693  80.806 0.0000000000
53132  -41.329  -27.029  78.213 0.0000000000
53098  -41.092  -27.053  79.632 0.0000000000
54210  -41.639  -26.163  79.245 0.0000000000
55195  -42.418  -25.043  80.079 0.0000000000
56205  -41.901  -25.003  77.977 0.0000000000
56216  -42.453  -24.349  77.154 0.0000000000
56227  -41.490  -24.746  76.226 0.0000000000
56277  -39.678  -24.509  72.572 0.0000000000
56255  -40.950  -24.338  73.685 0.0000000000
56298  -39.772  -24.209  71.462 0.0000000000
56320  -40.639  -24.253  70.568 0.0000000000
56336  -39.584  -24.295  69.406 0.0000000000
40283  -21.661  -39.801  91.440 0.0000000000
40250  -22.003  -40.013  93.558 0.0000000000
40266  -22.428  -39.831  92.334 0.0000000000
41469  -24.898  -39.231  81.630 0.0000000000
41450  -24.561  -39.456  82.636 0.0000000000
41432  -25.319  -39.498  83.624 0.0000000000
41397  -25.762  -39.526  85.672 0.0000000000
41414  -26.124  -39.524  84.588 0.0000000000
42478  -29.529  -38.413  79.514 0.0000000000
42452  -28.085  -38.628  80.407 0.0000000000
41474  -29.796  -38.710  81.944 0.0000000000
40407  -30.179  -41.430  85.794 0.0000000000
41417  -29.317  -40.029  84.337 0.0000000000
39390  -28.896  -40.932  86.107 0.0000000000
39389  -28.520  -40.562  86.534 0.0000000000
39374  -28.949  -41.234  87.866 0.0000000000
39357  -29.183  -41.718  89.513 0.0000000000
39367  -29.565  -41.917  88.688 0.0000000000
44343  -33.332  -35.689  87.205 0.0000000000
39314  -13.762  -41.213  92.458 0.0000000000
39303  -13.834  -40.803  93.654 0.0000000000
38487  -12.187  -41.761  93.707 0.0000000000
39252  -17.628  -41.265  98.973 0.0000000000
59520  -44.582  -21.539  64.802 0.0000000000
58450  -44.920  -22.331  65.970 0.0000000000
59521  -45.447  -21.538  65.403 0.0000000000
61529  -49.494  -19.658  68.084 0.0000000000
59491  -48.796  -20.772  67.107 0.0000000000
59456  -50.397  -21.176  68.978 0.0000000000
58394  -51.572  -21.754  70.088 0.0000000000
60487  -52.196  -20.829  70.393 0.0000000000
68032  -51.794  -14.053  68.177 0.0000000000
65765  -51.114  -15.703  68.549 0.0000000000
66891  -52.769  -15.171  69.208 0.0000000000
136317  -54.535  -9.164  56.125 0.0000000000
73410  -55.613  -8.427  56.762 0.0000000000
72405  -55.323  -9.376  55.425 0.0000000000
73425  -57.957  -8.482  54.365 0.0000000000
74476  -59.182  -8.029  53.473 0.0000000000
74471  -61.360  -7.794  54.747 0.0000000000
74478  -60.826  -7.788  53.484 0.0000000000
74506  -62.211  -7.790  49.837 0.0000000000
74504  -60.599  -7.769  50.279 0.0000000000
74496  -62.322  -7.741  50.917 0.0000000000
73447  -63.092  -8.537  52.506 0.0000000000
72427  -63.324  -9.588  52.185 0.0000000000
71414  -63.917  -10.680  50.961 0.0000000000
70386  -64.528  -11.398  49.145 0.0000000000
49885  -33.625  -30.253  81.538 0.0000000000
49901  -35.399  -30.171  80.509 0.0000000000
49915  -34.184  -30.178  79.464 0.0000000000
49946  -34.465  -30.483  77.177 0.0000000000
40380  -19.901  -40.074  86.595 0.0000000000
48052  -30.094  -33.116  78.642 0.0000000000
48045  -30.754  -32.687  79.908 0.0000000000
47103  -31.428  -33.547  81.325 0.0000000000
48018  -31.828  -32.855  82.211 0.0000000000
48922  -31.782  -31.793  81.338 0.0000000000
49884  -32.832  -30.669  81.591 0.0000000000
55282  -43.303  -24.929  71.417 0.0000000000
55249  -45.148  -25.160  73.073 0.0000000000
55299  -44.398  -25.268  70.729 0.0000000000
57331  -45.009  -23.804  69.708 0.0000000000
57346  -45.909  -23.221  69.835 0.0000000000
69240  -53.667  -12.644  62.162 0.0000000000
69219  -53.453  -12.709  64.025 0.0000000000
70273  -54.793  -11.610  63.419 0.0000000000
71304  -56.075  -10.463  64.197 0.0000000000
74437  -59.864  -7.438  58.563 0.0000000000
36733  -9.742  -44.096  96.822 0.0000000000
36709  -11.048  -44.464  98.367 0.0000000000
50969  -39.228  -29.694  77.805 0.0000000000
50953  -39.707  -29.001  79.460 0.0000000000
50970  -40.025  -28.994  77.786 0.0000000000
53145  -40.591  -27.566  76.906 0.0000000000
54245  -40.581  -26.317  76.343 0.0000000000
55230  -40.725  -25.413  75.913 0.0000000000
54267  -39.831  -25.946  74.965 0.0000000000
55247  -39.073  -25.561  73.101 0.0000000000
55281  -38.206  -25.262  71.450 0.0000000000
41311  -23.254  -39.690  90.282 0.0000000000
40267  -23.555  -39.921  92.272 0.0000000000
41301  -24.337  -39.802  91.374 0.0000000000
40269  -25.587  -40.525  92.446 0.0000000000
38510  -27.790  -42.492  92.421 0.0000000000
41490  -25.223  -38.894  80.535 0.0000000000
41470  -26.008  -39.106  81.646 0.0000000000
41457  -31.675  -38.934  82.795 0.0000000000
41437  -30.738  -39.466  83.477 0.0000000000
41419  -31.404  -39.820  84.516 0.0000000000
40408  -30.618  -40.967  85.703 0.0000000000
39376  -30.302  -41.657  87.189 0.0000000000
38554  -30.122  -41.879  87.724 0.0000000000
39368  -30.499  -41.560  87.906 0.0000000000
40317  -15.244  -40.785  89.654 0.0000000000
39329  -15.375  -40.630  91.091 0.0000000000
40230  -15.434  -40.045  94.507 0.0000000000
41252  -15.659  -39.656  96.365 0.0000000000
41262  -16.719  -39.634  95.131 0.0000000000
61576  -44.683  -19.721  65.026 0.0000000000
60543  -45.883  -20.597  65.654 0.0000000000
62643  -46.382  -18.691  66.358 0.0000000000
62633  -47.489  -18.713  67.218 0.0000000000
62635  -48.899  -18.166  68.115 0.0000000000
70354  -54.334  -11.142  54.172 0.0000000000
71382  -55.847  -10.291  54.754 0.0000000000
70362  -55.420  -11.229  53.615 0.0000000000
74507  -62.874  -7.863  49.649 0.0000000000
72441  -63.634  -9.213  50.290 0.0000000000
73471  -63.347  -8.173  49.424 0.0000000000
72448  -64.099  -9.540  48.921 0.0000000000
39261  -12.301  -41.991  97.985 0.0000000000
38455  -11.599  -42.675  97.595 0.0000000000
50887  -37.806  -28.929  85.871 0.0000000000
50905  -37.154  -29.293  83.887 0.0000000000
49874  -37.747  -30.073  82.253 0.0000000000
48925  -38.421  -30.742  80.837 0.0000000000
48944  -36.772  -31.073  79.518 0.0000000000
48945  -37.463  -31.339  79.554 0.0000000000
49933  -38.336  -30.859  78.819 0.0000000000
50968  -38.387  -30.260  77.502 0.0000000000
50990  -37.621  -29.675  75.653 0.0000000000
40280  -18.425  -39.830  91.487 0.0000000000
40263  -18.928  -39.879  92.566 0.0000000000
40281  -19.548  -39.982  91.536 0.0000000000
40299  -20.159  -39.959  90.516 0.0000000000
40300  -21.174  -39.817  90.500 0.0000000000
40363  -20.188  -39.969  87.579 0.0000000000
40347  -21.406  -39.881  88.574 0.0000000000
41324  -22.322  -39.761  89.948 0.0000000000
41343  -23.497  -39.762  88.547 0.0000000000
41344  -24.361  -39.698  88.578 0.0000000000
41345  -25.286  -39.616  88.623 0.0000000000
42501  -29.670  -38.082  78.901 0.0000000000
42480  -30.934  -37.862  79.915 0.0000000000
45361  -30.334  -35.874  79.456 0.0000000000
44437  -30.849  -36.762  80.001 0.0000000000
42438  -31.724  -38.329  81.123 0.0000000000
42415  -32.944  -38.164  82.638 0.0000000000
42405  -33.010  -38.421  83.889 0.0000000000
42393  -32.242  -38.343  86.616 0.0000000000
42386  -32.466  -38.265  88.000 0.0000000000
43410  -32.759  -37.106  85.888 0.0000000000
44354  -33.069  -35.665  86.127 0.0000000000
45302  -33.310  -34.826  86.265 0.0000000000
47087  -32.482  -33.392  83.503 0.0000000000
47081  -33.061  -33.236  84.646 0.0000000000
47067  -33.880  -33.199  86.187 0.0000000000
47996  -34.280  -31.992  85.854 0.0000000000
40318  -16.509  -40.471  89.523 0.0000000000
57201  -45.447  -23.385  79.432 0.0000000000
57215  -46.419  -23.160  78.446 0.0000000000
57228  -47.399  -23.090  77.559 0.0000000000
57241  -48.426  -22.968  76.750 0.0000000000
56261  -46.407  -23.909  73.894 0.0000000000
58296  -48.123  -22.705  75.007 0.0000000000
65809  -48.354  -15.076  63.584 0.0000000000
66930  -48.557  -15.000  65.858 0.0000000000
66932  -50.160  -14.173  65.441 0.0000000000
68052  -51.330  -13.602  66.436 0.0000000000
68044  -52.868  -13.070  67.129 0.0000000000
69195  -53.999  -12.359  65.899 0.0000000000
69179  -54.564  -12.202  67.075 0.0000000000
57393  -41.661  -23.252  65.535 0.0000000000
57394  -42.453  -22.945  65.664 0.0000000000
57420  -42.015  -23.098  64.261 0.0000000000
59532  -43.134  -21.958  63.983 0.0000000000
60564  -43.192  -20.886  63.889 0.0000000000
61575  -43.953  -19.702  64.340 0.0000000000
63693  -44.303  -18.024  64.040 0.0000000000
63704  -44.606  -17.190  63.834 0.0000000000
65806  -45.785  -16.006  63.693 0.0000000000
65820  -46.675  -15.425  62.874 0.0000000000
65822  -48.882  -15.412  62.600 0.0000000000
65823  -49.833  -15.388  62.564 0.0000000000
65860  -51.166  -14.805  61.403 0.0000000000
67019  -49.759  -14.787  59.411 0.0000000000
67006  -51.093  -14.617  60.500 0.0000000000
67008  -52.258  -13.813  61.016 0.0000000000
68139  -53.103  -13.034  60.731 0.0000000000
69263  -53.950  -11.948  60.226 0.0000000000
71358  -54.633  -10.386  59.639 0.0000000000
136324  -54.881  -9.139  58.506 0.0000000000
70330  -53.731  -10.547  58.348 0.0000000000
136308  -53.632  -9.669  56.764 0.0000000000
70353  -53.198  -10.938  54.852 0.0000000000
136288  -52.353  -11.475  54.280 0.0000000000
37574  -11.560  -43.775  98.108 0.0000000000
36710  -12.060  -44.509  98.900 0.0000000000
35762  -11.743  -44.855  99.080 0.0000000000
34812  -11.699  -46.373  98.625 0.0000000000
35755  -11.437  -44.977  99.547 0.0000000000
36701  -11.357  -44.286  99.529 0.0000000000
35747  -10.968  -44.119  100.357 0.0000000000
36681  -10.496  -43.702  101.007 0.0000000000
36679  -8.979  -43.732  100.858 0.0000000000
34793  -5.989  -46.396  99.447 0.0000000000
56155  -44.844  -24.450  82.306 0.0000000000
53047  -40.192  -27.118  83.491 0.0000000000
51961  -40.044  -28.153  80.450 0.0000000000
54162  -40.752  -26.599  81.860 0.0000000000
55171  -42.650  -25.021  81.784 0.0000000000
55186  -43.171  -24.609  81.130 0.0000000000
57189  -44.472  -23.714  80.505 0.0000000000
57212  -43.860  -23.638  78.816 0.0000000000
56217  -43.533  -23.870  76.861 0.0000000000
56241  -43.348  -24.278  74.859 0.0000000000
56239  -40.912  -24.693  74.954 0.0000000000
56256  -41.914  -24.247  73.853 0.0000000000
56280  -42.732  -24.389  72.875 0.0000000000
56322  -42.363  -24.664  70.939 0.0000000000
56338  -41.592  -24.473  69.653 0.0000000000
56378  -41.134  -23.882  67.729 0.0000000000
53216  -37.708  -27.524  71.811 0.0000000000
54296  -37.527  -26.674  71.146 0.0000000000
55280  -37.577  -25.841  70.919 0.0000000000
56317  -37.923  -24.530  69.935 0.0000000000
56335  -38.633  -24.354  69.262 0.0000000000
56356  -39.503  -24.325  68.346 0.0000000000
56377  -40.387  -23.949  67.380 0.0000000000
57375  -40.957  -23.507  66.376 0.0000000000
40251  -23.077  -40.216  93.394 0.0000000000
41429  -22.012  -39.721  83.425 0.0000000000
41449  -23.476  -39.514  82.664 0.0000000000
41412  -23.689  -39.747  84.875 0.0000000000
41396  -24.530  -39.625  85.893 0.0000000000
41381  -25.366  -39.603  86.729 0.0000000000
41364  -26.862  -39.686  87.718 0.0000000000
42476  -27.539  -38.492  79.329 0.0000000000
41492  -27.447  -38.750  80.944 0.0000000000
41453  -27.825  -39.074  82.632 0.0000000000
41436  -29.651  -39.484  83.478 0.0000000000
41435  -28.597  -39.399  83.552 0.0000000000
41434  -27.527  -39.411  83.561 0.0000000000
41399  -27.825  -39.839  85.167 0.0000000000
40385  -27.479  -39.894  86.905 0.0000000000
41347  -27.157  -39.839  88.667 0.0000000000
40327  -28.423  -41.051  90.105 0.0000000000
39344  -28.734  -41.607  90.685 0.0000000000
37628  -9.772  -42.961  93.236 0.0000000000
38475  -10.561  -42.662  94.664 0.0000000000
39325  -11.863  -41.440  90.955 0.0000000000
38517  -11.271  -41.789  91.325 0.0000000000
38505  -11.270  -42.192  92.078 0.0000000000
38486  -11.521  -42.190  94.153 0.0000000000
39283  -11.846  -41.826  96.211 0.0000000000
39262  -12.921  -41.222  97.719 0.0000000000
40173  -16.225  -39.935  98.414 0.0000000000
57378  -43.673  -22.762  66.724 0.0000000000
58418  -45.729  -22.470  68.095 0.0000000000
58419  -46.879  -21.992  68.021 0.0000000000
59507  -47.106  -21.354  66.224 0.0000000000
58420  -48.092  -21.658  67.771 0.0000000000
58391  -48.818  -22.215  69.801 0.0000000000
58375  -50.950  -22.422  70.496 0.0000000000
65776  -48.847  -15.745  67.463 0.0000000000
64658  -49.767  -16.747  68.325 0.0000000000
62624  -51.201  -17.921  69.187 0.0000000000
73401  -56.303  -8.000  58.209 0.0000000000
74435  -57.895  -7.259  57.903 0.0000000000
74444  -58.699  -7.354  57.155 0.0000000000
73419  -57.111  -8.742  55.277 0.0000000000
74453  -58.483  -7.575  56.093 0.0000000000
74455  -60.448  -7.581  56.731 0.0000000000
73427  -61.595  -8.328  55.575 0.0000000000
73428  -62.095  -8.668  54.879 0.0000000000
73455  -59.688  -8.107  51.548 0.0000000000
74484  -61.276  -7.785  52.380 0.0000000000
72418  -62.994  -9.597  53.319 0.0000000000
71416  -64.125  -10.670  50.329 0.0000000000
49928  -31.809  -30.413  78.552 0.0000000000
49927  -30.970  -30.869  78.635 0.0000000000
57341  -42.221  -23.532  67.859 0.0000000000
57342  -42.660  -23.572  68.172 0.0000000000
72382  -55.796  -9.822  61.170 0.0000000000
72370  -55.900  -9.928  61.603 0.0000000000
73378  -56.650  -9.130  61.320 0.0000000000
73379  -57.262  -8.849  61.619 0.0000000000
73388  -56.659  -8.741  60.748 0.0000000000
38465  -10.596  -42.739  95.794 0.0000000000
53189  -38.551  -27.075  73.519 0.0000000000
40232  -19.718  -39.969  95.250 0.0000000000
40248  -19.481  -39.798  93.954 0.0000000000
41314  -25.889  -39.807  90.694 0.0000000000
41315  -26.509  -39.877  90.534 0.0000000000
40303  -27.004  -40.108  90.716 0.0000000000
41329  -26.774  -39.770  89.812 0.0000000000
41384  -31.592  -39.441  86.637 0.0000000000
41348  -31.734  -39.657  88.131 0.0000000000
41283  -18.378  -39.707  94.366 0.0000000000
65799  -46.446  -16.062  64.681 0.0000000000
64695  -46.581  -16.349  65.425 0.0000000000
49872  -35.646  -29.720  82.734 0.0000000000
48974  -35.919  -30.953  76.749 0.0000000000
48975  -36.514  -31.103  77.132 0.0000000000
40362  -19.151  -40.161  87.538 0.0000000000
40417  -22.213  -40.016  84.895 0.0000000000
40382  -22.063  -39.889  86.769 0.0000000000
40402  -22.528  -39.931  85.727 0.0000000000
40383  -22.963  -39.765  86.295 0.0000000000
40403  -23.224  -39.818  85.626 0.0000000000
46233  -31.670  -34.454  81.941 0.0000000000
45336  -31.619  -35.151  81.764 0.0000000000
45337  -31.908  -35.472  82.438 0.0000000000
49870  -33.696  -30.443  82.593 0.0000000000
49858  -34.507  -30.087  83.736 0.0000000000
56242  -44.320  -24.347  74.765 0.0000000000
56259  -44.790  -24.781  73.873 0.0000000000
58352  -47.954  -22.728  71.979 0.0000000000
58372  -48.029  -22.584  71.221 0.0000000000
58353  -48.789  -22.454  71.843 0.0000000000
58373  -48.762  -22.339  70.886 0.0000000000
66971  -51.516  -14.317  62.627 0.0000000000
66942  -51.793  -13.935  64.015 0.0000000000
68092  -52.546  -13.600  63.286 0.0000000000
70253  -57.106  -11.659  66.493 0.0000000000
65874  -47.293  -15.760  59.427 0.0000000000
69282  -51.971  -12.552  58.506 0.0000000000
69292  -51.678  -11.896  57.479 0.0000000000
36708  -10.221  -44.659  98.319 0.0000000000
36698  -10.146  -44.216  98.996 0.0000000000
37564  -10.548  -43.687  99.599 0.0000000000
37565  -11.264  -43.759  99.767 0.0000000000
33852  -12.593  -46.605  98.201 0.0000000000
33840  -7.981  -47.332  98.846 0.0000000000
33846  -6.560  -48.130  98.261 0.0000000000
49905  -38.922  -29.934  80.748 0.0000000000
50945  -39.096  -29.331  81.138 0.0000000000
50952  -39.328  -29.334  80.161 0.0000000000
54233  -41.344  -26.295  77.695 0.0000000000
54221  -41.585  -26.264  78.525 0.0000000000
55202  -41.848  -25.668  78.882 0.0000000000
55211  -41.744  -25.455  78.073 0.0000000000
56215  -41.813  -24.932  77.485 0.0000000000
56276  -39.262  -24.504  71.999 0.0000000000
56319  -39.669  -24.202  70.468 0.0000000000
41451  -25.662  -39.368  82.607 0.0000000000
42454  -30.178  -38.503  80.351 0.0000000000
42436  -29.859  -38.651  81.339 0.0000000000
42422  -30.082  -38.714  81.968 0.0000000000
39391  -29.609  -41.410  85.916 0.0000000000
39383  -29.406  -41.587  86.960 0.0000000000
39375  -29.500  -41.678  87.948 0.0000000000
45281  -33.943  -35.031  87.713 0.0000000000
40214  -14.671  -40.167  95.551 0.0000000000
60555  -45.051  -20.655  65.200 0.0000000000
60515  -49.692  -20.335  68.142 0.0000000000
61514  -50.577  -20.107  69.148 0.0000000000
60501  -51.281  -20.732  69.735 0.0000000000
61515  -51.244  -19.737  69.653 0.0000000000
66906  -53.671  -14.505  69.110 0.0000000000
66905  -52.557  -14.747  68.879 0.0000000000
136309  -54.164  -9.766  55.439 0.0000000000
72401  -55.157  -8.806  56.252 0.0000000000
73434  -59.205  -8.151  53.046 0.0000000000
74477  -59.745  -7.904  53.351 0.0000000000
73445  -59.465  -8.131  52.450 0.0000000000
74486  -63.022  -7.922  51.568 0.0000000000
73456  -63.308  -8.674  51.385 0.0000000000
71413  -63.651  -10.695  51.434 0.0000000000
72434  -63.632  -9.750  51.017 0.0000000000
49899  -33.409  -30.202  80.558 0.0000000000
49900  -34.399  -30.093  80.515 0.0000000000
48963  -29.687  -31.803  77.742 0.0000000000
48943  -30.940  -31.702  79.687 0.0000000000
48942  -30.569  -32.126  79.266 0.0000000000
48037  -31.173  -32.601  80.611 0.0000000000
48028  -31.585  -32.583  81.462 0.0000000000
49898  -32.434  -30.589  80.637 0.0000000000
55297  -42.982  -24.897  70.966 0.0000000000
55283  -43.858  -25.259  71.479 0.0000000000
55311  -43.915  -25.059  70.272 0.0000000000
57344  -44.465  -23.477  69.095 0.0000000000
56361  -44.062  -24.264  69.506 0.0000000000
57345  -45.404  -23.306  69.519 0.0000000000
58402  -45.231  -22.881  68.878 0.0000000000
69241  -54.176  -12.137  61.910 0.0000000000
69231  -54.168  -12.127  62.803 0.0000000000
70284  -54.726  -11.637  62.477 0.0000000000
71317  -56.944  -10.035  64.089 0.0000000000
71306  -57.321  -10.143  64.456 0.0000000000
72343  -57.693  -9.839  64.273 0.0000000000
74430  -59.937  -7.621  59.612 0.0000000000
74438  -60.572  -8.120  58.809 0.0000000000
37600  -9.269  -43.975  96.255 0.0000000000
36718  -10.069  -44.532  97.542 0.0000000000
52004  -39.742  -29.016  77.133 0.0000000000
52034  -39.865  -27.616  75.846 0.0000000000
52019  -40.073  -27.953  76.290 0.0000000000
53158  -40.283  -27.152  76.160 0.0000000000
54256  -40.163  -26.315  75.594 0.0000000000
54255  -39.662  -26.571  75.077 0.0000000000
54277  -38.732  -26.196  73.077 0.0000000000
54278  -39.053  -25.952  73.588 0.0000000000
55264  -38.862  -25.165  72.401 0.0000000000
41291  -23.820  -39.821  91.708 0.0000000000
41303  -25.614  -39.956  91.320 0.0000000000
40287  -25.305  -40.102  91.754 0.0000000000
40290  -27.718  -41.067  91.530 0.0000000000
39318  -27.396  -41.579  92.276 0.0000000000
39319  -27.947  -41.910  92.160 0.0000000000
41491  -26.444  -38.776  80.827 0.0000000000
41438  -31.852  -39.177  83.396 0.0000000000
40387  -30.483  -41.346  86.222 0.0000000000
39377  -30.694  -41.190  87.306 0.0000000000
38547  -30.856  -41.586  88.599 0.0000000000
40295  -15.829  -40.565  90.497 0.0000000000
39342  -15.022  -40.776  90.657 0.0000000000
40245  -16.506  -39.840  93.460 0.0000000000
40231  -16.162  -39.784  94.306 0.0000000000
40216  -15.924  -39.743  94.975 0.0000000000
40217  -19.155  -40.134  96.564 0.0000000000
41255  -18.371  -39.972  96.880 0.0000000000
62651  -45.079  -18.923  65.330 0.0000000000
62652  -45.777  -18.590  65.823 0.0000000000
63681  -46.977  -17.385  66.706 0.0000000000
62644  -46.892  -18.373  66.823 0.0000000000
63671  -47.625  -17.478  67.252 0.0000000000
62634  -48.151  -18.411  67.605 0.0000000000
70361  -54.688  -11.128  53.698 0.0000000000
74515  -62.101  -7.646  48.916 0.0000000000
38443  -12.780  -42.683  98.551 0.0000000000
34815  -13.584  -46.009  98.020 0.0000000000
49838  -35.959  -29.956  85.683 0.0000000000
50894  -36.413  -29.524  84.794 0.0000000000
50893  -35.943  -29.611  84.471 0.0000000000
49873  -36.838  -29.975  82.332 0.0000000000
49889  -37.537  -30.625  81.450 0.0000000000
49890  -38.432  -30.300  81.470 0.0000000000
48924  -38.175  -30.950  80.986 0.0000000000
49917  -36.046  -30.561  79.545 0.0000000000
48967  -37.449  -31.363  78.136 0.0000000000
48955  -37.123  -31.419  78.727 0.0000000000
48956  -37.797  -31.333  78.767 0.0000000000
49949  -38.547  -30.407  78.171 0.0000000000
49964  -37.874  -30.446  77.045 0.0000000000
40298  -19.088  -39.913  90.499 0.0000000000
40381  -20.950  -40.018  86.669 0.0000000000
40364  -21.177  -39.889  87.640 0.0000000000
40348  -22.162  -39.853  88.507 0.0000000000
40323  -21.878  -39.827  89.495 0.0000000000
40324  -22.403  -39.848  88.979 0.0000000000
41325  -22.807  -39.773  89.443 0.0000000000
41342  -22.776  -39.805  88.485 0.0000000000
41361  -24.040  -39.746  87.666 0.0000000000
41362  -24.914  -39.648  87.685 0.0000000000
45373  -29.470  -36.142  78.006 0.0000000000
44453  -29.454  -36.979  78.072 0.0000000000
43543  -30.000  -37.445  78.824 0.0000000000
42479  -30.358  -38.123  79.548 0.0000000000
43523  -30.572  -37.529  79.492 0.0000000000
47135  -29.981  -34.059  78.631 0.0000000000
46263  -29.826  -34.836  78.496 0.0000000000
46253  -30.224  -34.968  79.263 0.0000000000
44404  -31.294  -36.282  80.994 0.0000000000
44420  -30.946  -36.354  80.407 0.0000000000
43514  -31.501  -37.062  80.780 0.0000000000
42456  -31.421  -37.748  80.492 0.0000000000
42439  -32.002  -37.685  81.139 0.0000000000
42425  -32.571  -38.176  81.917 0.0000000000
42426  -32.882  -37.990  82.340 0.0000000000
42399  -32.623  -38.316  85.153 0.0000000000
45308  -32.778  -35.326  84.804 0.0000000000
44364  -32.905  -35.764  85.588 0.0000000000
45309  -32.926  -35.100  85.350 0.0000000000
46213  -33.189  -34.058  85.488 0.0000000000
48019  -32.229  -32.462  82.591 0.0000000000
48009  -32.644  -32.385  83.335 0.0000000000
48002  -33.437  -32.281  84.617 0.0000000000
48010  -33.019  -32.323  83.939 0.0000000000
47073  -33.573  -33.090  85.489 0.0000000000
47074  -33.973  -32.667  85.878 0.0000000000
47068  -34.346  -32.804  86.513 0.0000000000
49836  -35.026  -30.396  85.152 0.0000000000
48889  -34.700  -31.008  85.576 0.0000000000
49837  -35.330  -30.392  85.650 0.0000000000
40342  -16.190  -40.598  88.519 0.0000000000
57213  -44.729  -23.419  78.644 0.0000000000
57202  -46.281  -23.284  79.332 0.0000000000
57226  -45.731  -23.255  77.590 0.0000000000
57251  -46.128  -23.497  75.789 0.0000000000
57239  -46.704  -23.159  76.674 0.0000000000
57240  -47.513  -22.974  76.707 0.0000000000
57229  -48.266  -23.217  77.611 0.0000000000
55268  -45.442  -25.172  72.402 0.0000000000
56260  -45.714  -24.596  73.615 0.0000000000
56284  -46.347  -24.252  73.007 0.0000000000
58317  -48.407  -22.661  73.730 0.0000000000
57278  -47.572  -23.003  73.885 0.0000000000
58297  -48.565  -22.636  74.726 0.0000000000
58284  -48.644  -22.655  75.612 0.0000000000
58285  -49.381  -22.595  75.496 0.0000000000
58299  -50.337  -22.377  74.469 0.0000000000
58301  -52.035  -22.475  74.222 0.0000000000
65810  -49.406  -15.006  63.520 0.0000000000
65802  -48.825  -14.832  64.479 0.0000000000
66939  -49.662  -14.549  64.505 0.0000000000
68065  -51.528  -13.705  65.392 0.0000000000
68064  -50.880  -13.858  65.758 0.0000000000
68053  -52.195  -13.252  66.236 0.0000000000
68043  -51.982  -13.460  67.329 0.0000000000
69210  -54.217  -12.262  64.860 0.0000000000
35741  -5.568  -45.752  99.905 0.0000000000
36688  -5.951  -45.033  100.330 0.0000000000
35740  -4.710  -45.688  99.788 0.0000000000
59531  -42.281  -21.552  63.452 0.0000000000
60563  -42.605  -20.572  63.406 0.0000000000
61585  -43.196  -19.740  63.708 0.0000000000
61586  -43.700  -19.209  63.965 0.0000000000
62657  -44.059  -18.838  64.108 0.0000000000
62667  -43.622  -18.581  63.637 0.0000000000
63703  -44.052  -17.554  63.438 0.0000000000
64701  -44.544  -16.687  63.230 0.0000000000
64702  -45.349  -16.415  63.817 0.0000000000
64713  -45.101  -15.954  62.812 0.0000000000
65821  -47.815  -15.371  62.673 0.0000000000
65857  -48.963  -15.688  60.674 0.0000000000
65839  -49.402  -15.604  61.659 0.0000000000
65840  -50.300  -15.404  61.708 0.0000000000
65859  -50.773  -15.052  60.896 0.0000000000
68149  -51.071  -13.979  59.534 0.0000000000
68148  -50.560  -14.172  59.377 0.0000000000
67021  -51.442  -14.227  60.233 0.0000000000
67022  -51.899  -13.983  60.584 0.0000000000
68138  -52.737  -13.408  60.982 0.0000000000
69283  -52.844  -11.924  58.591 0.0000000000
69273  -53.817  -11.707  59.571 0.0000000000
70314  -54.351  -11.286  59.978 0.0000000000
70323  -54.035  -11.128  59.283 0.0000000000
136292  -52.051  -11.318  56.971 0.0000000000
136316  -53.138  -10.497  57.423 0.0000000000
136301  -52.622  -10.636  56.541 0.0000000000
38421  -11.771  -42.196  100.614 0.0000000000
38442  -12.099  -43.104  98.288 0.0000000000
37575  -12.510  -43.771  98.583 0.0000000000
34806  -10.160  -46.066  99.244 0.0000000000
34807  -11.085  -46.055  99.167 0.0000000000
36694  -11.449  -43.938  100.304 0.0000000000
35752  -8.517  -45.744  99.494 0.0000000000
35745  -9.622  -44.866  100.130 0.0000000000
35744  -8.689  -45.047  99.982 0.0000000000
36680  -9.789  -43.691  100.981 0.0000000000
35743  -7.720  -45.300  99.909 0.0000000000
35742  -6.694  -45.789  99.885 0.0000000000
34794  -6.703  -46.440  99.445 0.0000000000
32847  -5.262  -48.405  98.321 0.0000000000
55151  -44.262  -25.337  83.708 0.0000000000
55152  -45.222  -25.360  83.485 0.0000000000
55160  -44.562  -24.772  82.939 0.0000000000
50906  -37.741  -28.991  84.128 0.0000000000
51918  -38.279  -28.614  85.204 0.0000000000
51938  -38.313  -28.748  83.800 0.0000000000
53062  -39.524  -27.707  82.763 0.0000000000
53046  -39.521  -27.694  83.975 0.0000000000
53063  -40.183  -27.149  82.378 0.0000000000
51977  -40.277  -28.401  79.408 0.0000000000
54197  -41.364  -26.343  80.059 0.0000000000
54180  -40.823  -26.767  80.733 0.0000000000
55170  -41.987  -25.558  82.010 0.0000000000
56198  -42.627  -24.567  79.521 0.0000000000
55185  -42.855  -24.792  80.922 0.0000000000
56187  -42.897  -24.567  80.373 0.0000000000
56176  -44.107  -24.052  80.928 0.0000000000
57199  -43.760  -23.703  79.762 0.0000000000
56229  -43.843  -24.058  75.726 0.0000000000
56240  -42.204  -24.264  74.971 0.0000000000
55240  -40.293  -25.506  75.188 0.0000000000
56226  -40.989  -24.906  75.719 0.0000000000
56238  -40.445  -24.664  74.182 0.0000000000
56278  -40.759  -24.194  72.675 0.0000000000
56279  -41.768  -24.243  72.760 0.0000000000
56301  -42.606  -24.575  71.808 0.0000000000
56337  -40.600  -24.367  69.488 0.0000000000
56358  -41.658  -24.056  68.423 0.0000000000
53231  -37.718  -27.039  71.600 0.0000000000
55295  -37.338  -25.299  69.997 0.0000000000
55296  -37.815  -24.944  70.623 0.0000000000
56355  -38.509  -24.404  68.259 0.0000000000
56375  -38.346  -24.418  67.247 0.0000000000
56393  -40.035  -23.806  66.391 0.0000000000
40249  -20.850  -39.915  93.705 0.0000000000
41413  -24.936  -39.538  84.714 0.0000000000
41363  -25.883  -39.510  87.667 0.0000000000
42434  -28.232  -38.646  81.036 0.0000000000
41493  -27.964  -38.677  81.003 0.0000000000
41471  -27.095  -38.957  81.713 0.0000000000
40420  -28.997  -40.486  85.091 0.0000000000
41416  -28.304  -39.776  84.516 0.0000000000
41415  -27.221  -39.604  84.484 0.0000000000
40386  -28.198  -40.310  87.028 0.0000000000
40366  -27.684  -40.050  87.816 0.0000000000
40349  -27.821  -40.253  88.730 0.0000000000
40350  -28.544  -40.920  88.927 0.0000000000
38546  -30.392  -42.057  88.557 0.0000000000
38545  -29.913  -42.334  88.874 0.0000000000
38538  -30.442  -42.643  89.334 0.0000000000
43388  -32.837  -37.064  87.480 0.0000000000
38485  -10.443  -42.696  93.644 0.0000000000
39341  -14.318  -41.004  90.806 0.0000000000
39340  -13.509  -41.123  90.677 0.0000000000
39313  -12.878  -41.570  92.068 0.0000000000
39326  -12.767  -41.417  91.227 0.0000000000
39312  -12.013  -41.663  91.701 0.0000000000
39295  -12.709  -41.349  94.524 0.0000000000
39294  -11.957  -41.755  95.232 0.0000000000
39273  -12.381  -41.529  96.980 0.0000000000
41245  -17.106  -39.686  97.279 0.0000000000
41244  -16.222  -39.611  97.381 0.0000000000
40187  -16.939  -39.784  97.978 0.0000000000
56179  -48.836  -24.591  80.301 0.0000000000
57395  -43.257  -22.770  65.721 0.0000000000
58449  -44.135  -22.565  65.732 0.0000000000
58451  -45.957  -22.063  66.068 0.0000000000
58436  -44.874  -22.502  67.092 0.0000000000
61566  -46.864  -20.095  66.317 0.0000000000
60544  -46.650  -20.598  66.003 0.0000000000
59508  -47.581  -20.885  66.383 0.0000000000
59454  -49.117  -21.565  68.004 0.0000000000
59470  -48.214  -21.436  67.248 0.0000000000
58405  -49.083  -21.861  68.605 0.0000000000
58404  -47.767  -22.136  68.938 0.0000000000
58392  -50.018  -22.206  69.633 0.0000000000
58374  -49.853  -22.374  70.625 0.0000000000
58377  -52.592  -22.000  70.926 0.0000000000
58376  -51.972  -22.100  70.554 0.0000000000
58357  -52.811  -22.200  71.499 0.0000000000
66924  -48.886  -15.016  66.572 0.0000000000
66915  -49.715  -14.985  67.429 0.0000000000
65764  -50.394  -15.677  68.232 0.0000000000
64660  -51.609  -16.576  69.032 0.0000000000
63663  -50.833  -17.345  68.768 0.0000000000
63652  -51.967  -17.351  69.524 0.0000000000
136325  -55.732  -8.425  58.501 0.0000000000
74442  -56.954  -7.888  56.692 0.0000000000
74434  -57.022  -7.631  57.590 0.0000000000
74443  -57.736  -7.520  56.874 0.0000000000
72406  -56.451  -9.572  54.936 0.0000000000
72407  -56.989  -9.250  54.806 0.0000000000
74468  -58.432  -8.144  54.387 0.0000000000
74461  -58.250  -8.016  55.047 0.0000000000
74462  -59.286  -7.595  55.271 0.0000000000
74454  -59.504  -7.490  56.391 0.0000000000
74464  -61.155  -7.836  56.027 0.0000000000
74472  -62.004  -8.124  54.258 0.0000000000
72412  -62.466  -9.646  54.250 0.0000000000
73462  -59.803  -8.125  50.509 0.0000000000
73461  -59.118  -8.508  50.814 0.0000000000
74494  -60.525  -7.860  51.391 0.0000000000
73436  -62.726  -8.809  53.286 0.0000000000
71393  -62.959  -10.614  53.625 0.0000000000
72442  -63.857  -9.679  49.943 0.0000000000
49926  -30.416  -31.180  78.264 0.0000000000
49913  -32.190  -30.406  79.537 0.0000000000
56340  -43.669  -24.762  69.794 0.0000000000
57343  -43.443  -23.569  68.550 0.0000000000
57361  -43.420  -23.089  67.725 0.0000000000
70304  -54.969  -11.054  61.460 0.0000000000
71338  -55.545  -10.366  61.648 0.0000000000
71339  -55.936  -10.150  62.239 0.0000000000
73369  -58.705  -8.814  62.292 0.0000000000
73381  -59.300  -8.709  61.638 0.0000000000
74417  -59.485  -8.368  61.053 0.0000000000
73390  -58.515  -7.906  60.670 0.0000000000
73396  -57.423  -7.689  59.550 0.0000000000
37588  -10.812  -43.445  97.308 0.0000000000
50991  -38.502  -28.993  75.547 0.0000000000
50992  -39.157  -28.693  76.005 0.0000000000
53173  -39.333  -27.163  74.872 0.0000000000
53190  -38.867  -27.126  74.252 0.0000000000
53206  -38.402  -26.845  72.806 0.0000000000
40218  -19.647  -40.198  96.213 0.0000000000
41327  -24.663  -39.652  89.528 0.0000000000
41313  -24.936  -39.709  90.480 0.0000000000
40288  -26.178  -40.164  91.536 0.0000000000
40271  -26.855  -41.113  92.337 0.0000000000
40304  -27.915  -40.810  90.944 0.0000000000
41383  -31.217  -40.165  86.780 0.0000000000
40368  -31.061  -40.543  87.417 0.0000000000
40351  -31.396  -40.293  88.258 0.0000000000
40246  -17.314  -39.740  93.215 0.0000000000
41281  -17.068  -39.689  93.687 0.0000000000
41273  -17.600  -39.648  94.772 0.0000000000
63695  -45.484  -17.157  64.992 0.0000000000
63688  -45.866  -17.436  65.527 0.0000000000
64687  -46.414  -16.855  65.739 0.0000000000
64679  -46.760  -16.925  66.306 0.0000000000
64680  -47.429  -16.508  66.681 0.0000000000
50903  -35.806  -29.554  83.906 0.0000000000
49888  -36.560  -30.284  81.552 0.0000000000
48953  -35.774  -30.820  78.156 0.0000000000
48954  -36.373  -31.059  78.588 0.0000000000
48965  -36.171  -31.089  77.630 0.0000000000
49963  -37.092  -30.896  76.863 0.0000000000
40320  -18.702  -39.950  89.494 0.0000000000
41377  -22.353  -39.799  87.333 0.0000000000
41379  -23.664  -39.688  86.657 0.0000000000
47111  -30.694  -34.057  80.129 0.0000000000
46246  -30.603  -34.782  80.028 0.0000000000
46247  -30.993  -34.659  80.647 0.0000000000
45343  -31.358  -35.488  81.270 0.0000000000
44405  -31.726  -36.408  81.573 0.0000000000
43465  -32.577  -37.199  82.547 0.0000000000
44394  -32.101  -36.448  82.216 0.0000000000
44386  -32.334  -36.431  83.006 0.0000000000
44375  -32.669  -36.333  83.910 0.0000000000
45319  -32.648  -35.252  84.179 0.0000000000
46220  -32.648  -34.300  84.127 0.0000000000
48916  -33.121  -31.089  82.921 0.0000000000
48907  -33.417  -31.293  83.702 0.0000000000
48897  -33.797  -31.480  84.604 0.0000000000
48888  -34.166  -31.516  85.202 0.0000000000
48908  -33.886  -30.764  84.052 0.0000000000
40343  -17.289  -40.316  88.507 0.0000000000
40319  -17.609  -40.128  89.493 0.0000000000
56218  -44.309  -23.778  76.379 0.0000000000
57237  -45.069  -23.575  76.715 0.0000000000
57250  -45.480  -23.639  76.016 0.0000000000
56231  -45.512  -23.788  75.331 0.0000000000
57262  -46.438  -23.438  75.326 0.0000000000
57322  -46.398  -23.818  71.202 0.0000000000
57306  -46.705  -23.752  72.442 0.0000000000
57307  -47.249  -23.246  72.086 0.0000000000
58335  -47.841  -22.814  72.800 0.0000000000
58318  -49.475  -22.420  73.606 0.0000000000
58337  -49.620  -22.416  72.631 0.0000000000
58338  -50.594  -22.419  72.501 0.0000000000
66953  -50.684  -14.524  63.503 0.0000000000
66940  -50.446  -14.324  64.435 0.0000000000
68077  -51.877  -13.773  64.654 0.0000000000
68066  -52.259  -13.399  65.225 0.0000000000
70263  -55.855  -10.836  65.064 0.0000000000
70251  -54.930  -11.582  65.862 0.0000000000
70252  -56.103  -11.316  66.259 0.0000000000
72403  -62.000  -9.815  56.392 0.0000000000
63702  -43.251  -17.809  63.135 0.0000000000
65855  -46.729  -15.506  60.595 0.0000000000
65838  -48.377  -15.629  61.634 0.0000000000
68162  -51.410  -13.370  59.039 0.0000000000
69271  -52.404  -12.939  59.283 0.0000000000
136307  -53.106  -11.289  58.170 0.0000000000
37554  -10.996  -42.853  100.300 0.0000000000
38422  -12.508  -42.291  100.655 0.0000000000
34809  -12.442  -45.904  98.980 0.0000000000
33849  -9.750  -47.494  98.306 0.0000000000
33842  -9.965  -46.691  98.794 0.0000000000
34805  -9.257  -46.256  99.171 0.0000000000
34804  -8.307  -46.560  99.241 0.0000000000
34803  -7.311  -46.776  99.283 0.0000000000
34802  -6.410  -47.048  99.187 0.0000000000
32848  -5.799  -48.389  98.351 0.0000000000
50921  -38.727  -29.000  82.441 0.0000000000
51947  -39.246  -28.590  81.906 0.0000000000
51948  -39.757  -28.130  81.238 0.0000000000
53131  -40.896  -27.753  77.790 0.0000000000
53116  -40.997  -27.647  78.929 0.0000000000
53117  -41.406  -26.798  79.097 0.0000000000
55184  -42.053  -25.485  80.828 0.0000000000
55194  -41.879  -25.627  79.702 0.0000000000
55203  -42.171  -25.147  79.185 0.0000000000
56206  -42.268  -24.694  78.352 0.0000000000
56254  -40.112  -24.566  73.567 0.0000000000
56299  -40.663  -24.158  71.624 0.0000000000
40265  -21.267  -39.925  92.535 0.0000000000
40253  -24.979  -40.708  93.010 0.0000000000
41468  -23.822  -39.389  81.654 0.0000000000
41398  -27.015  -39.631  85.545 0.0000000000
42453  -29.178  -38.559  80.346 0.0000000000
42435  -28.783  -38.601  81.109 0.0000000000
41473  -29.245  -38.735  81.876 0.0000000000
40421  -29.898  -40.898  85.100 0.0000000000
39396  -29.311  -40.929  85.536 0.0000000000
40406  -28.686  -40.512  85.594 0.0000000000
39382  -28.746  -40.883  87.043 0.0000000000
39366  -29.156  -41.510  88.570 0.0000000000
39358  -29.611  -42.176  89.166 0.0000000000
39315  -14.506  -40.721  92.758 0.0000000000
39327  -13.682  -41.281  91.475 0.0000000000
39302  -12.765  -41.528  93.124 0.0000000000
39285  -13.275  -40.838  95.699 0.0000000000
40175  -18.141  -40.672  98.462 0.0000000000
58461  -44.743  -22.187  65.262 0.0000000000
58462  -45.306  -22.085  65.607 0.0000000000
61554  -48.573  -19.956  67.091 0.0000000000
60533  -48.404  -20.402  66.873 0.0000000000
59492  -49.070  -20.502  67.315 0.0000000000
59455  -49.665  -21.229  68.225 0.0000000000
58393  -51.001  -21.912  69.715 0.0000000000
59433  -50.910  -21.248  69.460 0.0000000000
59411  -51.903  -21.443  70.286 0.0000000000
59413  -53.092  -21.231  71.021 0.0000000000
68031  -51.081  -14.434  67.992 0.0000000000
66916  -50.553  -14.522  67.588 0.0000000000
66904  -51.525  -14.890  68.508 0.0000000000
65766  -52.106  -15.624  68.980 0.0000000000
65755  -52.367  -15.973  69.270 0.0000000000
73405  -55.548  -8.381  57.709 0.0000000000
73417  -55.739  -8.704  56.074 0.0000000000
73411  -56.375  -8.319  56.362 0.0000000000
73426  -58.450  -8.280  53.986 0.0000000000
74470  -60.115  -7.720  54.435 0.0000000000
74479  -61.966  -7.726  53.488 0.0000000000
74513  -60.598  -7.855  49.262 0.0000000000
74505  -61.447  -7.738  50.059 0.0000000000
74485  -62.369  -7.707  52.210 0.0000000000
71408  -63.475  -10.530  51.964 0.0000000000
49886  -34.524  -29.986  81.546 0.0000000000
49916  -35.164  -30.305  79.522 0.0000000000
49931  -34.992  -30.434  78.395 0.0000000000
48964  -35.457  -30.763  77.433 0.0000000000
40416  -21.259  -39.903  84.911 0.0000000000
48058  -29.385  -33.195  77.330 0.0000000000
48051  -29.745  -33.417  78.092 0.0000000000
48951  -30.149  -32.001  78.486 0.0000000000
48044  -30.468  -32.852  79.260 0.0000000000
47123  -30.645  -33.403  79.869 0.0000000000
47112  -30.998  -33.622  80.551 0.0000000000
47095  -31.720  -33.570  82.099 0.0000000000
48029  -31.864  -32.204  81.899 0.0000000000
48923  -32.204  -31.450  81.685 0.0000000000
48932  -31.904  -31.213  80.944 0.0000000000
56281  -43.594  -24.699  72.998 0.0000000000
56282  -44.394  -25.006  73.065 0.0000000000
55266  -44.089  -25.179  72.258 0.0000000000
55284  -44.587  -25.419  71.557 0.0000000000
55300  -45.067  -25.327  71.002 0.0000000000
56323  -45.040  -24.976  70.533 0.0000000000
56324  -45.663  -24.708  70.953 0.0000000000
57332  -45.615  -23.934  70.261 0.0000000000
57333  -46.432  -23.138  70.206 0.0000000000
58389  -46.721  -22.796  69.897 0.0000000000
68107  -52.652  -13.574  62.484 0.0000000000
68093  -53.119  -13.235  63.180 0.0000000000
69230  -53.616  -12.672  63.053 0.0000000000
69220  -54.167  -12.142  63.785 0.0000000000
70285  -55.307  -11.102  62.975 0.0000000000
70274  -55.402  -10.946  63.943 0.0000000000
71297  -56.761  -10.554  64.899 0.0000000000
71298  -57.490  -10.634  65.149 0.0000000000
74424  -60.172  -8.582  60.255 0.0000000000
74439  -60.954  -8.569  58.418 0.0000000000
74446  -60.544  -7.686  57.782 0.0000000000
37610  -9.003  -43.745  95.320 0.0000000000
36732  -9.089  -44.622  96.700 0.0000000000
36717  -9.521  -44.739  97.341 0.0000000000
35761  -9.976  -44.861  97.849 0.0000000000
36700  -11.413  -44.461  99.300 0.0000000000
50960  -39.377  -29.600  79.134 0.0000000000
50961  -39.900  -29.059  78.637 0.0000000000
52018  -39.657  -28.570  76.429 0.0000000000
52005  -40.341  -28.421  77.181 0.0000000000
53146  -40.972  -26.998  77.387 0.0000000000
54246  -40.932  -26.313  76.984 0.0000000000
55221  -40.886  -25.782  76.570 0.0000000000
54266  -39.312  -26.203  74.356 0.0000000000
55248  -39.441  -25.273  73.532 0.0000000000
55265  -39.240  -25.117  72.915 0.0000000000
41299  -22.948  -39.687  90.777 0.0000000000
40285  -22.975  -39.738  91.781 0.0000000000
41300  -23.419  -39.703  91.236 0.0000000000
40268  -24.587  -40.162  92.244 0.0000000000
40286  -24.821  -39.980  91.660 0.0000000000
41506  -24.311  -38.843  79.916 0.0000000000
41452  -26.754  -39.252  82.612 0.0000000000
41456  -31.121  -39.028  82.726 0.0000000000
42423  -30.633  -38.785  81.984 0.0000000000
40422  -30.762  -40.546  85.005 0.0000000000
39384  -30.097  -41.732  86.492 0.0000000000
38561  -29.948  -41.911  87.134 0.0000000000
38539  -31.209  -42.267  89.385 0.0000000000
39356  -14.701  -40.861  90.301 0.0000000000
40277  -15.212  -40.516  92.373 0.0000000000
40229  -14.804  -40.268  94.809 0.0000000000
40215  -15.349  -39.874  95.393 0.0000000000
41261  -16.071  -39.648  95.630 0.0000000000
41263  -17.634  -39.649  95.764 0.0000000000
41254  -17.788  -39.790  96.814 0.0000000000
61564  -45.430  -19.709  65.591 0.0000000000
61565  -46.319  -19.644  66.200 0.0000000000
61551  -46.670  -19.076  66.589 0.0000000000
61541  -47.507  -19.171  67.109 0.0000000000
61543  -48.744  -19.399  67.595 0.0000000000
62622  -49.559  -18.774  68.353 0.0000000000
71387  -54.268  -10.911  54.423 0.0000000000
71388  -54.818  -11.064  54.348 0.0000000000
70356  -55.837  -11.424  54.007 0.0000000000
71390  -56.549  -10.677  54.132 0.0000000000
74514  -61.326  -7.667  49.104 0.0000000000
73463  -63.407  -8.592  50.331 0.0000000000
73464  -63.609  -8.844  49.825 0.0000000000
74517  -63.357  -7.815  48.772 0.0000000000
73472  -63.772  -8.590  49.098 0.0000000000
39272  -11.803  -42.009  97.204 0.0000000000
39260  -11.893  -42.210  97.617 0.0000000000
38456  -12.173  -42.592  98.169 0.0000000000
35764  -13.342  -45.387  98.425 0.0000000000
50895  -37.145  -29.271  84.869 0.0000000000
50904  -36.446  -29.450  83.849 0.0000000000
50919  -37.112  -29.613  83.028 0.0000000000
49875  -38.189  -29.960  82.180 0.0000000000
49904  -38.646  -30.506  80.498 0.0000000000
49902  -36.428  -30.533  80.505 0.0000000000
48933  -37.115  -31.075  80.185 0.0000000000
48934  -37.725  -31.191  80.468 0.0000000000
48946  -38.131  -31.238  79.611 0.0000000000
49918  -38.566  -30.685  79.674 0.0000000000
49934  -38.847  -30.234  78.904 0.0000000000
50979  -38.336  -29.774  76.654 0.0000000000
51005  -38.266  -28.747  74.743 0.0000000000
40282  -20.640  -39.950  91.528 0.0000000000
40301  -22.021  -39.742  90.494 0.0000000000
40346  -20.463  -39.906  88.554 0.0000000000
41310  -22.636  -39.727  90.361 0.0000000000
41326  -23.763  -39.690  89.461 0.0000000000
43563  -28.934  -37.227  77.548 0.0000000000
43542  -29.155  -37.720  78.200 0.0000000000
42500  -28.974  -38.268  78.727 0.0000000000
42455  -30.992  -38.278  80.384 0.0000000000
45374  -29.892  -35.767  78.770 0.0000000000
45351  -30.585  -35.635  79.957 0.0000000000
44419  -30.618  -36.279  79.851 0.0000000000
44436  -30.419  -36.711  79.351 0.0000000000
43524  -30.933  -37.314  79.943 0.0000000000
42424  -31.716  -38.779  82.146 0.0000000000
42413  -31.965  -38.866  82.833 0.0000000000
41439  -32.588  -38.997  83.615 0.0000000000
43466  -32.909  -37.764  82.676 0.0000000000
42406  -33.107  -38.202  83.140 0.0000000000
44353  -32.905  -36.199  85.831 0.0000000000
44342  -32.909  -36.335  86.522 0.0000000000
45293  -33.790  -34.521  87.052 0.0000000000
47096  -32.088  -33.529  82.774 0.0000000000
47080  -32.756  -33.636  84.202 0.0000000000
47088  -32.769  -33.000  83.939 0.0000000000
46205  -33.612  -33.872  86.314 0.0000000000
46199  -34.385  -33.749  87.265 0.0000000000
47987  -34.840  -31.759  86.520 0.0000000000
40341  -15.120  -40.681  88.447 0.0000000000
40296  -16.848  -40.197  90.500 0.0000000000
57191  -46.150  -23.426  80.183 0.0000000000
57227  -46.564  -23.139  77.550 0.0000000000
57216  -47.255  -23.152  78.414 0.0000000000
57217  -48.077  -23.285  78.422 0.0000000000
57218  -48.881  -23.641  78.520 0.0000000000
56244  -46.067  -23.786  74.729 0.0000000000
57263  -46.815  -23.299  75.005 0.0000000000
57294  -46.824  -23.562  73.389 0.0000000000
57277  -46.924  -23.386  74.224 0.0000000000
57253  -47.582  -22.873  75.786 0.0000000000
57254  -48.277  -22.740  75.991 0.0000000000
58275  -49.400  -22.823  76.286 0.0000000000
58300  -51.215  -22.407  74.303 0.0000000000
65801  -47.946  -15.115  64.645 0.0000000000
65793  -47.971  -15.360  65.716 0.0000000000
65794  -48.493  -14.974  65.234 0.0000000000
66931  -49.146  -14.611  65.503 0.0000000000
66925  -49.714  -14.363  66.446 0.0000000000
66933  -50.863  -14.036  65.075 0.0000000000
68051  -50.540  -13.958  66.437 0.0000000000
68042  -51.035  -13.941  67.348 0.0000000000
68033  -52.935  -13.615  68.257 0.0000000000
68079  -52.927  -13.255  63.840 0.0000000000
69209  -53.437  -12.666  65.018 0.0000000000
69194  -53.185  -12.699  65.795 0.0000000000
69178  -53.513  -12.598  66.693 0.0000000000
69163  -53.761  -12.829  67.738 0.0000000000
37542  -8.251  -43.267  101.273 0.0000000000
57376  -41.771  -23.192  66.429 0.0000000000
57405  -42.479  -22.956  64.748 0.0000000000
57406  -42.978  -22.824  65.164 0.0000000000
58473  -42.409  -22.607  63.944 0.0000000000
58474  -43.018  -22.421  64.246 0.0000000000
59519  -43.815  -21.387  64.318 0.0000000000
60553  -43.750  -20.587  64.275 0.0000000000
61574  -43.497  -20.235  64.092 0.0000000000
62658  -44.580  -18.645  64.673 0.0000000000
63694  -44.930  -17.393  64.506 0.0000000000
64693  -45.512  -16.729  64.544 0.0000000000
64703  -45.797  -16.362  64.348 0.0000000000
65807  -46.223  -15.899  64.063 0.0000000000
65819  -45.770  -15.724  63.215 0.0000000000
65808  -47.297  -15.331  63.811 0.0000000000
65824  -50.588  -14.985  62.560 0.0000000000
65825  -51.089  -14.722  62.331 0.0000000000
66987  -51.743  -14.246  61.993 0.0000000000
65888  -48.890  -15.351  59.198 0.0000000000
65876  -49.531  -15.276  59.796 0.0000000000
67020  -50.460  -14.598  59.797 0.0000000000
65877  -50.175  -15.120  60.323 0.0000000000
67007  -51.586  -14.422  61.127 0.0000000000
66988  -52.158  -13.896  61.809 0.0000000000
68120  -52.711  -13.505  61.694 0.0000000000
68121  -53.201  -13.092  61.536 0.0000000000
69248  -53.638  -12.598  61.313 0.0000000000
68151  -53.060  -12.928  60.151 0.0000000000
69262  -53.537  -12.549  60.482 0.0000000000
69249  -54.105  -12.063  61.064 0.0000000000
70303  -54.549  -11.390  60.831 0.0000000000
71350  -55.215  -10.292  60.677 0.0000000000
136330  -55.574  -9.447  60.137 0.0000000000
136315  -53.205  -10.858  57.853 0.0000000000
70360  -53.739  -11.081  53.817 0.0000000000
33851  -12.080  -46.966  98.107 0.0000000000
34808  -11.923  -45.899  99.089 0.0000000000
33850  -10.926  -46.934  98.431 0.0000000000
37566  -11.599  -43.760  99.969 0.0000000000
37556  -11.891  -42.996  100.597 0.0000000000
35746  -10.472  -44.520  100.236 0.0000000000
35734  -10.784  -43.882  100.719 0.0000000000
36689  -6.896  -44.813  100.361 0.0000000000
34801  -5.501  -47.158  99.208 0.0000000000
54148  -45.736  -26.130  83.650 0.0000000000
55161  -45.470  -24.892  82.886 0.0000000000
51907  -38.456  -28.659  85.989 0.0000000000
51928  -38.751  -28.283  84.462 0.0000000000
51976  -39.732  -28.688  80.033 0.0000000000
53081  -40.260  -27.429  81.210 0.0000000000
53097  -40.606  -27.464  80.037 0.0000000000
54144  -40.881  -26.536  83.162 0.0000000000
55158  -42.593  -25.276  82.750 0.0000000000
55159  -43.466  -24.767  82.626 0.0000000000
56154  -44.044  -24.400  82.229 0.0000000000
56163  -44.242  -24.179  81.593 0.0000000000
57200  -44.586  -23.503  79.584 0.0000000000
57224  -44.080  -23.648  77.844 0.0000000000
56207  -43.139  -23.927  78.011 0.0000000000
57236  -44.373  -23.665  77.089 0.0000000000
55231  -41.062  -25.350  76.462 0.0000000000
56257  -42.986  -24.242  73.882 0.0000000000
56302  -43.391  -24.801  72.111 0.0000000000
55309  -42.800  -24.869  70.536 0.0000000000
56321  -41.582  -24.421  70.732 0.0000000000
57358  -41.207  -23.536  67.075 0.0000000000
52070  -37.720  -28.352  72.829 0.0000000000
52091  -37.841  -27.765  72.319 0.0000000000
53217  -38.040  -27.069  72.203 0.0000000000
54297  -37.873  -26.351  71.635 0.0000000000
56318  -38.602  -24.348  70.415 0.0000000000
56334  -37.746  -24.570  69.148 0.0000000000
56376  -39.334  -24.226  67.326 0.0000000000
40233  -20.609  -40.078  94.878 0.0000000000
40428  -22.383  -39.855  84.143 0.0000000000
41411  -22.872  -39.892  84.540 0.0000000000
41395  -23.715  -39.705  85.802 0.0000000000
42451  -26.994  -38.624  80.104 0.0000000000
41455  -30.019  -38.968  82.525 0.0000000000
41454  -28.908  -38.968  82.653 0.0000000000
40405  -28.080  -40.141  86.038 0.0000000000
40404  -27.314  -39.778  86.269 0.0000000000
41330  -27.365  -40.010  89.260 0.0000000000
40326  -27.650  -40.320  89.834 0.0000000000
40305  -28.349  -41.157  90.688 0.0000000000
38553  -29.884  -41.987  88.190 0.0000000000
38537  -29.726  -42.629  89.686 0.0000000000
37621  -9.757  -43.038  93.966 0.0000000000
38476  -11.291  -42.237  95.425 0.0000000000
38496  -11.821  -42.048  93.070 0.0000000000
39242  -16.985  -40.904  99.109 0.0000000000
57377  -42.610  -22.970  66.549 0.0000000000
57379  -44.006  -22.775  67.390 0.0000000000
58435  -44.409  -22.541  66.340 0.0000000000
58417  -44.833  -22.787  68.350 0.0000000000
58403  -46.364  -22.687  69.285 0.0000000000
59506  -46.280  -21.287  65.737 0.0000000000
58452  -46.686  -21.844  66.523 0.0000000000
59490  -48.019  -21.194  66.735 0.0000000000
58439  -47.923  -21.513  67.135 0.0000000000
58438  -47.342  -21.710  66.941 0.0000000000
58355  -50.773  -22.494  71.490 0.0000000000
58356  -51.812  -22.445  71.438 0.0000000000
65785  -48.134  -15.771  66.766 0.0000000000
64670  -48.250  -16.475  67.407 0.0000000000
66902  -50.125  -15.386  67.943 0.0000000000
65777  -49.743  -15.865  68.047 0.0000000000
64671  -49.147  -16.651  68.127 0.0000000000
63662  -49.767  -17.484  68.392 0.0000000000
62623  -50.456  -18.315  68.728 0.0000000000
61531  -50.930  -18.791  69.240 0.0000000000
62611  -51.647  -18.494  69.692 0.0000000000
61516  -52.074  -19.066  70.146 0.0000000000
61504  -52.289  -19.920  70.412 0.0000000000
73395  -56.330  -8.386  59.502 0.0000000000
74427  -57.118  -7.573  58.647 0.0000000000
74428  -58.095  -7.366  58.933 0.0000000000
74436  -58.892  -7.352  58.221 0.0000000000
74445  -59.684  -7.430  57.483 0.0000000000
73418  -56.305  -8.826  55.650 0.0000000000
73412  -56.852  -8.414  55.903 0.0000000000
73420  -57.670  -8.489  54.929 0.0000000000
74460  -57.642  -8.306  55.303 0.0000000000
74452  -57.480  -8.013  55.914 0.0000000000
74456  -61.133  -7.987  57.032 0.0000000000
73421  -61.447  -8.489  56.365 0.0000000000
73422  -61.885  -8.987  55.868 0.0000000000
72408  -62.201  -9.728  55.384 0.0000000000
71384  -62.337  -10.645  54.965 0.0000000000
73454  -58.975  -8.406  51.745 0.0000000000
74483  -60.272  -7.872  52.437 0.0000000000
73446  -62.524  -8.238  53.075 0.0000000000
72417  -62.610  -9.165  53.663 0.0000000000
72413  -62.750  -10.121  53.843 0.0000000000
72435  -63.880  -10.198  50.564 0.0000000000
70378  -64.403  -11.500  50.052 0.0000000000
33845  -6.069  -48.331  98.331 0.0000000000
35733  -10.624  -44.039  100.583 0.0000000000
35750  -7.091  -46.267  99.550 0.0000000000
35769  -9.187  -44.933  97.405 0.0000000000
35770  -9.695  -44.806  97.644 0.0000000000
36677  -7.085  -44.162  100.992 0.0000000000
36678  -8.062  -43.942  100.936 0.0000000000
36682  -10.848  -43.735  100.970 0.0000000000
36690  -7.868  -44.507  100.327 0.0000000000
36691  -8.828  -44.306  100.364 0.0000000000
36692  -9.680  -44.158  100.494 0.0000000000
36693  -10.241  -44.016  100.647 0.0000000000
37587  -10.269  -43.910  97.176 0.0000000000
39330  -27.617  -41.217  91.803 0.0000000000
39343  -28.332  -41.232  91.000 0.0000000000
39385  -30.498  -41.396  86.731 0.0000000000
39395  -28.988  -40.747  85.558 0.0000000000
40174  -17.209  -40.376  98.624 0.0000000000
41253  -16.747  -39.575  96.336 0.0000000000
41264  -18.550  -39.890  96.281 0.0000000000
41265  -19.106  -40.024  96.173 0.0000000000
41275  -19.068  -39.901  95.676 0.0000000000
41292  -24.054  -39.924  91.909 0.0000000000
42414  -32.560  -38.675  82.920 0.0000000000
42457  -31.601  -37.347  80.795 0.0000000000
43446  -33.104  -37.911  82.937 0.0000000000
43484  -32.728  -37.707  82.228 0.0000000000
43498  -31.357  -36.764  80.754 0.0000000000
43499  -31.702  -36.996  81.121 0.0000000000
43513  -31.265  -37.068  80.441 0.0000000000
45320  -32.765  -34.847  84.649 0.0000000000
46206  -34.010  -33.519  86.643 0.0000000000
48935  -38.324  -30.974  80.357 0.0000000000
49847  -34.798  -30.281  84.638 0.0000000000
49849  -35.771  -29.837  85.081 0.0000000000
49891  -38.816  -29.807  81.319 0.0000000000
49947  -37.357  -31.214  77.641 0.0000000000
50885  -36.576  -29.585  85.685 0.0000000000
50896  -37.732  -28.968  85.040 0.0000000000
50917  -35.729  -29.609  83.408 0.0000000000
50933  -38.373  -29.824  82.092 0.0000000000
51927  -38.164  -28.712  84.507 0.0000000000
53159  -40.667  -26.888  76.760 0.0000000000
54196  -40.957  -26.902  80.094 0.0000000000
55172  -43.245  -24.619  81.576 0.0000000000
55212  -41.986  -25.237  78.622 0.0000000000
55250  -45.547  -24.974  72.919 0.0000000000
55267  -44.828  -25.391  72.346 0.0000000000
55285  -45.292  -25.299  71.650 0.0000000000
55298  -43.592  -25.189  70.845 0.0000000000
55310  -43.250  -25.005  70.365 0.0000000000
56153  -43.588  -24.497  82.025 0.0000000000
56162  -43.698  -24.398  81.664 0.0000000000
56174  -43.042  -24.578  80.740 0.0000000000
56175  -43.438  -24.426  80.922 0.0000000000
56188  -43.212  -24.157  80.026 0.0000000000
56245  -46.534  -23.601  74.444 0.0000000000
56283  -45.882  -24.787  72.636 0.0000000000
56303  -45.807  -24.891  71.845 0.0000000000
56325  -46.035  -24.490  71.502 0.0000000000
56341  -44.624  -24.513  69.972 0.0000000000
56342  -45.251  -24.579  70.387 0.0000000000
57179  -44.621  -23.922  81.211 0.0000000000
57182  -46.745  -23.636  80.764 0.0000000000
57188  -43.763  -23.961  80.443 0.0000000000
57205  -48.578  -23.620  79.152 0.0000000000
57214  -45.580  -23.267  78.521 0.0000000000
57242  -49.306  -23.264  76.888 0.0000000000
57264  -47.538  -22.935  74.819 0.0000000000
57265  -47.959  -22.767  74.512 0.0000000000
57279  -48.109  -22.741  74.200 0.0000000000
57321  -45.913  -24.192  70.763 0.0000000000
57323  -47.300  -23.011  71.225 0.0000000000
57362  -44.127  -22.925  68.065 0.0000000000
58274  -48.814  -22.799  76.341 0.0000000000
58283  -48.012  -22.745  75.431 0.0000000000
58316  -47.740  -22.881  73.339 0.0000000000
58407  -50.610  -21.548  69.285 0.0000000000
58421  -48.785  -21.613  67.934 0.0000000000
58459  -42.879  -22.601  64.404 0.0000000000
59390  -52.862  -21.921  71.066 0.0000000000
59412  -52.626  -21.520  70.755 0.0000000000
59434  -51.397  -21.371  69.873 0.0000000000
59471  -48.797  -21.339  67.491 0.0000000000
59472  -49.282  -20.764  67.555 0.0000000000
59489  -47.489  -21.420  66.603 0.0000000000
60486  -51.675  -20.965  70.094 0.0000000000
60500  -50.749  -20.598  69.299 0.0000000000
60516  -50.230  -20.520  68.737 0.0000000000
60524  -49.255  -20.157  67.570 0.0000000000
60534  -48.846  -20.211  67.199 0.0000000000
60545  -47.238  -20.495  66.318 0.0000000000
61503  -51.690  -20.432  70.115 0.0000000000
61542  -47.860  -19.206  67.251 0.0000000000
61552  -47.267  -19.521  66.748 0.0000000000
61553  -48.142  -19.808  66.958 0.0000000000
63664  -51.400  -17.286  69.138 0.0000000000
63673  -49.035  -17.419  68.215 0.0000000000
64649  -52.389  -16.487  69.464 0.0000000000
64659  -50.386  -16.472  68.437 0.0000000000
64661  -52.133  -16.158  69.194 0.0000000000
64669  -47.779  -16.683  67.115 0.0000000000
64672  -49.762  -16.421  68.250 0.0000000000
64681  -47.880  -16.334  67.019 0.0000000000
64688  -46.870  -16.329  65.938 0.0000000000
65756  -52.773  -15.656  69.391 0.0000000000
65767  -52.563  -15.289  69.133 0.0000000000
65775  -48.379  -15.960  67.251 0.0000000000
65784  -47.662  -16.036  66.549 0.0000000000
65786  -48.705  -15.410  67.007 0.0000000000
65811  -50.139  -14.982  63.196 0.0000000000
65841  -50.918  -15.008  61.786 0.0000000000
65842  -51.350  -14.618  61.866 0.0000000000
66892  -53.080  -15.078  69.297 0.0000000000
66903  -50.613  -15.039  68.097 0.0000000000
66914  -49.029  -15.260  67.133 0.0000000000
66923  -48.382  -15.267  66.233 0.0000000000
66954  -51.375  -14.228  63.448 0.0000000000
66955  -51.964  -13.932  63.365 0.0000000000
68108  -53.206  -13.179  62.352 0.0000000000
68163  -52.072  -13.132  59.182 0.0000000000
69193  -52.651  -13.026  65.734 0.0000000000
69208  -52.805  -13.025  65.071 0.0000000000
69218  -53.009  -13.044  64.442 0.0000000000
70355  -55.128  -11.319  54.060 0.0000000000
71296  -56.343  -10.537  64.633 0.0000000000
71299  -57.938  -10.968  65.205 0.0000000000
71305  -56.672  -10.293  64.335 0.0000000000
71316  -56.554  -10.061  63.673 0.0000000000
71349  -54.740  -10.840  60.436 0.0000000000
71389  -55.522  -11.018  54.393 0.0000000000
72342  -57.427  -9.892  64.204 0.0000000000
72372  -57.149  -9.211  62.158 0.0000000000
72383  -56.259  -9.339  60.924 0.0000000000
72411  -56.974  -9.669  54.310 0.0000000000
73391  -59.696  -8.637  61.053 0.0000000000
73392  -60.094  -8.996  60.711 0.0000000000
73406  -56.249  -7.985  57.208 0.0000000000
73424  -57.339  -8.918  54.601 0.0000000000
74416  -59.171  -8.047  61.032 0.0000000000
74421  -58.291  -7.636  59.886 0.0000000000
74423  -59.815  -8.181  60.514 0.0000000000
74469  -58.990  -7.835  54.130 0.0000000000
136293  -52.673  -11.304  54.727 0.0000000000
