#!ascii label  , from subject 3271 vox2ras=TkReg
826
33866  -17.378  -47.499  93.618 0.0000000000
49797  -37.614  -30.353  88.020 0.0000000000
56165  -46.043  -24.323  81.793 0.0000000000
56262  -54.813  -24.705  73.608 0.0000000000
45281  -33.943  -35.031  87.713 0.0000000000
56209  -50.512  -24.453  77.728 0.0000000000
66906  -53.671  -14.505  69.110 0.0000000000
69221  -58.604  -12.403  64.791 0.0000000000
47981  -41.390  -32.854  87.336 0.0000000000
49850  -45.245  -30.468  84.714 0.0000000000
54129  -41.368  -26.533  84.417 0.0000000000
37594  -19.401  -43.191  97.882 0.0000000000
38477  -22.916  -42.655  95.131 0.0000000000
38507  -25.497  -42.955  92.904 0.0000000000
37647  -29.166  -43.590  91.554 0.0000000000
37654  -32.052  -43.723  90.198 0.0000000000
39348  -35.236  -41.731  89.961 0.0000000000
42372  -37.325  -37.934  88.755 0.0000000000
48937  -49.964  -31.172  80.225 0.0000000000
69242  -59.589  -12.450  62.824 0.0000000000
48861  -39.556  -31.558  88.379 0.0000000000
51879  -41.902  -29.263  87.043 0.0000000000
53020  -39.814  -28.092  86.308 0.0000000000
40204  -19.593  -40.391  97.055 0.0000000000
37604  -21.474  -43.449  96.522 0.0000000000
38540  -31.871  -41.693  89.812 0.0000000000
37656  -33.844  -43.418  90.018 0.0000000000
41331  -32.729  -39.368  89.543 0.0000000000
47060  -35.405  -32.424  87.548 0.0000000000
45267  -35.809  -35.628  89.218 0.0000000000
46190  -37.412  -34.182  88.868 0.0000000000
45287  -39.662  -35.524  88.228 0.0000000000
54134  -45.984  -26.919  83.734 0.0000000000
49861  -47.120  -30.362  83.246 0.0000000000
53065  -48.356  -27.481  81.731 0.0000000000
56232  -52.561  -24.413  75.871 0.0000000000
52007  -52.392  -28.409  76.763 0.0000000000
52054  -54.128  -28.153  74.524 0.0000000000
53232  -56.632  -27.498  71.544 0.0000000000
64682  -56.743  -16.796  66.767 0.0000000000
63657  -56.252  -17.947  68.750 0.0000000000
43388  -32.837  -37.064  87.480 0.0000000000
58339  -51.588  -22.439  72.425 0.0000000000
69181  -56.902  -12.610  67.293 0.0000000000
66943  -57.726  -14.728  65.085 0.0000000000
64730  -59.680  -16.152  61.243 0.0000000000
46208  -42.282  -35.694  86.275 0.0000000000
48881  -42.733  -32.047  86.522 0.0000000000
51909  -43.582  -28.260  85.666 0.0000000000
35792  -18.278  -45.384  95.390 0.0000000000
34843  -23.320  -46.199  93.113 0.0000000000
37629  -23.932  -43.417  93.235 0.0000000000
36774  -24.315  -44.942  91.828 0.0000000000
35832  -26.017  -45.748  91.960 0.0000000000
34858  -27.515  -46.421  91.920 0.0000000000
33893  -29.837  -46.793  91.562 0.0000000000
36782  -30.969  -44.437  90.799 0.0000000000
34883  -33.281  -46.318  89.642 0.0000000000
43345  -34.129  -37.922  89.552 0.0000000000
41335  -36.371  -39.590  89.488 0.0000000000
39379  -37.357  -41.436  87.956 0.0000000000
41368  -39.193  -39.297  87.708 0.0000000000
42388  -40.670  -38.039  87.209 0.0000000000
53100  -50.357  -27.683  79.599 0.0000000000
61506  -54.323  -19.419  71.047 0.0000000000
57309  -56.487  -23.545  71.241 0.0000000000
34829  -16.903  -46.844  94.674 0.0000000000
49799  -38.770  -30.508  88.373 0.0000000000
50861  -39.687  -29.947  88.031 0.0000000000
51890  -38.663  -28.766  86.749 0.0000000000
40352  -31.802  -39.907  88.638 0.0000000000
40329  -32.100  -40.132  89.256 0.0000000000
41349  -32.224  -39.235  88.630 0.0000000000
48869  -36.311  -30.941  87.428 0.0000000000
47051  -36.496  -32.814  88.473 0.0000000000
47969  -37.277  -31.991  88.530 0.0000000000
47971  -38.932  -32.391  88.603 0.0000000000
54150  -47.087  -27.023  82.593 0.0000000000
55174  -47.487  -25.189  81.810 0.0000000000
56246  -53.568  -24.596  74.704 0.0000000000
54268  -53.739  -26.554  75.132 0.0000000000
54279  -54.945  -26.606  74.017 0.0000000000
53218  -55.671  -27.825  73.012 0.0000000000
55252  -55.707  -25.699  72.866 0.0000000000
63689  -57.393  -17.625  65.581 0.0000000000
63675  -56.998  -18.203  66.985 0.0000000000
62659  -57.599  -18.675  65.130 0.0000000000
70241  -55.526  -11.746  66.900 0.0000000000
69197  -57.449  -12.627  66.520 0.0000000000
66934  -57.706  -14.587  66.049 0.0000000000
66935  -58.076  -13.958  65.415 0.0000000000
66973  -57.912  -14.767  63.484 0.0000000000
68094  -58.760  -13.633  64.289 0.0000000000
68122  -60.115  -13.363  61.909 0.0000000000
47069  -41.917  -35.064  86.732 0.0000000000
47063  -42.406  -33.678  86.591 0.0000000000
47982  -42.313  -32.970  86.907 0.0000000000
53022  -41.566  -27.275  85.656 0.0000000000
51894  -42.513  -29.124  86.513 0.0000000000
53023  -42.689  -27.291  85.700 0.0000000000
54131  -43.475  -26.447  84.694 0.0000000000
55138  -42.460  -25.744  84.075 0.0000000000
35793  -19.192  -45.463  95.617 0.0000000000
35782  -19.888  -44.846  96.286 0.0000000000
37605  -22.049  -43.197  96.041 0.0000000000
38498  -25.202  -42.405  93.122 0.0000000000
37630  -24.586  -43.057  92.989 0.0000000000
37635  -24.402  -43.715  92.654 0.0000000000
36766  -24.648  -44.307  92.214 0.0000000000
36776  -25.319  -45.069  91.880 0.0000000000
36767  -25.459  -44.474  92.303 0.0000000000
35835  -29.086  -45.346  92.135 0.0000000000
33892  -29.211  -47.019  91.548 0.0000000000
34860  -29.548  -46.222  91.813 0.0000000000
38529  -31.532  -43.123  89.945 0.0000000000
37661  -30.428  -43.225  89.990 0.0000000000
36783  -31.765  -44.640  90.635 0.0000000000
35842  -31.648  -45.686  90.956 0.0000000000
35843  -32.413  -45.401  90.357 0.0000000000
34882  -32.750  -46.413  89.941 0.0000000000
36784  -32.656  -44.492  90.207 0.0000000000
38532  -34.065  -42.385  89.941 0.0000000000
37663  -34.488  -43.721  89.707 0.0000000000
37664  -35.193  -43.390  89.529 0.0000000000
37668  -35.906  -42.972  89.289 0.0000000000
43365  -33.693  -37.072  88.872 0.0000000000
44330  -33.815  -35.753  88.261 0.0000000000
44318  -36.603  -36.672  89.229 0.0000000000
43347  -36.173  -37.491  89.483 0.0000000000
42371  -36.704  -38.438  89.132 0.0000000000
40353  -36.792  -40.413  88.922 0.0000000000
40354  -37.405  -40.345  88.353 0.0000000000
42381  -38.127  -38.033  88.349 0.0000000000
46193  -40.174  -34.515  88.139 0.0000000000
44344  -40.080  -36.624  87.796 0.0000000000
45296  -40.479  -35.784  87.614 0.0000000000
45303  -41.726  -36.977  86.590 0.0000000000
38449  -19.055  -42.150  98.672 0.0000000000
37593  -18.315  -43.338  97.814 0.0000000000
36724  -17.861  -44.080  97.279 0.0000000000
47999  -44.446  -32.455  84.973 0.0000000000
48899  -45.158  -32.104  84.448 0.0000000000
48926  -48.528  -31.137  81.788 0.0000000000
56200  -49.622  -24.149  78.600 0.0000000000
54211  -50.149  -25.893  79.762 0.0000000000
55204  -50.873  -25.541  78.395 0.0000000000
49981  -52.698  -30.363  75.230 0.0000000000
50963  -52.338  -29.540  77.340 0.0000000000
61533  -57.063  -19.407  68.801 0.0000000000
62605  -55.267  -18.607  70.345 0.0000000000
60492  -56.474  -20.710  70.308 0.0000000000
59394  -55.658  -21.411  71.362 0.0000000000
58378  -56.626  -22.463  70.625 0.0000000000
56305  -57.039  -24.776  70.681 0.0000000000
71307  -58.255  -10.524  64.500 0.0000000000
70276  -59.103  -11.540  63.879 0.0000000000
71319  -59.048  -10.521  63.584 0.0000000000
71327  -60.091  -10.891  61.820 0.0000000000
47980  -40.525  -32.676  87.835 0.0000000000
48872  -41.121  -31.814  87.484 0.0000000000
50862  -40.573  -29.954  87.595 0.0000000000
51893  -40.680  -28.592  87.156 0.0000000000
53021  -40.509  -27.641  85.990 0.0000000000
39255  -20.008  -41.707  98.090 0.0000000000
37595  -20.308  -43.443  97.401 0.0000000000
39287  -22.609  -41.637  95.395 0.0000000000
38530  -32.174  -42.644  90.131 0.0000000000
37655  -32.914  -43.523  90.208 0.0000000000
39345  -32.609  -41.686  90.144 0.0000000000
39346  -33.510  -41.323  90.189 0.0000000000
40307  -34.316  -40.767  90.203 0.0000000000
46199  -34.385  -33.749  87.265 0.0000000000
45266  -35.106  -35.402  89.055 0.0000000000
45283  -35.709  -34.696  88.886 0.0000000000
45284  -36.569  -34.971  89.031 0.0000000000
45285  -37.431  -35.483  88.887 0.0000000000
43367  -38.287  -37.025  88.495 0.0000000000
46191  -38.354  -34.365  88.801 0.0000000000
47054  -39.090  -33.414  88.605 0.0000000000
40202  -18.272  -40.072  97.303 0.0000000000
51920  -45.559  -28.702  84.351 0.0000000000
49860  -46.469  -30.518  83.806 0.0000000000
51929  -46.759  -28.557  83.205 0.0000000000
50922  -47.764  -29.359  82.372 0.0000000000
50935  -48.976  -29.373  81.370 0.0000000000
56221  -52.026  -24.428  76.429 0.0000000000
55214  -51.453  -25.691  77.394 0.0000000000
54248  -52.815  -26.693  76.059 0.0000000000
52036  -53.148  -28.119  75.346 0.0000000000
65778  -55.773  -15.665  68.097 0.0000000000
64662  -54.943  -16.075  68.871 0.0000000000
64664  -55.985  -16.973  68.085 0.0000000000
62626  -57.036  -18.787  68.106 0.0000000000
49826  -36.177  -30.231  86.577 0.0000000000
48879  -35.429  -31.013  86.568 0.0000000000
56177  -47.437  -23.870  80.797 0.0000000000
58276  -49.986  -22.821  76.156 0.0000000000
58287  -51.180  -22.646  75.233 0.0000000000
57266  -52.557  -22.859  74.963 0.0000000000
58322  -53.271  -22.536  73.565 0.0000000000
68035  -55.204  -13.530  68.500 0.0000000000
66918  -56.713  -14.472  67.509 0.0000000000
65795  -57.402  -15.600  65.546 0.0000000000
64689  -57.428  -16.553  65.061 0.0000000000
68110  -59.209  -13.361  63.121 0.0000000000
66990  -59.170  -14.562  61.886 0.0000000000
47075  -43.179  -34.476  85.569 0.0000000000
47990  -43.619  -32.612  85.633 0.0000000000
49840  -43.974  -30.819  85.664 0.0000000000
50878  -42.328  -30.184  86.768 0.0000000000
50880  -43.681  -29.806  85.887 0.0000000000
51910  -44.148  -28.733  85.441 0.0000000000
53036  -44.965  -27.250  84.617 0.0000000000
54147  -45.079  -25.882  84.013 0.0000000000
51928  -38.751  -28.283  84.462 0.0000000000
53046  -39.521  -27.694  83.975 0.0000000000
54163  -41.457  -26.049  82.469 0.0000000000
35811  -17.581  -46.596  93.649 0.0000000000
35812  -17.827  -46.284  93.798 0.0000000000
34848  -23.535  -46.457  92.336 0.0000000000
40234  -21.640  -40.278  94.642 0.0000000000
39297  -23.386  -41.796  94.620 0.0000000000
38488  -23.324  -42.812  94.517 0.0000000000
35829  -23.839  -45.520  91.917 0.0000000000
34870  -26.159  -46.922  91.211 0.0000000000
33890  -27.152  -47.281  91.406 0.0000000000
38520  -29.234  -42.936  91.117 0.0000000000
37660  -29.889  -43.246  90.315 0.0000000000
37648  -29.816  -44.052  91.245 0.0000000000
35837  -30.835  -45.575  91.422 0.0000000000
34871  -30.855  -46.835  91.091 0.0000000000
35845  -33.768  -44.805  89.746 0.0000000000
42378  -33.011  -38.358  89.091 0.0000000000
42368  -33.731  -38.641  89.769 0.0000000000
41334  -35.277  -39.935  90.093 0.0000000000
43346  -34.985  -37.363  89.606 0.0000000000
42370  -35.752  -38.566  89.754 0.0000000000
40331  -35.617  -41.127  89.898 0.0000000000
38549  -36.274  -42.375  89.109 0.0000000000
37673  -37.002  -43.123  88.204 0.0000000000
40389  -39.306  -41.215  86.434 0.0000000000
43368  -38.930  -37.233  88.090 0.0000000000
42387  -39.781  -38.270  87.652 0.0000000000
40372  -40.687  -39.583  87.072 0.0000000000
41385  -41.666  -39.264  86.278 0.0000000000
36747  -17.034  -44.953  95.839 0.0000000000
55187  -48.724  -25.263  80.833 0.0000000000
53083  -49.406  -27.617  80.746 0.0000000000
50947  -50.265  -29.504  79.527 0.0000000000
53134  -51.591  -27.740  78.149 0.0000000000
50955  -51.276  -29.597  78.418 0.0000000000
48948  -51.059  -31.333  79.117 0.0000000000
58357  -52.811  -22.200  71.499 0.0000000000
58342  -54.337  -22.678  72.749 0.0000000000
63654  -53.845  -17.127  70.038 0.0000000000
62613  -53.427  -17.784  70.257 0.0000000000
60475  -54.152  -20.686  71.450 0.0000000000
58360  -55.392  -22.385  71.911 0.0000000000
57297  -55.449  -23.619  72.460 0.0000000000
55270  -56.661  -25.737  71.446 0.0000000000
32882  -17.575  -48.178  93.288 0.0000000000
49798  -38.010  -30.496  88.289 0.0000000000
50860  -38.851  -29.759  87.910 0.0000000000
50859  -38.182  -29.408  87.341 0.0000000000
41365  -31.435  -39.834  87.481 0.0000000000
48870  -36.861  -30.760  87.770 0.0000000000
48857  -36.713  -31.096  87.871 0.0000000000
48858  -37.246  -30.941  88.156 0.0000000000
48859  -38.052  -31.251  88.512 0.0000000000
56156  -45.590  -24.565  82.299 0.0000000000
54164  -46.876  -25.901  82.518 0.0000000000
55173  -46.817  -24.843  82.051 0.0000000000
56247  -54.238  -24.650  74.187 0.0000000000
55242  -54.594  -25.626  74.123 0.0000000000
55251  -55.163  -25.674  73.514 0.0000000000
70265  -57.574  -11.271  65.654 0.0000000000
70255  -58.059  -12.203  65.619 0.0000000000
68068  -58.151  -13.236  65.651 0.0000000000
68080  -58.494  -13.291  64.978 0.0000000000
68081  -58.874  -12.969  64.462 0.0000000000
47062  -41.721  -34.088  87.118 0.0000000000
54115  -42.079  -26.715  85.136 0.0000000000
54130  -42.384  -26.150  84.437 0.0000000000
36725  -18.843  -43.997  97.290 0.0000000000
36726  -19.672  -43.963  97.218 0.0000000000
37613  -22.497  -43.559  95.485 0.0000000000
37636  -25.061  -43.442  92.626 0.0000000000
37637  -25.800  -43.499  92.802 0.0000000000
36777  -28.646  -44.216  92.229 0.0000000000
36778  -29.522  -44.580  91.719 0.0000000000
37653  -31.164  -43.755  90.284 0.0000000000
38533  -34.881  -42.456  89.942 0.0000000000
38541  -35.569  -42.439  89.671 0.0000000000
43348  -36.911  -37.378  89.031 0.0000000000
41350  -37.100  -39.458  88.777 0.0000000000
42380  -37.438  -38.639  88.635 0.0000000000
41351  -38.008  -39.341  88.089 0.0000000000
47061  -40.779  -33.723  87.758 0.0000000000
46200  -40.786  -34.734  87.623 0.0000000000
46201  -41.306  -35.260  87.158 0.0000000000
37582  -19.274  -42.626  98.366 0.0000000000
37581  -18.674  -42.717  98.378 0.0000000000
48892  -44.748  -31.680  84.914 0.0000000000
48893  -45.076  -31.061  84.778 0.0000000000
48927  -49.063  -31.150  81.292 0.0000000000
48033  -48.828  -31.707  81.487 0.0000000000
48039  -49.306  -32.232  80.882 0.0000000000
48047  -50.107  -32.169  79.991 0.0000000000
56208  -49.819  -24.248  77.958 0.0000000000
56201  -50.272  -24.688  78.560 0.0000000000
60503  -56.939  -20.418  69.573 0.0000000000
59415  -56.844  -21.486  70.126 0.0000000000
48871  -40.314  -31.673  87.970 0.0000000000
49814  -40.106  -30.748  88.090 0.0000000000
51891  -39.424  -28.528  86.896 0.0000000000
51877  -40.308  -29.173  87.523 0.0000000000
53007  -40.405  -28.221  86.694 0.0000000000
39263  -19.883  -41.210  97.946 0.0000000000
39286  -22.050  -41.268  95.872 0.0000000000
39359  -31.473  -41.006  89.050 0.0000000000
40330  -32.857  -40.333  90.047 0.0000000000
39361  -32.781  -41.060  90.124 0.0000000000
40306  -33.739  -40.298  90.267 0.0000000000
46187  -35.117  -33.326  87.841 0.0000000000
46188  -35.683  -33.651  88.443 0.0000000000
47052  -37.349  -33.066  88.744 0.0000000000
46189  -36.535  -33.904  88.785 0.0000000000
47972  -39.729  -32.525  88.324 0.0000000000
47055  -39.963  -33.540  88.278 0.0000000000
40203  -18.852  -40.192  97.121 0.0000000000
40190  -19.354  -40.702  97.813 0.0000000000
53037  -45.688  -27.688  84.153 0.0000000000
51921  -46.177  -28.612  83.807 0.0000000000
53038  -46.339  -27.654  83.458 0.0000000000
53064  -47.915  -27.317  82.117 0.0000000000
51930  -47.319  -28.476  82.631 0.0000000000
51940  -48.020  -28.276  82.171 0.0000000000
50923  -48.368  -29.335  81.856 0.0000000000
51941  -48.602  -28.427  81.554 0.0000000000
55224  -52.391  -25.736  76.332 0.0000000000
55232  -52.847  -25.030  75.775 0.0000000000
53192  -54.023  -27.461  74.877 0.0000000000
53191  -53.450  -27.470  75.288 0.0000000000
52053  -53.473  -28.377  74.797 0.0000000000
51006  -52.924  -29.063  74.690 0.0000000000
51018  -54.646  -29.354  73.363 0.0000000000
65787  -56.556  -15.910  67.074 0.0000000000
64673  -55.917  -16.043  67.862 0.0000000000
64674  -56.243  -16.611  67.618 0.0000000000
61544  -57.459  -19.476  67.720 0.0000000000
49825  -35.687  -30.375  86.152 0.0000000000
57256  -51.159  -23.100  76.070 0.0000000000
58320  -51.372  -22.380  73.384 0.0000000000
58321  -52.295  -22.398  73.383 0.0000000000
58302  -52.788  -22.526  74.234 0.0000000000
70242  -56.427  -11.825  67.095 0.0000000000
69180  -55.743  -12.433  67.779 0.0000000000
69164  -54.780  -12.747  68.139 0.0000000000
68045  -55.742  -13.197  68.218 0.0000000000
68036  -55.830  -13.809  68.262 0.0000000000
68046  -56.384  -13.497  67.863 0.0000000000
65803  -57.559  -15.574  64.619 0.0000000000
64696  -57.542  -16.426  64.054 0.0000000000
66957  -58.378  -14.255  63.883 0.0000000000
70286  -59.402  -11.523  63.139 0.0000000000
69232  -59.285  -12.381  63.523 0.0000000000
66991  -60.018  -14.346  61.615 0.0000000000
66976  -59.657  -13.933  62.103 0.0000000000
45311  -42.491  -36.938  85.668 0.0000000000
46214  -42.896  -35.556  85.750 0.0000000000
47989  -43.086  -33.242  86.015 0.0000000000
48882  -43.421  -32.045  86.021 0.0000000000
49839  -43.648  -31.449  85.869 0.0000000000
50863  -41.408  -30.028  87.216 0.0000000000
49816  -41.677  -30.979  87.145 0.0000000000
53010  -43.198  -27.961  85.890 0.0000000000
51895  -43.375  -28.856  86.044 0.0000000000
51896  -43.845  -29.285  85.705 0.0000000000
53025  -44.577  -27.870  85.052 0.0000000000
55140  -43.682  -25.739  84.208 0.0000000000
54132  -44.480  -26.287  84.429 0.0000000000
35804  -18.009  -45.726  94.556 0.0000000000
34826  -19.659  -45.739  95.423 0.0000000000
37596  -20.970  -43.159  97.163 0.0000000000
36740  -21.044  -44.162  96.511 0.0000000000
34842  -22.664  -46.525  93.633 0.0000000000
33878  -23.240  -47.163  92.451 0.0000000000
40235  -22.707  -40.676  94.523 0.0000000000
38489  -23.802  -42.587  94.014 0.0000000000
37623  -23.397  -43.485  94.006 0.0000000000
36765  -23.900  -44.467  92.454 0.0000000000
35830  -24.531  -45.763  91.380 0.0000000000
34855  -24.432  -46.604  91.094 0.0000000000
35822  -25.641  -45.213  92.032 0.0000000000
35831  -25.355  -45.672  91.553 0.0000000000
34856  -25.828  -46.155  91.602 0.0000000000
34857  -26.438  -46.525  91.633 0.0000000000
35834  -27.888  -45.234  92.466 0.0000000000
35833  -26.823  -45.693  92.277 0.0000000000
33891  -28.154  -47.369  91.537 0.0000000000
32917  -29.535  -48.733  90.457 0.0000000000
33908  -30.105  -47.486  91.123 0.0000000000
37652  -30.341  -43.848  90.708 0.0000000000
36779  -30.426  -44.693  91.342 0.0000000000
34872  -31.455  -46.599  90.724 0.0000000000
34862  -31.082  -46.226  91.225 0.0000000000
33909  -31.086  -47.426  90.589 0.0000000000
33922  -32.689  -47.098  89.768 0.0000000000
36785  -33.449  -44.319  89.993 0.0000000000
42386  -32.466  -38.265  88.000 0.0000000000
43364  -32.950  -37.666  88.395 0.0000000000
42379  -33.632  -38.000  89.327 0.0000000000
41333  -34.255  -39.412  90.173 0.0000000000
42369  -34.699  -38.632  89.889 0.0000000000
44316  -35.103  -36.232  89.362 0.0000000000
40332  -36.187  -40.701  89.526 0.0000000000
39363  -36.077  -41.612  89.453 0.0000000000
39371  -37.039  -40.913  88.497 0.0000000000
39378  -36.865  -41.949  88.174 0.0000000000
38556  -37.161  -42.481  87.917 0.0000000000
41367  -38.573  -39.938  87.675 0.0000000000
40370  -38.950  -40.542  86.949 0.0000000000
44333  -38.825  -36.329  88.412 0.0000000000
43391  -40.072  -37.420  87.655 0.0000000000
41369  -40.265  -39.048  87.337 0.0000000000
41370  -41.027  -39.026  86.881 0.0000000000
45304  -42.046  -36.344  86.313 0.0000000000
45310  -42.173  -37.304  86.105 0.0000000000
36748  -17.846  -44.967  95.931 0.0000000000
36736  -17.396  -44.573  96.540 0.0000000000
35791  -17.415  -45.425  95.257 0.0000000000
35803  -17.264  -46.202  94.557 0.0000000000
48910  -46.454  -31.476  83.829 0.0000000000
48911  -47.041  -31.228  83.429 0.0000000000
56189  -47.704  -23.653  80.019 0.0000000000
56178  -48.208  -24.382  80.700 0.0000000000
54212  -50.505  -26.526  79.393 0.0000000000
54199  -49.632  -26.444  80.359 0.0000000000
53099  -49.946  -27.655  80.244 0.0000000000
51950  -49.620  -28.536  80.468 0.0000000000
51962  -50.116  -28.578  79.901 0.0000000000
53148  -52.186  -27.673  77.025 0.0000000000
54234  -51.861  -26.970  77.437 0.0000000000
52006  -52.194  -28.276  77.266 0.0000000000
50962  -51.913  -29.569  77.991 0.0000000000
49935  -51.687  -30.479  78.166 0.0000000000
49921  -51.177  -30.459  78.763 0.0000000000
48957  -51.500  -31.381  78.430 0.0000000000
58341  -53.489  -22.419  72.590 0.0000000000
58358  -53.775  -22.171  71.926 0.0000000000
64652  -55.085  -16.795  69.057 0.0000000000
64651  -54.330  -16.361  69.497 0.0000000000
63655  -54.811  -17.512  69.760 0.0000000000
61507  -55.284  -19.286  70.742 0.0000000000
63647  -54.177  -17.893  70.314 0.0000000000
62603  -53.604  -18.629  70.592 0.0000000000
62612  -52.612  -18.202  70.150 0.0000000000
61505  -53.339  -19.715  70.864 0.0000000000
60489  -54.443  -20.121  71.317 0.0000000000
58361  -56.115  -22.381  71.343 0.0000000000
59393  -54.853  -21.313  71.670 0.0000000000
58343  -54.989  -22.769  72.497 0.0000000000
57298  -56.122  -23.929  71.989 0.0000000000
56285  -55.916  -24.724  72.397 0.0000000000
56286  -56.421  -24.728  71.673 0.0000000000
49800  -39.394  -30.727  88.365 0.0000000000
50844  -39.170  -30.114  88.205 0.0000000000
51875  -38.918  -29.034  87.351 0.0000000000
40328  -31.671  -40.317  88.820 0.0000000000
39360  -32.248  -40.966  89.786 0.0000000000
47967  -35.954  -31.927  87.755 0.0000000000
47050  -35.732  -32.550  87.929 0.0000000000
47968  -36.458  -31.728  88.027 0.0000000000
47053  -38.220  -33.273  88.761 0.0000000000
47970  -38.127  -32.232  88.658 0.0000000000
48860  -38.829  -31.424  88.582 0.0000000000
54148  -45.736  -26.130  83.650 0.0000000000
54149  -46.562  -26.487  83.012 0.0000000000
54165  -47.507  -26.408  82.166 0.0000000000
56233  -53.084  -24.425  75.326 0.0000000000
55233  -53.215  -25.595  75.439 0.0000000000
55241  -53.969  -25.589  74.717 0.0000000000
54269  -54.346  -26.549  74.583 0.0000000000
53207  -54.568  -27.499  74.359 0.0000000000
52074  -55.182  -28.588  73.469 0.0000000000
53208  -55.133  -27.634  73.779 0.0000000000
54280  -55.442  -26.692  73.319 0.0000000000
54288  -56.003  -26.704  72.628 0.0000000000
64683  -57.130  -16.644  65.973 0.0000000000
63682  -56.815  -17.405  66.810 0.0000000000
63683  -57.036  -17.740  66.518 0.0000000000
62653  -57.617  -18.661  66.194 0.0000000000
70243  -56.938  -12.014  67.014 0.0000000000
68047  -57.135  -13.651  67.270 0.0000000000
68056  -57.910  -13.178  66.176 0.0000000000
68067  -58.019  -13.750  66.029 0.0000000000
66956  -57.827  -14.771  64.228 0.0000000000
66944  -58.213  -14.104  64.649 0.0000000000
68109  -58.897  -13.806  63.652 0.0000000000
69243  -60.053  -12.518  62.218 0.0000000000
64731  -60.426  -16.131  60.926 0.0000000000
47070  -42.522  -34.520  86.324 0.0000000000
52996  -41.655  -28.751  87.060 0.0000000000
52997  -42.077  -28.605  86.927 0.0000000000
53009  -42.469  -28.095  86.350 0.0000000000
53024  -43.633  -27.521  85.351 0.0000000000
54116  -42.872  -26.800  85.091 0.0000000000
55139  -42.922  -25.738  84.170 0.0000000000
55150  -43.197  -25.292  83.568 0.0000000000
36749  -18.707  -45.006  96.032 0.0000000000
35781  -19.593  -45.065  96.080 0.0000000000
35814  -23.141  -45.516  93.590 0.0000000000
36775  -24.921  -44.968  91.736 0.0000000000
34859  -28.581  -46.272  91.916 0.0000000000
37662  -30.980  -43.092  89.699 0.0000000000
36780  -31.190  -44.988  91.146 0.0000000000
34873  -32.229  -46.325  90.287 0.0000000000
34874  -32.813  -45.952  90.057 0.0000000000
35844  -33.301  -45.299  89.888 0.0000000000
37657  -34.506  -43.078  89.843 0.0000000000
36788  -34.773  -44.375  89.359 0.0000000000
37665  -35.895  -43.713  89.213 0.0000000000
37669  -36.538  -43.414  88.803 0.0000000000
43389  -33.361  -36.382  87.991 0.0000000000
43366  -34.516  -36.631  89.293 0.0000000000
45268  -36.528  -35.916  89.169 0.0000000000
44317  -35.871  -36.547  89.423 0.0000000000
40369  -38.051  -40.492  87.676 0.0000000000
41352  -38.573  -38.719  88.031 0.0000000000
44334  -39.504  -36.474  88.077 0.0000000000
45295  -39.962  -36.105  87.999 0.0000000000
44345  -40.810  -36.920  87.340 0.0000000000
132102  -41.235  -37.521  86.996 0.0000000000
45297  -41.227  -36.146  87.119 0.0000000000
46207  -41.745  -35.888  86.708 0.0000000000
38448  -18.143  -42.110  98.805 0.0000000000
36737  -18.339  -44.559  96.624 0.0000000000
48918  -48.076  -31.136  82.377 0.0000000000
48023  -47.867  -31.649  82.559 0.0000000000
56191  -49.301  -24.275  79.567 0.0000000000
56192  -50.008  -24.662  79.235 0.0000000000
55197  -50.385  -25.385  79.264 0.0000000000
50981  -52.815  -29.435  75.856 0.0000000000
51993  -52.336  -28.840  77.159 0.0000000000
61532  -56.595  -18.925  69.215 0.0000000000
62615  -55.618  -18.246  69.848 0.0000000000
61518  -56.181  -19.025  69.821 0.0000000000
61508  -55.931  -19.457  70.418 0.0000000000
60491  -55.880  -20.321  70.897 0.0000000000
60490  -55.022  -20.025  71.217 0.0000000000
59414  -56.284  -21.453  70.795 0.0000000000
71299  -57.938  -10.968  65.205 0.0000000000
69222  -59.041  -12.328  64.215 0.0000000000
70275  -58.671  -11.572  64.465 0.0000000000
71326  -59.495  -10.700  62.576 0.0000000000
70294  -59.788  -11.643  62.400 0.0000000000
70295  -60.114  -11.831  61.833 0.0000000000
49815  -40.843  -30.846  87.548 0.0000000000
51878  -41.156  -29.093  87.269 0.0000000000
53008  -41.354  -28.162  86.791 0.0000000000
53034  -41.223  -26.845  85.027 0.0000000000
38450  -19.831  -42.351  98.236 0.0000000000
38457  -20.067  -42.892  97.851 0.0000000000
38458  -20.583  -42.482  97.626 0.0000000000
38467  -21.901  -42.542  96.395 0.0000000000
38468  -22.382  -42.583  95.780 0.0000000000
37646  -28.633  -43.284  92.047 0.0000000000
38539  -31.209  -42.267  89.385 0.0000000000
38531  -33.200  -42.498  90.240 0.0000000000
39347  -34.502  -41.589  90.029 0.0000000000
45294  -34.206  -34.511  87.594 0.0000000000
45282  -34.632  -34.628  88.341 0.0000000000
45269  -36.911  -36.156  89.022 0.0000000000
44319  -37.211  -36.535  88.909 0.0000000000
43349  -37.627  -37.204  88.733 0.0000000000
44332  -37.987  -36.328  88.714 0.0000000000
45286  -38.607  -35.413  88.683 0.0000000000
46192  -39.319  -34.455  88.520 0.0000000000
40176  -18.843  -40.906  98.291 0.0000000000
39254  -19.411  -41.479  98.341 0.0000000000
50897  -45.392  -29.584  84.563 0.0000000000
49851  -45.814  -30.444  84.279 0.0000000000
50898  -46.036  -29.558  84.092 0.0000000000
50907  -46.590  -29.518  83.478 0.0000000000
50908  -47.217  -29.431  82.955 0.0000000000
53048  -46.959  -27.619  82.928 0.0000000000
49877  -48.207  -30.265  82.132 0.0000000000
49892  -48.714  -30.268  81.569 0.0000000000
49893  -49.278  -30.283  81.080 0.0000000000
56219  -50.891  -24.098  77.208 0.0000000000
55213  -51.040  -25.067  77.799 0.0000000000
55223  -51.810  -25.080  76.771 0.0000000000
55215  -51.982  -26.314  76.984 0.0000000000
53160  -52.518  -27.661  76.355 0.0000000000
54257  -53.200  -26.673  75.623 0.0000000000
53176  -53.000  -27.562  75.866 0.0000000000
53175  -52.767  -28.093  76.037 0.0000000000
50993  -52.713  -29.320  75.167 0.0000000000
66907  -54.770  -14.416  68.811 0.0000000000
65768  -54.487  -15.345  69.137 0.0000000000
65769  -55.311  -15.348  68.573 0.0000000000
64663  -55.652  -16.466  68.363 0.0000000000
63666  -56.259  -17.578  68.166 0.0000000000
63674  -56.710  -17.650  67.246 0.0000000000
62636  -56.711  -18.221  67.893 0.0000000000
62625  -56.629  -18.441  68.606 0.0000000000
60517  -57.446  -20.540  68.563 0.0000000000
49827  -36.790  -29.886  86.865 0.0000000000
50876  -37.339  -29.440  86.584 0.0000000000
50886  -37.211  -29.261  85.736 0.0000000000
46198  -33.913  -33.916  86.850 0.0000000000
47068  -34.346  -32.804  86.513 0.0000000000
47059  -35.012  -32.582  87.224 0.0000000000
47988  -35.236  -31.636  86.874 0.0000000000
48868  -35.766  -31.128  87.115 0.0000000000
49810  -36.595  -30.264  87.132 0.0000000000
57190  -45.337  -23.512  80.333 0.0000000000
56166  -46.962  -24.198  81.471 0.0000000000
57192  -46.933  -23.392  80.104 0.0000000000
57204  -47.898  -23.392  79.218 0.0000000000
57230  -49.177  -23.612  77.680 0.0000000000
57231  -49.808  -23.822  77.426 0.0000000000
57243  -50.197  -23.488  76.860 0.0000000000
57244  -51.027  -23.577  76.744 0.0000000000
57245  -51.568  -23.746  76.440 0.0000000000
57257  -52.043  -23.337  75.774 0.0000000000
58288  -51.851  -22.622  74.964 0.0000000000
57258  -52.738  -23.652  75.338 0.0000000000
57267  -53.283  -23.396  74.592 0.0000000000
57268  -53.893  -23.861  74.222 0.0000000000
57281  -54.393  -23.622  73.532 0.0000000000
68034  -54.176  -13.497  68.584 0.0000000000
66908  -55.543  -14.431  68.432 0.0000000000
65779  -56.223  -15.417  67.644 0.0000000000
65780  -56.780  -15.191  67.118 0.0000000000
66926  -57.255  -14.551  66.883 0.0000000000
65788  -56.986  -15.579  66.431 0.0000000000
63696  -57.516  -17.521  64.490 0.0000000000
65812  -57.643  -15.492  63.700 0.0000000000
68095  -59.133  -13.111  63.909 0.0000000000
66975  -59.123  -14.016  62.460 0.0000000000
68111  -59.671  -13.291  62.474 0.0000000000
47997  -43.422  -33.793  85.335 0.0000000000
48891  -43.971  -32.024  85.437 0.0000000000
49841  -44.707  -30.572  85.155 0.0000000000
48873  -42.037  -31.959  87.188 0.0000000000
49828  -42.379  -31.211  86.760 0.0000000000
50879  -43.101  -29.859  86.259 0.0000000000
49829  -43.165  -30.977  86.275 0.0000000000
49830  -43.501  -30.342  86.048 0.0000000000
50888  -44.198  -29.799  85.494 0.0000000000
50889  -44.844  -29.639  85.134 0.0000000000
51911  -45.042  -28.740  84.983 0.0000000000
53026  -45.180  -28.043  84.650 0.0000000000
53035  -44.254  -27.054  84.883 0.0000000000
54133  -45.367  -26.675  84.163 0.0000000000
56164  -45.103  -24.167  81.749 0.0000000000
50877  -38.014  -29.084  86.606 0.0000000000
51919  -38.824  -28.318  85.409 0.0000000000
53032  -39.538  -27.831  85.301 0.0000000000
53033  -40.537  -27.124  84.750 0.0000000000
54128  -40.727  -26.792  83.957 0.0000000000
54145  -41.792  -25.920  83.560 0.0000000000
55148  -42.053  -25.694  83.357 0.0000000000
57180  -45.267  -23.737  81.179 0.0000000000
34837  -17.434  -46.912  93.305 0.0000000000
35819  -17.600  -46.737  93.187 0.0000000000
35820  -17.756  -46.550  93.227 0.0000000000
36739  -20.302  -44.360  96.631 0.0000000000
40221  -22.149  -40.816  95.297 0.0000000000
36763  -23.396  -44.466  93.454 0.0000000000
35821  -23.546  -45.438  92.799 0.0000000000
35841  -25.024  -46.119  91.095 0.0000000000
36768  -26.337  -44.233  92.698 0.0000000000
35823  -26.186  -45.057  92.371 0.0000000000
33907  -28.951  -47.952  91.253 0.0000000000
37651  -29.640  -43.438  90.898 0.0000000000
35836  -30.025  -45.465  91.802 0.0000000000
34861  -30.363  -46.382  91.506 0.0000000000
35848  -33.713  -45.799  89.541 0.0000000000
36786  -34.117  -44.334  89.764 0.0000000000
35849  -34.227  -45.290  89.438 0.0000000000
42367  -33.180  -38.931  89.683 0.0000000000
41332  -33.457  -39.510  90.056 0.0000000000
41316  -33.955  -39.812  90.288 0.0000000000
41317  -34.393  -40.101  90.295 0.0000000000
40308  -34.961  -40.922  90.085 0.0000000000
44331  -34.427  -35.925  88.963 0.0000000000
39362  -35.715  -41.818  89.745 0.0000000000
39370  -36.648  -41.480  88.755 0.0000000000
38555  -36.733  -42.470  88.465 0.0000000000
42382  -38.981  -38.189  87.907 0.0000000000
43369  -39.603  -37.070  87.900 0.0000000000
43390  -39.460  -37.629  87.837 0.0000000000
40392  -41.655  -39.860  86.116 0.0000000000
42389  -41.550  -38.181  86.535 0.0000000000
48900  -45.631  -31.544  84.336 0.0000000000
56167  -47.717  -24.511  81.312 0.0000000000
54182  -47.981  -25.787  81.730 0.0000000000
54183  -48.589  -26.385  81.342 0.0000000000
55188  -49.303  -25.243  80.343 0.0000000000
54184  -49.201  -26.995  81.011 0.0000000000
53082  -48.913  -27.567  81.281 0.0000000000
51949  -49.194  -28.491  81.080 0.0000000000
50936  -49.404  -29.411  80.758 0.0000000000
49907  -50.164  -30.360  79.909 0.0000000000
55205  -51.204  -26.141  78.098 0.0000000000
53133  -51.286  -27.184  78.427 0.0000000000
53118  -51.056  -27.664  78.918 0.0000000000
51979  -51.479  -28.752  78.227 0.0000000000
51978  -51.071  -28.736  78.732 0.0000000000
50954  -50.859  -29.553  79.042 0.0000000000
49920  -50.604  -30.424  79.284 0.0000000000
48947  -50.382  -31.286  79.582 0.0000000000
58340  -52.571  -22.397  72.461 0.0000000000
58323  -53.933  -22.803  73.319 0.0000000000
57296  -54.883  -23.300  72.927 0.0000000000
65757  -53.626  -15.513  69.453 0.0000000000
64650  -53.315  -16.344  69.741 0.0000000000
63653  -52.904  -17.172  69.973 0.0000000000
60488  -52.954  -20.666  70.821 0.0000000000
60474  -53.507  -21.024  71.241 0.0000000000
60476  -54.759  -20.550  71.438 0.0000000000
59392  -54.017  -21.498  71.639 0.0000000000
57282  -55.037  -23.969  73.165 0.0000000000
55269  -56.240  -25.699  72.192 0.0000000000
54289  -56.439  -26.657  71.900 0.0000000000
55286  -57.081  -25.924  70.940 0.0000000000
53233  -57.026  -27.468  70.995 0.0000000000
33889  -26.512  -47.142  91.223 0.0000000000
34847  -23.176  -46.870  92.937 0.0000000000
36750  -19.224  -45.033  96.069 0.0000000000
38451  -20.261  -42.016  97.953 0.0000000000
38542  -35.946  -42.154  89.515 0.0000000000
38548  -35.963  -42.497  89.434 0.0000000000
39253  -18.559  -41.433  98.638 0.0000000000
40189  -18.561  -40.400  97.839 0.0000000000
40191  -19.999  -40.804  97.546 0.0000000000
41318  -34.744  -40.424  90.194 0.0000000000
45288  -40.305  -35.137  87.956 0.0000000000
47049  -35.321  -32.741  87.643 0.0000000000
47977  -35.148  -31.948  87.011 0.0000000000
47978  -35.570  -31.769  87.353 0.0000000000
47979  -36.071  -31.604  87.653 0.0000000000
48005  -45.394  -32.319  84.207 0.0000000000
48040  -49.682  -31.700  80.427 0.0000000000
48878  -34.978  -31.168  86.201 0.0000000000
48880  -35.870  -30.799  86.977 0.0000000000
48890  -35.061  -30.874  86.038 0.0000000000
48901  -46.150  -31.005  84.163 0.0000000000
48917  -47.560  -31.140  82.908 0.0000000000
48936  -49.456  -31.155  80.700 0.0000000000
49811  -37.236  -30.106  87.479 0.0000000000
49812  -38.011  -29.949  87.993 0.0000000000
49813  -38.416  -30.158  88.184 0.0000000000
49876  -47.638  -30.299  82.649 0.0000000000
49906  -49.636  -30.312  80.437 0.0000000000
50845  -39.278  -30.328  88.268 0.0000000000
50858  -37.673  -29.468  87.035 0.0000000000
50875  -36.781  -29.624  86.322 0.0000000000
50887  -37.806  -28.929  85.871 0.0000000000
50946  -49.879  -29.454  80.185 0.0000000000
50971  -52.665  -29.370  76.629 0.0000000000
51876  -39.552  -29.123  87.533 0.0000000000
51892  -40.057  -28.587  87.156 0.0000000000
51908  -39.142  -28.381  86.097 0.0000000000
51963  -50.543  -28.618  79.236 0.0000000000
52020  -52.643  -28.590  76.214 0.0000000000
52035  -52.853  -28.534  75.675 0.0000000000
52052  -52.942  -28.648  75.105 0.0000000000
52073  -54.536  -28.512  74.008 0.0000000000
53006  -39.934  -28.342  86.756 0.0000000000
53049  -47.432  -27.535  82.393 0.0000000000
53119  -51.260  -28.224  78.491 0.0000000000
53147  -52.040  -27.842  77.576 0.0000000000
53161  -52.706  -27.186  76.143 0.0000000000
54114  -41.553  -26.780  85.094 0.0000000000
54146  -42.200  -25.748  83.967 0.0000000000
54166  -48.130  -26.892  81.894 0.0000000000
54198  -49.110  -25.817  80.781 0.0000000000
54200  -50.153  -27.068  79.943 0.0000000000
54222  -51.119  -26.612  78.588 0.0000000000
54223  -51.414  -26.720  78.022 0.0000000000
54235  -52.225  -26.867  76.736 0.0000000000
54247  -52.520  -26.834  76.309 0.0000000000
54298  -56.839  -26.657  71.265 0.0000000000
55149  -42.387  -25.583  83.564 0.0000000000
55157  -42.034  -25.668  82.946 0.0000000000
55162  -46.347  -25.213  82.576 0.0000000000
55163  -47.033  -25.500  82.260 0.0000000000
55175  -48.171  -25.224  81.351 0.0000000000
55196  -49.890  -25.266  79.846 0.0000000000
55225  -52.947  -26.166  75.907 0.0000000000
56210  -51.111  -24.719  77.471 0.0000000000
56220  -51.405  -24.472  76.928 0.0000000000
56263  -55.372  -24.724  73.022 0.0000000000
57181  -46.105  -23.642  81.047 0.0000000000
57203  -47.104  -23.224  79.278 0.0000000000
57255  -50.563  -23.059  76.328 0.0000000000
57280  -53.842  -23.164  73.924 0.0000000000
57308  -55.957  -23.150  71.835 0.0000000000
58286  -50.301  -22.637  75.513 0.0000000000
58359  -54.576  -22.149  72.053 0.0000000000
60477  -55.261  -20.704  71.357 0.0000000000
60502  -56.358  -19.903  70.099 0.0000000000
61496  -53.568  -20.406  71.168 0.0000000000
61497  -53.942  -20.025  71.277 0.0000000000
61517  -55.685  -18.904  70.265 0.0000000000
61519  -56.637  -19.534  69.504 0.0000000000
62604  -54.633  -18.537  70.551 0.0000000000
62614  -55.010  -18.170  70.164 0.0000000000
62616  -56.234  -18.313  69.235 0.0000000000
63648  -54.660  -18.020  70.210 0.0000000000
63656  -55.750  -17.494  68.949 0.0000000000
63665  -55.887  -17.147  68.361 0.0000000000
65770  -55.812  -15.061  68.156 0.0000000000
66917  -56.122  -14.451  68.011 0.0000000000
68055  -57.604  -13.650  66.586 0.0000000000
69165  -55.382  -12.918  68.249 0.0000000000
69182  -57.336  -13.119  66.961 0.0000000000
69196  -57.114  -12.200  66.859 0.0000000000
69198  -58.006  -12.620  65.924 0.0000000000
69211  -58.255  -12.571  65.363 0.0000000000
70254  -57.765  -11.984  65.943 0.0000000000
70266  -58.180  -11.663  65.229 0.0000000000
71308  -58.802  -11.016  64.139 0.0000000000
