#!ascii label  , from subject 3271 vox2ras=TkReg
652
98684  -18.541  15.901  -6.708 0.0000000000
95174  -17.026  12.138  0.119 0.0000000000
92599  -18.478  9.423  -8.072 0.0000000000
89768  -14.959  6.377  -2.078 0.0000000000
107841  -31.681  27.447  0.952 0.0000000000
104241  -29.101  23.352  -2.454 0.0000000000
104236  -22.862  22.137  -4.973 0.0000000000
88721  -18.244  5.365  0.379 0.0000000000
92526  -16.032  9.246  -0.756 0.0000000000
91625  -14.180  7.949  2.373 0.0000000000
106449  -30.259  26.116  -1.768 0.0000000000
105703  -27.717  25.132  -2.032 0.0000000000
99488  -19.259  16.773  -3.166 0.0000000000
103474  -21.200  19.827  -2.486 0.0000000000
101239  -19.533  19.323  -6.139 0.0000000000
101995  -22.850  20.332  -4.716 0.0000000000
99544  -21.947  17.520  -5.765 0.0000000000
97019  -22.989  14.543  -7.436 0.0000000000
98604  -18.223  16.027  1.041 0.0000000000
96973  -17.360  14.296  -3.457 0.0000000000
95243  -18.263  12.397  -7.173 0.0000000000
93442  -16.629  10.875  -4.567 0.0000000000
90779  -16.191  7.765  -5.389 0.0000000000
87826  -13.570  3.167  -5.635 0.0000000000
104215  -25.547  23.552  -1.874 0.0000000000
103498  -25.567  22.342  -3.627 0.0000000000
102011  -27.175  20.770  -4.911 0.0000000000
136836  -17.217  6.046  3.536 0.0000000000
88752  -15.149  4.919  -0.850 0.0000000000
93358  -14.720  9.721  2.995 0.0000000000
92483  -15.243  9.208  4.083 0.0000000000
106437  -28.876  26.842  -0.007 0.0000000000
105694  -27.383  25.784  -0.192 0.0000000000
98655  -17.754  16.883  -5.285 0.0000000000
99527  -18.649  18.339  -5.068 0.0000000000
100389  -18.828  18.198  -6.318 0.0000000000
100391  -20.697  18.515  -6.182 0.0000000000
98668  -20.586  16.497  -5.659 0.0000000000
97848  -22.375  15.750  -6.884 0.0000000000
97859  -20.417  15.048  -4.965 0.0000000000
96085  -17.349  14.067  0.206 0.0000000000
96966  -17.890  14.370  -2.366 0.0000000000
95197  -17.677  13.006  -2.078 0.0000000000
95214  -16.558  12.636  -4.339 0.0000000000
94283  -17.176  11.471  -2.203 0.0000000000
90728  -15.464  7.696  -1.392 0.0000000000
90756  -15.791  7.917  -3.500 0.0000000000
89781  -15.666  6.603  -3.260 0.0000000000
88801  -15.711  5.405  -5.104 0.0000000000
87806  -14.429  3.996  -3.983 0.0000000000
108516  -31.046  28.753  1.046 0.0000000000
108497  -31.796  29.858  3.369 0.0000000000
108518  -32.518  28.771  1.171 0.0000000000
109190  -33.636  29.468  1.446 0.0000000000
107858  -32.449  26.540  -0.309 0.0000000000
105713  -29.361  24.898  -2.705 0.0000000000
102783  -21.521  20.797  -4.146 0.0000000000
103477  -23.372  22.377  -2.495 0.0000000000
103479  -24.994  23.037  -2.638 0.0000000000
104221  -25.774  23.489  -2.689 0.0000000000
103497  -24.531  22.264  -4.026 0.0000000000
100362  -24.357  19.071  -4.854 0.0000000000
101997  -24.934  20.742  -4.708 0.0000000000
101211  -26.065  19.670  -4.763 0.0000000000
94327  -18.723  11.275  -7.508 0.0000000000
95253  -20.590  12.426  -7.612 0.0000000000
90703  -18.074  6.862  1.428 0.0000000000
89724  -17.293  6.252  1.612 0.0000000000
89723  -16.592  6.171  1.838 0.0000000000
87755  -16.575  4.628  -0.362 0.0000000000
95171  -16.176  11.758  1.538 0.0000000000
93390  -16.607  10.759  -0.109 0.0000000000
93380  -15.821  10.433  1.327 0.0000000000
92519  -15.652  8.912  0.743 0.0000000000
90716  -15.236  7.353  -0.294 0.0000000000
107839  -30.720  27.195  1.081 0.0000000000
107856  -31.383  26.809  -0.338 0.0000000000
107157  -30.207  26.660  -0.529 0.0000000000
106448  -28.969  26.101  -2.545 0.0000000000
104979  -28.201  23.947  -2.123 0.0000000000
99476  -19.786  17.443  -0.840 0.0000000000
100332  -20.290  18.098  -3.164 0.0000000000
101192  -20.603  19.511  -4.270 0.0000000000
103530  -21.230  21.141  -5.989 0.0000000000
102821  -23.558  22.020  -6.369 0.0000000000
102027  -21.529  20.299  -7.055 0.0000000000
100393  -22.355  18.226  -5.245 0.0000000000
99531  -24.165  17.831  -5.677 0.0000000000
98672  -24.666  16.687  -6.713 0.0000000000
88754  -19.192  4.834  -1.135 0.0000000000
87772  -17.470  3.701  -1.117 0.0000000000
98615  -18.976  16.130  -1.306 0.0000000000
97812  -17.690  15.333  -3.603 0.0000000000
97833  -16.676  15.402  -5.609 0.0000000000
97014  -18.293  14.192  -6.423 0.0000000000
96140  -16.587  13.634  -6.170 0.0000000000
94318  -16.886  11.725  -6.014 0.0000000000
92592  -17.273  9.706  -6.511 0.0000000000
92551  -16.469  10.045  -2.619 0.0000000000
91723  -16.518  8.935  -5.169 0.0000000000
91727  -17.282  8.714  -6.783 0.0000000000
89821  -16.815  7.279  -7.004 0.0000000000
88818  -16.365  5.572  -7.594 0.0000000000
107168  -31.827  26.154  -1.269 0.0000000000
104970  -27.076  24.054  -1.895 0.0000000000
104974  -27.118  23.965  -2.428 0.0000000000
104239  -26.825  22.675  -2.467 0.0000000000
102787  -24.750  21.609  -4.424 0.0000000000
102789  -26.486  21.257  -3.287 0.0000000000
103514  -27.707  21.183  -2.542 0.0000000000
96153  -20.743  13.459  -7.065 0.0000000000
96167  -22.727  13.362  -8.261 0.0000000000
91611  -16.558  8.010  4.309 0.0000000000
89716  -15.271  6.963  2.917 0.0000000000
89741  -15.409  6.586  -0.055 0.0000000000
88750  -13.950  4.937  -1.401 0.0000000000
86809  -16.570  3.008  -1.446 0.0000000000
86820  -14.514  3.142  -1.906 0.0000000000
86842  -13.670  3.704  -2.791 0.0000000000
105686  -27.655  25.774  0.758 0.0000000000
99557  -18.051  16.718  -6.509 0.0000000000
99539  -18.111  17.225  -6.012 0.0000000000
99540  -18.503  17.261  -6.430 0.0000000000
99542  -20.212  17.396  -6.161 0.0000000000
98667  -19.902  16.265  -5.983 0.0000000000
97845  -20.233  15.692  -5.294 0.0000000000
97858  -19.477  15.214  -5.121 0.0000000000
96081  -17.055  13.238  1.840 0.0000000000
96947  -17.279  13.936  1.459 0.0000000000
96084  -17.162  13.350  0.571 0.0000000000
96089  -17.401  13.817  -0.459 0.0000000000
96088  -17.360  12.809  -0.694 0.0000000000
95186  -17.405  12.209  -1.505 0.0000000000
95177  -17.198  11.938  -0.726 0.0000000000
89769  -15.409  6.729  -2.469 0.0000000000
89780  -15.396  6.070  -2.729 0.0000000000
88785  -15.211  5.021  -3.722 0.0000000000
88774  -14.632  5.407  -2.972 0.0000000000
108517  -31.902  29.164  1.278 0.0000000000
108525  -31.844  27.882  1.251 0.0000000000
108526  -32.592  28.095  1.173 0.0000000000
107850  -32.653  26.862  0.368 0.0000000000
107849  -31.929  27.185  0.350 0.0000000000
104988  -29.318  24.018  -2.517 0.0000000000
105723  -30.162  24.437  -2.883 0.0000000000
104989  -29.891  23.762  -2.817 0.0000000000
104225  -29.950  22.626  -2.747 0.0000000000
102800  -22.344  21.254  -4.739 0.0000000000
103494  -22.583  21.447  -3.580 0.0000000000
103495  -22.892  21.776  -4.228 0.0000000000
103478  -24.219  22.601  -2.571 0.0000000000
103486  -23.488  22.381  -3.435 0.0000000000
103487  -24.359  22.448  -3.389 0.0000000000
103496  -23.495  22.280  -4.586 0.0000000000
100363  -25.286  18.949  -4.759 0.0000000000
93456  -18.506  10.322  -7.870 0.0000000000
94340  -19.423  10.936  -7.930 0.0000000000
93462  -19.865  10.272  -8.126 0.0000000000
89735  -18.814  5.818  0.423 0.0000000000
90710  -18.653  7.145  0.807 0.0000000000
89734  -18.194  6.203  0.804 0.0000000000
89725  -17.707  6.430  1.265 0.0000000000
88720  -17.476  5.561  0.554 0.0000000000
88719  -17.003  5.776  0.587 0.0000000000
88735  -17.435  5.005  -0.024 0.0000000000
95158  -16.213  12.177  3.231 0.0000000000
94252  -15.898  11.228  1.625 0.0000000000
94245  -15.739  11.077  2.507 0.0000000000
92502  -14.374  9.014  2.138 0.0000000000
92510  -15.026  9.018  1.360 0.0000000000
91632  -14.584  8.293  1.580 0.0000000000
91642  -15.301  8.115  0.764 0.0000000000
91641  -14.890  7.927  1.269 0.0000000000
107141  -29.868  27.105  1.212 0.0000000000
107149  -30.248  26.878  0.432 0.0000000000
107156  -29.665  26.955  -0.133 0.0000000000
106441  -28.151  26.175  -1.812 0.0000000000
106442  -29.264  26.739  -1.202 0.0000000000
106447  -28.272  25.666  -2.298 0.0000000000
105707  -28.471  25.046  -2.451 0.0000000000
104975  -27.787  24.323  -2.140 0.0000000000
98622  -19.501  16.990  -2.161 0.0000000000
99489  -19.717  17.300  -2.830 0.0000000000
101220  -19.031  19.188  -5.588 0.0000000000
100358  -19.744  18.689  -4.463 0.0000000000
101221  -19.609  19.568  -5.474 0.0000000000
102007  -20.742  20.336  -5.616 0.0000000000
102026  -20.397  20.252  -6.135 0.0000000000
102036  -21.166  20.830  -7.256 0.0000000000
101240  -20.506  19.714  -6.587 0.0000000000
100392  -21.401  18.525  -5.394 0.0000000000
100394  -23.097  18.239  -5.542 0.0000000000
99545  -23.208  17.661  -6.130 0.0000000000
99546  -24.382  17.271  -6.237 0.0000000000
98671  -23.705  16.732  -6.785 0.0000000000
97861  -22.652  15.206  -7.119 0.0000000000
98687  -23.239  15.964  -7.211 0.0000000000
97885  -23.975  14.562  -8.088 0.0000000000
89757  -19.385  6.127  -0.913 0.0000000000
88768  -19.643  5.202  -1.816 0.0000000000
98605  -18.449  16.867  0.595 0.0000000000
98609  -18.735  16.704  -0.356 0.0000000000
98614  -18.234  16.065  -0.819 0.0000000000
97803  -18.056  15.419  -2.649 0.0000000000
97811  -16.961  15.052  -4.019 0.0000000000
97822  -17.266  15.595  -4.277 0.0000000000
96992  -16.387  14.744  -5.310 0.0000000000
97002  -16.454  14.644  -6.128 0.0000000000
96981  -16.206  13.945  -4.858 0.0000000000
94305  -16.662  11.739  -4.020 0.0000000000
94313  -16.713  11.898  -5.030 0.0000000000
93447  -16.788  10.834  -5.446 0.0000000000
93450  -17.115  10.717  -6.268 0.0000000000
93397  -16.399  9.816  -0.603 0.0000000000
92536  -16.377  9.902  -1.784 0.0000000000
92535  -16.070  9.208  -1.697 0.0000000000
90767  -15.886  8.005  -4.505 0.0000000000
91713  -16.148  8.974  -4.128 0.0000000000
91722  -16.170  8.414  -4.809 0.0000000000
91725  -17.009  8.851  -5.998 0.0000000000
90780  -16.651  8.319  -5.718 0.0000000000
90787  -16.768  7.802  -6.353 0.0000000000
90786  -16.309  7.187  -6.083 0.0000000000
87827  -15.293  3.624  -5.495 0.0000000000
88811  -15.958  5.274  -6.304 0.0000000000
87836  -15.158  4.255  -7.096 0.0000000000
107167  -31.105  26.204  -1.132 0.0000000000
107159  -31.541  26.569  -0.724 0.0000000000
100325  -20.513  18.918  -1.852 0.0000000000
104206  -26.126  23.987  -0.953 0.0000000000
104967  -26.632  24.602  -1.279 0.0000000000
104216  -26.302  23.930  -1.959 0.0000000000
104228  -26.052  23.204  -3.096 0.0000000000
104222  -26.531  23.804  -2.655 0.0000000000
104229  -26.723  23.496  -2.592 0.0000000000
104238  -26.231  22.794  -2.977 0.0000000000
102009  -23.210  20.932  -5.103 0.0000000000
102786  -23.719  21.604  -4.547 0.0000000000
101996  -23.749  20.720  -4.595 0.0000000000
102010  -26.628  21.102  -4.995 0.0000000000
102788  -25.940  21.572  -4.348 0.0000000000
102804  -26.698  21.208  -4.306 0.0000000000
102790  -26.943  21.080  -2.772 0.0000000000
102805  -27.353  20.800  -3.362 0.0000000000
102806  -28.111  20.040  -2.961 0.0000000000
96151  -18.726  13.240  -6.549 0.0000000000
97015  -19.009  13.932  -5.455 0.0000000000
96152  -19.717  13.245  -6.364 0.0000000000
96166  -21.689  13.400  -7.825 0.0000000000
136839  -17.796  6.958  3.263 0.0000000000
90683  -17.488  7.009  3.962 0.0000000000
90682  -16.740  6.791  4.421 0.0000000000
90681  -16.155  7.427  4.147 0.0000000000
136831  -16.163  6.005  3.532 0.0000000000
89743  -16.121  5.654  0.237 0.0000000000
89731  -16.046  6.586  0.981 0.0000000000
88732  -15.396  5.825  -0.354 0.0000000000
87769  -14.773  4.634  -1.237 0.0000000000
86831  -14.315  3.125  -2.862 0.0000000000
94244  -15.112  10.568  2.908 0.0000000000
94224  -14.819  10.430  3.956 0.0000000000
93348  -14.743  9.986  3.703 0.0000000000
92482  -14.649  9.161  3.651 0.0000000000
106432  -28.704  26.735  0.753 0.0000000000
106436  -28.086  26.487  -0.711 0.0000000000
105698  -27.387  25.824  -1.298 0.0000000000
98643  -18.798  16.854  -4.318 0.0000000000
99496  -19.418  17.039  -3.786 0.0000000000
99526  -18.360  17.745  -5.328 0.0000000000
100375  -18.612  18.536  -5.623 0.0000000000
101238  -18.820  18.944  -6.044 0.0000000000
100390  -19.794  18.403  -6.423 0.0000000000
99543  -20.913  17.527  -5.349 0.0000000000
98670  -22.515  16.474  -6.627 0.0000000000
98669  -21.365  16.521  -5.967 0.0000000000
97847  -21.747  15.395  -6.484 0.0000000000
97860  -21.978  14.809  -6.943 0.0000000000
97789  -17.809  15.199  1.660 0.0000000000
97791  -17.830  15.304  0.474 0.0000000000
97793  -17.818  15.410  -0.563 0.0000000000
96957  -17.678  14.540  -1.131 0.0000000000
96107  -17.710  13.384  -2.440 0.0000000000
96106  -17.339  13.314  -3.126 0.0000000000
96115  -16.678  13.445  -3.844 0.0000000000
95204  -16.881  12.547  -3.462 0.0000000000
94294  -16.912  11.646  -3.107 0.0000000000
93434  -16.662  10.847  -3.686 0.0000000000
91667  -15.833  8.421  -1.540 0.0000000000
91686  -15.938  8.540  -2.463 0.0000000000
90743  -15.672  7.554  -2.356 0.0000000000
89794  -15.643  6.859  -4.544 0.0000000000
89810  -15.947  6.533  -5.741 0.0000000000
88786  -15.715  5.638  -4.033 0.0000000000
87807  -15.535  4.580  -4.400 0.0000000000
136667  -14.148  3.384  -4.826 0.0000000000
108507  -30.860  29.453  2.222 0.0000000000
108508  -31.803  30.057  2.125 0.0000000000
106457  -29.934  25.697  -2.758 0.0000000000
106458  -30.852  25.222  -2.021 0.0000000000
105714  -30.458  25.024  -2.736 0.0000000000
103464  -23.139  22.229  -1.534 0.0000000000
103465  -24.087  22.520  -1.640 0.0000000000
103488  -25.240  22.789  -3.243 0.0000000000
101208  -23.059  19.810  -4.488 0.0000000000
101209  -24.065  19.892  -4.671 0.0000000000
101210  -25.121  19.838  -4.780 0.0000000000
101998  -26.072  20.643  -4.924 0.0000000000
101999  -26.617  20.189  -4.950 0.0000000000
95245  -20.081  12.442  -7.060 0.0000000000
94328  -19.723  11.637  -7.377 0.0000000000
94341  -20.359  11.408  -8.014 0.0000000000
90695  -17.696  6.722  2.490 0.0000000000
136835  -17.229  5.933  2.479 0.0000000000
136834  -16.685  5.896  2.786 0.0000000000
89732  -16.632  6.109  0.704 0.0000000000
87754  -16.032  4.840  -0.197 0.0000000000
96078  -17.542  12.989  2.919 0.0000000000
95172  -16.564  12.265  1.270 0.0000000000
94268  -16.876  11.299  -0.376 0.0000000000
94261  -16.548  11.280  0.487 0.0000000000
94260  -15.963  10.985  0.893 0.0000000000
93389  -16.162  10.104  0.227 0.0000000000
93367  -15.108  10.093  1.967 0.0000000000
93379  -15.699  9.622  1.113 0.0000000000
92520  -15.801  9.100  0.058 0.0000000000
91643  -15.563  8.485  0.173 0.0000000000
90727  -14.982  7.167  -1.273 0.0000000000
89755  -14.903  6.435  -1.142 0.0000000000
107823  -30.329  29.193  3.064 0.0000000000
108506  -30.129  29.065  1.234 0.0000000000
108515  -30.766  27.981  1.522 0.0000000000
107840  -31.369  27.276  0.923 0.0000000000
107848  -31.182  27.127  0.136 0.0000000000
107150  -30.621  27.049  -0.071 0.0000000000
106443  -30.039  26.380  -1.132 0.0000000000
106456  -29.269  25.622  -2.845 0.0000000000
105712  -28.712  24.564  -2.395 0.0000000000
104980  -28.873  24.241  -2.345 0.0000000000
100333  -20.649  18.798  -2.757 0.0000000000
99514  -20.092  18.157  -4.274 0.0000000000
100359  -20.295  18.546  -4.184 0.0000000000
137622  -20.913  19.412  -3.540 0.0000000000
102797  -20.915  20.116  -4.743 0.0000000000
102799  -21.798  21.007  -4.916 0.0000000000
103526  -21.801  21.223  -5.705 0.0000000000
104253  -22.992  22.171  -6.004 0.0000000000
103532  -21.574  22.214  -6.950 0.0000000000
102819  -22.426  21.123  -7.084 0.0000000000
102008  -22.582  20.218  -5.428 0.0000000000
101241  -21.360  19.530  -6.475 0.0000000000
101242  -21.983  19.386  -5.411 0.0000000000
101223  -22.431  19.618  -4.747 0.0000000000
100377  -22.668  18.665  -4.943 0.0000000000
100378  -23.686  18.426  -5.243 0.0000000000
100379  -24.708  18.290  -5.122 0.0000000000
99532  -25.473  17.448  -5.498 0.0000000000
99547  -25.014  17.059  -6.249 0.0000000000
89745  -19.436  5.861  0.110 0.0000000000
88722  -18.950  5.273  0.207 0.0000000000
88736  -18.312  4.860  -0.300 0.0000000000
98610  -19.380  16.754  -0.815 0.0000000000
98621  -19.005  16.366  -2.462 0.0000000000
97797  -18.304  15.400  -1.616 0.0000000000
97804  -18.571  15.725  -2.276 0.0000000000
98629  -18.226  16.030  -3.173 0.0000000000
98642  -17.827  16.319  -4.293 0.0000000000
98654  -16.997  16.167  -5.213 0.0000000000
98666  -17.501  16.232  -6.101 0.0000000000
97856  -18.083  15.175  -6.798 0.0000000000
97003  -16.952  14.855  -6.578 0.0000000000
97012  -16.839  14.225  -6.612 0.0000000000
96149  -17.082  13.489  -6.897 0.0000000000
95223  -16.451  12.785  -5.060 0.0000000000
95241  -16.921  12.614  -6.553 0.0000000000
95242  -17.448  12.515  -7.087 0.0000000000
94326  -17.788  11.486  -7.237 0.0000000000
93455  -17.973  10.511  -7.490 0.0000000000
92594  -18.051  9.814  -7.762 0.0000000000
94275  -17.030  11.321  -1.261 0.0000000000
93421  -16.773  10.782  -2.828 0.0000000000
92566  -16.529  10.112  -3.393 0.0000000000
91702  -16.050  8.849  -3.178 0.0000000000
92577  -16.391  9.618  -3.748 0.0000000000
92584  -16.540  9.984  -4.979 0.0000000000
92589  -16.921  9.827  -5.714 0.0000000000
92598  -17.928  9.196  -7.749 0.0000000000
91728  -17.643  8.600  -7.423 0.0000000000
90793  -17.685  7.776  -7.635 0.0000000000
89828  -16.682  6.300  -7.282 0.0000000000
107857  -31.766  26.793  -0.259 0.0000000000
107160  -32.033  26.663  -0.813 0.0000000000
106451  -31.923  25.602  -1.513 0.0000000000
105693  -26.850  25.376  -0.922 0.0000000000
105697  -27.147  24.963  -1.593 0.0000000000
104971  -27.576  24.225  -2.004 0.0000000000
104978  -27.352  23.896  -2.284 0.0000000000
104230  -27.389  23.358  -2.183 0.0000000000
104240  -28.440  22.328  -2.370 0.0000000000
103512  -23.279  22.233  -5.659 0.0000000000
103499  -26.045  21.963  -2.997 0.0000000000
103500  -26.911  21.685  -2.540 0.0000000000
102778  -29.882  21.405  -3.005 0.0000000000
103501  -28.604  21.285  -3.164 0.0000000000
97016  -20.436  14.211  -5.533 0.0000000000
97017  -21.521  14.335  -6.565 0.0000000000
96165  -20.993  12.968  -7.782 0.0000000000
96154  -21.487  13.861  -7.189 0.0000000000
97035  -22.505  14.054  -7.696 0.0000000000
92484  -16.184  9.127  4.236 0.0000000000
91617  -14.334  7.880  3.579 0.0000000000
90693  -14.858  7.503  2.753 0.0000000000
89722  -15.819  6.673  2.467 0.0000000000
89721  -15.510  7.607  2.015 0.0000000000
90708  -15.042  7.756  1.436 0.0000000000
90709  -15.025  7.466  0.711 0.0000000000
88767  -14.497  5.647  -1.921 0.0000000000
87756  -17.376  4.453  -0.657 0.0000000000
87771  -16.500  3.846  -0.821 0.0000000000
86808  -15.538  3.434  -1.367 0.0000000000
86807  -14.769  4.033  -1.478 0.0000000000
86819  -14.011  3.992  -1.530 0.0000000000
87785  -13.661  4.473  -1.673 0.0000000000
88773  -13.880  5.205  -2.481 0.0000000000
87805  -13.732  4.052  -3.195 0.0000000000
86806  -14.333  4.318  -1.387 0.0000000000
86830  -13.606  3.663  -2.079 0.0000000000
87757  -18.032  4.385  -0.931 0.0000000000
87768  -14.145  4.626  -1.370 0.0000000000
87770  -15.562  4.405  -0.756 0.0000000000
87793  -13.539  4.447  -2.429 0.0000000000
87794  -13.867  4.702  -3.092 0.0000000000
88733  -15.631  5.279  -0.303 0.0000000000
88734  -16.594  5.334  0.175 0.0000000000
88737  -19.272  5.079  -0.360 0.0000000000
88751  -14.804  5.391  -1.132 0.0000000000
88766  -13.805  5.142  -1.758 0.0000000000
88775  -15.481  5.671  -3.287 0.0000000000
89705  -16.580  5.185  3.362 0.0000000000
89710  -15.513  6.627  3.219 0.0000000000
89711  -16.619  6.033  4.095 0.0000000000
89720  -15.247  7.753  1.949 0.0000000000
89729  -15.240  7.670  1.719 0.0000000000
89730  -15.491  7.265  1.277 0.0000000000
89733  -17.371  6.108  0.875 0.0000000000
89742  -15.856  6.019  0.169 0.0000000000
89820  -16.464  6.604  -6.763 0.0000000000
90686  -15.030  7.154  3.336 0.0000000000
90687  -15.805  6.951  3.798 0.0000000000
90688  -16.299  6.334  4.067 0.0000000000
90692  -14.536  7.780  2.369 0.0000000000
90694  -15.462  7.151  2.762 0.0000000000
90699  -15.002  7.770  2.080 0.0000000000
90700  -15.451  7.413  2.450 0.0000000000
90701  -15.664  7.114  2.576 0.0000000000
90702  -17.646  6.623  1.673 0.0000000000
90717  -15.263  7.725  -0.744 0.0000000000
90742  -15.258  7.104  -1.912 0.0000000000
90792  -17.207  7.822  -7.135 0.0000000000
91609  -14.843  8.567  3.886 0.0000000000
91610  -15.496  8.073  3.983 0.0000000000
91612  -17.337  7.811  4.282 0.0000000000
91618  -15.121  7.501  3.661 0.0000000000
91624  -14.487  7.825  2.169 0.0000000000
91631  -14.597  7.857  1.777 0.0000000000
91653  -15.350  8.009  -0.143 0.0000000000
91654  -15.655  8.357  -0.608 0.0000000000
91714  -16.430  9.453  -4.619 0.0000000000
92493  -14.323  8.736  2.961 0.0000000000
92527  -16.392  9.673  -1.131 0.0000000000
92550  -16.207  9.329  -2.503 0.0000000000
92565  -16.334  9.468  -3.265 0.0000000000
92578  -16.494  9.968  -4.170 0.0000000000
92593  -17.614  9.588  -7.288 0.0000000000
93368  -15.724  10.665  1.904 0.0000000000
93388  -15.846  9.434  0.554 0.0000000000
93398  -16.682  10.397  -0.850 0.0000000000
93407  -16.755  10.648  -1.924 0.0000000000
93454  -17.370  10.600  -7.050 0.0000000000
93461  -19.056  10.191  -8.169 0.0000000000
94225  -15.238  11.027  4.152 0.0000000000
94234  -14.905  10.537  3.573 0.0000000000
94235  -15.446  11.258  3.470 0.0000000000
94253  -16.193  11.536  1.149 0.0000000000
94325  -17.161  11.611  -6.821 0.0000000000
94329  -20.226  11.938  -7.460 0.0000000000
94339  -18.898  10.703  -7.951 0.0000000000
95165  -16.026  11.974  2.077 0.0000000000
95166  -16.783  12.507  2.445 0.0000000000
95187  -17.589  12.776  -1.802 0.0000000000
95196  -17.476  12.500  -2.507 0.0000000000
95230  -16.679  12.676  -5.733 0.0000000000
95244  -19.221  12.380  -7.055 0.0000000000
96096  -17.482  12.808  -1.390 0.0000000000
96097  -17.623  13.436  -1.545 0.0000000000
96121  -16.214  13.764  -5.164 0.0000000000
96122  -16.318  13.455  -4.713 0.0000000000
96131  -16.289  13.899  -5.617 0.0000000000
96132  -16.389  13.362  -5.429 0.0000000000
96139  -16.335  14.132  -5.946 0.0000000000
96150  -17.858  13.411  -7.007 0.0000000000
96945  -17.584  14.441  1.676 0.0000000000
96948  -17.491  14.422  0.843 0.0000000000
96951  -17.560  14.607  -0.112 0.0000000000
96965  -17.667  13.818  -2.889 0.0000000000
96974  -17.754  14.856  -3.023 0.0000000000
96982  -16.515  14.332  -4.480 0.0000000000
96991  -16.233  14.185  -5.181 0.0000000000
97001  -16.287  14.331  -5.659 0.0000000000
97004  -20.725  14.825  -5.302 0.0000000000
97005  -21.083  14.769  -5.754 0.0000000000
97013  -17.484  14.404  -6.768 0.0000000000
97018  -22.278  14.493  -7.167 0.0000000000
97034  -21.916  14.090  -7.293 0.0000000000
97798  -18.756  15.862  -1.915 0.0000000000
97821  -16.763  15.355  -4.775 0.0000000000
97843  -16.922  15.441  -6.216 0.0000000000
97844  -17.449  15.383  -6.607 0.0000000000
97846  -20.804  15.478  -5.608 0.0000000000
97857  -18.834  15.050  -6.251 0.0000000000
98608  -18.090  16.140  0.031 0.0000000000
98616  -19.491  16.805  -1.561 0.0000000000
98620  -18.442  15.897  -2.637 0.0000000000
98630  -18.822  16.462  -3.579 0.0000000000
98641  -17.120  15.920  -4.615 0.0000000000
98665  -16.956  15.856  -5.825 0.0000000000
98683  -17.897  16.093  -6.899 0.0000000000
98685  -19.200  15.964  -6.366 0.0000000000
98686  -22.690  15.870  -7.036 0.0000000000
99497  -20.060  17.690  -3.812 0.0000000000
99498  -20.329  18.158  -3.896 0.0000000000
99512  -18.328  17.165  -4.747 0.0000000000
99513  -19.184  17.830  -4.598 0.0000000000
99515  -20.360  18.365  -4.023 0.0000000000
99516  -22.780  19.033  -4.674 0.0000000000
99517  -23.014  19.010  -4.714 0.0000000000
99528  -22.710  18.827  -4.774 0.0000000000
99529  -22.898  18.843  -4.793 0.0000000000
99530  -23.539  18.003  -5.682 0.0000000000
99541  -19.207  17.083  -6.518 0.0000000000
99558  -18.479  16.587  -6.651 0.0000000000
99559  -18.828  16.405  -6.617 0.0000000000
100342  -20.336  18.137  -3.638 0.0000000000
100343  -20.561  18.659  -3.651 0.0000000000
100357  -18.935  18.957  -4.886 0.0000000000
100360  -22.824  19.294  -4.616 0.0000000000
100361  -23.321  19.102  -4.750 0.0000000000
100374  -18.427  17.904  -5.941 0.0000000000
100376  -22.552  19.127  -4.672 0.0000000000
100388  -18.476  17.647  -6.185 0.0000000000
101180  -29.234  21.891  -2.025 0.0000000000
101181  -29.415  21.977  -2.131 0.0000000000
101182  -29.839  21.276  -2.652 0.0000000000
101193  -28.932  22.059  -2.421 0.0000000000
101194  -29.008  21.753  -2.425 0.0000000000
101195  -29.182  21.239  -2.566 0.0000000000
101204  -19.295  19.333  -5.180 0.0000000000
101205  -19.814  19.500  -4.709 0.0000000000
101206  -20.398  18.969  -4.189 0.0000000000
101207  -22.689  19.587  -4.601 0.0000000000
101222  -22.547  19.389  -4.652 0.0000000000
101253  -20.777  20.397  -7.107 0.0000000000
101254  -21.038  20.123  -7.164 0.0000000000
101976  -29.060  21.867  -1.970 0.0000000000
101977  -29.731  22.005  -1.868 0.0000000000
101978  -29.712  21.515  -2.721 0.0000000000
101987  -29.028  21.281  -2.874 0.0000000000
101988  -29.822  21.187  -2.895 0.0000000000
101994  -20.539  19.938  -4.537 0.0000000000
102006  -20.312  20.116  -5.255 0.0000000000
102025  -19.910  19.850  -5.794 0.0000000000
102028  -22.236  20.451  -6.482 0.0000000000
102029  -23.086  20.879  -5.940 0.0000000000
102035  -20.449  20.762  -7.018 0.0000000000
102037  -21.880  20.866  -7.216 0.0000000000
102770  -29.817  22.147  -2.031 0.0000000000
102771  -30.038  21.881  -2.826 0.0000000000
102779  -29.889  21.733  -2.954 0.0000000000
102784  -22.314  21.164  -4.199 0.0000000000
102785  -22.574  21.344  -4.611 0.0000000000
102798  -21.305  20.276  -5.091 0.0000000000
102801  -23.536  21.782  -5.624 0.0000000000
102802  -23.518  22.122  -5.967 0.0000000000
102803  -26.323  21.240  -4.809 0.0000000000
102817  -21.036  20.667  -5.857 0.0000000000
102818  -21.541  20.735  -5.545 0.0000000000
102820  -23.052  21.494  -6.646 0.0000000000
102825  -20.717  21.151  -6.428 0.0000000000
102826  -20.932  21.597  -7.058 0.0000000000
102827  -21.851  21.588  -7.164 0.0000000000
102828  -22.544  21.692  -7.091 0.0000000000
103480  -29.515  23.011  -2.205 0.0000000000
103481  -29.772  22.359  -2.671 0.0000000000
103484  -22.374  21.696  -3.152 0.0000000000
103485  -22.829  22.039  -3.252 0.0000000000
103489  -29.092  22.050  -3.092 0.0000000000
103490  -30.141  22.120  -2.963 0.0000000000
103510  -22.041  21.258  -5.080 0.0000000000
103511  -22.562  21.427  -5.133 0.0000000000
103513  -23.342  22.268  -6.335 0.0000000000
103525  -21.426  20.931  -5.820 0.0000000000
103527  -22.237  21.648  -5.774 0.0000000000
103528  -22.979  21.800  -7.128 0.0000000000
103529  -23.451  22.288  -7.060 0.0000000000
103531  -21.179  21.822  -6.324 0.0000000000
103533  -22.475  22.319  -7.156 0.0000000000
103534  -22.960  22.633  -7.280 0.0000000000
104223  -29.262  23.105  -2.440 0.0000000000
104224  -29.690  22.964  -2.565 0.0000000000
104231  -29.523  23.063  -2.607 0.0000000000
104232  -30.181  22.681  -2.941 0.0000000000
104237  -22.967  22.408  -5.371 0.0000000000
104242  -29.466  23.595  -2.581 0.0000000000
104252  -22.660  22.075  -5.529 0.0000000000
104254  -23.387  22.741  -6.644 0.0000000000
104259  -21.845  21.794  -6.011 0.0000000000
104260  -22.369  22.103  -6.162 0.0000000000
104261  -22.798  22.673  -6.700 0.0000000000
104262  -23.206  22.949  -7.198 0.0000000000
104263  -21.787  22.093  -6.536 0.0000000000
104264  -22.156  22.628  -6.804 0.0000000000
104265  -22.683  22.892  -7.235 0.0000000000
104266  -22.961  22.991  -7.300 0.0000000000
104981  -30.013  23.219  -2.812 0.0000000000
104987  -28.777  23.598  -2.325 0.0000000000
105702  -27.418  24.563  -1.860 0.0000000000
105708  -28.981  25.476  -2.747 0.0000000000
105722  -29.679  24.336  -2.747 0.0000000000
106450  -31.364  25.624  -1.524 0.0000000000
107158  -30.956  26.690  -0.540 0.0000000000
107166  -30.516  26.314  -1.000 0.0000000000
107847  -30.721  27.013  0.424 0.0000000000
108523  -31.109  27.466  1.309 0.0000000000
108524  -31.362  27.709  1.341 0.0000000000
108531  -31.912  27.452  0.795 0.0000000000
109185  -34.149  30.076  2.024 0.0000000000
109188  -32.238  29.903  1.554 0.0000000000
109189  -32.771  29.374  1.446 0.0000000000
109193  -32.766  28.621  1.183 0.0000000000
136832  -16.117  5.649  2.985 0.0000000000
136833  -17.234  5.233  3.025 0.0000000000
136837  -17.431  5.776  2.936 0.0000000000
136838  -17.613  6.485  3.164 0.0000000000
137623  -20.686  19.084  -3.850 0.0000000000
137624  -21.040  19.569  -3.362 0.0000000000
137625  -21.062  19.553  -3.119 0.0000000000
137626  -20.814  19.353  -3.966 0.0000000000
137628  -21.411  20.598  -3.684 0.0000000000
137629  -21.202  19.695  -3.267 0.0000000000
137630  -20.867  19.260  -3.111 0.0000000000
137631  -28.961  22.256  -2.420 0.0000000000
137632  -28.881  22.815  -2.402 0.0000000000
137633  -28.273  21.373  -2.450 0.0000000000
