#!ascii label  , from subject 3271 vox2ras=TkReg
2200
54901  55.761  -24.849  71.303 0.0000000000
41373  41.070  -38.768  87.575 0.0000000000
32996  26.489  -48.065  87.253 0.0000000000
35915  17.943  -44.967  87.787 0.0000000000
36799  33.155  -42.538  92.328 0.0000000000
30918  37.196  -49.250  86.282 0.0000000000
55959  46.708  -23.113  72.043 0.0000000000
60360  60.993  -19.893  66.174 0.0000000000
53851  49.034  -25.378  82.782 0.0000000000
47100  41.813  -32.919  78.967 0.0000000000
38734  39.199  -41.010  74.574 0.0000000000
33950  26.329  -47.129  92.856 0.0000000000
34017  21.981  -46.601  86.331 0.0000000000
34854  23.456  -45.678  93.786 0.0000000000
32956  30.966  -47.519  90.653 0.0000000000
59026  48.919  -20.351  80.701 0.0000000000
46958  38.513  -33.326  91.465 0.0000000000
127904  43.979  -30.609  90.347 0.0000000000
48958  41.512  -29.728  86.364 0.0000000000
43303  42.173  -36.379  82.679 0.0000000000
42502  37.034  -37.418  77.453 0.0000000000
39569  39.888  -40.344  80.518 0.0000000000
33037  34.245  -47.608  82.901 0.0000000000
30989  37.921  -49.550  81.011 0.0000000000
57146  58.228  -21.824  68.982 0.0000000000
55004  58.726  -24.573  63.975 0.0000000000
34039  29.733  -46.516  82.673 0.0000000000
36922  24.168  -44.239  80.413 0.0000000000
39481  37.000  -40.860  89.617 0.0000000000
35931  40.645  -44.088  85.202 0.0000000000
34905  34.825  -45.513  88.381 0.0000000000
30923  31.721  -49.564  86.472 0.0000000000
55929  52.133  -24.024  72.432 0.0000000000
36778  19.339  -43.633  95.453 0.0000000000
35883  16.106  -45.810  90.756 0.0000000000
61335  56.702  -18.176  72.005 0.0000000000
58035  55.382  -21.447  75.341 0.0000000000
55856  52.012  -24.098  76.741 0.0000000000
53896  48.906  -25.859  76.845 0.0000000000
49984  45.544  -30.004  76.912 0.0000000000
55723  43.862  -23.444  86.878 0.0000000000
49931  43.448  -29.196  81.619 0.0000000000
49048  40.265  -30.516  75.078 0.0000000000
45367  37.289  -34.214  73.794 0.0000000000
35042  40.413  -45.502  79.592 0.0000000000
35844  26.707  -44.605  94.648 0.0000000000
33943  25.225  -46.604  93.359 0.0000000000
36772  24.294  -43.418  94.706 0.0000000000
34851  28.596  -45.001  93.987 0.0000000000
43172  41.512  -35.082  89.256 0.0000000000
40391  46.088  -38.677  88.635 0.0000000000
45049  42.202  -33.934  88.162 0.0000000000
41407  42.331  -37.779  86.319 0.0000000000
41482  40.303  -38.676  81.311 0.0000000000
40477  40.737  -39.528  83.250 0.0000000000
34054  32.786  -46.828  81.781 0.0000000000
34074  34.799  -47.414  81.781 0.0000000000
55978  57.321  -23.966  69.908 0.0000000000
56034  55.723  -23.512  67.434 0.0000000000
54954  55.148  -24.991  68.399 0.0000000000
34021  27.417  -47.014  85.037 0.0000000000
34980  27.350  -44.969  81.711 0.0000000000
34034  25.591  -45.938  84.242 0.0000000000
34921  19.995  -46.156  87.557 0.0000000000
35953  20.415  -45.126  83.505 0.0000000000
36872  17.832  -43.652  83.872 0.0000000000
36875  15.547  -43.676  85.301 0.0000000000
41287  35.630  -38.199  91.657 0.0000000000
38586  35.526  -41.772  90.518 0.0000000000
37755  35.165  -42.541  87.084 0.0000000000
36824  33.478  -44.118  89.282 0.0000000000
31931  29.063  -49.069  89.552 0.0000000000
31947  30.854  -49.234  89.075 0.0000000000
31965  29.228  -49.044  86.653 0.0000000000
33025  29.845  -48.008  84.315 0.0000000000
58087  49.927  -21.832  72.239 0.0000000000
54905  50.647  -24.315  71.496 0.0000000000
54907  48.419  -24.051  71.783 0.0000000000
35874  16.169  -45.388  91.190 0.0000000000
55839  54.002  -22.582  77.219 0.0000000000
58009  52.681  -21.087  78.271 0.0000000000
55787  49.262  -23.500  81.915 0.0000000000
55810  49.796  -23.533  79.781 0.0000000000
52994  49.454  -26.522  80.162 0.0000000000
51056  47.498  -28.313  76.700 0.0000000000
51018  47.520  -28.915  79.993 0.0000000000
48008  42.349  -31.371  82.403 0.0000000000
51000  41.878  -28.748  83.283 0.0000000000
48994  42.072  -30.662  80.387 0.0000000000
49988  41.529  -30.039  77.908 0.0000000000
48061  40.992  -31.683  77.116 0.0000000000
47154  38.912  -32.804  74.747 0.0000000000
46214  39.129  -33.873  75.922 0.0000000000
41565  36.623  -37.913  74.200 0.0000000000
33004  40.368  -47.368  86.103 0.0000000000
34975  41.413  -45.033  82.208 0.0000000000
31985  40.725  -47.952  83.242 0.0000000000
32127  38.181  -47.031  77.144 0.0000000000
60401  62.486  -19.270  61.423 0.0000000000
58187  61.798  -21.554  63.288 0.0000000000
31925  26.636  -48.548  90.009 0.0000000000
34003  24.413  -47.167  86.851 0.0000000000
32958  24.299  -47.957  90.107 0.0000000000
33958  22.531  -47.123  90.836 0.0000000000
126696  20.879  -46.205  91.269 0.0000000000
36765  31.649  -43.194  93.748 0.0000000000
34878  32.167  -44.645  91.854 0.0000000000
33938  30.659  -45.381  92.809 0.0000000000
32945  28.452  -48.031  91.445 0.0000000000
61232  50.269  -18.516  80.048 0.0000000000
57929  47.455  -21.689  83.976 0.0000000000
46993  41.565  -31.116  88.897 0.0000000000
47035  43.275  -32.893  85.143 0.0000000000
45177  41.971  -34.781  81.228 0.0000000000
44341  39.353  -35.315  78.404 0.0000000000
43349  39.889  -36.618  80.474 0.0000000000
40526  38.636  -39.281  79.157 0.0000000000
39606  39.333  -40.783  77.970 0.0000000000
30953  35.221  -49.159  84.634 0.0000000000
30950  38.462  -49.477  83.106 0.0000000000
32017  36.339  -48.825  82.925 0.0000000000
58143  60.166  -21.440  67.472 0.0000000000
54988  60.698  -23.751  64.982 0.0000000000
56051  57.832  -23.190  66.811 0.0000000000
34965  23.330  -45.422  83.668 0.0000000000
42267  37.798  -37.248  90.533 0.0000000000
39497  39.169  -40.165  88.024 0.0000000000
39538  39.520  -40.227  84.789 0.0000000000
39532  36.916  -41.193  85.830 0.0000000000
35909  38.238  -44.997  87.517 0.0000000000
32994  37.061  -47.883  88.017 0.0000000000
33973  32.579  -46.597  89.407 0.0000000000
31963  33.957  -48.959  88.288 0.0000000000
30920  34.995  -49.485  86.449 0.0000000000
30956  32.564  -49.223  84.599 0.0000000000
33060  31.183  -46.949  82.297 0.0000000000
54903  53.665  -24.747  71.819 0.0000000000
53959  53.146  -25.555  70.336 0.0000000000
54924  51.681  -24.700  71.129 0.0000000000
34858  21.140  -44.209  94.905 0.0000000000
126684  19.826  -45.517  92.591 0.0000000000
35865  18.141  -44.782  93.356 0.0000000000
126662  16.526  -44.602  90.315 0.0000000000
60319  59.319  -19.424  69.085 0.0000000000
58100  58.373  -21.477  70.590 0.0000000000
57069  57.470  -22.613  72.575 0.0000000000
54849  55.976  -24.027  73.819 0.0000000000
54836  54.022  -24.223  75.003 0.0000000000
55871  52.240  -23.990  75.575 0.0000000000
55873  50.160  -23.787  75.170 0.0000000000
56943  50.982  -22.400  79.365 0.0000000000
54817  50.087  -24.666  77.292 0.0000000000
54855  48.386  -24.689  74.672 0.0000000000
52079  46.411  -27.214  73.498 0.0000000000
50048  45.395  -29.208  73.505 0.0000000000
54748  46.565  -24.537  85.239 0.0000000000
52929  42.714  -26.374  87.082 0.0000000000
51971  45.032  -27.653  84.897 0.0000000000
50983  47.119  -28.551  82.806 0.0000000000
49952  44.406  -29.911  79.352 0.0000000000
50002  42.499  -29.830  76.721 0.0000000000
44378  37.143  -35.846  75.550 0.0000000000
37796  41.097  -42.360  82.822 0.0000000000
37840  40.512  -42.764  79.103 0.0000000000
36977  39.802  -43.328  77.002 0.0000000000
30930  39.320  -48.657  81.109 0.0000000000
35073  38.733  -45.649  77.152 0.0000000000
36771  25.172  -43.667  94.637 0.0000000000
37686  25.072  -42.864  94.433 0.0000000000
41330  40.713  -37.106  89.114 0.0000000000
41304  44.499  -38.063  90.023 0.0000000000
41329  42.629  -38.300  89.865 0.0000000000
43203  42.464  -36.573  89.625 0.0000000000
41389  41.875  -38.259  86.842 0.0000000000
40462  41.164  -39.055  83.862 0.0000000000
40449  40.612  -39.493  85.315 0.0000000000
54900  56.686  -24.457  70.965 0.0000000000
54939  56.305  -24.652  69.480 0.0000000000
54940  55.358  -25.133  69.452 0.0000000000
33019  27.280  -47.348  85.512 0.0000000000
34033  26.382  -46.075  84.023 0.0000000000
34013  26.029  -46.961  85.909 0.0000000000
34933  18.612  -45.337  87.441 0.0000000000
35933  18.665  -44.815  85.290 0.0000000000
35935  17.408  -44.136  85.894 0.0000000000
36873  17.127  -43.394  84.431 0.0000000000
36855  16.338  -43.566  86.659 0.0000000000
38550  33.266  -41.342  92.887 0.0000000000
38549  33.907  -41.151  92.304 0.0000000000
39432  34.908  -40.249  91.928 0.0000000000
37710  34.252  -41.776  91.755 0.0000000000
37723  34.355  -43.149  90.359 0.0000000000
36807  33.670  -43.086  91.339 0.0000000000
31950  27.397  -48.754  88.379 0.0000000000
31949  28.589  -49.123  88.219 0.0000000000
31967  27.547  -48.568  87.233 0.0000000000
33006  28.334  -47.978  85.591 0.0000000000
57073  48.412  -22.301  72.569 0.0000000000
57098  48.921  -22.423  71.671 0.0000000000
55957  48.192  -23.089  71.575 0.0000000000
61263  52.587  -18.345  77.549 0.0000000000
60160  53.034  -19.916  77.823 0.0000000000
61242  52.051  -19.022  78.704 0.0000000000
54774  49.189  -24.334  82.336 0.0000000000
54784  49.431  -24.601  81.411 0.0000000000
52987  49.318  -26.488  81.192 0.0000000000
52004  48.821  -27.488  80.071 0.0000000000
51998  48.755  -27.645  81.215 0.0000000000
48038  42.408  -32.274  80.378 0.0000000000
48990  42.013  -30.526  81.364 0.0000000000
48039  42.218  -31.756  79.720 0.0000000000
48060  41.402  -31.647  77.905 0.0000000000
47116  41.065  -32.677  77.494 0.0000000000
46213  39.755  -33.626  76.487 0.0000000000
46192  40.081  -34.003  77.194 0.0000000000
33005  39.554  -47.904  86.494 0.0000000000
33015  40.911  -47.589  84.899 0.0000000000
30916  39.042  -49.217  85.076 0.0000000000
60391  61.984  -19.685  63.695 0.0000000000
59252  61.634  -20.830  64.782 0.0000000000
32947  26.598  -48.122  91.475 0.0000000000
32957  24.952  -48.168  89.865 0.0000000000
32933  25.914  -47.766  92.112 0.0000000000
32935  23.620  -47.358  91.522 0.0000000000
126704  22.460  -46.434  92.207 0.0000000000
33966  21.701  -46.741  90.427 0.0000000000
126703  21.956  -46.167  92.591 0.0000000000
36750  30.737  -43.168  94.138 0.0000000000
33925  31.090  -44.868  93.058 0.0000000000
34849  30.313  -44.749  93.573 0.0000000000
33942  27.193  -46.583  93.429 0.0000000000
31891  28.814  -46.655  92.687 0.0000000000
32932  27.332  -47.406  92.485 0.0000000000
31915  27.113  -48.371  90.796 0.0000000000
46941  45.286  -32.876  91.414 0.0000000000
127944  41.735  -29.665  92.527 0.0000000000
127937  42.067  -30.349  90.461 0.0000000000
47953  40.924  -30.146  89.514 0.0000000000
46975  41.828  -31.620  89.442 0.0000000000
43236  43.350  -35.658  85.624 0.0000000000
45085  43.162  -34.099  86.668 0.0000000000
45121  43.417  -34.449  84.263 0.0000000000
46095  42.879  -33.761  82.591 0.0000000000
44210  41.980  -35.730  81.907 0.0000000000
44262  40.880  -35.441  80.587 0.0000000000
44211  41.518  -36.211  81.682 0.0000000000
40497  39.937  -39.473  80.972 0.0000000000
41483  39.820  -38.636  80.688 0.0000000000
40510  39.411  -39.435  80.274 0.0000000000
39597  38.976  -39.972  78.503 0.0000000000
38693  39.958  -41.111  79.410 0.0000000000
32001  34.881  -48.707  83.942 0.0000000000
32000  35.793  -48.728  83.804 0.0000000000
33036  34.995  -47.692  82.859 0.0000000000
57162  58.642  -21.969  68.039 0.0000000000
57180  59.402  -22.668  67.314 0.0000000000
57181  58.272  -22.677  67.339 0.0000000000
56053  55.401  -23.379  66.438 0.0000000000
34977  30.315  -45.491  81.266 0.0000000000
34978  29.556  -45.170  81.237 0.0000000000
34016  23.107  -46.775  86.436 0.0000000000
34939  23.739  -46.103  84.914 0.0000000000
34940  22.914  -46.130  85.024 0.0000000000
36889  19.405  -44.180  81.896 0.0000000000
35987  21.170  -44.655  81.789 0.0000000000
40323  36.744  -39.353  90.941 0.0000000000
42251  37.084  -37.636  90.851 0.0000000000
40349  37.639  -39.356  90.465 0.0000000000
40348  38.626  -38.784  90.081 0.0000000000
39499  38.122  -40.573  88.619 0.0000000000
39523  37.653  -40.662  86.453 0.0000000000
39516  37.058  -41.007  87.206 0.0000000000
35913  34.461  -44.559  87.859 0.0000000000
36837  36.623  -43.848  87.302 0.0000000000
34918  36.301  -45.080  88.120 0.0000000000
33986  37.365  -46.159  88.342 0.0000000000
32978  36.355  -47.195  88.490 0.0000000000
33956  31.367  -45.993  91.265 0.0000000000
33963  32.031  -46.100  90.056 0.0000000000
32955  31.423  -47.419  90.354 0.0000000000
30898  31.449  -49.447  88.259 0.0000000000
31945  32.816  -48.894  88.731 0.0000000000
30908  33.189  -49.415  87.875 0.0000000000
30907  34.400  -49.360  87.477 0.0000000000
30922  32.811  -49.626  86.612 0.0000000000
30936  33.543  -49.499  85.633 0.0000000000
30937  32.437  -49.440  85.495 0.0000000000
33041  29.793  -47.243  83.412 0.0000000000
33040  30.851  -47.716  83.260 0.0000000000
34038  30.454  -46.943  82.663 0.0000000000
54884  52.912  -24.319  72.978 0.0000000000
54923  52.571  -24.881  71.212 0.0000000000
55953  52.011  -24.257  71.704 0.0000000000
53946  50.986  -25.325  71.655 0.0000000000
36777  20.181  -43.376  95.477 0.0000000000
126701  20.315  -45.160  93.738 0.0000000000
35863  19.604  -44.513  94.492 0.0000000000
35866  16.901  -44.719  92.497 0.0000000000
35873  17.698  -45.062  92.110 0.0000000000
126680  17.672  -45.270  91.021 0.0000000000
126674  16.706  -45.511  90.183 0.0000000000
36858  14.178  -44.190  88.413 0.0000000000
35918  15.416  -45.638  89.385 0.0000000000
61389  59.535  -18.619  68.431 0.0000000000
61354  58.429  -18.764  70.323 0.0000000000
60285  58.151  -19.687  71.091 0.0000000000
58086  58.123  -21.652  71.434 0.0000000000
59119  57.477  -20.546  72.229 0.0000000000
59084  55.878  -20.859  74.779 0.0000000000
57023  56.690  -22.104  73.806 0.0000000000
55867  56.022  -22.977  74.950 0.0000000000
54850  55.136  -24.305  74.081 0.0000000000
55868  55.334  -23.367  75.357 0.0000000000
55840  53.462  -23.037  77.442 0.0000000000
55855  53.063  -23.712  76.716 0.0000000000
55891  50.308  -23.294  74.603 0.0000000000
55872  51.057  -23.922  75.581 0.0000000000
60139  49.819  -19.351  80.330 0.0000000000
59039  50.801  -20.474  79.859 0.0000000000
58001  50.339  -21.287  79.881 0.0000000000
53886  49.421  -25.480  78.130 0.0000000000
54808  50.150  -24.505  78.221 0.0000000000
54828  49.429  -25.122  76.595 0.0000000000
54841  48.834  -25.156  75.691 0.0000000000
53910  48.380  -25.456  75.292 0.0000000000
53912  47.063  -25.570  73.959 0.0000000000
53030  47.943  -26.620  75.559 0.0000000000
49983  46.334  -29.415  76.557 0.0000000000
50014  46.411  -28.926  74.783 0.0000000000
50015  45.786  -29.509  74.956 0.0000000000
50032  44.189  -30.014  74.398 0.0000000000
55740  45.432  -23.718  85.730 0.0000000000
49883  41.168  -28.694  86.994 0.0000000000
51923  41.287  -26.986  88.024 0.0000000000
50950  41.410  -28.108  86.466 0.0000000000
51010  42.477  -28.886  82.201 0.0000000000
50973  43.299  -28.006  84.389 0.0000000000
50986  44.307  -28.569  83.483 0.0000000000
50970  45.934  -28.357  83.998 0.0000000000
50996  45.401  -29.175  82.684 0.0000000000
49920  46.047  -29.483  81.476 0.0000000000
49940  44.379  -29.758  80.327 0.0000000000
50004  41.023  -30.172  76.907 0.0000000000
50003  41.567  -29.717  76.902 0.0000000000
50020  40.844  -29.906  76.006 0.0000000000
50035  40.742  -29.641  74.779 0.0000000000
50036  40.302  -29.880  74.286 0.0000000000
49049  39.828  -30.921  74.451 0.0000000000
46263  37.756  -33.785  73.966 0.0000000000
47191  38.085  -32.474  73.330 0.0000000000
44316  38.230  -36.063  77.986 0.0000000000
44343  38.143  -35.844  77.287 0.0000000000
43415  37.025  -36.779  77.005 0.0000000000
42529  36.335  -37.097  73.801 0.0000000000
37783  39.667  -41.949  84.739 0.0000000000
38658  40.364  -41.483  83.671 0.0000000000
37789  40.934  -42.808  83.665 0.0000000000
34115  41.028  -45.311  80.657 0.0000000000
35995  41.270  -44.045  80.756 0.0000000000
36025  40.491  -44.445  79.134 0.0000000000
36971  40.228  -43.472  77.917 0.0000000000
36039  40.245  -44.399  78.426 0.0000000000
30969  38.177  -49.544  82.050 0.0000000000
30988  38.546  -49.283  80.886 0.0000000000
34154  39.172  -46.317  78.070 0.0000000000
36069  38.769  -44.254  75.692 0.0000000000
55003  59.742  -24.287  64.224 0.0000000000
56081  61.029  -23.886  63.608 0.0000000000
53972  52.920  -25.959  69.394 0.0000000000
126698  26.374  -46.147  93.925 0.0000000000
34853  25.726  -45.618  94.233 0.0000000000
35846  24.003  -44.460  94.607 0.0000000000
34852  27.284  -45.497  94.172 0.0000000000
44077  40.169  -34.704  90.160 0.0000000000
45971  41.151  -33.588  90.839 0.0000000000
43169  43.374  -35.977  91.143 0.0000000000
43185  46.646  -36.373  90.063 0.0000000000
127890  47.034  -34.198  88.432 0.0000000000
46991  44.295  -33.272  89.455 0.0000000000
45029  44.548  -35.131  89.356 0.0000000000
43213  42.266  -35.601  87.792 0.0000000000
42344  42.749  -37.123  84.802 0.0000000000
42384  41.546  -37.579  82.638 0.0000000000
41440  41.431  -38.483  83.158 0.0000000000
41441  41.130  -39.012  82.974 0.0000000000
39555  40.401  -40.530  81.853 0.0000000000
33058  33.046  -47.122  82.366 0.0000000000
33056  34.763  -47.275  82.399 0.0000000000
34053  33.730  -46.762  81.840 0.0000000000
55998  57.384  -23.101  69.054 0.0000000000
57148  56.974  -22.627  68.075 0.0000000000
56016  56.624  -23.499  68.392 0.0000000000
54964  55.561  -24.336  67.945 0.0000000000
34031  28.488  -46.785  83.807 0.0000000000
34960  27.779  -45.437  82.483 0.0000000000
34041  27.357  -45.835  83.312 0.0000000000
34962  26.151  -45.412  83.164 0.0000000000
35948  24.690  -44.943  82.618 0.0000000000
34018  21.198  -46.514  86.797 0.0000000000
34942  21.359  -46.089  85.401 0.0000000000
34956  19.864  -45.456  85.076 0.0000000000
35954  19.289  -44.535  83.484 0.0000000000
36893  15.947  -43.285  83.360 0.0000000000
40324  35.742  -39.439  91.652 0.0000000000
38602  36.308  -41.366  90.048 0.0000000000
38614  36.476  -41.524  89.003 0.0000000000
37734  35.060  -42.595  88.943 0.0000000000
37745  33.897  -43.471  88.231 0.0000000000
35914  33.761  -44.612  88.186 0.0000000000
31922  29.456  -48.524  90.483 0.0000000000
31929  31.265  -48.346  89.843 0.0000000000
31948  29.779  -49.267  88.825 0.0000000000
30899  30.440  -49.388  88.110 0.0000000000
30925  29.832  -49.202  86.338 0.0000000000
30939  30.678  -49.120  85.506 0.0000000000
31978  29.418  -48.782  85.924 0.0000000000
33026  28.917  -47.338  84.215 0.0000000000
57070  50.955  -22.730  72.159 0.0000000000
55954  51.321  -23.521  71.755 0.0000000000
57096  50.724  -22.931  71.652 0.0000000000
54906  49.660  -23.968  71.736 0.0000000000
35867  15.880  -44.256  91.927 0.0000000000
35907  16.839  -46.739  89.889 0.0000000000
59075  54.394  -20.314  76.178 0.0000000000
56990  54.505  -22.349  76.675 0.0000000000
58017  53.934  -21.212  77.024 0.0000000000
56974  53.364  -22.194  77.670 0.0000000000
56956  52.594  -22.183  78.491 0.0000000000
56930  49.018  -21.814  81.254 0.0000000000
56944  50.010  -22.345  79.873 0.0000000000
55796  49.405  -23.587  80.915 0.0000000000
53872  49.573  -25.516  79.803 0.0000000000
53008  48.958  -26.612  78.524 0.0000000000
52021  48.316  -27.225  76.924 0.0000000000
52014  48.384  -27.561  77.956 0.0000000000
51033  47.267  -29.076  78.138 0.0000000000
49950  46.603  -29.550  78.714 0.0000000000
48974  42.234  -30.873  84.127 0.0000000000
49910  41.516  -29.224  84.643 0.0000000000
49924  41.757  -29.497  82.865 0.0000000000
49933  41.900  -29.520  81.926 0.0000000000
49942  42.611  -29.464  80.763 0.0000000000
49954  42.557  -29.640  79.844 0.0000000000
49971  41.835  -30.015  79.131 0.0000000000
49029  41.221  -30.844  77.615 0.0000000000
48081  40.235  -31.495  75.564 0.0000000000
48082  39.731  -31.470  74.795 0.0000000000
47153  39.595  -32.473  75.310 0.0000000000
46237  38.904  -33.491  75.276 0.0000000000
45346  38.306  -34.151  75.047 0.0000000000
41541  37.017  -38.231  76.787 0.0000000000
41542  36.704  -37.775  76.308 0.0000000000
41556  37.177  -38.595  75.370 0.0000000000
41572  37.155  -38.567  73.627 0.0000000000
41587  36.534  -37.955  72.355 0.0000000000
34927  40.687  -45.181  85.502 0.0000000000
35939  41.293  -44.289  84.071 0.0000000000
34020  41.155  -46.124  84.842 0.0000000000
126515  41.559  -46.892  83.746 0.0000000000
126510  40.789  -47.160  82.022 0.0000000000
126542  38.670  -48.931  79.740 0.0000000000
31033  38.307  -49.064  78.919 0.0000000000
61439  62.151  -18.709  63.190 0.0000000000
59265  62.275  -20.442  61.909 0.0000000000
57206  61.852  -22.435  62.042 0.0000000000
31951  26.424  -48.406  88.358 0.0000000000
33010  25.334  -47.402  86.973 0.0000000000
32984  25.521  -48.042  88.306 0.0000000000
32999  24.263  -47.421  87.925 0.0000000000
32987  23.318  -47.453  88.913 0.0000000000
32934  24.694  -47.680  91.804 0.0000000000
32959  23.510  -47.632  90.164 0.0000000000
33975  22.349  -47.148  89.329 0.0000000000
33976  21.561  -46.809  89.415 0.0000000000
33996  20.237  -46.426  89.060 0.0000000000
34897  19.446  -46.036  89.407 0.0000000000
36790  32.668  -43.056  93.169 0.0000000000
34885  32.627  -43.661  92.010 0.0000000000
34864  32.322  -44.193  92.789 0.0000000000
32916  31.180  -45.495  92.080 0.0000000000
31910  30.688  -46.761  91.409 0.0000000000
33940  29.406  -45.857  93.308 0.0000000000
30864  29.816  -46.544  92.137 0.0000000000
31912  29.620  -47.767  91.309 0.0000000000
31923  28.462  -48.731  90.269 0.0000000000
31924  27.520  -48.684  90.123 0.0000000000
54887  46.100  -23.960  72.095 0.0000000000
54909  46.488  -23.925  71.560 0.0000000000
53951  45.765  -24.824  70.886 0.0000000000
62258  51.244  -17.714  79.126 0.0000000000
59015  48.710  -20.339  81.329 0.0000000000
59005  48.382  -20.341  82.311 0.0000000000
57946  48.455  -22.192  82.975 0.0000000000
54760  48.502  -23.990  83.491 0.0000000000
49863  40.714  -28.812  88.746 0.0000000000
47971  41.556  -30.420  87.586 0.0000000000
46014  41.910  -32.644  88.629 0.0000000000
47018  42.306  -32.004  87.353 0.0000000000
47992  42.374  -31.402  85.735 0.0000000000
47047  42.923  -32.586  83.642 0.0000000000
47059  42.721  -33.008  81.910 0.0000000000
46149  41.772  -33.945  79.669 0.0000000000
45278  40.486  -34.420  78.415 0.0000000000
45229  40.525  -35.177  79.712 0.0000000000
44289  38.995  -36.011  79.275 0.0000000000
43372  38.223  -36.906  79.186 0.0000000000
42412  40.627  -37.504  81.350 0.0000000000
42442  39.040  -37.620  79.927 0.0000000000
41524  37.973  -38.388  78.803 0.0000000000
40548  38.341  -39.354  77.341 0.0000000000
39614  38.795  -40.073  76.562 0.0000000000
38716  39.403  -41.210  76.169 0.0000000000
30933  36.706  -49.255  85.120 0.0000000000
30932  37.909  -49.375  84.621 0.0000000000
30952  36.196  -49.065  84.392 0.0000000000
32016  36.787  -49.120  83.164 0.0000000000
30970  37.133  -49.417  82.441 0.0000000000
33055  35.321  -47.881  82.403 0.0000000000
32056  36.188  -49.087  82.041 0.0000000000
59231  60.640  -20.620  66.867 0.0000000000
58167  61.381  -21.623  65.346 0.0000000000
56048  60.410  -22.940  66.577 0.0000000000
56060  59.732  -23.792  65.959 0.0000000000
54978  58.148  -24.258  65.571 0.0000000000
56052  56.615  -22.896  66.860 0.0000000000
54979  57.013  -24.286  65.503 0.0000000000
34024  24.374  -46.458  85.515 0.0000000000
34951  23.984  -45.675  84.248 0.0000000000
35963  23.647  -44.706  82.343 0.0000000000
35952  21.609  -45.302  83.352 0.0000000000
35986  22.194  -44.600  81.746 0.0000000000
45003  38.379  -34.817  91.054 0.0000000000
42249  39.318  -36.728  89.736 0.0000000000
41309  39.659  -37.921  89.597 0.0000000000
40417  39.828  -39.745  87.468 0.0000000000
40450  39.959  -39.809  85.606 0.0000000000
39521  39.321  -40.162  86.971 0.0000000000
38642  38.259  -41.262  85.325 0.0000000000
36864  38.930  -42.851  85.826 0.0000000000
38645  36.043  -42.209  86.381 0.0000000000
36851  37.644  -43.454  86.804 0.0000000000
35922  39.524  -44.104  86.355 0.0000000000
34000  39.529  -46.156  87.222 0.0000000000
32992  38.833  -47.349  87.412 0.0000000000
31976  37.449  -48.844  86.898 0.0000000000
35882  32.693  -44.767  90.611 0.0000000000
35903  32.739  -45.403  89.231 0.0000000000
33990  33.525  -46.724  88.906 0.0000000000
31928  32.221  -48.277  89.386 0.0000000000
32982  32.988  -48.045  89.201 0.0000000000
32980  34.443  -47.459  88.785 0.0000000000
31942  35.170  -48.158  88.464 0.0000000000
30906  35.418  -49.286  87.241 0.0000000000
30919  36.047  -49.411  86.278 0.0000000000
30935  34.587  -49.469  85.581 0.0000000000
30954  34.249  -49.228  84.731 0.0000000000
32021  32.746  -48.408  83.449 0.0000000000
31988  31.054  -48.928  84.910 0.0000000000
32022  32.000  -48.506  83.627 0.0000000000
33039  32.191  -47.878  83.010 0.0000000000
33059  32.000  -47.177  82.346 0.0000000000
54902  54.681  -24.965  71.587 0.0000000000
54921  54.832  -25.257  70.513 0.0000000000
54922  53.805  -25.223  70.973 0.0000000000
54925  51.194  -24.371  71.292 0.0000000000
53961  51.288  -24.858  71.248 0.0000000000
53949  47.245  -24.933  71.443 0.0000000000
38535  24.025  -41.760  94.306 0.0000000000
36773  23.555  -43.113  94.875 0.0000000000
35848  22.813  -43.692  94.908 0.0000000000
36775  21.982  -42.892  95.210 0.0000000000
126708  22.030  -44.599  94.532 0.0000000000
29885  20.849  -46.123  92.001 0.0000000000
126690  19.899  -45.796  91.438 0.0000000000
34899  18.455  -45.518  89.911 0.0000000000
36779  18.393  -43.839  95.264 0.0000000000
34880  18.889  -45.106  93.047 0.0000000000
126675  18.244  -45.396  90.560 0.0000000000
35898  16.734  -44.553  89.125 0.0000000000
36856  15.506  -43.443  87.065 0.0000000000
61414  60.552  -18.984  66.425 0.0000000000
60350  60.300  -19.674  67.214 0.0000000000
59199  59.848  -20.009  68.131 0.0000000000
58112  59.114  -20.677  69.171 0.0000000000
61370  58.601  -17.948  69.798 0.0000000000
59158  58.920  -20.005  69.856 0.0000000000
57132  58.297  -21.981  69.560 0.0000000000
55976  58.112  -22.895  70.252 0.0000000000
55952  57.836  -23.576  71.078 0.0000000000
54880  56.623  -24.258  72.003 0.0000000000
58051  56.828  -21.545  73.468 0.0000000000
55905  57.249  -23.187  73.072 0.0000000000
54865  56.244  -24.199  72.971 0.0000000000
54866  55.337  -24.453  73.202 0.0000000000
54867  54.420  -24.567  73.411 0.0000000000
54869  52.989  -24.293  73.657 0.0000000000
55869  54.527  -23.704  75.656 0.0000000000
55888  53.194  -24.209  74.866 0.0000000000
55908  51.724  -23.496  73.595 0.0000000000
57025  50.710  -22.652  73.672 0.0000000000
57047  49.325  -22.323  73.462 0.0000000000
55910  48.411  -23.234  73.673 0.0000000000
60149  51.762  -19.561  79.142 0.0000000000
56942  51.893  -21.936  79.194 0.0000000000
55824  51.719  -23.318  78.506 0.0000000000
55809  50.391  -22.987  79.504 0.0000000000
55825  50.713  -23.619  78.790 0.0000000000
55842  51.443  -24.106  77.733 0.0000000000
54839  50.070  -24.193  75.613 0.0000000000
54854  48.882  -24.113  74.599 0.0000000000
55912  46.954  -23.766  73.194 0.0000000000
54857  46.803  -24.906  73.585 0.0000000000
53049  46.073  -26.211  73.037 0.0000000000
52040  47.315  -27.473  75.179 0.0000000000
51097  46.091  -28.223  73.360 0.0000000000
55753  47.382  -23.476  84.370 0.0000000000
53839  47.921  -25.654  84.081 0.0000000000
53804  43.443  -25.579  87.197 0.0000000000
51974  42.593  -27.741  85.351 0.0000000000
51958  43.818  -27.097  85.680 0.0000000000
53816  44.627  -25.488  86.396 0.0000000000
52941  46.092  -26.111  85.494 0.0000000000
51969  47.074  -27.237  84.342 0.0000000000
52978  48.094  -27.086  83.036 0.0000000000
50994  47.407  -28.716  82.063 0.0000000000
49938  46.524  -29.590  79.816 0.0000000000
49967  45.543  -30.088  77.995 0.0000000000
49969  43.380  -29.812  78.592 0.0000000000
49986  43.428  -30.019  77.549 0.0000000000
50001  43.560  -30.196  76.478 0.0000000000
50034  41.944  -29.713  74.695 0.0000000000
48093  38.493  -31.907  73.509 0.0000000000
48104  37.496  -31.836  72.380 0.0000000000
45280  39.157  -34.885  77.200 0.0000000000
44377  37.734  -35.377  75.772 0.0000000000
44395  36.844  -35.479  74.711 0.0000000000
43450  36.548  -36.420  75.279 0.0000000000
43464  36.323  -36.268  74.327 0.0000000000
39537  40.028  -40.052  84.339 0.0000000000
39550  40.402  -40.507  82.905 0.0000000000
38667  40.692  -41.471  81.321 0.0000000000
36888  41.468  -43.755  82.581 0.0000000000
37817  40.982  -42.362  80.728 0.0000000000
38679  40.451  -41.363  80.232 0.0000000000
38703  39.950  -41.692  78.427 0.0000000000
37857  39.801  -42.321  76.579 0.0000000000
37862  39.581  -42.324  75.559 0.0000000000
30931  39.302  -49.234  84.109 0.0000000000
126509  40.387  -47.181  80.939 0.0000000000
126556  39.884  -46.222  79.184 0.0000000000
126549  39.492  -47.177  79.238 0.0000000000
35072  39.425  -45.324  77.798 0.0000000000
36051  39.500  -44.259  77.019 0.0000000000
36990  39.389  -43.240  75.470 0.0000000000
57202  61.407  -22.682  64.118 0.0000000000
56092  61.635  -22.913  62.725 0.0000000000
57207  61.319  -22.868  61.548 0.0000000000
53980  54.483  -25.466  69.010 0.0000000000
41353  40.846  -38.219  88.533 0.0000000000
42263  42.304  -37.179  89.604 0.0000000000
41352  41.313  -38.015  88.357 0.0000000000
42288  41.482  -37.551  88.382 0.0000000000
41390  41.119  -39.067  86.751 0.0000000000
40431  41.317  -39.010  85.908 0.0000000000
54920  56.034  -24.940  70.304 0.0000000000
32995  27.052  -48.084  86.650 0.0000000000
34012  26.433  -47.088  85.758 0.0000000000
33008  26.658  -47.495  86.124 0.0000000000
35926  17.959  -44.685  86.665 0.0000000000
35927  17.067  -43.961  86.448 0.0000000000
35916  16.912  -44.117  87.439 0.0000000000
37698  33.399  -41.946  92.486 0.0000000000
37697  33.929  -41.505  92.059 0.0000000000
38548  34.088  -41.213  92.069 0.0000000000
37711  33.645  -42.039  92.074 0.0000000000
37718  34.065  -43.071  90.899 0.0000000000
36798  33.558  -42.543  91.797 0.0000000000
31968  26.948  -48.471  87.810 0.0000000000
33007  27.678  -48.010  86.090 0.0000000000
57100  47.458  -22.659  72.183 0.0000000000
57099  48.102  -22.465  71.850 0.0000000000
55958  47.282  -23.021  71.626 0.0000000000
61252  52.217  -18.423  78.086 0.0000000000
61253  51.873  -18.386  78.684 0.0000000000
53850  49.325  -25.176  82.039 0.0000000000
53861  49.200  -26.000  82.030 0.0000000000
52988  48.877  -26.791  81.851 0.0000000000
47085  42.335  -32.905  79.800 0.0000000000
47115  41.520  -32.403  78.225 0.0000000000
47101  41.294  -33.141  78.218 0.0000000000
46212  40.454  -33.361  77.070 0.0000000000
46191  40.654  -33.759  77.821 0.0000000000
31975  38.126  -48.879  86.475 0.0000000000
31974  39.230  -48.825  85.609 0.0000000000
30917  38.489  -49.253  85.398 0.0000000000
60373  61.325  -19.880  65.296 0.0000000000
60382  61.633  -19.801  64.512 0.0000000000
126700  23.312  -46.528  92.727 0.0000000000
37681  30.018  -42.244  94.272 0.0000000000
35834  30.725  -43.845  93.837 0.0000000000
35835  30.234  -43.725  94.009 0.0000000000
47942  45.682  -31.785  90.331 0.0000000000
127900  44.366  -31.235  91.112 0.0000000000
127910  43.547  -29.492  91.130 0.0000000000
127946  41.554  -29.582  91.497 0.0000000000
127936  42.751  -29.546  90.326 0.0000000000
127903  42.816  -30.445  89.839 0.0000000000
43252  43.253  -35.736  84.793 0.0000000000
44162  43.463  -35.012  85.005 0.0000000000
44176  43.028  -35.391  83.913 0.0000000000
45138  43.146  -34.604  83.401 0.0000000000
44190  42.657  -35.711  83.089 0.0000000000
39556  40.094  -40.150  81.243 0.0000000000
39583  39.533  -40.279  79.710 0.0000000000
38680  39.982  -40.756  79.959 0.0000000000
32019  34.552  -48.160  83.388 0.0000000000
57163  57.575  -22.381  67.770 0.0000000000
34057  29.729  -45.763  81.993 0.0000000000
34058  29.140  -45.467  81.963 0.0000000000
34026  22.602  -46.435  85.684 0.0000000000
39460  37.374  -40.252  90.186 0.0000000000
40322  37.198  -39.145  90.733 0.0000000000
40374  37.873  -39.971  90.016 0.0000000000
39480  37.839  -40.420  89.434 0.0000000000
39500  37.320  -40.999  88.483 0.0000000000
35901  34.888  -44.963  88.103 0.0000000000
35912  35.437  -44.664  87.877 0.0000000000
34904  35.811  -45.530  88.325 0.0000000000
33987  36.539  -46.330  88.472 0.0000000000
33988  35.595  -46.394  88.573 0.0000000000
32942  31.058  -46.891  91.013 0.0000000000
33964  31.560  -46.497  90.567 0.0000000000
30909  32.094  -49.592  87.495 0.0000000000
33042  29.089  -46.807  83.389 0.0000000000
36754  19.588  -42.990  95.911 0.0000000000
35852  19.993  -44.114  94.992 0.0000000000
35919  15.674  -45.756  90.129 0.0000000000
63432  58.833  -16.749  68.752 0.0000000000
63433  58.511  -16.010  68.530 0.0000000000
62342  57.110  -17.858  71.459 0.0000000000
61333  58.016  -18.861  71.119 0.0000000000
61334  57.358  -18.908  71.794 0.0000000000
60286  57.615  -19.834  71.869 0.0000000000
61314  57.056  -19.120  72.351 0.0000000000
57006  56.014  -22.069  74.929 0.0000000000
57007  55.445  -22.483  75.446 0.0000000000
55841  52.586  -23.415  77.919 0.0000000000
59025  49.554  -20.445  80.255 0.0000000000
59040  50.231  -20.531  79.991 0.0000000000
57987  49.564  -21.540  80.246 0.0000000000
53887  49.114  -26.015  77.788 0.0000000000
53895  49.334  -25.513  77.407 0.0000000000
54829  48.914  -25.467  76.286 0.0000000000
53902  48.556  -25.799  75.977 0.0000000000
53903  48.203  -25.947  75.477 0.0000000000
53020  48.398  -26.550  76.386 0.0000000000
49999  45.600  -29.750  75.906 0.0000000000
50016  44.876  -29.957  75.187 0.0000000000
50000  44.655  -30.191  76.191 0.0000000000
55721  45.011  -23.898  86.080 0.0000000000
50940  41.240  -27.865  87.021 0.0000000000
49892  41.404  -28.762  86.205 0.0000000000
51009  42.926  -28.920  81.938 0.0000000000
50998  43.419  -28.781  82.579 0.0000000000
49923  43.942  -29.086  82.280 0.0000000000
50997  44.461  -29.004  82.793 0.0000000000
49922  44.496  -29.261  82.086 0.0000000000
49930  44.395  -29.503  81.247 0.0000000000
49039  40.650  -30.704  76.140 0.0000000000
49058  40.266  -30.027  74.616 0.0000000000
49059  39.916  -30.339  74.179 0.0000000000
46288  37.432  -33.387  73.248 0.0000000000
43414  37.542  -36.578  77.659 0.0000000000
37772  39.847  -42.545  85.045 0.0000000000
37782  40.334  -42.380  84.466 0.0000000000
36871  40.836  -43.374  84.396 0.0000000000
34130  40.786  -45.651  80.397 0.0000000000
35041  40.665  -44.950  79.820 0.0000000000
35059  40.349  -44.935  79.132 0.0000000000
35060  40.036  -45.300  78.753 0.0000000000
35845  25.243  -44.680  94.598 0.0000000000
36770  26.299  -43.656  94.640 0.0000000000
43155  40.777  -34.920  89.957 0.0000000000
44058  41.462  -34.646  90.517 0.0000000000
43170  42.613  -36.092  91.120 0.0000000000
39456  46.353  -39.336  90.050 0.0000000000
42260  44.674  -37.023  90.185 0.0000000000
41326  46.136  -37.890  89.198 0.0000000000
45011  47.354  -35.173  89.561 0.0000000000
41348  46.287  -35.633  88.738 0.0000000000
44117  45.239  -35.701  88.965 0.0000000000
43212  44.704  -36.924  88.850 0.0000000000
42299  42.482  -36.940  87.211 0.0000000000
44120  41.636  -35.600  88.542 0.0000000000
43223  42.615  -36.281  87.199 0.0000000000
43237  43.057  -36.446  86.227 0.0000000000
42327  42.478  -37.600  85.121 0.0000000000
42364  42.009  -37.569  83.559 0.0000000000
42345  42.272  -37.670  84.535 0.0000000000
40476  41.148  -39.047  83.307 0.0000000000
40486  40.526  -39.772  82.399 0.0000000000
34076  33.313  -47.166  81.532 0.0000000000
55977  57.735  -23.421  70.061 0.0000000000
55999  57.101  -23.892  69.394 0.0000000000
54953  56.011  -24.489  68.630 0.0000000000
54965  54.794  -24.660  67.359 0.0000000000
34032  27.645  -46.624  84.219 0.0000000000
34949  25.630  -45.645  83.755 0.0000000000
34982  25.725  -45.126  82.556 0.0000000000
34963  25.087  -45.216  83.122 0.0000000000
34931  20.295  -46.054  86.572 0.0000000000
34943  20.409  -45.791  85.566 0.0000000000
35942  18.064  -44.224  84.670 0.0000000000
35941  19.223  -44.960  84.559 0.0000000000
35955  18.489  -44.232  83.910 0.0000000000
36882  18.277  -43.676  83.110 0.0000000000
36891  17.614  -43.078  82.475 0.0000000000
36883  17.304  -43.076  83.289 0.0000000000
36874  16.179  -43.342  84.806 0.0000000000
36884  16.461  -43.096  83.498 0.0000000000
35968  15.859  -43.727  83.311 0.0000000000
126658  15.620  -43.888  83.937 0.0000000000
41265  34.389  -38.448  92.617 0.0000000000
38576  35.328  -41.135  91.445 0.0000000000
39444  35.580  -40.310  91.609 0.0000000000
38575  35.800  -40.803  91.161 0.0000000000
39443  36.118  -40.336  91.145 0.0000000000
38585  35.976  -41.006  90.834 0.0000000000
38603  35.780  -42.065  89.520 0.0000000000
36818  33.970  -43.705  89.822 0.0000000000
37735  34.472  -43.150  89.422 0.0000000000
36823  33.899  -43.543  88.952 0.0000000000
36829  33.607  -43.876  88.385 0.0000000000
35902  33.031  -44.852  88.850 0.0000000000
31930  30.182  -48.878  89.826 0.0000000000
30912  29.161  -49.168  87.411 0.0000000000
30900  29.581  -49.264  87.954 0.0000000000
30911  29.959  -49.402  87.157 0.0000000000
33018  28.061  -47.406  85.039 0.0000000000
33027  28.271  -47.026  84.346 0.0000000000
57071  50.454  -22.159  72.506 0.0000000000
57097  50.055  -22.417  71.700 0.0000000000
55956  49.271  -23.173  71.569 0.0000000000
54885  49.175  -24.527  72.259 0.0000000000
54886  48.565  -24.615  72.143 0.0000000000
58026  54.408  -21.329  76.449 0.0000000000
59063  53.815  -20.461  76.927 0.0000000000
59053  52.619  -20.419  78.238 0.0000000000
58008  53.059  -21.077  77.917 0.0000000000
56955  53.071  -21.564  78.017 0.0000000000
56975  53.075  -22.742  77.960 0.0000000000
56920  49.075  -22.371  81.806 0.0000000000
56929  49.362  -22.413  80.747 0.0000000000
56919  49.252  -22.963  81.343 0.0000000000
53866  49.510  -25.542  80.744 0.0000000000
54793  49.542  -24.568  80.340 0.0000000000
53007  49.272  -26.077  78.780 0.0000000000
53001  49.342  -26.207  79.272 0.0000000000
53002  49.077  -26.916  79.500 0.0000000000
51017  48.181  -28.241  79.573 0.0000000000
51025  48.144  -28.216  78.891 0.0000000000
51026  47.555  -28.817  78.998 0.0000000000
49949  47.117  -29.234  78.963 0.0000000000
48980  42.356  -31.006  83.265 0.0000000000
48981  41.891  -30.206  83.449 0.0000000000
48986  42.042  -30.551  82.450 0.0000000000
49943  42.083  -29.825  80.999 0.0000000000
49955  42.046  -29.972  80.103 0.0000000000
49018  41.542  -30.760  78.463 0.0000000000
49030  40.914  -30.854  76.920 0.0000000000
48071  40.616  -31.580  76.354 0.0000000000
47152  40.240  -32.221  75.912 0.0000000000
46236  39.479  -33.279  75.778 0.0000000000
45327  38.585  -34.314  75.660 0.0000000000
40556  37.645  -38.942  76.410 0.0000000000
41548  37.239  -38.599  76.044 0.0000000000
40563  37.656  -39.106  75.667 0.0000000000
41586  37.107  -38.614  72.718 0.0000000000
34010  40.712  -45.925  85.874 0.0000000000
33003  40.835  -46.761  85.567 0.0000000000
31984  41.436  -47.608  84.198 0.0000000000
59261  61.892  -20.802  63.743 0.0000000000
59263  62.028  -20.593  62.920 0.0000000000
58189  62.027  -21.503  62.387 0.0000000000
31934  26.219  -48.493  89.240 0.0000000000
31952  25.936  -48.364  88.758 0.0000000000
31935  25.671  -48.339  89.074 0.0000000000
32969  24.410  -47.872  89.235 0.0000000000
32986  23.773  -47.446  88.447 0.0000000000
32970  23.719  -47.657  89.386 0.0000000000
33951  25.255  -47.334  92.579 0.0000000000
33952  24.097  -47.166  92.369 0.0000000000
32936  23.059  -47.205  91.333 0.0000000000
32960  22.818  -47.389  90.107 0.0000000000
32971  23.065  -47.446  89.394 0.0000000000
33994  21.682  -46.794  88.462 0.0000000000
126697  21.530  -46.471  91.016 0.0000000000
33977  20.773  -46.545  89.542 0.0000000000
126694  20.514  -46.321  90.293 0.0000000000
34909  19.609  -46.132  88.692 0.0000000000
33967  19.867  -46.227  89.798 0.0000000000
38517  31.963  -42.561  94.934 0.0000000000
38529  31.486  -41.958  94.117 0.0000000000
38528  31.753  -42.412  94.379 0.0000000000
37700  32.355  -42.579  93.399 0.0000000000
36791  32.163  -43.171  93.491 0.0000000000
34863  32.573  -43.795  92.796 0.0000000000
35861  32.339  -43.718  93.194 0.0000000000
33937  31.428  -45.003  92.561 0.0000000000
32917  30.682  -45.793  92.235 0.0000000000
32929  31.035  -46.047  91.658 0.0000000000
31887  30.434  -46.113  92.106 0.0000000000
34850  29.580  -44.830  93.754 0.0000000000
33928  29.039  -45.491  93.582 0.0000000000
31904  28.570  -47.094  92.452 0.0000000000
30866  29.010  -46.728  92.453 0.0000000000
31903  28.936  -47.240  91.980 0.0000000000
30883  29.722  -47.186  91.687 0.0000000000
32944  28.969  -47.981  91.399 0.0000000000
31913  28.832  -48.313  91.020 0.0000000000
31933  27.007  -48.722  89.259 0.0000000000
54910  46.012  -24.183  71.473 0.0000000000
58992  47.561  -20.430  83.534 0.0000000000
57947  48.072  -21.536  83.243 0.0000000000
56894  48.566  -22.796  83.021 0.0000000000
56895  48.087  -22.509  83.493 0.0000000000
44983  41.649  -34.042  91.990 0.0000000000
127925  40.746  -29.731  89.288 0.0000000000
48930  40.874  -29.715  88.871 0.0000000000
48939  41.272  -29.758  88.159 0.0000000000
47963  41.458  -30.651  88.450 0.0000000000
45997  43.328  -33.208  90.011 0.0000000000
45998  42.512  -32.747  89.267 0.0000000000
46056  43.184  -33.106  86.140 0.0000000000
46040  42.776  -32.996  87.020 0.0000000000
47030  42.659  -32.134  86.442 0.0000000000
47036  42.956  -32.393  85.492 0.0000000000
47996  42.552  -31.633  84.803 0.0000000000
47042  43.074  -32.602  84.539 0.0000000000
46109  42.558  -33.922  81.613 0.0000000000
47071  42.641  -33.250  81.139 0.0000000000
46129  41.902  -34.376  80.281 0.0000000000
45228  41.230  -34.676  79.750 0.0000000000
45203  41.372  -34.933  80.416 0.0000000000
44264  39.781  -36.097  80.261 0.0000000000
44288  39.671  -35.802  79.799 0.0000000000
43370  39.496  -36.403  80.093 0.0000000000
43394  38.510  -36.378  79.093 0.0000000000
43371  38.918  -36.683  79.649 0.0000000000
42385  41.177  -37.879  82.123 0.0000000000
42411  41.300  -37.278  81.933 0.0000000000
42413  40.205  -38.119  80.911 0.0000000000
40511  38.909  -39.075  79.832 0.0000000000
41506  39.241  -38.471  80.164 0.0000000000
41507  38.632  -38.416  79.589 0.0000000000
41532  37.924  -38.671  78.193 0.0000000000
40538  38.345  -39.235  78.216 0.0000000000
39607  38.841  -40.023  77.619 0.0000000000
39613  39.255  -40.709  77.111 0.0000000000
38717  39.029  -40.542  75.929 0.0000000000
30934  35.624  -49.398  85.413 0.0000000000
32018  35.452  -48.165  83.110 0.0000000000
31999  36.493  -48.939  83.591 0.0000000000
34052  34.573  -46.894  81.903 0.0000000000
34051  35.079  -47.307  81.992 0.0000000000
32057  35.762  -48.884  81.915 0.0000000000
30991  36.527  -49.330  81.979 0.0000000000
58156  60.641  -21.520  66.904 0.0000000000
57160  60.203  -21.998  67.348 0.0000000000
56050  58.980  -23.287  66.787 0.0000000000
56061  58.542  -23.793  66.200 0.0000000000
54977  59.168  -24.103  65.569 0.0000000000
56033  56.500  -22.895  67.642 0.0000000000
57164  56.954  -22.641  67.451 0.0000000000
56063  56.185  -23.606  66.000 0.0000000000
34979  28.525  -45.147  81.611 0.0000000000
34998  27.483  -44.618  81.005 0.0000000000
34014  25.037  -46.990  86.354 0.0000000000
34952  23.148  -45.742  84.376 0.0000000000
34964  24.185  -45.328  83.498 0.0000000000
35950  23.485  -45.066  82.969 0.0000000000
34955  20.474  -45.467  84.587 0.0000000000
34954  21.560  -45.733  84.617 0.0000000000
34968  21.179  -45.442  84.020 0.0000000000
36905  21.577  -44.323  80.997 0.0000000000
42233  34.998  -37.580  92.319 0.0000000000
42253  35.636  -37.335  91.804 0.0000000000
43176  36.776  -36.575  91.328 0.0000000000
43175  37.475  -36.039  91.045 0.0000000000
44095  38.194  -35.680  90.754 0.0000000000
44094  38.776  -35.559  90.382 0.0000000000
42266  38.557  -37.118  90.194 0.0000000000
40398  38.943  -39.814  89.040 0.0000000000
40347  39.094  -38.404  89.773 0.0000000000
40372  39.355  -38.993  89.416 0.0000000000
41354  39.998  -38.876  88.720 0.0000000000
40397  39.479  -39.657  88.374 0.0000000000
39513  39.369  -40.067  87.692 0.0000000000
39531  37.442  -40.895  85.730 0.0000000000
37774  38.092  -42.274  85.773 0.0000000000
38627  35.663  -41.975  87.397 0.0000000000
37766  35.637  -42.706  86.619 0.0000000000
35910  37.504  -44.540  87.544 0.0000000000
36852  36.791  -43.338  86.827 0.0000000000
35924  37.756  -44.036  87.198 0.0000000000
36850  38.529  -43.289  86.360 0.0000000000
35923  38.467  -44.355  87.053 0.0000000000
34929  39.364  -44.961  86.875 0.0000000000
34915  38.903  -45.447  87.368 0.0000000000
32977  37.275  -47.021  88.329 0.0000000000
34002  38.058  -46.701  87.937 0.0000000000
32993  37.920  -47.600  87.691 0.0000000000
31959  37.688  -48.412  87.327 0.0000000000
31960  36.817  -48.738  87.384 0.0000000000
34886  32.580  -44.227  91.670 0.0000000000
34887  32.351  -44.904  91.207 0.0000000000
34896  32.489  -45.731  89.566 0.0000000000
34907  32.926  -45.927  88.992 0.0000000000
33972  32.990  -46.784  89.095 0.0000000000
31946  31.876  -49.067  89.051 0.0000000000
31964  33.381  -48.970  88.459 0.0000000000
31944  33.516  -48.476  88.739 0.0000000000
32981  33.647  -47.716  88.980 0.0000000000
31943  34.279  -48.293  88.624 0.0000000000
30905  36.349  -49.201  87.040 0.0000000000
30955  33.298  -49.293  84.710 0.0000000000
32002  33.963  -48.883  83.943 0.0000000000
32003  33.071  -48.977  83.939 0.0000000000
31989  30.364  -48.702  85.059 0.0000000000
32006  30.662  -48.402  84.233 0.0000000000
32023  31.407  -48.309  83.618 0.0000000000
54882  54.544  -24.701  72.516 0.0000000000
55981  50.993  -23.898  71.301 0.0000000000
53945  51.583  -25.679  71.048 0.0000000000
53950  46.486  -24.681  71.111 0.0000000000
54908  47.302  -23.882  71.527 0.0000000000
37688  23.424  -42.262  94.749 0.0000000000
37689  22.523  -42.127  95.012 0.0000000000
36774  22.798  -42.938  95.063 0.0000000000
35850  21.499  -43.634  95.199 0.0000000000
34856  22.202  -44.175  94.829 0.0000000000
34866  21.698  -44.514  94.605 0.0000000000
126705  21.168  -44.977  94.190 0.0000000000
126685  18.945  -45.695  90.137 0.0000000000
35855  17.187  -44.430  93.713 0.0000000000
36780  17.354  -44.025  94.818 0.0000000000
35854  18.202  -44.336  94.358 0.0000000000
35864  18.972  -44.653  94.144 0.0000000000
126670  17.068  -44.821  89.851 0.0000000000
36825  16.250  -44.367  89.702 0.0000000000
35917  16.231  -43.754  87.831 0.0000000000
36830  15.786  -44.012  89.064 0.0000000000
35928  14.666  -44.371  87.164 0.0000000000
34912  16.198  -46.275  88.881 0.0000000000
62429  59.690  -17.140  66.294 0.0000000000
61404  60.053  -18.788  67.549 0.0000000000
60335  59.892  -19.500  68.045 0.0000000000
59200  59.535  -20.176  68.545 0.0000000000
58129  59.198  -21.099  68.640 0.0000000000
62384  58.459  -17.382  69.659 0.0000000000
62363  58.134  -17.426  70.230 0.0000000000
60305  58.505  -19.592  70.344 0.0000000000
59159  58.661  -20.362  70.173 0.0000000000
59178  58.954  -20.640  69.616 0.0000000000
57116  58.298  -22.308  70.166 0.0000000000
57068  57.969  -22.367  71.938 0.0000000000
55926  58.088  -22.990  71.415 0.0000000000
54879  57.301  -24.055  71.399 0.0000000000
55927  57.616  -23.470  72.119 0.0000000000
59105  57.044  -20.604  73.039 0.0000000000
58052  56.561  -20.843  73.634 0.0000000000
55885  56.364  -23.357  74.237 0.0000000000
55884  56.861  -22.892  73.774 0.0000000000
55906  56.736  -23.685  73.533 0.0000000000
55928  57.027  -23.892  72.813 0.0000000000
55887  54.881  -24.056  74.898 0.0000000000
54851  54.248  -24.428  74.258 0.0000000000
54868  53.586  -24.475  73.575 0.0000000000
54852  53.353  -24.312  74.362 0.0000000000
55853  54.975  -22.925  76.100 0.0000000000
55854  54.125  -23.279  76.604 0.0000000000
55870  53.438  -24.015  75.549 0.0000000000
55889  52.506  -24.012  74.466 0.0000000000
55890  51.206  -23.359  74.295 0.0000000000
57027  49.796  -22.847  74.153 0.0000000000
55909  48.849  -22.879  73.705 0.0000000000
55892  49.319  -23.448  74.392 0.0000000000
61244  50.844  -18.519  79.659 0.0000000000
61243  51.427  -18.483  79.204 0.0000000000
60150  50.942  -19.389  79.751 0.0000000000
58000  51.273  -21.290  79.527 0.0000000000
56957  51.830  -22.654  78.891 0.0000000000
56958  51.332  -23.027  78.944 0.0000000000
55843  50.641  -24.346  77.849 0.0000000000
54816  50.679  -24.392  77.009 0.0000000000
54827  50.039  -24.536  76.330 0.0000000000
54840  49.357  -24.436  75.346 0.0000000000
55893  48.421  -23.875  74.087 0.0000000000
55894  47.938  -24.188  73.967 0.0000000000
54871  46.586  -24.262  73.143 0.0000000000
54856  47.379  -24.590  73.857 0.0000000000
53038  46.693  -26.380  73.781 0.0000000000
52080  45.810  -27.094  72.717 0.0000000000
52022  47.995  -27.884  77.186 0.0000000000
52029  47.865  -27.471  76.247 0.0000000000
51070  47.325  -28.115  75.914 0.0000000000
50030  46.003  -29.040  74.062 0.0000000000
50029  46.363  -28.697  74.362 0.0000000000
50047  45.783  -28.829  73.507 0.0000000000
50068  45.584  -28.706  73.086 0.0000000000
55739  46.098  -23.588  85.368 0.0000000000
54747  47.184  -24.259  84.711 0.0000000000
54761  47.900  -24.432  84.202 0.0000000000
53826  47.256  -25.326  84.805 0.0000000000
52930  41.931  -26.925  87.075 0.0000000000
53794  42.006  -25.774  88.109 0.0000000000
52916  42.376  -26.169  87.547 0.0000000000
53792  43.078  -25.115  87.572 0.0000000000
53805  42.954  -25.725  87.441 0.0000000000
50989  41.808  -28.599  84.147 0.0000000000
50975  41.803  -28.530  84.994 0.0000000000
50974  42.458  -28.107  84.711 0.0000000000
51972  44.066  -27.617  85.000 0.0000000000
51973  43.203  -27.641  85.135 0.0000000000
52943  44.400  -26.189  86.279 0.0000000000
51957  44.760  -26.980  85.534 0.0000000000
52942  45.360  -26.176  85.792 0.0000000000
51956  45.770  -26.965  85.433 0.0000000000
50984  46.344  -28.646  83.311 0.0000000000
51984  46.589  -27.980  83.991 0.0000000000
51983  47.339  -27.823  83.492 0.0000000000
52967  47.787  -26.739  83.860 0.0000000000
51992  47.780  -27.979  82.610 0.0000000000
49939  45.400  -29.873  80.081 0.0000000000
49928  46.212  -29.578  80.756 0.0000000000
49951  45.500  -29.947  79.070 0.0000000000
49968  44.445  -30.143  78.333 0.0000000000
49970  42.423  -29.689  78.836 0.0000000000
49953  43.401  -29.699  79.601 0.0000000000
49987  42.404  -29.702  77.778 0.0000000000
50018  42.699  -29.985  75.638 0.0000000000
50053  40.145  -29.559  73.529 0.0000000000
47171  39.175  -32.092  74.576 0.0000000000
48092  39.159  -31.316  73.858 0.0000000000
47172  38.574  -32.453  74.073 0.0000000000
47192  37.562  -32.386  72.749 0.0000000000
47215  37.075  -32.229  72.222 0.0000000000
45279  39.757  -34.646  77.824 0.0000000000
44342  38.851  -35.414  77.763 0.0000000000
44362  37.472  -35.904  76.162 0.0000000000
44361  38.108  -35.474  76.480 0.0000000000
44394  37.455  -35.223  75.183 0.0000000000
41557  36.679  -37.989  75.116 0.0000000000
42515  36.550  -37.350  75.783 0.0000000000
42521  36.369  -37.189  74.781 0.0000000000
43476  36.241  -36.157  73.300 0.0000000000
40464  40.069  -39.737  84.973 0.0000000000
38664  40.652  -41.472  82.382 0.0000000000
34947  41.468  -44.680  83.462 0.0000000000
35947  41.404  -44.086  83.514 0.0000000000
35958  41.485  -44.340  82.113 0.0000000000
36937  41.028  -43.278  80.324 0.0000000000
36917  41.316  -43.262  81.077 0.0000000000
37829  40.731  -42.513  79.849 0.0000000000
38692  40.338  -41.950  79.282 0.0000000000
38702  40.288  -42.291  78.784 0.0000000000
37850  40.040  -42.514  77.560 0.0000000000
36989  39.701  -42.993  76.140 0.0000000000
35090  38.929  -44.722  76.624 0.0000000000
36085  38.618  -43.903  74.616 0.0000000000
36084  38.984  -43.713  75.223 0.0000000000
37879  39.332  -42.484  74.440 0.0000000000
56070  61.036  -23.283  65.209 0.0000000000
57199  61.401  -22.361  64.592 0.0000000000
55001  61.002  -23.632  64.718 0.0000000000
56085  61.367  -23.421  63.137 0.0000000000
56093  61.369  -23.267  62.353 0.0000000000
53958  54.073  -25.496  70.261 0.0000000000
53970  54.494  -25.463  69.849 0.0000000000
53971  53.791  -25.720  69.587 0.0000000000
42246  41.771  -36.115  89.184 0.0000000000
42245  42.549  -36.685  90.319 0.0000000000
42262  43.185  -37.426  90.434 0.0000000000
40369  44.087  -39.272  89.825 0.0000000000
39512  44.925  -40.035  88.357 0.0000000000
42286  44.125  -37.859  88.685 0.0000000000
42276  43.019  -37.654  89.345 0.0000000000
42300  42.157  -37.232  87.553 0.0000000000
41388  42.294  -37.763  86.757 0.0000000000
41408  41.981  -38.121  85.444 0.0000000000
40448  41.213  -38.971  84.857 0.0000000000
40463  40.468  -39.713  84.399 0.0000000000
54919  56.896  -24.343  70.044 0.0000000000
54938  56.737  -24.311  69.487 0.0000000000
34022  26.677  -46.798  85.255 0.0000000000
34023  25.446  -46.334  85.047 0.0000000000
34932  19.157  -45.534  86.801 0.0000000000
34944  19.439  -45.416  85.677 0.0000000000
35934  18.025  -44.446  85.613 0.0000000000
35943  17.435  -43.940  85.225 0.0000000000
36865  16.730  -43.631  85.620 0.0000000000
36866  15.834  -43.531  85.980 0.0000000000
40285  33.985  -39.854  92.647 0.0000000000
40305  34.368  -39.567  92.430 0.0000000000
38567  34.317  -40.625  92.197 0.0000000000
38566  34.426  -41.098  91.980 0.0000000000
37717  34.505  -42.395  91.049 0.0000000000
37722  35.107  -42.665  90.036 0.0000000000
36819  33.479  -44.180  90.090 0.0000000000
31932  27.967  -49.012  89.337 0.0000000000
31966  28.506  -48.888  87.021 0.0000000000
31979  28.658  -48.468  86.078 0.0000000000
31980  28.081  -48.493  86.610 0.0000000000
58071  48.963  -21.947  72.375 0.0000000000
36820  14.904  -45.579  91.061 0.0000000000
61262  53.052  -18.383  77.085 0.0000000000
60173  53.253  -19.677  77.287 0.0000000000
60174  52.773  -18.892  77.655 0.0000000000
60161  52.603  -19.661  78.133 0.0000000000
60148  52.146  -19.677  78.679 0.0000000000
53860  49.398  -25.563  81.497 0.0000000000
52995  49.228  -27.049  79.975 0.0000000000
51997  49.223  -27.102  80.593 0.0000000000
51006  48.251  -28.229  80.404 0.0000000000
48025  42.506  -32.334  81.212 0.0000000000
48015  42.233  -31.368  81.718 0.0000000000
48026  42.237  -31.453  80.783 0.0000000000
49005  41.889  -30.739  79.412 0.0000000000
48050  41.830  -31.668  78.720 0.0000000000
47134  40.481  -32.586  76.594 0.0000000000
45303  39.537  -34.367  77.017 0.0000000000
31973  40.267  -48.206  85.233 0.0000000000
31986  39.977  -48.685  84.576 0.0000000000
61440  61.557  -18.462  63.874 0.0000000000
60381  61.817  -20.410  64.192 0.0000000000
58178  61.659  -21.591  64.149 0.0000000000
31916  26.264  -48.379  90.639 0.0000000000
31926  25.723  -48.361  89.859 0.0000000000
32948  25.286  -48.183  90.912 0.0000000000
126707  22.625  -46.815  91.574 0.0000000000
126702  21.752  -46.408  91.437 0.0000000000
126706  21.787  -46.347  91.864 0.0000000000
37680  30.821  -42.431  94.212 0.0000000000
36749  31.265  -43.270  93.932 0.0000000000
35840  31.439  -43.814  93.553 0.0000000000
35833  31.065  -43.923  93.687 0.0000000000
34848  30.986  -44.442  93.466 0.0000000000
33926  30.518  -45.100  93.257 0.0000000000
33929  28.121  -45.698  93.642 0.0000000000
33941  28.514  -46.091  93.312 0.0000000000
32921  28.251  -46.693  92.925 0.0000000000
32931  28.319  -47.577  91.945 0.0000000000
31914  27.999  -48.390  90.889 0.0000000000
32946  27.642  -48.029  91.544 0.0000000000
45968  44.787  -33.122  91.926 0.0000000000
45969  43.955  -32.654  92.278 0.0000000000
127929  42.575  -30.327  92.545 0.0000000000
51883  40.043  -29.190  90.808 0.0000000000
49851  40.204  -28.866  90.028 0.0000000000
44132  42.674  -34.855  87.420 0.0000000000
45065  42.656  -33.759  87.455 0.0000000000
45084  43.458  -33.812  85.818 0.0000000000
46065  43.411  -33.415  85.243 0.0000000000
46076  43.376  -33.522  84.454 0.0000000000
45137  43.364  -34.128  83.797 0.0000000000
45155  42.562  -34.757  82.289 0.0000000000
45178  41.499  -35.179  81.048 0.0000000000
44236  41.638  -35.351  81.333 0.0000000000
44237  41.128  -35.748  81.162 0.0000000000
43348  40.393  -36.571  80.875 0.0000000000
40525  39.108  -39.611  79.644 0.0000000000
39584  39.163  -39.939  79.175 0.0000000000
39596  39.489  -40.626  78.864 0.0000000000
58144  59.433  -21.508  68.042 0.0000000000
57161  59.785  -22.050  67.593 0.0000000000
56035  54.907  -23.822  66.739 0.0000000000
35959  26.543  -44.791  81.650 0.0000000000
34015  24.029  -46.859  86.347 0.0000000000
34025  23.466  -46.467  85.648 0.0000000000
35967  19.868  -44.579  82.689 0.0000000000
35966  20.849  -44.964  82.598 0.0000000000
35988  20.297  -44.538  82.000 0.0000000000
36906  20.300  -44.125  81.101 0.0000000000
41286  36.451  -38.489  91.220 0.0000000000
42252  36.254  -37.488  91.403 0.0000000000
41285  37.187  -38.699  90.768 0.0000000000
41311  37.974  -38.128  90.410 0.0000000000
40373  38.425  -39.680  89.703 0.0000000000
39498  38.764  -40.268  88.357 0.0000000000
39514  38.900  -40.367  87.557 0.0000000000
39515  38.044  -40.626  87.606 0.0000000000
39524  36.846  -41.002  86.262 0.0000000000
36839  34.820  -43.781  87.331 0.0000000000
36854  35.358  -43.362  86.883 0.0000000000
36838  35.749  -43.894  87.308 0.0000000000
35911  36.440  -44.518  87.724 0.0000000000
34917  37.072  -45.159  88.053 0.0000000000
34916  37.964  -45.619  87.921 0.0000000000
33955  31.816  -45.642  90.862 0.0000000000
33974  31.951  -46.961  89.930 0.0000000000
30897  32.379  -49.339  88.326 0.0000000000
30896  32.805  -49.252  88.347 0.0000000000
30921  33.919  -49.575  86.622 0.0000000000
33024  30.415  -48.086  83.912 0.0000000000
34056  30.736  -46.268  81.747 0.0000000000
54883  53.644  -24.571  72.734 0.0000000000
54904  52.799  -24.491  72.133 0.0000000000
55979  51.901  -24.467  71.312 0.0000000000
53947  50.076  -24.614  72.016 0.0000000000
35851  20.766  -43.813  95.220 0.0000000000
34868  20.846  -44.574  94.532 0.0000000000
34859  20.617  -44.286  94.815 0.0000000000
126695  20.126  -45.006  94.025 0.0000000000
126692  19.677  -45.111  93.531 0.0000000000
35856  16.328  -44.383  93.059 0.0000000000
36832  15.606  -44.974  89.947 0.0000000000
36831  15.443  -44.151  89.875 0.0000000000
36844  14.482  -44.730  89.646 0.0000000000
61405  59.808  -17.924  67.710 0.0000000000
62399  59.337  -17.337  68.219 0.0000000000
62383  58.898  -17.514  69.168 0.0000000000
62341  57.863  -18.136  71.071 0.0000000000
59138  58.226  -20.795  71.152 0.0000000000
59139  57.896  -20.400  71.655 0.0000000000
59118  57.900  -21.125  71.863 0.0000000000
58068  57.409  -21.624  72.506 0.0000000000
59095  56.192  -20.271  74.124 0.0000000000
58043  56.343  -21.497  74.196 0.0000000000
57024  56.372  -22.502  74.313 0.0000000000
55886  55.714  -23.775  74.646 0.0000000000
54838  50.489  -24.054  75.619 0.0000000000
60138  50.316  -19.290  80.039 0.0000000000
59024  50.262  -19.913  80.018 0.0000000000
54809  49.699  -24.896  78.558 0.0000000000
55826  50.010  -24.259  78.973 0.0000000000
54818  49.676  -25.026  77.703 0.0000000000
53911  47.815  -25.642  74.756 0.0000000000
53037  47.301  -26.614  74.592 0.0000000000
51044  47.051  -28.983  77.119 0.0000000000
51057  46.924  -28.764  76.200 0.0000000000
49998  46.365  -29.190  75.610 0.0000000000
50031  45.166  -29.634  74.261 0.0000000000
50049  44.625  -29.654  73.479 0.0000000000
54735  45.875  -24.317  85.596 0.0000000000
50930  40.891  -28.138  88.247 0.0000000000
50929  41.091  -27.888  87.712 0.0000000000
51947  41.622  -27.499  86.766 0.0000000000
51946  42.136  -27.184  86.542 0.0000000000
50999  42.558  -28.587  82.955 0.0000000000
50988  42.511  -28.322  83.799 0.0000000000
50987  43.371  -28.373  83.557 0.0000000000
50972  44.209  -28.081  84.248 0.0000000000
50971  45.156  -28.256  84.186 0.0000000000
50985  45.276  -28.749  83.458 0.0000000000
50995  46.415  -29.172  82.285 0.0000000000
49921  45.349  -29.425  81.813 0.0000000000
49929  45.301  -29.648  80.969 0.0000000000
50019  41.649  -29.686  75.832 0.0000000000
48102  38.899  -30.841  73.144 0.0000000000
46287  38.088  -33.165  73.784 0.0000000000
43433  37.530  -36.212  76.799 0.0000000000
43434  36.953  -36.555  76.190 0.0000000000
41573  36.552  -37.927  73.263 0.0000000000
38651  39.235  -41.201  84.612 0.0000000000
39545  39.769  -40.840  84.197 0.0000000000
38650  39.912  -41.606  84.375 0.0000000000
34976  41.290  -45.236  81.644 0.0000000000
34992  41.400  -44.754  81.705 0.0000000000
34114  41.064  -44.971  80.495 0.0000000000
35040  40.819  -44.546  80.022 0.0000000000
36956  40.745  -43.415  79.609 0.0000000000
36957  40.511  -43.649  78.842 0.0000000000
36050  39.984  -44.071  77.592 0.0000000000
54989  59.924  -24.084  65.187 0.0000000000
55002  60.687  -23.985  64.356 0.0000000000
35843  28.044  -44.338  94.432 0.0000000000
45002  39.498  -34.382  90.619 0.0000000000
44974  40.651  -33.760  90.597 0.0000000000
44057  41.494  -34.902  91.735 0.0000000000
44073  43.356  -35.069  92.074 0.0000000000
42243  44.217  -36.941  91.145 0.0000000000
43187  44.854  -36.509  90.766 0.0000000000
44071  45.274  -35.040  91.280 0.0000000000
44998  45.771  -34.450  90.992 0.0000000000
46955  46.747  -33.263  90.112 0.0000000000
127898  45.473  -32.094  89.355 0.0000000000
46974  43.434  -31.536  89.861 0.0000000000
47943  44.943  -33.074  89.033 0.0000000000
46013  44.147  -34.113  89.661 0.0000000000
45013  43.287  -34.266  90.240 0.0000000000
44104  42.944  -35.870  89.942 0.0000000000
44092  42.093  -34.814  89.278 0.0000000000
45050  42.114  -34.504  88.215 0.0000000000
44148  43.161  -35.371  86.552 0.0000000000
43253  43.131  -36.482  85.222 0.0000000000
43281  42.339  -36.658  83.436 0.0000000000
43282  41.934  -36.970  82.913 0.0000000000
42363  42.478  -37.076  84.103 0.0000000000
41459  41.290  -38.188  82.544 0.0000000000
41422  41.692  -38.326  84.235 0.0000000000
41460  40.882  -38.755  82.290 0.0000000000
40496  40.335  -39.559  81.685 0.0000000000
33057  33.999  -47.057  82.400 0.0000000000
34075  34.226  -47.296  81.642 0.0000000000
57147  57.634  -22.373  68.568 0.0000000000
56015  57.150  -22.875  68.507 0.0000000000
54952  56.606  -24.233  69.042 0.0000000000
56017  56.022  -23.975  68.046 0.0000000000
34040  28.580  -46.103  82.790 0.0000000000
34961  26.982  -45.361  82.764 0.0000000000
34042  26.728  -45.630  83.356 0.0000000000
34981  26.440  -45.127  82.299 0.0000000000
35960  25.867  -44.864  81.914 0.0000000000
35961  25.086  -44.844  82.248 0.0000000000
35983  24.563  -44.537  81.658 0.0000000000
34006  21.888  -46.762  87.481 0.0000000000
34930  21.024  -46.276  86.109 0.0000000000
35940  19.820  -45.080  84.008 0.0000000000
36881  18.986  -44.170  82.633 0.0000000000
36890  18.440  -43.577  82.106 0.0000000000
37791  16.859  -42.831  82.975 0.0000000000
40304  34.977  -39.528  91.934 0.0000000000
39461  36.623  -40.620  90.441 0.0000000000
38615  35.770  -42.094  88.415 0.0000000000
37743  35.017  -42.552  87.915 0.0000000000
37756  34.459  -43.136  87.510 0.0000000000
36840  33.951  -43.875  87.659 0.0000000000
34920  34.225  -45.048  88.191 0.0000000000
31921  30.500  -47.995  90.614 0.0000000000
31920  31.065  -47.845  90.399 0.0000000000
30910  31.034  -49.598  87.311 0.0000000000
30924  30.643  -49.407  86.291 0.0000000000
31977  30.068  -48.999  85.701 0.0000000000
31990  29.659  -48.454  85.163 0.0000000000
33017  28.989  -48.049  85.107 0.0000000000
33016  29.475  -48.180  84.867 0.0000000000
55930  51.580  -23.400  72.716 0.0000000000
55955  50.380  -23.415  71.528 0.0000000000
36792  15.636  -44.063  93.017 0.0000000000
29913  18.278  -48.449  90.281 0.0000000000
58025  54.996  -21.400  75.981 0.0000000000
56989  55.068  -21.999  76.098 0.0000000000
56973  54.028  -21.824  77.178 0.0000000000
59064  53.301  -20.467  77.326 0.0000000000
58018  53.343  -21.199  77.398 0.0000000000
57988  48.973  -21.190  80.804 0.0000000000
54801  49.680  -24.707  79.398 0.0000000000
53879  49.477  -25.543  78.906 0.0000000000
53880  49.259  -25.945  78.424 0.0000000000
53013  48.688  -26.639  77.410 0.0000000000
52015  48.040  -28.101  77.741 0.0000000000
52009  48.537  -27.560  79.022 0.0000000000
51032  47.945  -28.348  78.267 0.0000000000
51043  47.650  -28.471  77.536 0.0000000000
49966  46.424  -29.585  77.578 0.0000000000
48967  41.626  -29.907  85.276 0.0000000000
49902  41.454  -29.053  85.512 0.0000000000
48975  41.742  -30.057  84.359 0.0000000000
49916  41.586  -29.346  83.747 0.0000000000
51011  41.986  -28.931  82.583 0.0000000000
49932  42.509  -29.226  81.543 0.0000000000
49941  43.444  -29.525  80.572 0.0000000000
49989  41.150  -30.412  77.340 0.0000000000
47135  39.941  -32.858  75.986 0.0000000000
46262  38.333  -33.508  74.477 0.0000000000
45347  37.612  -34.523  74.560 0.0000000000
41549  36.805  -38.125  75.924 0.0000000000
41564  37.152  -38.561  74.535 0.0000000000
35921  40.218  -44.538  85.887 0.0000000000
34937  41.129  -45.100  84.539 0.0000000000
34030  41.451  -45.783  83.646 0.0000000000
33014  41.312  -47.056  84.722 0.0000000000
126526  41.084  -46.120  81.902 0.0000000000
126548  40.528  -46.159  80.184 0.0000000000
126527  38.163  -49.460  80.575 0.0000000000
126519  38.362  -49.350  80.473 0.0000000000
32077  38.291  -49.388  80.131 0.0000000000
31055  38.042  -48.476  77.860 0.0000000000
60398  62.261  -19.523  62.596 0.0000000000
58191  62.144  -21.421  61.411 0.0000000000
57211  61.867  -22.206  61.176 0.0000000000
55016  58.557  -24.500  62.984 0.0000000000
33009  25.862  -47.423  86.681 0.0000000000
32983  26.013  -48.061  87.838 0.0000000000
32997  25.672  -47.712  87.428 0.0000000000
32998  24.834  -47.434  87.457 0.0000000000
32968  25.132  -48.128  89.133 0.0000000000
32985  24.656  -47.699  88.434 0.0000000000
34004  23.797  -47.202  87.321 0.0000000000
33992  23.271  -47.215  87.874 0.0000000000
34005  22.785  -47.012  87.299 0.0000000000
32949  24.095  -47.708  90.929 0.0000000000
33993  22.757  -47.179  88.404 0.0000000000
34007  20.916  -46.525  87.561 0.0000000000
33995  20.563  -46.499  88.547 0.0000000000
34922  19.351  -45.784  87.809 0.0000000000
34923  18.777  -45.516  88.214 0.0000000000
38551  32.242  -41.682  93.566 0.0000000000
37699  32.863  -42.260  93.044 0.0000000000
36789  32.984  -42.766  92.773 0.0000000000
35871  32.860  -43.048  92.274 0.0000000000
34876  32.619  -43.595  92.537 0.0000000000
34877  32.330  -44.242  92.247 0.0000000000
33946  32.000  -44.675  92.115 0.0000000000
34865  31.718  -44.311  93.195 0.0000000000
33947  31.653  -45.220  91.805 0.0000000000
33948  31.299  -45.708  91.649 0.0000000000
32943  30.743  -47.422  90.847 0.0000000000
35842  29.370  -43.969  94.087 0.0000000000
33927  29.872  -45.351  93.501 0.0000000000
33939  30.099  -45.665  93.144 0.0000000000
32920  29.007  -46.282  93.040 0.0000000000
32919  29.744  -45.998  93.044 0.0000000000
32918  30.207  -45.927  92.685 0.0000000000
31901  30.114  -46.450  92.026 0.0000000000
30881  30.439  -47.048  91.391 0.0000000000
53963  46.074  -25.241  70.231 0.0000000000
61233  49.528  -18.514  80.644 0.0000000000
60140  48.984  -19.423  80.824 0.0000000000
57976  48.838  -21.262  81.692 0.0000000000
57963  48.182  -20.824  82.935 0.0000000000
57962  48.565  -21.583  82.505 0.0000000000
56910  48.809  -22.564  82.560 0.0000000000
55780  48.921  -23.503  82.720 0.0000000000
54775  48.898  -24.438  83.018 0.0000000000
50918  40.650  -28.026  88.671 0.0000000000
49873  41.080  -28.833  88.039 0.0000000000
48948  41.340  -29.615  87.361 0.0000000000
46992  41.792  -31.734  88.682 0.0000000000
46027  42.279  -32.882  87.806 0.0000000000
47005  41.870  -31.910  88.115 0.0000000000
47962  41.668  -31.319  88.184 0.0000000000
47982  41.996  -30.955  86.772 0.0000000000
48957  41.885  -30.562  85.832 0.0000000000
48966  42.068  -30.737  85.020 0.0000000000
48001  42.620  -31.750  83.891 0.0000000000
48007  42.624  -31.793  82.980 0.0000000000
47052  42.821  -32.788  82.810 0.0000000000
48014  42.559  -32.091  82.163 0.0000000000
47084  42.567  -33.032  80.488 0.0000000000
46148  42.330  -33.477  80.089 0.0000000000
46169  41.569  -33.562  79.142 0.0000000000
46170  41.191  -33.872  78.794 0.0000000000
45251  40.699  -34.640  78.980 0.0000000000
45252  40.060  -35.080  78.779 0.0000000000
45204  40.764  -35.332  80.294 0.0000000000
45230  39.931  -35.430  79.322 0.0000000000
44314  39.449  -35.593  79.029 0.0000000000
44315  38.705  -35.855  78.622 0.0000000000
43395  37.978  -36.609  78.568 0.0000000000
42487  37.459  -37.350  78.217 0.0000000000
43304  41.676  -36.688  82.182 0.0000000000
43327  41.186  -36.653  81.572 0.0000000000
42440  40.216  -37.068  80.764 0.0000000000
42441  39.829  -37.623  80.519 0.0000000000
43350  39.397  -36.970  80.165 0.0000000000
42467  38.359  -37.576  79.399 0.0000000000
42468  37.816  -37.443  78.857 0.0000000000
41525  37.607  -37.866  78.488 0.0000000000
41533  37.478  -38.241  77.913 0.0000000000
40549  37.753  -38.818  77.167 0.0000000000
40555  38.178  -39.306  76.699 0.0000000000
40562  38.224  -39.510  76.033 0.0000000000
39620  38.725  -40.115  75.653 0.0000000000
30951  37.250  -49.222  83.582 0.0000000000
33035  35.274  -47.847  82.781 0.0000000000
32039  35.917  -48.555  82.455 0.0000000000
33074  35.186  -48.014  81.896 0.0000000000
30971  36.637  -49.253  82.315 0.0000000000
30990  37.029  -49.590  81.672 0.0000000000
59230  61.046  -20.708  66.289 0.0000000000
59242  61.275  -20.753  65.706 0.0000000000
58155  61.060  -21.560  66.336 0.0000000000
57192  61.081  -22.522  65.920 0.0000000000
56059  60.618  -23.130  66.132 0.0000000000
56049  60.025  -23.175  66.725 0.0000000000
56072  59.928  -23.937  65.513 0.0000000000
54990  58.944  -24.411  64.888 0.0000000000
57182  57.321  -22.691  67.242 0.0000000000
56062  57.364  -23.703  66.214 0.0000000000
34938  24.501  -46.047  84.770 0.0000000000
34950  24.927  -45.694  84.125 0.0000000000
35962  24.349  -44.721  82.260 0.0000000000
35984  23.855  -44.500  81.751 0.0000000000
34941  22.134  -46.106  85.127 0.0000000000
34953  22.357  -45.778  84.512 0.0000000000
34966  22.493  -45.496  83.844 0.0000000000
35965  21.882  -44.940  82.489 0.0000000000
35951  22.615  -45.195  83.105 0.0000000000
35964  22.827  -44.778  82.416 0.0000000000
36903  23.095  -44.364  81.184 0.0000000000
36923  23.239  -44.227  80.612 0.0000000000
43177  36.026  -36.685  91.761 0.0000000000
45004  37.475  -34.741  91.667 0.0000000000
45985  38.727  -34.036  91.158 0.0000000000
45017  38.915  -35.038  90.573 0.0000000000
44078  39.449  -35.195  90.193 0.0000000000
43173  40.261  -35.564  89.699 0.0000000000
41310  38.860  -37.914  89.951 0.0000000000
41284  39.269  -37.454  89.710 0.0000000000
41282  40.334  -36.769  89.389 0.0000000000
41308  40.249  -37.244  89.398 0.0000000000
41331  40.517  -37.647  89.112 0.0000000000
40416  40.504  -39.408  87.115 0.0000000000
40433  39.904  -39.820  86.548 0.0000000000
39529  39.206  -40.087  85.979 0.0000000000
39522  38.563  -40.414  86.665 0.0000000000
39530  38.382  -40.520  85.611 0.0000000000
39539  38.708  -40.776  84.946 0.0000000000
38641  38.788  -41.362  85.015 0.0000000000
37773  39.067  -42.059  85.253 0.0000000000
36863  39.732  -43.260  85.621 0.0000000000
38626  36.445  -41.546  87.856 0.0000000000
38634  36.294  -41.462  86.842 0.0000000000
38644  36.456  -41.684  86.075 0.0000000000
37765  36.294  -42.840  86.497 0.0000000000
37764  36.971  -42.799  86.437 0.0000000000
37775  37.097  -42.247  85.967 0.0000000000
36849  39.213  -43.364  86.095 0.0000000000
35932  40.054  -44.008  85.807 0.0000000000
34928  40.109  -45.236  86.366 0.0000000000
34914  39.670  -45.625  86.959 0.0000000000
32991  39.649  -46.961  87.041 0.0000000000
34001  38.857  -46.385  87.566 0.0000000000
31958  38.614  -48.252  86.963 0.0000000000
35880  33.096  -43.676  91.471 0.0000000000
36809  33.302  -44.160  90.551 0.0000000000
35888  33.065  -44.498  90.359 0.0000000000
34892  32.348  -45.283  90.284 0.0000000000
35895  32.688  -45.110  89.606 0.0000000000
35894  33.063  -44.604  89.707 0.0000000000
34906  33.780  -45.603  88.542 0.0000000000
33989  34.592  -46.491  88.709 0.0000000000
32967  31.863  -47.700  89.804 0.0000000000
32966  32.437  -47.472  89.500 0.0000000000
32965  33.008  -47.232  89.156 0.0000000000
32979  35.395  -47.311  88.637 0.0000000000
31941  36.131  -48.063  88.269 0.0000000000
31962  34.852  -48.848  88.055 0.0000000000
31961  35.786  -48.721  87.773 0.0000000000
30904  36.784  -49.110  86.931 0.0000000000
32020  33.657  -48.280  83.408 0.0000000000
30938  31.377  -49.325  85.584 0.0000000000
31987  31.840  -49.172  84.804 0.0000000000
32005  31.518  -48.725  84.216 0.0000000000
32004  32.265  -48.905  84.077 0.0000000000
33038  33.332  -47.692  82.889 0.0000000000
34055  31.834  -46.667  81.658 0.0000000000
34077  32.449  -46.822  81.242 0.0000000000
55980  51.484  -24.184  71.383 0.0000000000
53960  51.941  -25.583  70.496 0.0000000000
38534  24.442  -41.973  94.183 0.0000000000
35847  23.310  -44.011  94.760 0.0000000000
34855  22.581  -44.297  94.686 0.0000000000
35849  22.200  -43.600  95.076 0.0000000000
126699  22.362  -44.894  94.283 0.0000000000
126693  19.691  -45.874  90.636 0.0000000000
34898  18.810  -45.649  89.552 0.0000000000
35904  18.191  -45.302  88.629 0.0000000000
35853  19.092  -44.241  94.829 0.0000000000
34871  19.097  -44.919  93.634 0.0000000000
35897  17.855  -45.262  89.384 0.0000000000
35905  17.323  -44.719  88.430 0.0000000000
36841  16.094  -43.544  87.428 0.0000000000
36857  14.724  -43.670  87.734 0.0000000000
36867  15.041  -43.658  86.478 0.0000000000
34925  15.666  -45.746  88.417 0.0000000000
61424  60.976  -19.207  65.738 0.0000000000
62428  60.252  -17.849  65.965 0.0000000000
61413  60.828  -19.361  66.101 0.0000000000
60361  60.615  -19.794  66.662 0.0000000000
59215  60.044  -20.340  67.781 0.0000000000
61388  59.861  -18.964  68.023 0.0000000000
59216  59.674  -20.915  68.084 0.0000000000
58145  59.053  -21.557  68.390 0.0000000000
58130  58.776  -21.543  68.722 0.0000000000
63417  58.674  -16.954  69.144 0.0000000000
61369  58.975  -18.675  69.541 0.0000000000
61353  58.750  -18.990  69.898 0.0000000000
59177  59.103  -20.123  69.491 0.0000000000
58113  58.689  -21.327  69.528 0.0000000000
57133  57.939  -22.520  69.496 0.0000000000
57117  58.100  -22.818  69.996 0.0000000000
57095  58.242  -22.324  71.059 0.0000000000
55951  58.155  -22.964  70.692 0.0000000000
54899  57.362  -24.040  70.636 0.0000000000
61315  56.615  -18.854  72.681 0.0000000000
57044  57.132  -22.345  73.233 0.0000000000
54881  55.541  -24.599  72.280 0.0000000000
55907  52.362  -23.980  73.393 0.0000000000
54837  53.514  -24.230  74.970 0.0000000000
54853  52.788  -24.189  73.975 0.0000000000
57045  51.043  -22.741  73.162 0.0000000000
57046  50.275  -22.112  73.263 0.0000000000
57026  50.289  -22.634  73.974 0.0000000000
58054  49.834  -21.873  73.087 0.0000000000
57072  49.012  -22.004  72.774 0.0000000000
57048  48.384  -22.684  73.288 0.0000000000
57074  47.602  -22.844  72.861 0.0000000000
59037  52.206  -20.433  78.736 0.0000000000
59038  51.498  -20.398  79.387 0.0000000000
57999  51.970  -21.199  79.177 0.0000000000
56941  52.233  -21.687  78.948 0.0000000000
55823  52.249  -22.940  78.539 0.0000000000
55857  51.190  -24.212  76.650 0.0000000000
54826  50.615  -24.282  76.120 0.0000000000
57049  47.955  -23.038  73.309 0.0000000000
55932  46.859  -23.414  72.738 0.0000000000
53935  46.036  -24.708  72.603 0.0000000000
53922  46.378  -25.315  73.281 0.0000000000
53021  48.140  -26.942  76.136 0.0000000000
52060  46.881  -27.370  74.385 0.0000000000
51071  46.868  -28.399  75.291 0.0000000000
51085  46.634  -28.254  74.528 0.0000000000
51096  46.535  -27.932  73.944 0.0000000000
56878  47.596  -22.708  84.083 0.0000000000
55767  48.053  -23.376  83.897 0.0000000000
53838  48.513  -24.999  83.547 0.0000000000
54703  43.109  -24.523  87.535 0.0000000000
54722  43.647  -24.612  87.208 0.0000000000
50961  41.662  -28.213  85.756 0.0000000000
51960  42.229  -27.557  85.854 0.0000000000
51959  42.992  -27.319  85.779 0.0000000000
52944  43.401  -26.692  86.312 0.0000000000
52928  43.742  -26.049  86.729 0.0000000000
53803  44.178  -25.402  86.723 0.0000000000
53802  44.725  -24.917  86.367 0.0000000000
54736  45.273  -24.537  86.004 0.0000000000
53814  45.857  -25.241  85.680 0.0000000000
53827  46.547  -25.555  85.301 0.0000000000
51970  46.110  -27.673  84.675 0.0000000000
52955  46.739  -26.521  85.091 0.0000000000
52954  47.368  -26.301  84.443 0.0000000000
52966  48.436  -26.085  83.382 0.0000000000
52977  48.752  -26.484  82.596 0.0000000000
51991  48.431  -27.378  82.224 0.0000000000
51999  48.083  -28.125  81.878 0.0000000000
51007  47.710  -28.604  81.101 0.0000000000
51008  46.854  -29.231  81.418 0.0000000000
51019  47.023  -29.282  80.642 0.0000000000
49937  47.096  -29.269  79.314 0.0000000000
49985  44.521  -30.282  77.258 0.0000000000
50017  43.817  -30.160  75.413 0.0000000000
50033  43.066  -30.114  74.536 0.0000000000
48103  38.175  -31.386  72.697 0.0000000000
45304  38.903  -34.605  76.456 0.0000000000
44360  38.649  -35.271  77.023 0.0000000000
45305  38.287  -34.943  75.923 0.0000000000
45328  37.986  -34.765  75.358 0.0000000000
45348  36.883  -34.767  74.068 0.0000000000
42503  36.721  -37.346  76.642 0.0000000000
39544  40.187  -40.314  83.928 0.0000000000
39568  40.296  -40.770  81.035 0.0000000000
36880  41.222  -43.596  83.744 0.0000000000
37795  41.354  -43.158  83.029 0.0000000000
37804  41.449  -43.094  82.292 0.0000000000
35976  41.430  -44.222  81.397 0.0000000000
36902  41.442  -43.237  81.667 0.0000000000
37805  41.191  -42.428  81.744 0.0000000000
37841  40.312  -42.733  78.402 0.0000000000
38711  39.673  -41.535  77.283 0.0000000000
38722  39.358  -41.542  75.138 0.0000000000
126555  40.179  -45.861  79.382 0.0000000000
36040  39.831  -44.690  77.896 0.0000000000
36978  39.489  -43.573  76.318 0.0000000000
36068  39.151  -43.975  76.043 0.0000000000
37878  39.428  -42.162  74.784 0.0000000000
38750  39.307  -41.439  73.855 0.0000000000
57198  61.511  -22.132  64.153 0.0000000000
57201  61.525  -22.421  63.777 0.0000000000
56080  61.335  -23.204  64.050 0.0000000000
56084  61.528  -22.894  63.336 0.0000000000
57204  61.746  -22.332  62.888 0.0000000000
57212  61.175  -22.360  60.791 0.0000000000
53981  53.696  -25.808  68.617 0.0000000000
30865  29.387  -46.637  92.314 0.0000000000
30867  28.774  -46.804  92.534 0.0000000000
30874  30.349  -46.817  91.590 0.0000000000
30875  30.007  -46.766  91.825 0.0000000000
30876  29.460  -46.934  91.971 0.0000000000
30877  28.970  -47.037  92.156 0.0000000000
30878  28.846  -46.924  92.374 0.0000000000
30882  30.124  -47.169  91.522 0.0000000000
31888  30.217  -46.221  92.237 0.0000000000
31889  29.784  -46.316  92.528 0.0000000000
31890  29.285  -46.431  92.679 0.0000000000
31900  30.439  -46.355  91.870 0.0000000000
31902  29.340  -47.335  91.725 0.0000000000
31911  30.471  -47.320  91.164 0.0000000000
31991  29.162  -48.445  85.574 0.0000000000
32007  30.107  -48.409  84.695 0.0000000000
32038  36.302  -48.989  82.367 0.0000000000
32928  31.259  -45.580  91.859 0.0000000000
32930  28.937  -47.640  91.634 0.0000000000
32950  23.140  -47.392  90.869 0.0000000000
32951  22.687  -47.275  90.530 0.0000000000
33936  31.940  -44.656  92.367 0.0000000000
33944  21.010  -44.770  94.370 0.0000000000
33949  26.964  -47.018  92.931 0.0000000000
33957  22.840  -47.156  91.194 0.0000000000
33965  22.260  -47.124  90.144 0.0000000000
33978  20.054  -46.341  89.471 0.0000000000
33991  32.967  -46.522  89.059 0.0000000000
34011  40.207  -46.307  86.558 0.0000000000
34027  22.012  -46.353  85.615 0.0000000000
34842  30.869  -44.157  93.659 0.0000000000
34843  30.628  -44.313  93.653 0.0000000000
34857  21.696  -44.158  94.911 0.0000000000
34867  21.282  -44.553  94.572 0.0000000000
34869  20.236  -44.625  94.426 0.0000000000
34870  19.642  -44.863  94.061 0.0000000000
34875  32.694  -43.343  92.472 0.0000000000
34879  20.644  -44.887  94.215 0.0000000000
34884  32.703  -43.347  92.242 0.0000000000
34902  37.314  -45.646  88.225 0.0000000000
34903  36.750  -45.646  88.324 0.0000000000
34908  19.848  -46.207  88.139 0.0000000000
34910  18.899  -45.659  88.936 0.0000000000
34919  34.575  -45.001  88.144 0.0000000000
34948  41.401  -45.035  83.755 0.0000000000
34959  41.582  -45.212  82.983 0.0000000000
34967  21.845  -45.538  84.070 0.0000000000
34993  41.345  -44.820  81.214 0.0000000000
35006  41.274  -44.597  80.819 0.0000000000
35022  41.069  -44.601  80.430 0.0000000000
35023  40.922  -44.887  80.247 0.0000000000
35841  30.163  -44.262  93.812 0.0000000000
35860  32.714  -43.521  92.882 0.0000000000
35862  31.891  -43.665  93.412 0.0000000000
35872  32.830  -43.090  92.609 0.0000000000
35875  15.642  -44.254  90.810 0.0000000000
35879  33.017  -43.172  91.843 0.0000000000
35881  32.997  -44.296  90.986 0.0000000000
35889  32.742  -44.843  90.113 0.0000000000
35896  18.443  -45.475  89.118 0.0000000000
35900  35.231  -45.157  88.196 0.0000000000
35906  16.393  -44.103  88.324 0.0000000000
35925  18.639  -44.990  85.998 0.0000000000
35938  41.436  -44.379  83.509 0.0000000000
35946  41.512  -44.412  82.947 0.0000000000
35949  24.244  -44.981  82.811 0.0000000000
35977  41.369  -44.428  81.047 0.0000000000
35982  25.318  -44.553  81.487 0.0000000000
35985  23.097  -44.490  81.708 0.0000000000
35994  41.396  -43.818  81.136 0.0000000000
36003  24.008  -44.356  81.131 0.0000000000
36004  23.461  -44.391  81.286 0.0000000000
36010  40.916  -44.028  80.106 0.0000000000
36024  40.687  -44.189  79.569 0.0000000000
36808  33.616  -43.647  90.707 0.0000000000
36828  33.895  -43.497  88.470 0.0000000000
36836  37.274  -43.796  87.203 0.0000000000
36842  15.570  -43.588  88.101 0.0000000000
36843  14.778  -43.763  88.970 0.0000000000
36845  15.022  -45.319  89.843 0.0000000000
36853  36.036  -43.372  86.790 0.0000000000
36862  40.354  -43.104  85.023 0.0000000000
36879  41.386  -43.726  83.218 0.0000000000
36901  41.507  -43.735  81.899 0.0000000000
36916  41.436  -43.672  81.418 0.0000000000
37665  31.920  -43.145  94.668 0.0000000000
37666  31.608  -42.768  94.323 0.0000000000
37679  31.719  -42.599  93.900 0.0000000000
37730  47.403  -41.092  88.803 0.0000000000
37731  47.592  -41.468  89.041 0.0000000000
37732  45.950  -41.505  89.004 0.0000000000
37733  45.838  -41.204  88.932 0.0000000000
37739  47.202  -40.912  88.256 0.0000000000
37740  47.190  -41.636  88.509 0.0000000000
37741  46.447  -41.715  88.678 0.0000000000
37742  45.971  -41.378  88.796 0.0000000000
37744  34.274  -43.128  88.401 0.0000000000
37751  47.092  -40.633  87.784 0.0000000000
37752  47.052  -41.216  87.606 0.0000000000
37753  46.419  -41.678  87.950 0.0000000000
37754  45.910  -41.513  88.565 0.0000000000
37757  33.949  -43.453  87.982 0.0000000000
37763  37.661  -42.765  86.295 0.0000000000
37767  34.909  -43.063  86.880 0.0000000000
37776  36.454  -42.351  86.257 0.0000000000
37777  36.078  -42.491  86.427 0.0000000000
37788  41.247  -43.320  83.434 0.0000000000
37863  39.381  -42.688  74.903 0.0000000000
37893  39.417  -42.117  74.319 0.0000000000
38516  32.065  -42.705  94.554 0.0000000000
38596  47.246  -40.875  88.999 0.0000000000
38597  47.215  -40.961  89.048 0.0000000000
38598  46.710  -40.835  89.085 0.0000000000
38599  45.777  -40.808  89.076 0.0000000000
38600  44.927  -40.829  89.169 0.0000000000
38601  44.462  -40.544  89.097 0.0000000000
38608  47.193  -40.485  88.632 0.0000000000
38609  47.136  -41.430  89.005 0.0000000000
38610  46.756  -41.626  88.944 0.0000000000
38611  45.424  -41.113  88.745 0.0000000000
38612  44.684  -40.871  88.572 0.0000000000
38613  44.192  -40.462  88.837 0.0000000000
38621  47.077  -40.311  88.029 0.0000000000
38622  46.600  -40.344  87.778 0.0000000000
38623  46.328  -41.032  87.600 0.0000000000
38624  45.478  -41.017  87.912 0.0000000000
38625  44.950  -40.404  88.326 0.0000000000
38635  35.756  -42.015  86.627 0.0000000000
38643  37.310  -41.549  85.692 0.0000000000
38652  38.684  -41.111  84.912 0.0000000000
38659  39.824  -41.237  84.226 0.0000000000
38733  39.390  -41.702  74.448 0.0000000000
39411  33.886  -40.370  92.605 0.0000000000
39433  34.375  -40.215  92.262 0.0000000000
39457  45.607  -39.524  90.154 0.0000000000
39458  44.923  -39.581  90.092 0.0000000000
39459  44.482  -39.389  89.831 0.0000000000
39473  46.900  -39.958  89.004 0.0000000000
39474  46.700  -39.906  89.520 0.0000000000
39475  46.005  -40.058  89.901 0.0000000000
39476  45.265  -40.246  89.709 0.0000000000
39477  44.543  -39.823  89.417 0.0000000000
39478  44.134  -40.032  89.120 0.0000000000
39479  38.473  -40.225  89.088 0.0000000000
39492  46.614  -39.892  88.455 0.0000000000
39493  46.319  -39.778  88.259 0.0000000000
39494  44.752  -39.497  88.203 0.0000000000
39495  44.516  -39.986  88.488 0.0000000000
39496  43.867  -40.005  88.938 0.0000000000
39510  46.769  -39.958  88.000 0.0000000000
39511  45.091  -39.801  88.215 0.0000000000
40286  33.687  -39.612  92.970 0.0000000000
40341  46.198  -38.720  89.734 0.0000000000
40342  45.897  -38.662  90.056 0.0000000000
40343  45.078  -38.807  90.041 0.0000000000
40344  44.351  -38.920  90.169 0.0000000000
40345  43.645  -38.850  90.204 0.0000000000
40346  43.051  -38.823  90.230 0.0000000000
40350  36.930  -39.992  90.684 0.0000000000
40367  46.126  -39.321  88.944 0.0000000000
40368  46.272  -38.976  89.386 0.0000000000
40370  43.490  -39.261  89.580 0.0000000000
40371  42.826  -39.075  90.122 0.0000000000
40390  46.279  -39.663  88.810 0.0000000000
40392  45.704  -37.709  88.774 0.0000000000
40393  44.859  -39.233  88.040 0.0000000000
40394  44.422  -39.087  88.158 0.0000000000
40395  43.854  -39.462  88.719 0.0000000000
40396  40.345  -39.197  88.030 0.0000000000
40413  45.735  -39.315  87.929 0.0000000000
40414  45.060  -39.075  87.919 0.0000000000
40415  44.766  -39.004  87.929 0.0000000000
40432  40.604  -39.513  86.211 0.0000000000
40539  37.967  -38.848  77.777 0.0000000000
41281  40.552  -36.577  89.257 0.0000000000
41283  39.780  -37.134  89.569 0.0000000000
41301  46.078  -38.471  89.339 0.0000000000
41302  45.997  -38.094  89.123 0.0000000000
41303  45.260  -37.968  89.370 0.0000000000
41305  43.817  -38.127  90.124 0.0000000000
41306  43.060  -38.130  90.217 0.0000000000
41307  40.607  -36.815  89.211 0.0000000000
41327  45.872  -37.235  89.656 0.0000000000
41328  42.837  -38.654  89.293 0.0000000000
41332  40.074  -38.347  89.138 0.0000000000
41347  46.016  -37.563  89.085 0.0000000000
41349  44.885  -38.164  88.129 0.0000000000
41350  44.537  -38.356  88.178 0.0000000000
41351  43.643  -38.576  88.802 0.0000000000
41370  45.062  -38.453  87.998 0.0000000000
41371  44.774  -38.750  87.947 0.0000000000
41372  41.539  -38.100  87.954 0.0000000000
42244  43.254  -37.005  91.077 0.0000000000
42247  40.811  -36.227  89.162 0.0000000000
42248  40.104  -36.505  89.529 0.0000000000
42250  38.953  -37.353  89.849 0.0000000000
42258  46.720  -36.716  89.550 0.0000000000
42259  46.056  -36.917  88.959 0.0000000000
42261  43.915  -37.422  90.371 0.0000000000
42264  41.085  -36.863  88.872 0.0000000000
42265  38.857  -36.533  89.987 0.0000000000
42272  46.666  -36.746  89.315 0.0000000000
42273  46.324  -36.831  89.462 0.0000000000
42274  44.568  -37.486  89.048 0.0000000000
42275  43.733  -37.402  89.259 0.0000000000
42277  42.365  -36.819  89.613 0.0000000000
42278  41.340  -37.042  88.838 0.0000000000
42279  40.887  -37.619  88.775 0.0000000000
42284  45.603  -36.361  89.041 0.0000000000
42285  45.026  -37.710  88.739 0.0000000000
42287  43.602  -37.931  89.003 0.0000000000
42289  41.103  -37.624  88.645 0.0000000000
42298  45.408  -37.915  88.387 0.0000000000
42310  42.568  -37.226  86.785 0.0000000000
42311  42.294  -37.678  87.026 0.0000000000
42326  42.728  -37.330  85.712 0.0000000000
43156  40.623  -34.888  89.900 0.0000000000
43167  45.212  -35.825  91.092 0.0000000000
43168  44.203  -35.818  91.114 0.0000000000
43171  41.815  -35.561  90.065 0.0000000000
43174  39.135  -35.951  89.923 0.0000000000
43186  45.672  -36.252  90.180 0.0000000000
43188  42.266  -35.997  89.362 0.0000000000
43189  41.894  -35.483  88.618 0.0000000000
43190  41.562  -35.386  88.766 0.0000000000
43191  38.572  -36.241  90.293 0.0000000000
43192  37.998  -36.523  90.588 0.0000000000
43193  37.389  -36.784  90.795 0.0000000000
43199  47.131  -36.272  89.824 0.0000000000
43200  45.227  -36.922  89.404 0.0000000000
43201  43.960  -36.367  89.528 0.0000000000
43202  43.175  -36.655  89.453 0.0000000000
43204  42.118  -36.294  88.522 0.0000000000
43205  41.541  -35.587  88.762 0.0000000000
43214  41.797  -36.279  88.257 0.0000000000
43215  41.593  -35.874  88.571 0.0000000000
43224  42.196  -36.365  87.727 0.0000000000
43266  43.071  -35.641  84.343 0.0000000000
43267  42.799  -36.220  84.235 0.0000000000
43328  40.755  -36.491  81.219 0.0000000000
44055  42.978  -34.409  92.191 0.0000000000
44056  42.449  -34.616  92.106 0.0000000000
44059  40.855  -34.510  90.193 0.0000000000
44072  44.419  -35.068  91.560 0.0000000000
44074  42.523  -35.337  91.439 0.0000000000
44075  41.601  -35.627  91.046 0.0000000000
44076  41.139  -35.503  90.225 0.0000000000
44088  46.989  -35.680  90.202 0.0000000000
44089  46.098  -35.486  90.599 0.0000000000
44090  43.373  -34.911  90.192 0.0000000000
44091  42.771  -34.887  90.368 0.0000000000
44093  41.648  -34.986  88.875 0.0000000000
44101  45.406  -36.451  89.174 0.0000000000
44102  44.873  -35.889  89.343 0.0000000000
44103  43.631  -35.595  89.766 0.0000000000
44105  41.717  -34.875  88.635 0.0000000000
44106  41.629  -35.164  88.702 0.0000000000
44118  42.297  -34.790  87.925 0.0000000000
44119  42.025  -34.982  88.312 0.0000000000
44147  43.483  -34.710  85.835 0.0000000000
44175  43.284  -35.214  84.380 0.0000000000
44238  40.589  -36.104  80.985 0.0000000000
44263  40.313  -35.783  80.471 0.0000000000
44287  40.134  -35.552  80.018 0.0000000000
44973  40.863  -33.537  90.744 0.0000000000
44981  44.065  -33.403  92.183 0.0000000000
44984  41.468  -33.951  90.999 0.0000000000
44985  41.043  -33.978  90.584 0.0000000000
44986  40.371  -34.156  90.450 0.0000000000
44999  44.590  -34.092  91.751 0.0000000000
45001  40.012  -34.383  90.371 0.0000000000
45012  46.607  -34.769  90.248 0.0000000000
45014  42.335  -33.955  89.745 0.0000000000
45015  41.750  -34.253  88.953 0.0000000000
45016  41.670  -34.740  88.767 0.0000000000
45018  38.554  -35.274  90.693 0.0000000000
45030  43.913  -34.763  89.758 0.0000000000
45031  41.714  -33.587  88.976 0.0000000000
45032  41.784  -34.464  88.634 0.0000000000
45033  41.546  -34.958  88.794 0.0000000000
45048  44.955  -35.253  88.970 0.0000000000
45103  43.502  -34.163  85.110 0.0000000000
45122  43.293  -34.943  83.971 0.0000000000
45202  41.911  -34.517  80.614 0.0000000000
45983  46.218  -33.774  90.441 0.0000000000
45984  45.470  -33.504  91.240 0.0000000000
45996  46.923  -34.031  89.914 0.0000000000
46012  44.584  -34.696  89.307 0.0000000000
46026  44.853  -34.918  89.021 0.0000000000
46055  43.371  -33.347  85.707 0.0000000000
46066  43.297  -33.024  85.561 0.0000000000
46077  43.221  -33.040  84.044 0.0000000000
46086  43.407  -33.905  84.017 0.0000000000
46087  43.219  -33.530  83.574 0.0000000000
46128  42.324  -33.958  80.591 0.0000000000
46150  41.107  -34.490  79.350 0.0000000000
46956  45.947  -32.742  90.717 0.0000000000
46957  44.756  -32.201  91.553 0.0000000000
46972  47.038  -33.373  89.374 0.0000000000
46973  46.711  -32.762  90.097 0.0000000000
46990  45.163  -34.682  88.779 0.0000000000
47006  41.649  -31.374  88.461 0.0000000000
47041  43.340  -33.099  84.845 0.0000000000
47927  45.410  -31.890  90.674 0.0000000000
47941  46.199  -32.089  90.127 0.0000000000
47970  41.771  -31.241  87.735 0.0000000000
47983  41.581  -30.194  87.020 0.0000000000
48896  42.176  -29.255  92.927 0.0000000000
48985  42.360  -31.150  82.761 0.0000000000
49822  42.250  -29.311  92.388 0.0000000000
49850  40.567  -29.139  89.403 0.0000000000
49862  40.978  -29.299  88.469 0.0000000000
49874  40.829  -28.460  88.438 0.0000000000
50879  43.071  -29.550  91.639 0.0000000000
50891  43.232  -29.509  91.387 0.0000000000
50892  43.041  -29.366  91.502 0.0000000000
50960  42.122  -28.019  85.310 0.0000000000
51027  47.157  -29.199  78.719 0.0000000000
51031  48.282  -27.941  78.544 0.0000000000
51086  46.354  -28.460  74.050 0.0000000000
51924  40.888  -27.459  88.382 0.0000000000
51935  41.477  -27.254  87.373 0.0000000000
51961  41.758  -27.685  86.241 0.0000000000
52003  49.228  -27.070  80.224 0.0000000000
52028  48.211  -27.062  76.417 0.0000000000
52041  46.944  -27.890  74.840 0.0000000000
52059  47.184  -27.164  74.708 0.0000000000
52917  41.886  -26.364  87.728 0.0000000000
52927  44.142  -25.904  86.599 0.0000000000
52945  42.689  -27.043  86.314 0.0000000000
53029  48.296  -26.234  75.838 0.0000000000
53793  42.486  -25.685  87.763 0.0000000000
53815  45.082  -25.432  86.135 0.0000000000
53923  45.836  -25.377  72.634 0.0000000000
53957  54.453  -25.422  70.215 0.0000000000
54720  44.765  -24.279  86.256 0.0000000000
54721  44.307  -24.383  86.631 0.0000000000
54870  47.061  -24.007  73.423 0.0000000000
54918  57.371  -23.992  70.169 0.0000000000
54976  59.630  -24.024  65.571 0.0000000000
54987  60.942  -23.594  64.964 0.0000000000
55014  60.399  -24.135  63.667 0.0000000000
55707  43.111  -23.871  87.428 0.0000000000
55722  44.539  -23.665  86.299 0.0000000000
55754  46.741  -23.535  84.885 0.0000000000
55766  48.444  -23.232  83.333 0.0000000000
55779  49.155  -23.773  82.336 0.0000000000
55788  49.066  -22.974  82.270 0.0000000000
55874  49.732  -23.975  75.114 0.0000000000
55911  47.533  -23.562  73.428 0.0000000000
55931  47.251  -23.176  72.925 0.0000000000
56058  61.013  -22.928  65.768 0.0000000000
56071  60.369  -23.719  65.509 0.0000000000
56079  61.441  -22.869  63.680 0.0000000000
57075  47.179  -23.067  72.710 0.0000000000
57101  47.108  -22.951  72.466 0.0000000000
57178  60.953  -22.190  66.399 0.0000000000
57179  60.495  -22.382  66.814 0.0000000000
57183  56.928  -22.671  67.179 0.0000000000
57193  60.756  -22.716  66.300 0.0000000000
57998  52.320  -21.347  78.732 0.0000000000
58034  55.963  -21.464  74.860 0.0000000000
58042  56.592  -21.732  73.810 0.0000000000
58053  50.083  -21.855  73.058 0.0000000000
58067  57.883  -21.706  71.956 0.0000000000
58069  50.045  -21.814  72.797 0.0000000000
58070  49.478  -21.856  72.672 0.0000000000
58088  49.325  -21.905  71.998 0.0000000000
58089  48.691  -22.060  72.016 0.0000000000
58179  61.532  -21.611  64.708 0.0000000000
59052  53.051  -20.436  77.863 0.0000000000
59074  54.892  -20.830  75.822 0.0000000000
59251  61.797  -20.918  64.218 0.0000000000
60172  53.690  -19.910  76.944 0.0000000000
60237  56.770  -19.896  73.067 0.0000000000
60304  58.866  -19.500  69.854 0.0000000000
60336  59.570  -19.435  68.519 0.0000000000
60400  62.533  -19.093  61.000 0.0000000000
63418  58.232  -16.629  69.469 0.0000000000
126535  41.209  -45.326  81.222 0.0000000000
126541  41.203  -44.973  80.774 0.0000000000
126691  19.528  -46.015  89.983 0.0000000000
127891  46.164  -34.854  88.244 0.0000000000
127892  47.279  -34.599  88.854 0.0000000000
127893  46.490  -33.539  88.655 0.0000000000
127894  45.945  -34.798  88.380 0.0000000000
127895  46.465  -34.300  88.249 0.0000000000
127896  45.923  -34.091  88.531 0.0000000000
127897  45.077  -31.595  90.363 0.0000000000
127899  44.008  -30.342  90.581 0.0000000000
127901  43.700  -29.591  90.960 0.0000000000
127902  44.039  -29.918  90.994 0.0000000000
127905  44.327  -31.160  90.383 0.0000000000
127906  43.443  -29.409  90.811 0.0000000000
127907  44.038  -30.080  90.750 0.0000000000
127908  43.669  -30.378  91.487 0.0000000000
127909  44.106  -30.354  90.818 0.0000000000
127911  42.884  -30.020  89.759 0.0000000000
127912  43.898  -29.909  90.674 0.0000000000
127913  42.991  -29.662  91.777 0.0000000000
127914  43.832  -29.723  90.807 0.0000000000
127915  43.165  -30.311  91.861 0.0000000000
127916  43.659  -29.737  91.245 0.0000000000
127917  43.232  -29.835  91.678 0.0000000000
127918  43.715  -29.743  90.643 0.0000000000
127919  42.175  -28.775  92.010 0.0000000000
127920  43.057  -31.175  91.974 0.0000000000
127921  42.767  -30.197  92.126 0.0000000000
127922  43.009  -30.064  91.906 0.0000000000
127923  42.846  -29.791  91.895 0.0000000000
127924  42.157  -29.646  93.032 0.0000000000
127926  43.241  -29.645  90.118 0.0000000000
127927  42.873  -29.433  91.660 0.0000000000
127928  41.984  -29.255  92.341 0.0000000000
127930  42.597  -30.571  92.520 0.0000000000
127931  42.496  -30.444  92.759 0.0000000000
127932  42.269  -29.588  92.546 0.0000000000
127933  42.458  -30.201  92.721 0.0000000000
127934  42.174  -29.541  92.816 0.0000000000
127935  42.118  -29.091  92.373 0.0000000000
127938  42.124  -29.194  92.334 0.0000000000
127939  42.667  -29.289  91.558 0.0000000000
127941  42.387  -30.008  92.578 0.0000000000
127942  41.904  -29.644  93.004 0.0000000000
127952  46.058  -40.481  87.787 0.0000000000
