#!ascii label  , from subject 3271 vox2ras=TkReg
727
86795  49.470  9.715  56.398 0.0000000000
86905  51.634  9.901  45.846 0.0000000000
92192  58.060  14.519  41.744 0.0000000000
84211  56.038  6.828  39.917 0.0000000000
83195  47.962  5.140  54.060 0.0000000000
93030  56.348  16.079  47.063 0.0000000000
86960  52.830  8.406  40.724 0.0000000000
130122  54.705  16.409  38.273 0.0000000000
88644  55.385  10.908  49.525 0.0000000000
85952  51.659  8.390  51.760 0.0000000000
83243  49.002  5.328  48.503 0.0000000000
94711  55.601  18.122  40.497 0.0000000000
90489  58.114  14.123  37.665 0.0000000000
87785  57.599  10.650  45.175 0.0000000000
87845  58.105  9.824  39.882 0.0000000000
94714  54.018  18.146  38.190 0.0000000000
86830  53.265  9.775  52.903 0.0000000000
85924  51.070  8.461  54.811 0.0000000000
83225  48.778  4.864  50.948 0.0000000000
93870  56.304  17.520  42.786 0.0000000000
95530  55.717  19.624  42.242 0.0000000000
93054  57.466  16.200  40.750 0.0000000000
130128  58.000  17.113  38.244 0.0000000000
91341  60.075  14.083  38.495 0.0000000000
87772  53.526  10.356  47.433 0.0000000000
88653  56.736  11.050  47.449 0.0000000000
87801  54.137  10.059  44.870 0.0000000000
85171  54.753  7.674  39.811 0.0000000000
86958  54.884  9.219  40.681 0.0000000000
86978  55.470  8.606  39.210 0.0000000000
87857  56.675  9.581  37.750 0.0000000000
85169  56.248  7.201  38.622 0.0000000000
83277  56.502  5.344  38.284 0.0000000000
86813  45.960  8.626  56.148 0.0000000000
85025  48.698  7.365  55.154 0.0000000000
92181  57.627  14.808  44.640 0.0000000000
86035  49.917  7.555  43.391 0.0000000000
86938  52.101  8.973  42.449 0.0000000000
84207  51.884  7.221  41.807 0.0000000000
85157  54.500  7.306  41.230 0.0000000000
90368  56.434  13.709  51.509 0.0000000000
88633  54.947  11.206  52.332 0.0000000000
87753  53.299  9.861  50.436 0.0000000000
86883  51.407  9.422  48.612 0.0000000000
85054  49.658  6.441  53.198 0.0000000000
84141  49.082  6.619  49.609 0.0000000000
85099  49.176  7.626  47.033 0.0000000000
84166  50.523  6.660  46.177 0.0000000000
84991  44.425  6.999  58.101 0.0000000000
97345  53.833  21.349  41.191 0.0000000000
96441  54.217  20.023  38.817 0.0000000000
130078  55.701  16.811  39.352 0.0000000000
130091  56.489  15.607  37.401 0.0000000000
90491  57.023  13.554  36.631 0.0000000000
90372  57.238  13.530  49.021 0.0000000000
90381  57.938  13.408  46.298 0.0000000000
89516  59.167  12.450  43.422 0.0000000000
86935  55.470  9.419  42.734 0.0000000000
87829  58.390  9.808  41.862 0.0000000000
88682  61.016  11.326  40.649 0.0000000000
89577  59.101  11.931  38.268 0.0000000000
89591  57.497  11.299  36.966 0.0000000000
94717  53.585  18.641  37.513 0.0000000000
130075  53.629  20.016  37.759 0.0000000000
86807  51.507  9.148  55.339 0.0000000000
85909  50.400  8.549  55.221 0.0000000000
92190  57.507  15.639  42.333 0.0000000000
93050  56.781  16.703  41.702 0.0000000000
92199  58.015  15.489  40.939 0.0000000000
93057  58.555  15.881  39.733 0.0000000000
91324  59.525  14.590  40.021 0.0000000000
87782  52.011  10.204  46.801 0.0000000000
87780  53.704  10.392  46.560 0.0000000000
86912  52.716  9.789  44.985 0.0000000000
85163  55.318  7.174  40.119 0.0000000000
86051  55.100  8.176  39.438 0.0000000000
85170  55.671  7.497  39.237 0.0000000000
86057  55.753  8.300  38.783 0.0000000000
84216  56.254  6.853  39.191 0.0000000000
83275  56.728  5.482  39.333 0.0000000000
83273  56.802  5.540  40.363 0.0000000000
85028  45.362  7.500  55.522 0.0000000000
93036  56.390  16.246  45.006 0.0000000000
92178  56.902  15.402  45.356 0.0000000000
84194  50.500  6.799  43.389 0.0000000000
85152  50.426  7.133  42.701 0.0000000000
85141  51.907  7.226  43.196 0.0000000000
85148  54.426  7.430  42.123 0.0000000000
85147  55.499  7.171  41.950 0.0000000000
86843  52.292  8.897  52.345 0.0000000000
86851  53.220  9.666  51.953 0.0000000000
86861  52.571  9.390  50.743 0.0000000000
87759  52.639  9.733  49.603 0.0000000000
85971  51.323  8.540  50.121 0.0000000000
85040  48.152  6.548  54.931 0.0000000000
85039  49.385  6.874  54.382 0.0000000000
84116  49.073  5.713  53.501 0.0000000000
83231  48.767  5.018  50.072 0.0000000000
84134  48.930  5.388  50.563 0.0000000000
84149  48.559  6.211  48.874 0.0000000000
85092  49.095  7.642  47.964 0.0000000000
84162  48.513  6.353  47.117 0.0000000000
84179  48.938  6.633  45.984 0.0000000000
83252  49.266  5.682  47.315 0.0000000000
85090  52.098  7.504  48.087 0.0000000000
95536  55.587  19.288  40.887 0.0000000000
96429  55.424  20.261  41.637 0.0000000000
96436  55.469  19.692  40.424 0.0000000000
97349  54.392  21.037  40.355 0.0000000000
95539  55.340  18.750  39.894 0.0000000000
96440  54.579  18.667  38.983 0.0000000000
130086  55.606  17.504  40.005 0.0000000000
92255  58.102  15.204  37.515 0.0000000000
130093  57.368  16.254  37.696 0.0000000000
91377  57.704  14.905  37.556 0.0000000000
91378  56.856  14.772  37.186 0.0000000000
88639  56.305  12.072  50.929 0.0000000000
90373  57.022  13.612  49.898 0.0000000000
89489  57.025  12.537  49.351 0.0000000000
87776  57.351  10.801  45.861 0.0000000000
89495  57.632  12.529  47.036 0.0000000000
88660  57.976  11.603  45.438 0.0000000000
90383  59.048  13.086  45.027 0.0000000000
88665  58.681  11.559  44.498 0.0000000000
86948  52.935  8.967  41.511 0.0000000000
86937  53.220  9.394  42.583 0.0000000000
86947  54.030  9.228  41.596 0.0000000000
86967  56.935  9.455  40.097 0.0000000000
86956  56.998  9.344  41.206 0.0000000000
87837  58.381  9.848  41.042 0.0000000000
88684  59.560  11.024  40.966 0.0000000000
88693  59.061  11.074  39.988 0.0000000000
86974  60.913  9.725  38.255 0.0000000000
88704  58.615  10.910  39.215 0.0000000000
86983  56.400  9.133  37.457 0.0000000000
87868  57.055  10.143  37.504 0.0000000000
87869  56.405  9.963  37.101 0.0000000000
88739  56.476  11.268  36.582 0.0000000000
93027  56.190  16.085  48.093 0.0000000000
93884  53.322  17.334  38.585 0.0000000000
130085  54.082  17.256  38.712 0.0000000000
87740  53.865  10.454  54.230 0.0000000000
87741  53.220  9.896  54.663 0.0000000000
86832  52.084  8.741  53.431 0.0000000000
85943  51.579  8.169  52.681 0.0000000000
83217  48.741  4.955  52.097 0.0000000000
94705  56.063  18.244  42.492 0.0000000000
93873  56.021  18.333  41.669 0.0000000000
130124  56.076  17.498  40.946 0.0000000000
93879  56.396  16.538  39.709 0.0000000000
93058  57.999  16.316  39.924 0.0000000000
93072  58.770  16.065  38.475 0.0000000000
91358  59.215  14.393  37.452 0.0000000000
87756  54.989  10.614  48.749 0.0000000000
88649  56.510  11.312  48.594 0.0000000000
87770  55.365  10.524  47.128 0.0000000000
87778  55.551  10.397  46.336 0.0000000000
87799  56.220  9.789  44.896 0.0000000000
86970  53.664  8.380  40.198 0.0000000000
86959  53.794  8.915  40.651 0.0000000000
86969  54.857  8.701  39.817 0.0000000000
86968  55.835  9.253  39.834 0.0000000000
86976  56.573  9.537  39.185 0.0000000000
87855  57.912  10.083  38.727 0.0000000000
86977  56.049  9.097  38.653 0.0000000000
86056  56.298  8.365  37.978 0.0000000000
85175  56.361  7.371  37.733 0.0000000000
82344  56.571  4.503  39.133 0.0000000000
86811  47.801  9.066  55.951 0.0000000000
85911  48.266  8.208  55.532 0.0000000000
85912  47.161  8.294  55.621 0.0000000000
85041  46.959  6.576  55.210 0.0000000000
84106  46.302  5.851  54.896 0.0000000000
93864  56.109  17.210  44.342 0.0000000000
92186  56.781  16.070  43.744 0.0000000000
92189  58.000  14.843  42.683 0.0000000000
86914  50.725  8.779  44.600 0.0000000000
86913  51.591  9.303  44.668 0.0000000000
86027  50.616  8.323  42.752 0.0000000000
86950  51.255  8.252  41.828 0.0000000000
86048  52.391  7.881  40.833 0.0000000000
85139  53.303  7.520  43.009 0.0000000000
85159  52.892  7.488  41.664 0.0000000000
85173  53.338  7.666  40.439 0.0000000000
85164  54.549  7.391  40.430 0.0000000000
85156  55.251  7.135  40.949 0.0000000000
84205  55.893  6.864  40.779 0.0000000000
83271  56.848  5.632  41.460 0.0000000000
89484  56.300  12.539  51.761 0.0000000000
88640  55.626  11.381  50.651 0.0000000000
87743  54.296  10.655  52.814 0.0000000000
87746  54.285  10.532  51.883 0.0000000000
88641  54.791  10.818  50.363 0.0000000000
87758  53.308  10.146  49.349 0.0000000000
87766  52.342  9.863  48.535 0.0000000000
86900  51.192  9.856  46.965 0.0000000000
85926  49.687  7.523  54.682 0.0000000000
85053  50.322  7.296  53.479 0.0000000000
85062  50.620  7.551  52.078 0.0000000000
84124  49.278  5.789  52.291 0.0000000000
85071  49.919  7.207  51.269 0.0000000000
85077  50.265  7.851  50.393 0.0000000000
85981  50.246  8.730  48.942 0.0000000000
86885  49.956  9.032  47.726 0.0000000000
86004  50.263  8.772  46.149 0.0000000000
86025  49.499  7.573  44.775 0.0000000000
84190  49.725  6.745  44.507 0.0000000000
84176  50.742  6.736  45.117 0.0000000000
84160  50.527  6.460  47.251 0.0000000000
85098  51.229  7.091  46.987 0.0000000000
86798  46.423  8.958  56.642 0.0000000000
85889  45.247  8.042  57.174 0.0000000000
84066  42.322  6.390  57.948 0.0000000000
97341  53.792  21.382  42.492 0.0000000000
97346  52.482  21.843  40.992 0.0000000000
130087  54.291  18.577  38.429 0.0000000000
130077  54.906  17.141  38.832 0.0000000000
130097  55.553  16.595  38.643 0.0000000000
130114  56.742  16.317  38.921 0.0000000000
130098  56.259  16.448  38.598 0.0000000000
130123  55.738  16.197  37.752 0.0000000000
91280  56.910  14.624  48.189 0.0000000000
88648  57.125  11.952  48.264 0.0000000000
90378  57.621  13.385  47.416 0.0000000000
91286  57.419  14.558  46.638 0.0000000000
91289  58.127  14.190  45.369 0.0000000000
91291  58.645  13.652  43.838 0.0000000000
91298  58.395  13.798  42.137 0.0000000000
86922  53.694  9.755  43.906 0.0000000000
87811  54.948  9.687  44.192 0.0000000000
86919  56.791  9.709  43.840 0.0000000000
86946  55.139  9.334  41.719 0.0000000000
86944  57.211  9.427  42.165 0.0000000000
87809  58.028  10.024  43.723 0.0000000000
88677  58.815  10.885  42.794 0.0000000000
89536  59.339  11.988  41.280 0.0000000000
90416  59.242  13.143  40.671 0.0000000000
89576  61.205  12.259  38.810 0.0000000000
89600  60.344  12.360  37.343 0.0000000000
90461  58.516  12.348  37.696 0.0000000000
88715  58.163  10.694  38.068 0.0000000000
90446  58.280  11.589  37.583 0.0000000000
90478  57.847  12.892  37.151 0.0000000000
90479  56.943  12.366  36.616 0.0000000000
84218  56.267  6.211  37.387 0.0000000000
130064  53.659  19.423  37.579 0.0000000000
86794  50.556  9.763  56.361 0.0000000000
86808  50.762  9.198  55.668 0.0000000000
86809  49.906  9.086  55.757 0.0000000000
92194  57.479  15.804  41.816 0.0000000000
92193  57.785  15.375  41.553 0.0000000000
92198  58.427  14.933  40.668 0.0000000000
87791  52.326  10.291  46.159 0.0000000000
86904  52.393  10.121  45.702 0.0000000000
84210  56.565  6.268  39.670 0.0000000000
93033  56.424  16.120  45.997 0.0000000000
92175  56.973  15.175  46.494 0.0000000000
84188  50.975  6.802  44.148 0.0000000000
84193  51.246  6.850  43.251 0.0000000000
85133  51.667  7.233  44.007 0.0000000000
85136  56.153  7.279  42.953 0.0000000000
85146  56.206  6.977  42.359 0.0000000000
93073  54.374  16.155  37.874 0.0000000000
86852  52.692  9.343  51.676 0.0000000000
86853  52.153  8.872  51.291 0.0000000000
86862  51.907  8.924  50.395 0.0000000000
85961  51.521  8.441  50.872 0.0000000000
84105  47.495  5.720  54.670 0.0000000000
84104  48.558  5.703  54.099 0.0000000000
83194  48.323  5.284  53.830 0.0000000000
83237  48.826  5.336  49.190 0.0000000000
83244  48.528  5.630  48.219 0.0000000000
84156  48.370  6.253  47.882 0.0000000000
83249  48.485  5.838  47.408 0.0000000000
83248  48.832  5.525  47.688 0.0000000000
94710  55.705  18.479  40.931 0.0000000000
95538  55.495  19.117  40.381 0.0000000000
90490  57.702  13.889  37.399 0.0000000000
88643  56.402  11.703  49.963 0.0000000000
89486  56.716  12.729  50.384 0.0000000000
88666  58.123  11.052  44.939 0.0000000000
87797  57.974  10.505  44.472 0.0000000000
86966  57.692  9.521  40.740 0.0000000000
88694  58.818  10.517  40.494 0.0000000000
88703  59.549  11.422  39.429 0.0000000000
130028  53.800  18.476  37.781 0.0000000000
93887  53.414  17.740  38.058 0.0000000000
130072  54.307  17.538  38.678 0.0000000000
86806  52.423  9.455  55.038 0.0000000000
86822  51.856  8.822  54.446 0.0000000000
85934  51.221  7.941  53.822 0.0000000000
94699  55.826  18.211  43.584 0.0000000000
94702  55.927  18.217  43.122 0.0000000000
93872  56.310  17.712  41.952 0.0000000000
93875  56.398  17.231  41.354 0.0000000000
93880  56.324  17.249  41.114 0.0000000000
130127  56.432  17.011  41.015 0.0000000000
93059  56.563  16.638  40.430 0.0000000000
91334  59.649  14.776  39.066 0.0000000000
93064  58.718  16.060  39.230 0.0000000000
91342  59.432  14.648  38.263 0.0000000000
91357  59.711  13.887  37.922 0.0000000000
87764  54.329  10.396  48.176 0.0000000000
87763  55.364  10.557  48.079 0.0000000000
87771  54.468  10.414  47.292 0.0000000000
87789  53.933  10.301  45.737 0.0000000000
87779  54.620  10.401  46.430 0.0000000000
87788  54.848  10.191  45.608 0.0000000000
87787  55.839  10.099  45.579 0.0000000000
87800  55.189  9.777  44.749 0.0000000000
86052  54.190  8.106  39.778 0.0000000000
85176  56.106  7.771  38.441 0.0000000000
84215  56.485  6.397  38.590 0.0000000000
86812  46.759  8.968  56.024 0.0000000000
85913  46.099  8.234  55.727 0.0000000000
85027  46.479  7.483  55.463 0.0000000000
85042  45.777  6.707  55.272 0.0000000000
92182  56.839  15.705  44.349 0.0000000000
93039  56.389  16.586  44.137 0.0000000000
92185  57.371  15.566  43.419 0.0000000000
92184  58.000  14.608  43.820 0.0000000000
86024  49.946  8.235  44.516 0.0000000000
86925  50.449  8.506  43.989 0.0000000000
86028  50.139  8.186  43.480 0.0000000000
85161  50.942  7.182  42.006 0.0000000000
86033  50.790  8.083  42.144 0.0000000000
86041  51.278  7.827  41.620 0.0000000000
86040  51.903  8.021  41.203 0.0000000000
85167  52.119  7.573  41.356 0.0000000000
85149  53.505  7.516  42.241 0.0000000000
85158  53.633  7.423  41.454 0.0000000000
85166  52.839  7.480  41.012 0.0000000000
85165  53.757  7.434  40.710 0.0000000000
84199  55.781  6.994  41.349 0.0000000000
88632  55.628  11.832  52.890 0.0000000000
89481  56.165  12.743  52.442 0.0000000000
88636  55.872  11.798  51.749 0.0000000000
86820  53.300  9.784  53.726 0.0000000000
87744  53.736  10.279  53.282 0.0000000000
86860  53.096  9.617  51.262 0.0000000000
87750  53.638  9.985  51.481 0.0000000000
87749  54.194  10.392  50.915 0.0000000000
87752  54.077  10.396  49.997 0.0000000000
87767  51.645  9.740  48.126 0.0000000000
87774  51.796  9.946  47.619 0.0000000000
86892  51.117  9.678  47.831 0.0000000000
85910  49.426  7.948  55.176 0.0000000000
85024  49.189  7.381  54.964 0.0000000000
85038  50.015  7.274  54.135 0.0000000000
85052  51.058  7.662  52.909 0.0000000000
85063  49.835  6.785  52.204 0.0000000000
84125  48.995  5.402  51.317 0.0000000000
84133  49.349  6.270  50.883 0.0000000000
85078  49.697  7.470  50.206 0.0000000000
85963  50.239  8.045  50.000 0.0000000000
85973  49.844  8.199  49.401 0.0000000000
85982  49.636  8.497  48.431 0.0000000000
85992  49.608  8.415  47.444 0.0000000000
86894  50.101  8.950  47.014 0.0000000000
86005  49.846  8.475  46.428 0.0000000000
86017  49.546  7.949  45.450 0.0000000000
85109  49.151  7.481  46.173 0.0000000000
84167  49.597  6.209  46.558 0.0000000000
84178  49.345  6.635  45.528 0.0000000000
84177  49.980  6.506  45.326 0.0000000000
84154  50.884  6.251  48.516 0.0000000000
85097  51.999  7.674  46.687 0.0000000000
86780  46.997  8.927  57.413 0.0000000000
85004  45.048  7.474  57.684 0.0000000000
85005  44.266  7.417  57.267 0.0000000000
85890  44.490  7.738  56.741 0.0000000000
84992  43.623  7.014  57.673 0.0000000000
96434  54.918  20.719  40.916 0.0000000000
96430  54.722  20.903  41.961 0.0000000000
97342  52.711  21.738  42.084 0.0000000000
98208  52.019  21.806  41.685 0.0000000000
96437  54.927  20.129  39.816 0.0000000000
97360  54.014  19.824  38.378 0.0000000000
130129  57.629  16.657  38.929 0.0000000000
130126  56.474  16.471  39.339 0.0000000000
130113  57.423  16.588  38.234 0.0000000000
130092  56.992  15.920  38.037 0.0000000000
130096  55.582  16.402  38.236 0.0000000000
130076  56.085  16.078  37.673 0.0000000000
130109  55.991  15.533  36.822 0.0000000000
91359  56.425  15.262  37.060 0.0000000000
91270  56.356  14.494  51.185 0.0000000000
91276  56.872  14.505  49.224 0.0000000000
91275  57.266  14.081  48.531 0.0000000000
87762  56.075  10.719  47.676 0.0000000000
88652  57.195  11.776  47.701 0.0000000000
89498  57.963  12.519  46.001 0.0000000000
91282  57.633  14.076  46.955 0.0000000000
91285  57.811  14.235  46.168 0.0000000000
90385  58.162  13.827  45.811 0.0000000000
89508  59.025  12.730  44.188 0.0000000000
90387  58.864  13.336  44.536 0.0000000000
90393  58.953  13.149  43.632 0.0000000000
91295  58.707  13.703  43.083 0.0000000000
90399  59.044  12.919  42.509 0.0000000000
86923  52.400  9.344  43.663 0.0000000000
86936  54.381  9.458  42.679 0.0000000000
86921  54.857  9.588  43.640 0.0000000000
86910  55.327  9.654  44.086 0.0000000000
86920  55.803  9.561  43.578 0.0000000000
86955  57.842  9.474  41.557 0.0000000000
86933  57.561  9.651  43.086 0.0000000000
87820  58.424  10.107  42.574 0.0000000000
87808  58.450  10.445  43.296 0.0000000000
88676  59.202  11.366  42.154 0.0000000000
89535  59.707  12.093  40.823 0.0000000000
89550  59.386  12.658  40.723 0.0000000000
89548  60.924  12.044  40.211 0.0000000000
90428  60.540  13.283  39.722 0.0000000000
88701  61.309  11.564  39.165 0.0000000000
88725  59.633  11.116  37.731 0.0000000000
87876  60.726  10.852  37.226 0.0000000000
88738  59.952  11.479  37.281 0.0000000000
89601  59.695  12.316  37.360 0.0000000000
89589  59.300  12.102  37.691 0.0000000000
87856  57.034  9.753  38.376 0.0000000000
87867  57.587  10.246  37.965 0.0000000000
88726  57.612  10.667  37.355 0.0000000000
90462  57.881  11.922  37.235 0.0000000000
90463  57.313  11.790  36.874 0.0000000000
88728  56.224  10.462  36.762 0.0000000000
130038  53.428  19.107  37.219 0.0000000000
130063  53.682  19.008  37.506 0.0000000000
97370  53.951  18.834  37.788 0.0000000000
85908  50.954  8.817  55.311 0.0000000000
93042  57.128  16.142  42.644 0.0000000000
93046  56.709  16.766  42.358 0.0000000000
93045  57.199  16.176  42.028 0.0000000000
93049  57.394  16.112  41.434 0.0000000000
93048  57.817  15.842  41.059 0.0000000000
93053  58.081  15.787  40.577 0.0000000000
92205  59.063  15.450  39.694 0.0000000000
87781  52.829  10.377  46.713 0.0000000000
87790  53.012  10.313  45.839 0.0000000000
87802  53.436  10.123  45.226 0.0000000000
85914  45.008  8.018  55.976 0.0000000000
93037  55.998  16.921  45.506 0.0000000000
84195  49.977  6.788  43.798 0.0000000000
85153  50.037  7.259  43.145 0.0000000000
84202  50.941  6.837  42.549 0.0000000000
84201  51.607  7.015  42.460 0.0000000000
85138  54.189  7.483  42.996 0.0000000000
85137  55.229  7.524  42.980 0.0000000000
88630  54.905  11.175  53.337 0.0000000000
86831  52.720  9.374  53.152 0.0000000000
86841  53.255  9.735  52.424 0.0000000000
86842  52.887  9.488  52.414 0.0000000000
87754  52.683  9.596  50.177 0.0000000000
86871  52.223  9.364  49.933 0.0000000000
86872  51.511  8.991  49.507 0.0000000000
86873  50.860  8.938  48.941 0.0000000000
84103  49.065  6.046  54.044 0.0000000000
84142  48.936  5.737  49.815 0.0000000000
84148  48.764  6.778  49.093 0.0000000000
85084  49.049  7.438  49.023 0.0000000000
85085  48.686  6.824  48.829 0.0000000000
85100  48.625  6.943  47.488 0.0000000000
85110  48.700  6.947  46.704 0.0000000000
85122  48.805  6.897  46.116 0.0000000000
84169  48.736  6.475  46.527 0.0000000000
84168  48.943  6.254  46.389 0.0000000000
84153  51.783  6.903  48.854 0.0000000000
95533  55.705  19.486  41.463 0.0000000000
96433  55.498  20.019  40.799 0.0000000000
93080  58.349  16.283  37.916 0.0000000000
130095  57.489  16.572  37.609 0.0000000000
92237  57.809  16.019  37.240 0.0000000000
89483  56.484  12.871  51.244 0.0000000000
90370  56.644  13.678  50.770 0.0000000000
89488  57.290  12.881  48.674 0.0000000000
88656  56.780  10.807  46.891 0.0000000000
88655  57.361  11.407  46.632 0.0000000000
90384  58.580  13.425  45.368 0.0000000000
89502  58.870  12.573  45.123 0.0000000000
89509  58.985  12.396  44.549 0.0000000000
88664  59.058  12.161  44.030 0.0000000000
86957  55.978  9.370  40.871 0.0000000000
88685  58.813  10.529  41.725 0.0000000000
87835  60.573  10.500  40.456 0.0000000000
86964  61.414  10.397  39.561 0.0000000000
87843  60.481  10.362  39.671 0.0000000000
88714  59.900  11.029  38.697 0.0000000000
89565  58.883  11.751  38.872 0.0000000000
88727  56.806  10.765  36.836 0.0000000000
94715  53.416  18.122  37.613 0.0000000000
93066  53.551  16.650  38.983 0.0000000000
130106  54.542  16.777  38.653 0.0000000000
86821  52.646  9.304  54.089 0.0000000000
83206  48.473  5.079  53.360 0.0000000000
82280  48.100  4.440  53.300 0.0000000000
82290  48.332  4.259  52.680 0.0000000000
82298  48.826  4.321  51.549 0.0000000000
82304  48.915  4.609  50.478 0.0000000000
82310  48.933  4.862  49.810 0.0000000000
83236  49.155  5.089  49.377 0.0000000000
94703  55.805  18.904  42.735 0.0000000000
94706  55.984  18.768  41.972 0.0000000000
94708  55.808  18.751  41.383 0.0000000000
130107  55.875  17.385  40.545 0.0000000000
93878  57.286  16.322  39.473 0.0000000000
93065  58.164  16.583  38.857 0.0000000000
92236  58.546  15.373  37.443 0.0000000000
91376  58.400  14.532  37.485 0.0000000000
90477  58.669  13.279  37.837 0.0000000000
88650  55.608  10.747  48.775 0.0000000000
87769  56.183  10.647  46.977 0.0000000000
87777  56.594  10.498  46.308 0.0000000000
87786  56.801  10.225  45.452 0.0000000000
86971  53.171  8.188  40.328 0.0000000000
87846  57.331  9.691  39.215 0.0000000000
86796  48.453  9.640  56.536 0.0000000000
86810  48.886  8.997  55.866 0.0000000000
85026  47.618  7.419  55.360 0.0000000000
93868  55.756  18.224  44.017 0.0000000000
93867  56.089  17.544  43.727 0.0000000000
93040  56.121  16.936  44.750 0.0000000000
93043  56.648  16.567  43.219 0.0000000000
86906  50.917  9.247  45.403 0.0000000000
86924  51.139  8.750  43.463 0.0000000000
86034  50.300  7.721  42.770 0.0000000000
86939  51.238  8.532  42.288 0.0000000000
86949  51.923  8.438  41.509 0.0000000000
86961  52.248  8.187  41.030 0.0000000000
85132  52.461  7.551  43.905 0.0000000000
85151  52.133  7.237  42.613 0.0000000000
84200  52.102  7.167  42.150 0.0000000000
84213  52.314  7.483  41.479 0.0000000000
86054  52.944  7.801  40.501 0.0000000000
86047  52.896  8.054  40.407 0.0000000000
86053  53.374  7.972  40.122 0.0000000000
85172  53.932  7.673  40.128 0.0000000000
84204  56.469  6.320  40.656 0.0000000000
89480  56.394  13.119  51.844 0.0000000000
88635  56.285  12.290  51.434 0.0000000000
87739  54.294  10.708  53.619 0.0000000000
87747  53.652  10.091  52.398 0.0000000000
88637  54.906  11.074  51.312 0.0000000000
88645  54.636  10.639  49.763 0.0000000000
87757  54.306  10.429  49.139 0.0000000000
87765  53.378  10.258  48.361 0.0000000000
87773  52.612  10.220  47.567 0.0000000000
85925  50.266  7.701  54.447 0.0000000000
85935  50.644  7.603  53.951 0.0000000000
85061  51.161  7.802  52.428 0.0000000000
85953  51.092  7.958  51.331 0.0000000000
83216  48.926  5.315  52.898 0.0000000000
85070  50.405  7.677  50.935 0.0000000000
85962  50.796  8.128  50.443 0.0000000000
85972  50.689  8.492  49.592 0.0000000000
86884  50.441  9.242  48.301 0.0000000000
86893  50.489  9.434  47.372 0.0000000000
86901  50.509  9.212  46.373 0.0000000000
86016  50.282  8.651  45.571 0.0000000000
85121  49.120  7.138  45.456 0.0000000000
85134  49.429  7.087  44.617 0.0000000000
85143  49.746  7.100  43.765 0.0000000000
84189  50.274  6.685  44.343 0.0000000000
85120  51.471  7.198  44.922 0.0000000000
83247  49.419  5.488  47.979 0.0000000000
84161  49.952  5.833  47.581 0.0000000000
85091  51.178  6.827  47.717 0.0000000000
85108  51.303  7.188  45.922 0.0000000000
85107  52.064  7.689  45.640 0.0000000000
86797  47.405  9.398  56.676 0.0000000000
85888  46.158  8.341  57.567 0.0000000000
86781  45.945  8.650  57.042 0.0000000000
86799  45.645  8.471  56.515 0.0000000000
85898  45.017  8.037  56.548 0.0000000000
84077  42.910  6.853  57.656 0.0000000000
84078  42.165  6.987  57.320 0.0000000000
97347  51.610  21.916  40.888 0.0000000000
97350  53.429  21.464  39.705 0.0000000000
130060  53.766  20.051  38.050 0.0000000000
97359  54.017  19.508  38.123 0.0000000000
130094  57.185  16.333  38.082 0.0000000000
92226  55.539  16.056  37.304 0.0000000000
91360  56.278  15.145  36.609 0.0000000000
91273  56.635  14.560  50.320 0.0000000000
92170  56.462  15.360  48.662 0.0000000000
92172  56.619  15.294  47.628 0.0000000000
89493  57.139  12.236  48.612 0.0000000000
89492  57.375  12.610  48.014 0.0000000000
90376  57.412  13.449  48.263 0.0000000000
91279  57.427  14.087  47.805 0.0000000000
91283  57.162  14.633  47.290 0.0000000000
92174  57.456  14.683  46.262 0.0000000000
92177  57.512  14.745  45.719 0.0000000000
90388  58.666  13.696  44.839 0.0000000000
91292  58.464  14.006  44.353 0.0000000000
92180  58.102  14.387  44.401 0.0000000000
91296  58.386  14.182  43.442 0.0000000000
91299  58.361  14.217  42.765 0.0000000000
86911  53.487  9.931  44.753 0.0000000000
87812  54.538  9.800  44.267 0.0000000000
86909  55.951  9.675  44.265 0.0000000000
87798  57.084  9.977  44.665 0.0000000000
86945  56.213  9.419  41.912 0.0000000000
86934  56.508  9.491  42.886 0.0000000000
86918  57.487  9.779  43.704 0.0000000000
87810  57.499  9.931  44.111 0.0000000000
87796  58.460  10.663  43.952 0.0000000000
88670  59.153  11.630  43.344 0.0000000000
89524  59.332  12.070  42.585 0.0000000000
90407  58.878  13.128  41.238 0.0000000000
91305  58.352  13.950  41.175 0.0000000000
91323  59.977  13.858  40.198 0.0000000000
91333  60.195  14.109  39.396 0.0000000000
90444  60.549  13.425  38.814 0.0000000000
87864  61.194  10.947  37.971 0.0000000000
89599  60.847  12.056  37.528 0.0000000000
90460  60.360  13.159  37.950 0.0000000000
90476  59.645  13.232  37.535 0.0000000000
89578  58.609  11.383  38.091 0.0000000000
89590  58.080  11.227  37.459 0.0000000000
90445  58.490  11.845  37.732 0.0000000000
89602  56.903  11.549  36.687 0.0000000000
83205  48.834  5.347  53.250 0.0000000000
83253  48.859  5.811  46.977 0.0000000000
83254  48.634  6.077  46.862 0.0000000000
84117  48.704  5.487  53.650 0.0000000000
84206  52.357  7.368  41.775 0.0000000000
84208  51.340  7.013  42.023 0.0000000000
84212  52.560  7.492  41.442 0.0000000000
85093  48.629  6.883  48.341 0.0000000000
85140  52.573  7.445  43.109 0.0000000000
85142  50.050  6.965  43.294 0.0000000000
85150  52.658  7.432  42.335 0.0000000000
85160  51.562  7.408  41.708 0.0000000000
85944  51.262  7.935  52.047 0.0000000000
86029  49.679  7.614  44.033 0.0000000000
86031  61.581  9.998  40.893 0.0000000000
86032  61.546  9.989  41.049 0.0000000000
86038  61.732  9.848  40.339 0.0000000000
86039  61.553  9.818  40.777 0.0000000000
86042  50.704  7.565  42.202 0.0000000000
86045  61.829  9.807  39.968 0.0000000000
86046  61.704  9.917  40.156 0.0000000000
86049  51.863  7.749  41.353 0.0000000000
86782  45.460  8.359  56.808 0.0000000000
86882  52.022  9.479  49.221 0.0000000000
86902  50.194  8.888  46.632 0.0000000000
86908  56.497  9.759  44.419 0.0000000000
86930  61.450  10.208  41.038 0.0000000000
86931  61.212  10.241  41.107 0.0000000000
86932  58.098  9.740  42.804 0.0000000000
86941  61.423  10.283  40.733 0.0000000000
86942  60.877  10.018  40.707 0.0000000000
86943  58.009  9.553  42.362 0.0000000000
86953  61.500  10.404  39.827 0.0000000000
86954  61.350  10.641  39.871 0.0000000000
86965  61.078  9.745  39.294 0.0000000000
86973  61.301  10.133  38.867 0.0000000000
86975  60.708  10.178  37.693 0.0000000000
86980  61.137  10.282  38.132 0.0000000000
86981  60.945  10.215  37.516 0.0000000000
86982  60.721  10.329  37.502 0.0000000000
86986  61.108  10.568  37.676 0.0000000000
86987  61.039  10.600  37.289 0.0000000000
87818  61.206  10.732  41.037 0.0000000000
87819  61.180  10.641  41.192 0.0000000000
87821  58.171  9.930  43.120 0.0000000000
87826  61.136  11.118  40.737 0.0000000000
87827  60.804  10.739  40.976 0.0000000000
87828  60.275  10.984  40.542 0.0000000000
87834  61.278  11.191  39.904 0.0000000000
87836  59.914  10.862  39.949 0.0000000000
87842  61.248  11.109  39.248 0.0000000000
87844  60.138  10.998  39.679 0.0000000000
87852  61.310  10.831  38.636 0.0000000000
87853  60.505  10.111  38.856 0.0000000000
87854  60.282  10.301  38.071 0.0000000000
87865  60.750  10.481  37.361 0.0000000000
87866  60.389  10.736  37.431 0.0000000000
87875  61.076  11.054  37.434 0.0000000000
87877  60.378  11.160  37.225 0.0000000000
88659  58.564  12.045  45.168 0.0000000000
88671  58.792  11.024  43.600 0.0000000000
88683  60.068  11.334  40.361 0.0000000000
88691  61.169  11.559  39.970 0.0000000000
88692  60.996  11.935  40.509 0.0000000000
88702  60.148  10.906  39.329 0.0000000000
88712  61.253  11.571  38.377 0.0000000000
88713  60.313  10.544  39.141 0.0000000000
88724  61.103  11.573  37.715 0.0000000000
88736  60.754  11.551  37.285 0.0000000000
88737  60.299  11.563  37.213 0.0000000000
89497  58.502  12.826  45.590 0.0000000000
89501  59.065  12.841  44.733 0.0000000000
89503  58.414  12.360  45.467 0.0000000000
89549  60.161  12.183  40.449 0.0000000000
89562  61.032  12.374  39.769 0.0000000000
89563  60.470  12.765  40.149 0.0000000000
89564  59.378  11.686  38.850 0.0000000000
89587  61.096  12.232  38.033 0.0000000000
89588  60.658  12.483  37.742 0.0000000000
90380  58.281  13.085  45.820 0.0000000000
90415  59.879  13.183  40.420 0.0000000000
90427  61.021  12.918  39.112 0.0000000000
90443  60.863  12.804  38.422 0.0000000000
90459  60.743  12.675  38.006 0.0000000000
91288  58.522  13.957  44.978 0.0000000000
91293  58.216  14.254  44.766 0.0000000000
91313  59.686  13.619  40.356 0.0000000000
91314  59.193  13.786  40.560 0.0000000000
91343  56.106  15.399  36.900 0.0000000000
91344  56.229  15.333  36.821 0.0000000000
92188  58.152  14.353  42.356 0.0000000000
92215  59.225  15.471  38.722 0.0000000000
92225  59.070  15.468  37.924 0.0000000000
92238  56.228  15.569  37.207 0.0000000000
93052  58.449  15.691  40.117 0.0000000000
93055  56.813  16.572  41.127 0.0000000000
93876  55.994  17.999  41.391 0.0000000000
97358  54.190  18.884  38.122 0.0000000000
130037  53.941  18.376  37.971 0.0000000000
130055  53.783  18.729  37.653 0.0000000000
130062  53.986  18.595  37.890 0.0000000000
130090  56.092  15.838  37.420 0.0000000000
130110  55.923  15.685  37.079 0.0000000000
130111  55.964  15.765  37.224 0.0000000000
130112  57.914  16.950  37.500 0.0000000000
130125  56.926  16.261  39.260 0.0000000000
