#!ascii label  , from subject 3271 vox2ras=TkReg
2231
13833  4.107  -71.448  34.986 0.0000000000
124917  10.510  -56.898  29.528 0.0000000000
3734  5.025  -88.652  25.131 0.0000000000
124648  7.687  -81.091  31.601 0.0000000000
4525  5.203  -85.832  18.321 0.0000000000
9262  4.085  -77.588  24.733 0.0000000000
20002  7.714  -62.851  32.242 0.0000000000
124289  10.091  -98.720  24.192 0.0000000000
12518  4.200  -72.584  36.253 0.0000000000
20769  10.359  -61.080  36.864 0.0000000000
24510  15.572  -57.850  35.324 0.0000000000
1863  8.730  -96.462  13.426 0.0000000000
10595  7.223  -76.160  34.268 0.0000000000
7944  4.262  -80.162  29.353 0.0000000000
10627  3.139  -75.348  31.449 0.0000000000
124893  10.429  -59.616  31.761 0.0000000000
21729  3.093  -60.073  31.184 0.0000000000
24566  6.520  -56.428  29.540 0.0000000000
9186  3.429  -77.462  35.560 0.0000000000
20721  10.684  -61.322  40.681 0.0000000000
22648  15.159  -59.409  35.242 0.0000000000
2362  6.641  -93.108  25.135 0.0000000000
124320  9.189  -96.921  20.208 0.0000000000
2962  7.654  -91.657  20.896 0.0000000000
125035  9.043  -54.154  27.805 0.0000000000
124621  7.872  -84.938  28.490 0.0000000000
4132  5.830  -87.461  22.800 0.0000000000
5944  5.262  -84.216  26.041 0.0000000000
7408  4.509  -80.932  22.210 0.0000000000
17690  2.634  -65.041  34.169 0.0000000000
14558  3.503  -68.799  31.877 0.0000000000
18464  2.608  -64.127  31.603 0.0000000000
27111  7.965  -55.190  26.245 0.0000000000
1234  7.987  -96.644  28.633 0.0000000000
2635  5.421  -91.068  29.733 0.0000000000
4863  3.466  -85.490  30.398 0.0000000000
6865  5.456  -80.891  32.430 0.0000000000
9165  8.511  -77.593  37.433 0.0000000000
124786  7.049  -72.193  37.882 0.0000000000
16076  5.028  -67.194  40.964 0.0000000000
17678  3.846  -64.917  38.940 0.0000000000
18447  3.801  -64.512  36.232 0.0000000000
19993  9.539  -61.749  33.760 0.0000000000
124888  14.684  -61.404  32.162 0.0000000000
25441  13.951  -57.996  32.372 0.0000000000
220  13.337  -100.501  18.019 0.0000000000
994  14.412  -94.605  15.060 0.0000000000
2981  7.740  -90.838  17.577 0.0000000000
12527  6.513  -73.368  35.014 0.0000000000
10597  4.401  -75.736  33.385 0.0000000000
12534  3.181  -73.365  33.547 0.0000000000
124906  10.926  -58.095  30.462 0.0000000000
124902  7.837  -57.491  31.004 0.0000000000
124910  8.666  -56.858  30.427 0.0000000000
2950  4.904  -90.460  24.915 0.0000000000
2655  6.603  -92.241  22.993 0.0000000000
2958  5.874  -90.448  22.834 0.0000000000
124623  8.005  -82.554  30.762 0.0000000000
124577  8.122  -84.916  27.033 0.0000000000
6417  6.789  -82.288  29.105 0.0000000000
8599  3.675  -78.454  26.987 0.0000000000
7395  4.149  -80.740  25.557 0.0000000000
7968  4.315  -79.721  23.740 0.0000000000
7984  4.485  -80.264  20.298 0.0000000000
9275  4.739  -77.825  21.167 0.0000000000
19217  4.650  -63.234  33.915 0.0000000000
17691  2.395  -64.721  33.243 0.0000000000
20004  3.558  -62.255  33.228 0.0000000000
21740  3.439  -59.425  28.677 0.0000000000
20829  1.888  -60.836  28.800 0.0000000000
124970  8.110  -54.415  26.938 0.0000000000
1809  6.913  -94.333  29.273 0.0000000000
3691  3.672  -87.935  32.614 0.0000000000
5349  3.450  -84.468  32.731 0.0000000000
6404  4.184  -83.008  30.827 0.0000000000
6857  3.441  -81.901  33.628 0.0000000000
10563  4.702  -75.073  35.955 0.0000000000
9184  6.128  -76.726  35.465 0.0000000000
11232  6.948  -74.710  36.934 0.0000000000
11213  8.924  -75.044  38.575 0.0000000000
13152  5.998  -71.991  37.400 0.0000000000
20743  10.130  -61.054  38.785 0.0000000000
19178  7.085  -63.871  39.942 0.0000000000
19195  6.871  -63.115  38.528 0.0000000000
18444  3.429  -64.550  37.224 0.0000000000
19969  7.470  -62.022  36.822 0.0000000000
19985  6.640  -62.419  35.511 0.0000000000
20781  9.371  -61.559  35.671 0.0000000000
23581  16.483  -58.423  35.116 0.0000000000
21715  14.727  -60.313  33.376 0.0000000000
24541  15.342  -59.309  33.427 0.0000000000
25416  14.190  -59.589  32.959 0.0000000000
25418  14.786  -58.273  34.075 0.0000000000
58  11.946  -101.758  24.005 0.0000000000
93  15.136  -102.637  21.159 0.0000000000
181  11.720  -100.627  21.444 0.0000000000
1281  7.513  -96.691  17.461 0.0000000000
682  9.764  -98.505  16.186 0.0000000000
1016  10.597  -97.181  11.832 0.0000000000
1602  15.813  -91.803  11.120 0.0000000000
1349  13.966  -96.068  9.226 0.0000000000
4507  4.993  -86.969  20.540 0.0000000000
3751  5.800  -88.999  19.773 0.0000000000
4156  5.945  -88.285  17.399 0.0000000000
15306  4.299  -67.867  30.953 0.0000000000
13184  2.876  -71.047  29.756 0.0000000000
124758  7.158  -78.712  32.841 0.0000000000
124711  6.157  -80.395  31.048 0.0000000000
8563  5.219  -78.538  32.239 0.0000000000
9238  3.422  -77.900  30.230 0.0000000000
9939  3.608  -76.464  27.926 0.0000000000
124884  9.330  -61.037  32.113 0.0000000000
20810  6.112  -61.315  32.551 0.0000000000
124895  7.909  -59.540  31.924 0.0000000000
124929  5.053  -57.913  30.372 0.0000000000
24575  5.495  -57.243  28.503 0.0000000000
7899  3.375  -79.837  34.837 0.0000000000
9858  3.022  -76.090  37.773 0.0000000000
11868  2.318  -73.506  37.674 0.0000000000
22613  13.604  -59.447  37.468 0.0000000000
21686  12.436  -60.478  35.828 0.0000000000
21668  15.797  -59.792  36.454 0.0000000000
22645  17.350  -58.477  35.772 0.0000000000
124330  8.684  -95.588  24.103 0.0000000000
124286  10.346  -98.034  22.189 0.0000000000
2097  8.602  -95.247  22.629 0.0000000000
2387  8.617  -94.005  20.789 0.0000000000
124345  9.883  -93.707  19.513 0.0000000000
5000  5.996  -85.185  16.090 0.0000000000
4180  6.937  -87.246  15.493 0.0000000000
25451  11.145  -55.951  28.622 0.0000000000
124926  9.538  -55.945  29.345 0.0000000000
4106  7.638  -87.299  27.429 0.0000000000
3741  6.854  -87.743  24.133 0.0000000000
124489  8.728  -86.268  24.761 0.0000000000
4492  5.784  -86.190  24.569 0.0000000000
5432  4.434  -84.719  22.970 0.0000000000
6898  4.541  -81.759  27.535 0.0000000000
6438  4.523  -82.782  23.724 0.0000000000
5980  4.419  -83.646  19.623 0.0000000000
6470  4.600  -82.365  18.574 0.0000000000
16104  2.661  -67.507  34.639 0.0000000000
14555  2.383  -69.736  33.983 0.0000000000
16107  2.341  -67.150  33.404 0.0000000000
16110  3.250  -67.338  32.170 0.0000000000
17701  4.073  -65.567  30.142 0.0000000000
20010  2.729  -62.104  31.581 0.0000000000
19230  3.074  -63.005  29.741 0.0000000000
24569  6.914  -55.900  28.935 0.0000000000
25459  6.731  -55.756  27.714 0.0000000000
254  11.035  -100.213  27.010 0.0000000000
941  9.533  -97.125  26.103 0.0000000000
1817  7.033  -94.690  26.678 0.0000000000
2354  6.334  -92.734  27.398 0.0000000000
2943  4.636  -90.404  27.260 0.0000000000
2916  4.614  -90.619  32.453 0.0000000000
3714  4.119  -88.948  29.583 0.0000000000
4101  4.214  -86.880  27.868 0.0000000000
5373  5.733  -84.452  28.779 0.0000000000
5907  6.296  -83.063  30.385 0.0000000000
6394  7.008  -81.626  32.282 0.0000000000
7906  4.592  -79.273  33.608 0.0000000000
124740  6.494  -79.375  34.038 0.0000000000
8531  8.020  -79.450  34.546 0.0000000000
9854  10.399  -77.665  35.596 0.0000000000
124780  10.696  -73.230  35.743 0.0000000000
124790  6.297  -72.004  36.171 0.0000000000
14540  1.493  -69.729  39.230 0.0000000000
16896  4.200  -65.995  40.129 0.0000000000
15288  2.467  -68.831  37.261 0.0000000000
124802  4.427  -69.475  36.403 0.0000000000
124817  5.359  -68.152  36.396 0.0000000000
124823  3.582  -67.795  35.629 0.0000000000
124833  4.402  -64.429  35.189 0.0000000000
124842  5.917  -63.490  34.554 0.0000000000
124853  7.847  -63.504  32.558 0.0000000000
20798  12.302  -60.915  34.208 0.0000000000
124865  11.263  -62.273  32.499 0.0000000000
124880  11.784  -62.294  31.431 0.0000000000
124897  12.562  -60.517  31.716 0.0000000000
124903  13.576  -59.087  31.312 0.0000000000
125003  13.774  -57.834  30.126 0.0000000000
24556  12.363  -57.226  32.087 0.0000000000
124985  12.285  -55.803  30.295 0.0000000000
316  18.670  -100.178  16.549 0.0000000000
300  11.480  -96.771  19.895 0.0000000000
475  14.285  -96.823  16.243 0.0000000000
709  18.232  -98.517  13.600 0.0000000000
124437  6.522  -89.509  21.687 0.0000000000
124424  7.562  -91.106  19.582 0.0000000000
124373  9.682  -93.210  16.583 0.0000000000
3385  9.331  -89.777  14.530 0.0000000000
2706  11.238  -91.664  14.464 0.0000000000
124450  11.887  -95.266  11.074 0.0000000000
2200  17.627  -93.651  6.047 0.0000000000
13177  2.746  -71.770  31.727 0.0000000000
11924  3.479  -73.641  28.623 0.0000000000
10648  3.705  -75.059  26.484 0.0000000000
10656  4.320  -75.427  23.328 0.0000000000
13169  5.068  -72.303  35.068 0.0000000000
12529  4.500  -73.199  34.562 0.0000000000
13170  3.808  -72.254  34.512 0.0000000000
124930  10.876  -57.726  29.951 0.0000000000
124907  9.889  -57.505  30.556 0.0000000000
3337  4.840  -89.338  24.874 0.0000000000
2954  5.375  -90.534  23.850 0.0000000000
3738  5.518  -88.718  24.273 0.0000000000
124614  8.150  -81.341  31.400 0.0000000000
124624  7.905  -82.802  29.036 0.0000000000
124651  7.772  -81.383  30.469 0.0000000000
8606  3.804  -77.928  25.529 0.0000000000
8605  3.869  -78.749  25.263 0.0000000000
8609  4.250  -78.659  24.204 0.0000000000
8619  4.819  -78.810  21.906 0.0000000000
9266  4.454  -77.540  23.595 0.0000000000
19995  6.704  -62.920  32.810 0.0000000000
19218  3.566  -62.986  33.607 0.0000000000
20803  6.073  -62.266  32.913 0.0000000000
22731  4.428  -59.110  28.018 0.0000000000
21756  3.447  -60.300  27.848 0.0000000000
4837  3.568  -85.338  34.229 0.0000000000
5889  3.481  -83.615  34.122 0.0000000000
6390  3.558  -82.700  32.725 0.0000000000
6376  3.436  -82.711  34.396 0.0000000000
11875  3.764  -73.500  36.203 0.0000000000
11234  5.296  -74.295  36.187 0.0000000000
11873  5.706  -73.796  36.468 0.0000000000
11858  6.635  -73.484  37.922 0.0000000000
12517  5.115  -72.447  36.531 0.0000000000
20755  10.075  -61.027  37.922 0.0000000000
20744  9.353  -61.310  38.532 0.0000000000
20745  8.535  -61.665  38.190 0.0000000000
19959  6.509  -62.915  37.703 0.0000000000
20757  8.538  -61.575  37.171 0.0000000000
20771  8.707  -61.616  36.285 0.0000000000
20770  9.406  -61.420  36.571 0.0000000000
24509  16.526  -57.841  35.206 0.0000000000
24525  15.728  -58.559  34.078 0.0000000000
25403  15.553  -58.075  34.257 0.0000000000
25419  14.738  -58.153  34.473 0.0000000000
160  10.630  -100.334  24.336 0.0000000000
67  11.815  -101.528  23.233 0.0000000000
168  10.843  -100.121  23.495 0.0000000000
1568  7.628  -95.815  14.777 0.0000000000
1292  7.579  -97.102  13.651 0.0000000000
1578  8.168  -96.411  11.283 0.0000000000
1032  11.614  -96.820  10.654 0.0000000000
1591  9.149  -96.038  9.552 0.0000000000
4512  5.062  -86.758  19.650 0.0000000000
4515  5.264  -87.237  18.985 0.0000000000
4524  5.435  -86.743  18.058 0.0000000000
16125  5.051  -67.157  30.053 0.0000000000
15317  3.395  -68.285  29.448 0.0000000000
124771  8.205  -77.507  34.359 0.0000000000
124760  6.487  -78.150  32.867 0.0000000000
124756  6.268  -76.712  33.506 0.0000000000
10617  3.076  -75.443  32.200 0.0000000000
9912  3.756  -77.024  32.120 0.0000000000
9929  3.526  -76.886  30.181 0.0000000000
9937  3.609  -76.604  29.020 0.0000000000
10634  3.585  -75.655  29.626 0.0000000000
124891  9.853  -60.106  31.941 0.0000000000
124944  9.393  -59.722  31.909 0.0000000000
124943  8.065  -56.878  30.558 0.0000000000
23631  5.937  -57.027  29.901 0.0000000000
23641  4.782  -57.694  29.637 0.0000000000
24570  5.760  -56.700  28.958 0.0000000000
10547  2.601  -75.260  38.629 0.0000000000
11225  2.450  -74.473  38.087 0.0000000000
22598  13.502  -59.418  38.528 0.0000000000
22596  15.426  -59.840  37.482 0.0000000000
22612  14.542  -59.512  37.048 0.0000000000
21650  15.996  -60.186  36.925 0.0000000000
1827  7.662  -94.992  24.203 0.0000000000
124333  8.305  -95.150  23.373 0.0000000000
2091  7.455  -94.201  23.680 0.0000000000
2660  7.083  -92.315  22.146 0.0000000000
2659  7.712  -93.065  21.660 0.0000000000
2665  7.836  -92.568  21.191 0.0000000000
2669  9.210  -93.391  20.192 0.0000000000
2670  8.660  -92.773  20.364 0.0000000000
5494  6.581  -84.456  15.489 0.0000000000
5013  7.649  -85.628  14.635 0.0000000000
25455  10.758  -55.178  28.655 0.0000000000
124947  10.071  -54.505  28.658 0.0000000000
4099  8.311  -87.321  27.975 0.0000000000
4114  8.581  -87.651  26.541 0.0000000000
124545  7.834  -86.932  26.767 0.0000000000
5393  6.884  -84.426  27.315 0.0000000000
4893  7.370  -85.366  26.261 0.0000000000
4905  5.805  -85.414  25.497 0.0000000000
4927  4.699  -85.614  23.569 0.0000000000
5425  4.571  -84.629  23.915 0.0000000000
7376  4.834  -80.530  29.947 0.0000000000
6887  5.035  -81.198  29.311 0.0000000000
6894  4.780  -81.416  28.507 0.0000000000
7402  4.445  -80.787  23.343 0.0000000000
6904  4.445  -81.758  25.186 0.0000000000
6910  4.487  -81.849  22.979 0.0000000000
6444  4.393  -82.898  22.625 0.0000000000
6920  4.437  -82.252  20.990 0.0000000000
5987  4.583  -83.341  18.695 0.0000000000
6925  4.470  -81.971  20.200 0.0000000000
16918  2.450  -66.301  34.349 0.0000000000
15301  2.270  -68.346  34.059 0.0000000000
17693  2.336  -64.992  32.382 0.0000000000
16923  2.607  -66.143  32.284 0.0000000000
17697  2.645  -65.272  31.273 0.0000000000
16933  3.379  -66.276  31.215 0.0000000000
17702  3.377  -65.418  30.584 0.0000000000
124928  3.976  -60.426  31.920 0.0000000000
20816  3.428  -61.203  32.244 0.0000000000
21730  3.032  -60.646  31.389 0.0000000000
20016  2.572  -61.892  29.163 0.0000000000
124949  9.121  -54.800  28.469 0.0000000000
124935  8.939  -55.208  28.822 0.0000000000
25456  7.954  -54.666  27.948 0.0000000000
26264  7.048  -55.350  27.519 0.0000000000
25465  6.874  -56.081  27.126 0.0000000000
24573  6.465  -56.431  27.482 0.0000000000
25472  7.235  -56.435  26.506 0.0000000000
924  9.362  -97.520  28.601 0.0000000000
936  10.093  -97.801  27.275 0.0000000000
1241  8.679  -97.125  27.549 0.0000000000
1254  8.184  -96.142  26.036 0.0000000000
1528  7.550  -95.943  27.731 0.0000000000
2346  6.133  -92.324  29.455 0.0000000000
2071  6.553  -93.525  28.266 0.0000000000
2351  5.794  -91.736  28.707 0.0000000000
2645  5.113  -91.141  26.923 0.0000000000
2938  5.119  -90.868  28.478 0.0000000000
4453  3.642  -86.291  31.481 0.0000000000
3699  3.838  -88.424  31.451 0.0000000000
4097  3.743  -87.379  29.713 0.0000000000
3721  3.897  -88.105  28.350 0.0000000000
4468  3.729  -86.565  29.173 0.0000000000
4885  4.994  -85.978  27.747 0.0000000000
4870  4.192  -85.349  28.856 0.0000000000
6397  4.867  -82.178  31.284 0.0000000000
6402  5.513  -82.594  30.830 0.0000000000
6396  5.713  -82.000  31.460 0.0000000000
6400  6.929  -82.272  31.584 0.0000000000
6871  6.461  -81.396  32.274 0.0000000000
8547  3.386  -78.599  34.753 0.0000000000
7907  3.663  -79.677  33.905 0.0000000000
8546  4.393  -78.040  34.446 0.0000000000
9173  7.717  -77.092  36.685 0.0000000000
124765  6.864  -77.772  35.161 0.0000000000
8533  7.466  -79.073  35.243 0.0000000000
124769  7.302  -79.829  34.429 0.0000000000
9171  8.405  -78.761  36.288 0.0000000000
9170  9.007  -78.633  35.456 0.0000000000
9845  9.725  -77.533  37.778 0.0000000000
11865  8.381  -73.257  38.113 0.0000000000
11863  10.064  -73.868  36.960 0.0000000000
11872  9.584  -73.025  36.731 0.0000000000
124785  7.393  -72.598  36.213 0.0000000000
124784  6.754  -71.879  36.825 0.0000000000
15276  2.427  -68.726  41.158 0.0000000000
13814  1.738  -70.469  39.921 0.0000000000
16080  2.163  -68.186  40.593 0.0000000000
19924  8.791  -62.783  40.980 0.0000000000
18433  6.152  -64.299  39.438 0.0000000000
17672  6.066  -64.926  39.935 0.0000000000
17674  4.181  -65.427  39.592 0.0000000000
16904  1.710  -66.765  38.874 0.0000000000
16908  1.811  -67.009  37.704 0.0000000000
15292  3.028  -69.077  36.773 0.0000000000
17683  2.180  -65.979  37.510 0.0000000000
17685  3.124  -65.693  36.379 0.0000000000
16912  3.270  -67.109  36.294 0.0000000000
124813  4.124  -68.033  36.099 0.0000000000
124824  3.434  -66.951  35.855 0.0000000000
124829  3.066  -66.645  35.322 0.0000000000
124830  3.400  -65.644  35.554 0.0000000000
19983  7.700  -61.988  34.901 0.0000000000
18450  5.842  -63.297  35.101 0.0000000000
124851  7.630  -62.722  34.014 0.0000000000
124846  6.926  -63.461  33.551 0.0000000000
124857  9.178  -62.767  33.125 0.0000000000
21684  13.877  -60.093  35.475 0.0000000000
21701  12.578  -60.567  34.966 0.0000000000
21699  14.007  -60.018  34.740 0.0000000000
22697  15.236  -60.807  32.566 0.0000000000
124876  14.201  -60.789  33.180 0.0000000000
124877  13.488  -61.440  32.456 0.0000000000
124879  12.326  -61.361  31.656 0.0000000000
124890  12.404  -61.103  31.660 0.0000000000
124896  13.463  -60.882  31.685 0.0000000000
124963  14.172  -58.536  32.823 0.0000000000
124912  13.892  -58.711  32.069 0.0000000000
124978  14.019  -58.307  31.934 0.0000000000
124920  14.089  -57.816  30.248 0.0000000000
124999  14.011  -57.688  30.840 0.0000000000
25442  12.144  -56.621  31.170 0.0000000000
124937  12.427  -54.581  29.708 0.0000000000
197  14.063  -101.925  19.338 0.0000000000
100  16.708  -102.138  19.924 0.0000000000
207  16.422  -101.522  18.752 0.0000000000
307  16.179  -100.645  17.218 0.0000000000
124308  9.519  -97.195  20.380 0.0000000000
286  10.279  -97.553  20.823 0.0000000000
423  8.799  -98.121  18.832 0.0000000000
716  12.651  -97.282  14.785 0.0000000000
680  12.121  -96.499  16.448 0.0000000000
713  14.955  -95.789  15.585 0.0000000000
480  15.631  -98.295  13.832 0.0000000000
728  15.687  -96.456  13.411 0.0000000000
990  17.915  -97.117  11.973 0.0000000000
1307  17.364  -94.766  12.480 0.0000000000
1617  18.558  -93.292  10.011 0.0000000000
124461  6.494  -87.758  23.194 0.0000000000
124456  6.308  -88.753  22.675 0.0000000000
3745  5.949  -87.987  22.155 0.0000000000
3362  6.332  -89.993  18.830 0.0000000000
3353  6.877  -90.501  19.281 0.0000000000
2974  7.661  -91.018  18.170 0.0000000000
2973  8.268  -91.785  18.547 0.0000000000
124385  8.988  -92.402  17.235 0.0000000000
4178  8.961  -87.658  15.605 0.0000000000
3770  8.110  -88.761  15.764 0.0000000000
2726  15.747  -91.860  10.648 0.0000000000
124454  12.181  -91.406  13.720 0.0000000000
3019  14.012  -91.927  11.829 0.0000000000
2153  12.768  -93.841  13.033 0.0000000000
124463  13.267  -93.517  10.256 0.0000000000
2441  14.307  -94.380  8.832 0.0000000000
124555  16.608  -93.049  7.600 0.0000000000
14559  3.081  -69.489  32.307 0.0000000000
13839  2.818  -71.059  32.881 0.0000000000
13842  2.839  -70.616  31.576 0.0000000000
13186  3.246  -71.512  27.837 0.0000000000
12552  3.278  -72.805  29.253 0.0000000000
12555  3.287  -72.614  28.159 0.0000000000
11316  3.485  -74.529  27.183 0.0000000000
11321  3.538  -74.056  26.536 0.0000000000
10579  7.787  -74.642  35.208 0.0000000000
10596  5.712  -75.784  33.730 0.0000000000
11251  5.268  -74.720  34.343 0.0000000000
11262  4.003  -74.847  33.685 0.0000000000
11276  2.903  -74.702  32.543 0.0000000000
124899  11.832  -58.826  30.923 0.0000000000
124900  9.637  -58.396  31.282 0.0000000000
124919  7.813  -56.429  30.106 0.0000000000
2367  6.257  -92.348  24.425 0.0000000000
2374  6.546  -92.535  23.612 0.0000000000
2656  6.009  -91.601  23.556 0.0000000000
2661  6.380  -91.522  22.702 0.0000000000
2957  6.524  -91.029  22.059 0.0000000000
124544  7.961  -85.622  27.094 0.0000000000
124574  8.244  -84.480  27.678 0.0000000000
124618  7.716  -83.764  28.036 0.0000000000
5933  6.721  -83.481  27.792 0.0000000000
7951  3.639  -79.345  27.629 0.0000000000
7392  3.826  -80.677  26.688 0.0000000000
7958  3.835  -79.688  25.890 0.0000000000
7962  4.073  -79.716  24.826 0.0000000000
7412  4.448  -81.211  21.003 0.0000000000
7978  4.523  -79.984  21.440 0.0000000000
8624  4.957  -79.073  20.664 0.0000000000
8633  5.464  -78.823  19.848 0.0000000000
18454  3.367  -64.331  34.271 0.0000000000
18456  2.824  -63.921  33.636 0.0000000000
18460  2.408  -63.940  32.665 0.0000000000
19226  2.715  -63.090  32.038 0.0000000000
22721  3.047  -59.041  29.723 0.0000000000
21733  2.480  -59.709  29.962 0.0000000000
21741  2.813  -59.697  28.942 0.0000000000
20847  2.448  -61.537  27.548 0.0000000000
125005  8.612  -53.454  27.144 0.0000000000
1520  7.423  -95.377  29.312 0.0000000000
1802  7.067  -94.518  30.337 0.0000000000
2064  6.214  -93.103  30.661 0.0000000000
2342  5.941  -92.257  30.419 0.0000000000
4045  3.472  -86.990  34.152 0.0000000000
4442  3.706  -86.190  32.718 0.0000000000
4857  3.364  -85.051  31.232 0.0000000000
5365  3.457  -84.570  30.456 0.0000000000
5895  3.536  -83.575  32.190 0.0000000000
6398  3.998  -82.714  31.470 0.0000000000
7360  4.218  -80.775  32.779 0.0000000000
10571  4.323  -75.860  35.799 0.0000000000
9189  4.782  -77.204  34.776 0.0000000000
10570  5.201  -75.646  35.687 0.0000000000
10561  6.499  -75.286  36.377 0.0000000000
10554  7.761  -75.873  37.887 0.0000000000
10545  9.487  -76.445  38.600 0.0000000000
11214  7.677  -74.787  38.592 0.0000000000
12505  7.158  -72.965  38.463 0.0000000000
13150  7.055  -71.811  38.105 0.0000000000
20732  10.443  -61.133  39.695 0.0000000000
20723  8.986  -61.862  40.038 0.0000000000
20734  8.693  -61.829  39.223 0.0000000000
19188  6.951  -63.416  39.247 0.0000000000
18437  6.010  -63.779  38.774 0.0000000000
18440  3.263  -64.793  37.876 0.0000000000
19197  5.637  -63.481  37.857 0.0000000000
19202  5.611  -63.129  37.130 0.0000000000
19203  4.968  -63.384  36.656 0.0000000000
19207  5.281  -63.250  36.107 0.0000000000
19980  6.851  -62.170  36.038 0.0000000000
19979  7.517  -61.904  35.680 0.0000000000
20791  9.279  -61.562  34.732 0.0000000000
23582  16.058  -58.782  34.842 0.0000000000
22662  15.118  -59.451  34.310 0.0000000000
23595  15.627  -59.205  34.103 0.0000000000
23609  15.408  -59.969  33.009 0.0000000000
24540  14.915  -59.796  32.578 0.0000000000
23607  14.636  -59.977  31.649 0.0000000000
24524  15.124  -58.946  33.013 0.0000000000
25417  14.944  -58.704  33.201 0.0000000000
25432  13.950  -58.149  33.717 0.0000000000
73  15.213  -102.287  23.007 0.0000000000
75  13.566  -102.193  22.327 0.0000000000
86  12.605  -101.764  21.319 0.0000000000
199  12.354  -100.987  19.739 0.0000000000
1275  8.384  -96.933  18.239 0.0000000000
451  7.955  -98.933  17.613 0.0000000000
684  7.221  -97.954  15.783 0.0000000000
718  9.703  -97.949  13.874 0.0000000000
1013  13.330  -95.332  13.183 0.0000000000
1322  14.449  -93.006  12.724 0.0000000000
1325  13.162  -95.475  11.821 0.0000000000
1347  14.546  -94.632  9.896 0.0000000000
1624  16.834  -94.512  8.567 0.0000000000
4502  5.151  -87.285  21.804 0.0000000000
3747  5.951  -88.360  21.631 0.0000000000
4145  5.519  -88.174  20.158 0.0000000000
3754  5.913  -89.086  18.802 0.0000000000
3758  6.588  -89.191  17.246 0.0000000000
15307  3.838  -68.270  31.502 0.0000000000
14563  3.101  -69.622  31.188 0.0000000000
15313  3.245  -68.674  30.311 0.0000000000
14571  2.960  -69.389  28.637 0.0000000000
124746  7.566  -79.896  32.226 0.0000000000
124690  7.194  -79.947  31.191 0.0000000000
124736  6.775  -79.666  31.920 0.0000000000
124728  5.784  -79.600  31.591 0.0000000000
7927  4.547  -79.511  30.786 0.0000000000
9902  5.273  -77.224  32.992 0.0000000000
9221  3.997  -77.798  31.668 0.0000000000
7937  3.763  -79.249  29.791 0.0000000000
8591  3.666  -78.483  29.067 0.0000000000
9254  3.716  -77.442  27.395 0.0000000000
9258  3.812  -77.499  26.266 0.0000000000
20808  8.217  -62.172  32.086 0.0000000000
20809  6.980  -62.341  32.521 0.0000000000
124894  7.886  -61.022  32.243 0.0000000000
124901  5.462  -60.236  32.284 0.0000000000
124936  4.925  -59.475  31.678 0.0000000000
124961  8.447  -58.434  31.430 0.0000000000
124940  5.797  -58.430  31.378 0.0000000000
22712  3.896  -58.833  30.529 0.0000000000
22720  3.871  -58.560  29.398 0.0000000000
22719  4.179  -58.636  28.653 0.0000000000
23652  5.114  -58.446  27.962 0.0000000000
9181  2.973  -77.649  36.768 0.0000000000
9174  3.150  -77.597  37.923 0.0000000000
9864  3.493  -76.644  36.292 0.0000000000
10564  3.574  -75.514  36.538 0.0000000000
11236  3.251  -74.390  36.459 0.0000000000
12519  3.178  -72.771  36.443 0.0000000000
22615  11.804  -59.729  38.693 0.0000000000
21652  11.226  -60.158  38.064 0.0000000000
21651  11.685  -59.985  37.349 0.0000000000
20768  11.045  -60.931  36.472 0.0000000000
22633  13.706  -59.692  36.607 0.0000000000
22632  14.424  -59.822  36.182 0.0000000000
22630  15.860  -59.480  35.971 0.0000000000
22629  16.720  -59.441  36.038 0.0000000000
22646  16.746  -58.827  35.565 0.0000000000
124297  9.778  -97.776  24.247 0.0000000000
124290  9.978  -98.228  23.519 0.0000000000
1829  9.493  -96.550  22.805 0.0000000000
124310  9.463  -96.508  21.815 0.0000000000
1546  9.122  -95.825  21.574 0.0000000000
2102  7.782  -93.842  22.357 0.0000000000
2101  8.387  -94.620  22.026 0.0000000000
1839  9.213  -95.411  20.453 0.0000000000
124311  8.913  -95.211  19.331 0.0000000000
124326  9.667  -94.644  19.034 0.0000000000
1846  9.806  -94.525  17.322 0.0000000000
4974  4.965  -85.030  17.952 0.0000000000
4536  5.777  -86.556  16.922 0.0000000000
4549  6.280  -86.447  16.043 0.0000000000
4547  8.463  -86.519  15.161 0.0000000000
124916  11.214  -56.452  28.854 0.0000000000
124962  9.977  -56.493  29.519 0.0000000000
124934  9.765  -55.225  28.790 0.0000000000
124948  9.613  -54.697  28.531 0.0000000000
4117  5.894  -87.578  26.074 0.0000000000
3737  6.531  -87.909  24.541 0.0000000000
4122  7.738  -87.662  25.645 0.0000000000
124469  8.331  -87.207  24.351 0.0000000000
124470  7.367  -87.103  23.902 0.0000000000
4902  8.839  -85.891  25.291 0.0000000000
4491  7.051  -86.452  24.658 0.0000000000
4494  5.656  -86.726  23.535 0.0000000000
4499  4.832  -86.440  22.507 0.0000000000
4945  4.607  -85.811  21.758 0.0000000000
5447  4.518  -85.060  20.930 0.0000000000
124674  6.823  -81.293  30.144 0.0000000000
6418  5.914  -82.371  28.532 0.0000000000
6427  4.841  -82.950  26.817 0.0000000000
6901  4.324  -81.895  26.397 0.0000000000
6430  4.568  -82.749  25.854 0.0000000000
5945  4.822  -83.720  25.629 0.0000000000
5956  4.442  -83.769  23.344 0.0000000000
5967  4.403  -84.172  21.466 0.0000000000
5455  4.591  -84.687  19.816 0.0000000000
5463  4.663  -84.330  18.815 0.0000000000
5482  5.122  -83.677  17.276 0.0000000000
6499  6.609  -82.888  15.769 0.0000000000
6933  4.657  -81.393  18.511 0.0000000000
15297  3.090  -68.677  35.016 0.0000000000
13837  3.039  -71.239  34.407 0.0000000000
15304  2.617  -68.449  33.024 0.0000000000
16920  2.387  -65.732  33.315 0.0000000000
16109  3.721  -67.889  31.861 0.0000000000
16117  4.067  -67.444  31.362 0.0000000000
16116  4.562  -67.322  30.668 0.0000000000
20811  4.309  -61.522  33.006 0.0000000000
20007  3.015  -62.203  32.497 0.0000000000
19228  2.732  -63.118  30.941 0.0000000000
20824  2.208  -60.893  30.217 0.0000000000
20013  2.673  -61.999  30.468 0.0000000000
18468  3.232  -64.340  30.394 0.0000000000
18472  3.956  -64.948  29.557 0.0000000000
124927  8.555  -55.649  29.312 0.0000000000
25460  6.709  -55.633  28.159 0.0000000000
24574  5.969  -56.729  27.941 0.0000000000
24580  6.052  -57.632  27.346 0.0000000000
140  11.597  -101.283  25.935 0.0000000000
268  10.455  -100.167  25.920 0.0000000000
615  10.825  -98.948  27.575 0.0000000000
623  10.155  -98.378  26.443 0.0000000000
385  9.876  -98.114  25.316 0.0000000000
1543  9.115  -96.337  25.060 0.0000000000
1536  7.744  -95.490  25.431 0.0000000000
2079  6.953  -94.026  25.822 0.0000000000
1813  6.892  -94.605  27.916 0.0000000000
2074  6.662  -93.753  27.059 0.0000000000
2358  6.479  -92.930  26.259 0.0000000000
2649  5.346  -91.328  25.753 0.0000000000
2946  4.790  -90.602  25.993 0.0000000000
3333  4.549  -89.206  25.763 0.0000000000
2632  5.019  -90.832  30.742 0.0000000000
3303  3.784  -89.021  32.370 0.0000000000
3309  4.078  -89.349  31.171 0.0000000000
2931  4.600  -90.100  29.492 0.0000000000
3720  4.098  -88.824  28.636 0.0000000000
3726  4.140  -88.448  27.545 0.0000000000
4118  5.127  -87.488  26.550 0.0000000000
4479  5.862  -86.564  27.315 0.0000000000
4472  6.790  -86.048  27.877 0.0000000000
124622  6.874  -84.702  28.618 0.0000000000
5917  4.983  -83.823  29.404 0.0000000000
5916  6.084  -83.714  29.442 0.0000000000
5915  7.150  -83.586  29.763 0.0000000000
5906  7.135  -82.778  30.944 0.0000000000
5904  7.959  -82.496  31.911 0.0000000000
124724  7.965  -81.491  32.902 0.0000000000
7344  3.345  -80.853  34.441 0.0000000000
7351  3.696  -80.779  33.344 0.0000000000
7349  5.037  -79.766  33.225 0.0000000000
8545  5.295  -77.747  34.465 0.0000000000
7905  5.584  -79.136  33.683 0.0000000000
7358  5.832  -80.133  33.200 0.0000000000
6389  7.106  -80.477  33.641 0.0000000000
124768  7.165  -79.858  34.187 0.0000000000
9177  7.805  -79.694  33.113 0.0000000000
9169  9.353  -78.050  34.743 0.0000000000
124773  8.967  -77.832  34.596 0.0000000000
9852  10.647  -75.551  34.935 0.0000000000
10544  10.781  -76.535  37.770 0.0000000000
11219  11.977  -75.060  35.732 0.0000000000
10558  10.513  -74.788  34.778 0.0000000000
11228  9.117  -73.565  35.137 0.0000000000
13164  6.354  -72.446  35.293 0.0000000000
13832  5.019  -71.278  35.303 0.0000000000
13154  1.977  -72.041  37.807 0.0000000000
14548  2.106  -70.669  37.051 0.0000000000
17664  7.099  -65.564  41.026 0.0000000000
18422  7.066  -64.553  40.422 0.0000000000
17665  6.230  -65.478  40.417 0.0000000000
16885  4.511  -66.510  40.514 0.0000000000
16899  1.735  -67.576  39.717 0.0000000000
15289  1.813  -68.833  37.838 0.0000000000
13825  3.834  -70.929  36.340 0.0000000000
14546  4.410  -70.246  36.412 0.0000000000
124801  5.148  -70.160  36.578 0.0000000000
124792  5.858  -69.905  36.778 0.0000000000
17686  2.637  -66.184  36.741 0.0000000000
16100  3.638  -68.305  36.387 0.0000000000
124796  6.213  -70.482  37.131 0.0000000000
124798  4.901  -69.882  35.960 0.0000000000
124800  5.517  -69.452  35.720 0.0000000000
14552  3.960  -70.145  35.370 0.0000000000
124832  2.981  -65.707  34.862 0.0000000000
18451  5.304  -63.662  35.311 0.0000000000
124837  4.376  -64.119  34.525 0.0000000000
124843  5.980  -63.689  33.910 0.0000000000
124847  7.201  -63.631  32.842 0.0000000000
124859  8.778  -63.541  31.666 0.0000000000
20779  10.894  -61.171  35.945 0.0000000000
20789  10.694  -61.407  35.193 0.0000000000
19992  10.951  -61.445  34.215 0.0000000000
124871  13.843  -60.478  33.681 0.0000000000
124870  12.218  -61.127  33.809 0.0000000000
124878  10.666  -61.607  33.740 0.0000000000
124858  10.092  -62.678  31.456 0.0000000000
124873  9.738  -63.287  31.129 0.0000000000
124869  10.507  -62.476  31.293 0.0000000000
124883  11.427  -60.748  31.755 0.0000000000
124898  12.564  -59.881  31.702 0.0000000000
124921  14.156  -59.769  31.623 0.0000000000
124905  12.242  -57.969  29.984 0.0000000000
124922  12.798  -57.887  30.209 0.0000000000
24511  14.648  -58.161  34.891 0.0000000000
24527  13.625  -58.159  34.159 0.0000000000
24526  13.883  -58.114  34.049 0.0000000000
24543  13.286  -57.780  33.035 0.0000000000
24555  13.116  -57.229  31.901 0.0000000000
24562  13.346  -56.906  31.108 0.0000000000
24563  11.814  -56.765  30.651 0.0000000000
124941  11.660  -57.278  29.481 0.0000000000
124914  12.441  -55.510  28.686 0.0000000000
124933  11.923  -54.573  28.175 0.0000000000
82  16.649  -102.776  21.737 0.0000000000
80  18.363  -102.386  21.695 0.0000000000
182  11.330  -99.197  21.711 0.0000000000
201  11.795  -98.091  20.502 0.0000000000
298  12.455  -99.325  18.634 0.0000000000
448  10.913  -96.255  17.761 0.0000000000
446  13.095  -95.900  18.269 0.0000000000
321  13.267  -98.630  17.196 0.0000000000
327  15.887  -99.825  15.854 0.0000000000
457  18.460  -99.502  15.449 0.0000000000
1332  17.800  -92.728  12.290 0.0000000000
3742  5.824  -88.793  23.590 0.0000000000
124442  6.385  -89.386  22.254 0.0000000000
2963  6.900  -90.751  21.400 0.0000000000
3749  6.066  -89.011  20.705 0.0000000000
124421  7.022  -90.480  20.638 0.0000000000
124405  7.919  -91.587  20.107 0.0000000000
124403  8.578  -92.223  19.597 0.0000000000
124399  10.107  -93.684  18.077 0.0000000000
124371  10.816  -94.536  15.625 0.0000000000
4166  6.391  -87.702  16.561 0.0000000000
3764  7.286  -88.969  16.448 0.0000000000
3375  8.127  -90.447  16.472 0.0000000000
3020  10.792  -89.813  13.597 0.0000000000
3000  9.583  -90.749  14.876 0.0000000000
2994  8.779  -91.252  16.154 0.0000000000
124430  10.825  -92.567  15.092 0.0000000000
124391  11.814  -93.868  14.781 0.0000000000
2156  9.667  -95.216  12.125 0.0000000000
1603  12.994  -95.847  9.850 0.0000000000
1631  15.304  -95.119  7.390 0.0000000000
13173  3.007  -72.315  33.575 0.0000000000
12536  2.695  -73.094  32.787 0.0000000000
11914  3.219  -73.755  30.858 0.0000000000
13181  2.776  -71.397  30.736 0.0000000000
11922  3.251  -72.962  30.139 0.0000000000
11299  3.381  -74.616  30.174 0.0000000000
10641  3.605  -75.540  28.530 0.0000000000
10644  3.558  -75.408  27.477 0.0000000000
9949  4.065  -76.531  25.775 0.0000000000
11322  3.950  -74.191  25.318 0.0000000000
9948  4.249  -75.726  25.129 0.0000000000
9953  4.297  -76.348  24.148 0.0000000000
9964  4.673  -76.511  22.253 0.0000000000
3739  5.080  -88.885  24.731 0.0000000000
124671  7.423  -80.426  30.929 0.0000000000
8613  4.544  -78.668  23.074 0.0000000000
5340  3.582  -84.428  34.699 0.0000000000
5885  3.586  -83.464  35.062 0.0000000000
11874  5.050  -73.358  36.284 0.0000000000
11867  5.526  -72.887  36.693 0.0000000000
21673  10.705  -60.731  37.615 0.0000000000
20756  9.346  -61.267  37.539 0.0000000000
25404  15.465  -57.886  34.725 0.0000000000
25405  15.190  -57.910  34.877 0.0000000000
124283  10.591  -99.849  23.967 0.0000000000
124284  10.445  -99.224  23.621 0.0000000000
1572  7.357  -96.334  13.702 0.0000000000
1576  7.791  -95.890  12.796 0.0000000000
1584  8.178  -96.043  10.572 0.0000000000
1867  8.498  -95.361  11.673 0.0000000000
4516  5.123  -86.283  18.989 0.0000000000
124772  9.160  -76.032  35.041 0.0000000000
124750  6.878  -77.937  33.266 0.0000000000
10616  3.251  -76.156  31.770 0.0000000000
10626  3.355  -75.758  30.762 0.0000000000
2085  7.137  -94.066  24.668 0.0000000000
2366  6.819  -93.262  24.083 0.0000000000
2666  7.204  -91.643  21.533 0.0000000000
6020  6.927  -83.375  15.347 0.0000000000
5493  7.473  -84.217  15.098 0.0000000000
26263  10.443  -53.837  28.738 0.0000000000
124617  8.220  -86.635  28.226 0.0000000000
124595  8.415  -87.485  27.764 0.0000000000
124575  8.025  -86.063  27.598 0.0000000000
5403  5.650  -84.549  26.193 0.0000000000
5409  5.919  -85.097  25.958 0.0000000000
5418  4.846  -84.713  24.773 0.0000000000
5411  4.788  -84.237  25.110 0.0000000000
7382  4.329  -80.580  28.856 0.0000000000
6916  4.454  -82.036  21.881 0.0000000000
21726  3.296  -60.556  31.561 0.0000000000
27104  7.783  -55.061  26.592 0.0000000000
124968  7.300  -55.627  26.840 0.0000000000
25464  7.110  -56.048  26.846 0.0000000000
26280  7.708  -55.697  26.280 0.0000000000
1226  8.243  -96.819  29.387 0.0000000000
906  8.869  -97.381  29.431 0.0000000000
1233  8.536  -97.195  28.415 0.0000000000
933  9.161  -97.368  27.748 0.0000000000
1242  8.036  -96.632  27.654 0.0000000000
1524  7.615  -96.071  28.467 0.0000000000
2347  5.744  -91.614  29.631 0.0000000000
2350  6.263  -92.522  28.494 0.0000000000
2638  5.405  -91.056  28.962 0.0000000000
4089  3.772  -87.384  30.828 0.0000000000
4460  3.635  -86.483  30.192 0.0000000000
4871  3.701  -85.748  29.480 0.0000000000
4878  3.904  -85.976  28.754 0.0000000000
6873  5.161  -81.527  31.831 0.0000000000
6872  5.928  -81.402  32.027 0.0000000000
9190  3.944  -77.617  34.855 0.0000000000
9856  8.057  -76.909  37.466 0.0000000000
9178  7.490  -78.003  35.668 0.0000000000
9172  8.031  -77.801  36.620 0.0000000000
9164  8.815  -77.955  37.289 0.0000000000
9163  9.404  -78.351  36.885 0.0000000000
124793  8.063  -71.931  38.050 0.0000000000
11864  8.670  -72.989  37.630 0.0000000000
124783  7.252  -72.679  37.149 0.0000000000
124787  6.838  -71.200  37.014 0.0000000000
15266  3.809  -68.436  41.496 0.0000000000
15275  3.092  -68.280  41.211 0.0000000000
15277  1.834  -68.754  40.570 0.0000000000
16078  3.503  -67.697  41.035 0.0000000000
20722  9.721  -61.657  40.522 0.0000000000
18434  4.904  -64.627  39.136 0.0000000000
18435  4.228  -64.791  39.064 0.0000000000
17680  2.169  -66.103  38.555 0.0000000000
17679  3.107  -65.288  38.485 0.0000000000
19986  8.866  -61.670  34.168 0.0000000000
19988  7.681  -62.280  34.538 0.0000000000
19987  8.287  -62.089  34.180 0.0000000000
19215  8.342  -62.533  33.707 0.0000000000
19994  8.923  -62.006  33.726 0.0000000000
22649  14.541  -59.745  35.368 0.0000000000
23622  15.344  -60.901  32.019 0.0000000000
124874  14.757  -61.033  32.620 0.0000000000
125000  13.998  -58.038  30.932 0.0000000000
24554  13.650  -57.508  31.644 0.0000000000
209  13.996  -101.388  18.718 0.0000000000
108  14.815  -101.989  19.332 0.0000000000
208  15.244  -101.461  18.678 0.0000000000
218  15.718  -101.084  17.920 0.0000000000
219  14.494  -100.927  17.901 0.0000000000
124313  8.949  -97.872  20.092 0.0000000000
404  8.901  -97.885  20.163 0.0000000000
414  8.788  -97.923  19.195 0.0000000000
732  13.405  -95.382  15.061 0.0000000000
715  13.143  -95.824  15.384 0.0000000000
731  14.296  -94.786  15.662 0.0000000000
712  15.192  -96.667  14.278 0.0000000000
736  15.924  -95.176  14.358 0.0000000000
1010  16.766  -95.391  12.830 0.0000000000
1011  16.220  -94.843  14.125 0.0000000000
4135  6.113  -87.845  22.564 0.0000000000
3370  7.104  -90.267  17.732 0.0000000000
3361  6.956  -90.453  18.497 0.0000000000
2980  8.302  -91.663  17.796 0.0000000000
2988  8.041  -91.038  17.281 0.0000000000
3774  9.762  -88.416  14.890 0.0000000000
3768  9.693  -88.386  15.238 0.0000000000
124478  14.069  -92.621  10.339 0.0000000000
124453  13.403  -93.127  10.866 0.0000000000
124477  14.013  -93.142  9.824 0.0000000000
124541  15.452  -93.872  8.927 0.0000000000
124536  16.138  -93.635  9.067 0.0000000000
11927  3.443  -73.561  27.429 0.0000000000
11249  6.968  -74.322  34.876 0.0000000000
11250  6.212  -74.496  34.491 0.0000000000
12533  3.774  -73.697  34.126 0.0000000000
11888  4.529  -74.082  34.332 0.0000000000
11893  3.456  -74.157  33.632 0.0000000000
11263  3.336  -74.712  33.221 0.0000000000
11899  2.740  -74.032  33.085 0.0000000000
124909  9.229  -57.097  30.467 0.0000000000
2652  5.591  -91.435  24.651 0.0000000000
124615  8.381  -82.228  29.885 0.0000000000
6416  7.528  -82.029  29.587 0.0000000000
5927  7.041  -82.791  28.541 0.0000000000
6421  6.418  -82.731  28.329 0.0000000000
7955  3.691  -79.417  26.620 0.0000000000
7972  4.497  -79.804  22.615 0.0000000000
18455  3.671  -63.673  34.098 0.0000000000
19998  3.755  -62.558  33.463 0.0000000000
19223  2.792  -62.984  33.023 0.0000000000
21757  2.573  -60.571  28.290 0.0000000000
124990  8.545  -53.769  26.613 0.0000000000
1514  7.426  -95.134  30.364 0.0000000000
2053  6.270  -93.415  31.414 0.0000000000
2332  5.913  -92.716  31.381 0.0000000000
4841  3.543  -85.349  33.234 0.0000000000
4847  3.494  -85.307  32.215 0.0000000000
5350  3.439  -84.373  31.790 0.0000000000
6867  3.883  -81.630  32.503 0.0000000000
11233  6.224  -74.304  36.551 0.0000000000
10560  7.288  -75.478  36.958 0.0000000000
11223  7.259  -74.834  37.732 0.0000000000
12511  6.328  -72.714  37.620 0.0000000000
11857  7.122  -73.660  38.520 0.0000000000
13146  6.886  -72.580  38.319 0.0000000000
13145  7.024  -72.326  38.337 0.0000000000
13820  6.352  -71.915  37.645 0.0000000000
21635  10.804  -60.687  38.883 0.0000000000
20733  9.527  -61.420  39.480 0.0000000000
19947  7.787  -62.543  38.839 0.0000000000
19948  7.174  -62.957  38.651 0.0000000000
19189  6.316  -63.666  38.963 0.0000000000
18438  5.363  -63.908  38.348 0.0000000000
19196  6.266  -63.328  38.216 0.0000000000
19970  6.449  -62.555  37.035 0.0000000000
19201  6.221  -63.003  37.537 0.0000000000
19971  6.022  -62.743  36.587 0.0000000000
20772  8.086  -61.708  36.044 0.0000000000
20782  8.685  -61.620  35.454 0.0000000000
20790  10.009  -61.580  35.051 0.0000000000
23594  15.810  -59.004  34.102 0.0000000000
25431  14.160  -58.425  33.163 0.0000000000
57  12.753  -102.085  23.841 0.0000000000
65  13.647  -102.157  23.199 0.0000000000
77  12.071  -101.508  22.083 0.0000000000
180  12.178  -101.210  21.049 0.0000000000
96  12.561  -101.453  20.489 0.0000000000
188  11.987  -100.636  20.582 0.0000000000
964  7.286  -98.144  17.610 0.0000000000
968  6.925  -97.697  16.565 0.0000000000
1000  9.070  -97.173  12.319 0.0000000000
981  8.506  -97.436  13.392 0.0000000000
999  10.068  -97.406  12.435 0.0000000000
997  12.439  -96.986  13.045 0.0000000000
1015  11.745  -97.123  12.078 0.0000000000
1025  13.487  -95.292  12.382 0.0000000000
1027  12.210  -96.940  11.485 0.0000000000
1339  12.186  -96.492  10.094 0.0000000000
1344  14.146  -96.184  10.055 0.0000000000
1348  14.581  -95.781  9.731 0.0000000000
1619  16.132  -94.365  9.189 0.0000000000
1620  15.313  -95.166  9.107 0.0000000000
4503  4.901  -86.819  21.559 0.0000000000
4141  5.393  -87.816  20.979 0.0000000000
4506  5.305  -87.584  20.373 0.0000000000
4157  5.562  -88.004  18.222 0.0000000000
4148  5.527  -88.155  19.288 0.0000000000
3759  6.026  -88.863  17.932 0.0000000000
3753  6.393  -89.687  18.133 0.0000000000
15312  3.864  -68.349  30.617 0.0000000000
14567  3.297  -68.950  30.830 0.0000000000
15320  3.370  -68.394  28.106 0.0000000000
13852  3.352  -70.364  27.705 0.0000000000
124753  7.227  -78.944  32.749 0.0000000000
124747  7.273  -79.520  32.392 0.0000000000
124751  6.066  -77.846  32.882 0.0000000000
124741  6.395  -78.701  32.523 0.0000000000
8567  5.410  -78.983  31.937 0.0000000000
7918  5.056  -79.254  31.545 0.0000000000
8568  4.586  -78.712  31.630 0.0000000000
9890  5.365  -76.562  33.353 0.0000000000
9891  4.613  -76.601  33.073 0.0000000000
9922  3.382  -76.933  31.266 0.0000000000
9232  3.483  -77.786  30.924 0.0000000000
8579  3.723  -78.612  30.682 0.0000000000
8586  3.510  -78.523  29.919 0.0000000000
9245  3.572  -77.642  29.468 0.0000000000
9251  3.656  -77.505  28.471 0.0000000000
22711  4.081  -58.266  30.147 0.0000000000
23640  4.862  -57.801  28.768 0.0000000000
23639  5.416  -57.706  28.159 0.0000000000
8542  2.853  -78.480  35.974 0.0000000000
8538  2.836  -78.509  36.779 0.0000000000
9848  3.110  -76.663  38.320 0.0000000000
9857  3.185  -76.568  37.257 0.0000000000
10555  3.146  -75.885  37.272 0.0000000000
11237  2.510  -74.321  37.060 0.0000000000
11877  2.425  -73.623  36.986 0.0000000000
11876  2.838  -73.614  36.563 0.0000000000
12520  2.496  -73.034  36.913 0.0000000000
22600  12.003  -60.007  39.408 0.0000000000
22599  12.562  -59.505  39.025 0.0000000000
22614  12.366  -59.546  37.804 0.0000000000
22634  12.944  -59.649  36.911 0.0000000000
21671  12.157  -60.081  36.704 0.0000000000
22611  15.284  -59.701  36.686 0.0000000000
22631  15.187  -59.625  36.008 0.0000000000
23580  17.313  -58.108  35.589 0.0000000000
124319  9.371  -96.410  24.501 0.0000000000
124315  9.782  -97.522  23.520 0.0000000000
124323  8.871  -95.575  22.092 0.0000000000
1264  9.117  -95.986  21.989 0.0000000000
1834  8.980  -95.672  21.756 0.0000000000
2373  7.213  -93.233  22.997 0.0000000000
2388  8.259  -93.499  21.087 0.0000000000
2380  8.008  -93.759  21.739 0.0000000000
2106  8.538  -94.349  21.129 0.0000000000
2111  8.890  -94.902  20.754 0.0000000000
124338  9.321  -95.270  19.924 0.0000000000
124343  9.139  -94.669  20.227 0.0000000000
124367  9.551  -93.487  19.746 0.0000000000
124349  9.546  -93.972  19.974 0.0000000000
124340  9.897  -94.492  18.644 0.0000000000
124356  10.352  -93.974  19.207 0.0000000000
4984  5.416  -85.335  16.941 0.0000000000
4550  5.863  -85.879  16.495 0.0000000000
4559  8.054  -86.063  14.639 0.0000000000
4546  9.687  -86.460  15.340 0.0000000000
124925  10.357  -56.179  29.106 0.0000000000
125012  9.919  -54.244  28.520 0.0000000000
124958  9.508  -54.246  28.253 0.0000000000
4116  7.162  -87.590  26.387 0.0000000000
4123  6.674  -87.757  25.316 0.0000000000
4120  8.504  -87.388  25.423 0.0000000000
4127  8.481  -87.363  25.113 0.0000000000
124487  7.920  -87.206  23.952 0.0000000000
4490  8.108  -86.717  24.307 0.0000000000
124546  8.591  -85.375  26.528 0.0000000000
4915  6.097  -85.910  25.134 0.0000000000
4487  7.648  -86.092  25.237 0.0000000000
4495  4.769  -86.176  23.109 0.0000000000
4936  4.562  -85.600  22.651 0.0000000000
5439  4.474  -84.865  22.011 0.0000000000
124693  6.938  -80.815  30.679 0.0000000000
6879  6.335  -80.896  30.440 0.0000000000
6897  5.272  -82.032  28.273 0.0000000000
6893  5.720  -81.781  29.057 0.0000000000
6422  5.500  -82.701  27.670 0.0000000000
6423  4.690  -82.385  27.154 0.0000000000
6907  4.567  -81.754  24.082 0.0000000000
6433  4.571  -82.743  24.823 0.0000000000
5950  4.550  -83.790  24.488 0.0000000000
6450  4.287  -83.149  21.473 0.0000000000
5962  4.441  -83.910  22.314 0.0000000000
5973  4.322  -83.940  20.612 0.0000000000
5994  4.890  -83.059  17.831 0.0000000000
6005  5.592  -83.142  16.839 0.0000000000
5993  5.310  -82.773  17.393 0.0000000000
7420  4.341  -81.148  20.019 0.0000000000
7428  4.472  -80.727  19.311 0.0000000000
16118  3.770  -66.939  31.508 0.0000000000
16939  3.694  -65.886  30.593 0.0000000000
16932  4.164  -66.737  31.040 0.0000000000
16938  4.102  -66.192  30.582 0.0000000000
16937  4.770  -66.642  30.266 0.0000000000
17700  4.445  -66.062  30.139 0.0000000000
124908  4.834  -61.161  32.815 0.0000000000
18473  3.473  -63.977  29.085 0.0000000000
24579  6.474  -57.222  27.057 0.0000000000
262  11.275  -100.824  26.571 0.0000000000
267  11.027  -100.969  25.769 0.0000000000
923  10.199  -97.653  28.685 0.0000000000
931  10.492  -98.101  27.883 0.0000000000
937  9.570  -97.373  26.952 0.0000000000
619  10.258  -98.424  26.924 0.0000000000
624  10.008  -97.888  26.279 0.0000000000
384  10.129  -98.843  26.135 0.0000000000
124301  9.712  -97.445  25.641 0.0000000000
124302  9.647  -97.187  25.048 0.0000000000
1258  9.191  -96.663  25.685 0.0000000000
1249  7.728  -95.895  26.519 0.0000000000
1255  7.855  -95.769  25.935 0.0000000000
1822  7.180  -94.940  25.830 0.0000000000
1825  7.288  -94.898  25.065 0.0000000000
1521  7.155  -94.906  28.682 0.0000000000
2363  6.054  -92.171  25.478 0.0000000000
2359  5.848  -92.032  26.588 0.0000000000
2942  4.726  -90.557  26.616 0.0000000000
2947  4.488  -90.031  26.314 0.0000000000
3330  4.336  -89.317  26.821 0.0000000000
2625  5.178  -91.277  31.654 0.0000000000
2920  4.583  -90.277  31.254 0.0000000000
3300  3.637  -88.875  33.428 0.0000000000
3710  3.898  -88.326  30.289 0.0000000000
3698  3.932  -88.824  30.823 0.0000000000
3709  4.120  -89.145  30.389 0.0000000000
3317  4.382  -89.748  30.582 0.0000000000
3321  4.405  -89.634  29.891 0.0000000000
3324  4.358  -89.578  29.082 0.0000000000
4102  3.847  -87.324  28.543 0.0000000000
3727  3.994  -87.713  27.873 0.0000000000
4109  4.529  -87.409  27.241 0.0000000000
4108  5.443  -87.070  26.903 0.0000000000
4480  4.876  -86.489  27.513 0.0000000000
5384  5.475  -85.134  28.376 0.0000000000
4875  6.154  -85.761  27.888 0.0000000000
124620  6.241  -85.102  28.345 0.0000000000
124619  6.836  -85.545  28.152 0.0000000000
5909  4.084  -83.606  30.380 0.0000000000
5908  5.238  -83.161  30.107 0.0000000000
5905  7.707  -82.398  31.763 0.0000000000
5898  7.234  -81.953  32.045 0.0000000000
124691  7.925  -82.145  32.435 0.0000000000
124738  7.719  -81.327  33.327 0.0000000000
7340  3.340  -80.615  35.544 0.0000000000
8553  4.119  -78.735  34.020 0.0000000000
7350  4.326  -80.111  33.265 0.0000000000
9874  5.554  -76.655  35.246 0.0000000000
124755  5.802  -77.162  34.955 0.0000000000
124763  7.134  -77.991  35.195 0.0000000000
124749  6.381  -78.136  34.587 0.0000000000
6864  5.989  -80.879  32.616 0.0000000000
8532  7.843  -79.461  35.205 0.0000000000
124761  7.097  -80.635  33.329 0.0000000000
9853  10.214  -76.732  35.117 0.0000000000
9861  9.203  -77.060  34.880 0.0000000000
11212  9.929  -75.701  38.411 0.0000000000
11231  10.594  -73.504  36.192 0.0000000000
11220  11.292  -74.697  36.538 0.0000000000
11230  11.549  -73.881  35.401 0.0000000000
10559  11.447  -74.354  34.623 0.0000000000
11229  10.937  -73.735  34.706 0.0000000000
124774  10.800  -73.712  35.737 0.0000000000
124782  7.537  -72.950  35.364 0.0000000000
13829  6.042  -71.521  35.497 0.0000000000
13165  5.610  -71.869  35.322 0.0000000000
13817  1.552  -70.736  38.881 0.0000000000
13821  1.765  -71.092  37.872 0.0000000000
13827  2.153  -71.488  37.161 0.0000000000
19939  8.351  -62.670  40.086 0.0000000000
19938  9.068  -62.292  40.617 0.0000000000
19177  7.598  -63.591  40.184 0.0000000000
17673  5.477  -65.127  39.765 0.0000000000
18423  6.369  -64.797  40.084 0.0000000000
17666  5.116  -65.824  40.261 0.0000000000
16897  3.582  -66.257  40.104 0.0000000000
16898  2.297  -66.973  40.055 0.0000000000
16096  1.881  -68.040  37.717 0.0000000000
16097  1.528  -68.129  38.479 0.0000000000
14543  2.220  -69.322  37.366 0.0000000000
14547  2.933  -69.876  36.680 0.0000000000
17682  2.777  -65.261  37.330 0.0000000000
124816  6.349  -69.745  36.982 0.0000000000
124799  5.478  -69.145  36.355 0.0000000000
124818  4.108  -68.267  35.857 0.0000000000
124812  4.760  -68.441  35.749 0.0000000000
14551  5.412  -70.560  35.493 0.0000000000
19213  5.726  -63.193  35.504 0.0000000000
124836  4.671  -64.215  34.810 0.0000000000
124838  5.119  -63.860  34.610 0.0000000000
124840  5.477  -63.650  34.254 0.0000000000
124844  7.178  -63.845  33.057 0.0000000000
124856  7.832  -64.080  32.557 0.0000000000
124854  7.942  -63.775  32.313 0.0000000000
124861  8.123  -63.801  32.130 0.0000000000
21687  11.604  -60.738  36.060 0.0000000000
20787  11.966  -60.867  34.778 0.0000000000
20800  11.084  -61.365  34.605 0.0000000000
20799  11.608  -61.182  34.316 0.0000000000
22681  14.667  -59.939  33.877 0.0000000000
22682  14.431  -59.936  34.038 0.0000000000
21716  14.393  -60.226  33.673 0.0000000000
20797  12.859  -61.059  33.508 0.0000000000
124860  11.689  -61.368  33.657 0.0000000000
124866  10.173  -62.113  33.241 0.0000000000
124864  10.346  -62.577  32.296 0.0000000000
124867  10.247  -62.432  31.715 0.0000000000
124868  9.911  -63.495  31.280 0.0000000000
124881  11.611  -61.993  31.401 0.0000000000
25430  14.057  -60.060  32.262 0.0000000000
124996  13.073  -58.451  30.610 0.0000000000
124995  14.206  -57.674  29.843 0.0000000000
124904  13.470  -58.032  30.262 0.0000000000
124913  13.699  -57.747  29.792 0.0000000000
24544  12.708  -57.738  33.407 0.0000000000
124983  12.401  -56.002  30.567 0.0000000000
124923  11.829  -55.551  30.036 0.0000000000
124975  12.045  -56.760  29.007 0.0000000000
124987  11.989  -54.767  29.191 0.0000000000
124956  11.641  -54.265  28.441 0.0000000000
83  15.139  -102.439  22.166 0.0000000000
15  15.915  -102.577  22.623 0.0000000000
20  15.882  -102.763  21.376 0.0000000000
305  18.324  -100.710  17.172 0.0000000000
304  19.345  -100.355  17.372 0.0000000000
442  19.289  -99.551  16.300 0.0000000000
174  10.485  -98.519  22.428 0.0000000000
292  10.399  -97.031  20.274 0.0000000000
202  11.052  -97.629  20.702 0.0000000000
291  11.236  -97.300  20.350 0.0000000000
212  12.186  -98.593  19.923 0.0000000000
299  12.501  -98.069  19.512 0.0000000000
670  8.890  -98.617  16.744 0.0000000000
449  9.823  -98.429  17.361 0.0000000000
466  11.069  -98.209  17.295 0.0000000000
477  13.737  -95.122  17.215 0.0000000000
464  12.380  -95.331  17.328 0.0000000000
445  13.611  -97.135  17.600 0.0000000000
444  13.588  -98.175  16.641 0.0000000000
329  14.364  -99.207  16.033 0.0000000000
461  14.181  -98.451  15.962 0.0000000000
479  16.788  -98.601  13.749 0.0000000000
472  16.563  -99.096  14.407 0.0000000000
471  17.824  -99.068  14.383 0.0000000000
678  19.472  -98.799  15.368 0.0000000000
691  19.090  -98.693  14.398 0.0000000000
1334  14.860  -91.976  11.965 0.0000000000
1333  16.365  -92.699  11.909 0.0000000000
1601  16.935  -92.438  11.266 0.0000000000
124447  6.352  -88.359  23.241 0.0000000000
124441  6.582  -89.024  21.913 0.0000000000
124438  6.752  -89.977  21.224 0.0000000000
3349  6.216  -89.534  20.097 0.0000000000
124425  6.869  -90.319  20.348 0.0000000000
124423  7.354  -90.884  20.405 0.0000000000
124406  8.477  -92.056  19.246 0.0000000000
124369  9.372  -93.103  17.680 0.0000000000
124382  9.401  -92.849  18.625 0.0000000000
124397  9.714  -93.498  17.507 0.0000000000
2403  9.945  -93.835  16.897 0.0000000000
4535  6.141  -86.902  16.501 0.0000000000
3771  7.384  -87.984  16.057 0.0000000000
3763  7.878  -89.782  16.260 0.0000000000
3381  8.515  -90.328  15.857 0.0000000000
3406  10.932  -89.473  13.406 0.0000000000
3411  11.885  -90.072  13.275 0.0000000000
2712  11.086  -90.873  14.076 0.0000000000
2707  10.682  -91.033  14.359 0.0000000000
2993  9.808  -91.369  15.134 0.0000000000
124415  10.218  -92.069  15.379 0.0000000000
124431  11.069  -92.166  14.753 0.0000000000
124444  11.954  -94.506  11.979 0.0000000000
2149  11.951  -93.694  14.319 0.0000000000
124426  12.279  -95.394  13.546 0.0000000000
124414  11.518  -95.877  13.828 0.0000000000
2160  11.469  -95.388  11.708 0.0000000000
2166  10.662  -95.048  10.778 0.0000000000
124462  12.289  -95.227  10.595 0.0000000000
124484  15.695  -94.239  7.948 0.0000000000
124578  14.871  -95.273  7.926 0.0000000000
2194  16.793  -94.223  6.551 0.0000000000
1910  16.731  -94.298  6.781 0.0000000000
13175  2.745  -72.213  32.546 0.0000000000
12540  2.801  -72.852  31.788 0.0000000000
13846  2.812  -70.320  30.556 0.0000000000
12553  2.988  -72.093  29.939 0.0000000000
11921  3.376  -73.770  29.765 0.0000000000
11913  3.297  -74.039  30.245 0.0000000000
11308  3.607  -74.612  29.128 0.0000000000
9942  4.074  -75.715  25.981 0.0000000000
10652  4.189  -75.073  24.265 0.0000000000
9959  4.507  -76.503  23.022 0.0000000000
12528  5.685  -73.153  34.834 0.0000000000
11887  5.397  -73.905  34.554 0.0000000000
12530  3.539  -72.979  34.155 0.0000000000
3336  5.108  -89.670  24.178 0.0000000000
3341  5.665  -89.382  23.376 0.0000000000
124613  8.323  -81.839  30.191 0.0000000000
124594  8.085  -81.691  30.155 0.0000000000
8602  3.725  -78.611  26.059 0.0000000000
8601  3.757  -79.061  25.800 0.0000000000
9271  4.664  -77.509  22.354 0.0000000000
124845  5.930  -63.293  33.579 0.0000000000
19996  5.493  -62.675  33.415 0.0000000000
19997  4.299  -62.450  33.491 0.0000000000
22732  3.821  -59.187  28.505 0.0000000000
5345  3.465  -84.488  33.715 0.0000000000
5894  3.460  -83.631  33.183 0.0000000000
6383  3.443  -82.909  33.605 0.0000000000
11235  4.247  -74.345  36.074 0.0000000000
11866  6.098  -73.332  36.937 0.0000000000
11224  6.719  -74.114  37.417 0.0000000000
12512  5.737  -72.510  37.035 0.0000000000
13157  5.386  -71.766  36.808 0.0000000000
21653  10.582  -60.736  38.243 0.0000000000
19958  7.077  -62.728  37.939 0.0000000000
19957  7.894  -62.058  37.696 0.0000000000
19968  7.998  -61.826  37.122 0.0000000000
20758  8.147  -61.724  36.709 0.0000000000
20780  10.130  -61.419  35.887 0.0000000000
159  11.237  -101.194  24.171 0.0000000000
167  11.171  -100.933  23.326 0.0000000000
173  11.304  -100.415  22.526 0.0000000000
1563  8.314  -95.478  16.246 0.0000000000
1285  6.830  -96.446  16.000 0.0000000000
1289  6.846  -96.737  14.820 0.0000000000
1296  7.759  -96.870  13.046 0.0000000000
1312  8.852  -97.004  11.754 0.0000000000
1028  11.143  -97.067  11.210 0.0000000000
1311  8.823  -96.636  10.985 0.0000000000
1340  11.041  -96.665  10.150 0.0000000000
1604  11.826  -96.502  10.178 0.0000000000
4954  4.701  -86.110  20.938 0.0000000000
4511  5.294  -87.456  19.827 0.0000000000
15311  4.528  -67.661  30.308 0.0000000000
15316  4.271  -67.891  29.853 0.0000000000
124759  6.887  -78.428  32.828 0.0000000000
10605  3.751  -76.250  32.675 0.0000000000
9849  2.797  -75.953  38.461 0.0000000000
10556  2.768  -75.352  37.539 0.0000000000
11869  2.220  -73.341  38.295 0.0000000000
22597  14.564  -59.574  38.050 0.0000000000
21667  16.461  -60.004  36.498 0.0000000000
2098  7.911  -94.396  22.835 0.0000000000
2381  7.539  -93.229  22.183 0.0000000000
2394  8.932  -93.672  20.447 0.0000000000
2395  8.409  -93.116  20.758 0.0000000000
5495  6.052  -84.335  16.000 0.0000000000
4999  6.605  -85.584  15.378 0.0000000000
5508  7.169  -85.089  14.961 0.0000000000
5506  8.265  -84.927  14.828 0.0000000000
4115  8.170  -87.679  26.624 0.0000000000
4105  8.535  -87.700  27.464 0.0000000000
4113  7.998  -87.498  26.089 0.0000000000
124526  8.826  -86.892  26.056 0.0000000000
5401  7.452  -84.922  26.905 0.0000000000
5402  6.458  -84.805  26.590 0.0000000000
4916  5.278  -85.429  24.939 0.0000000000
4926  5.147  -85.919  24.240 0.0000000000
4917  4.855  -85.259  24.303 0.0000000000
7375  5.706  -80.693  30.420 0.0000000000
6886  5.851  -81.193  29.872 0.0000000000
7397  4.359  -80.733  24.451 0.0000000000
6456  4.331  -82.927  20.392 0.0000000000
6463  4.464  -82.653  19.469 0.0000000000
7992  4.939  -79.726  19.461 0.0000000000
7433  4.958  -80.461  18.491 0.0000000000
124918  4.574  -60.855  32.587 0.0000000000
20821  3.159  -60.860  31.625 0.0000000000
20820  2.741  -61.083  31.283 0.0000000000
20830  2.165  -61.656  28.585 0.0000000000
124969  7.545  -54.936  27.123 0.0000000000
26272  7.216  -55.258  27.308 0.0000000000
25473  6.853  -56.794  26.781 0.0000000000
905  9.668  -97.667  29.565 0.0000000000
932  9.837  -97.595  27.843 0.0000000000
1247  8.813  -96.905  26.832 0.0000000000
1252  9.135  -96.806  26.229 0.0000000000
1248  8.145  -96.405  26.677 0.0000000000
1243  7.687  -96.104  27.136 0.0000000000
1529  7.338  -95.435  27.202 0.0000000000
2068  6.447  -93.200  29.434 0.0000000000
2355  5.777  -91.876  27.690 0.0000000000
2642  4.883  -90.771  27.730 0.0000000000
2939  4.798  -90.574  28.166 0.0000000000
4077  3.769  -87.399  31.759 0.0000000000
3715  3.876  -88.161  29.191 0.0000000000
4474  4.023  -86.496  28.381 0.0000000000
4473  4.354  -86.416  27.940 0.0000000000
4877  4.491  -85.912  28.149 0.0000000000
5385  4.798  -85.313  28.436 0.0000000000
5374  4.708  -84.627  28.901 0.0000000000
6403  4.598  -82.814  30.751 0.0000000000
6401  6.357  -82.473  31.175 0.0000000000
6395  6.419  -81.840  31.740 0.0000000000
6870  6.714  -81.093  32.680 0.0000000000
9179  6.992  -77.229  35.741 0.0000000000
9844  10.624  -77.798  36.815 0.0000000000
11222  8.773  -73.952  38.093 0.0000000000
11221  10.038  -74.809  37.706 0.0000000000
124778  9.702  -72.665  36.202 0.0000000000
124775  9.963  -73.462  36.403 0.0000000000
124781  8.732  -72.196  36.926 0.0000000000
124789  6.067  -71.899  36.704 0.0000000000
14538  1.674  -69.581  40.278 0.0000000000
15283  1.598  -68.825  39.730 0.0000000000
19166  8.351  -63.554  41.123 0.0000000000
18432  6.797  -64.015  39.791 0.0000000000
17676  2.233  -66.412  39.232 0.0000000000
17675  2.895  -66.009  39.377 0.0000000000
16909  1.563  -67.457  38.340 0.0000000000
16101  2.540  -68.047  37.051 0.0000000000
16913  2.568  -67.109  36.828 0.0000000000
124819  5.143  -68.146  36.253 0.0000000000
124826  3.723  -67.696  36.045 0.0000000000
124827  3.282  -66.714  35.614 0.0000000000
19984  7.116  -62.270  35.002 0.0000000000
19212  6.401  -62.795  34.941 0.0000000000
19211  7.007  -62.561  34.624 0.0000000000
21685  13.169  -60.319  35.579 0.0000000000
21700  13.341  -60.302  34.862 0.0000000000
21718  12.915  -60.602  34.310 0.0000000000
124875  14.849  -60.560  33.037 0.0000000000
124887  12.053  -61.791  31.499 0.0000000000
124886  12.582  -61.486  31.621 0.0000000000
124945  14.166  -58.832  32.608 0.0000000000
124932  14.023  -59.189  32.189 0.0000000000
124979  13.872  -58.507  32.505 0.0000000000
124911  14.011  -58.712  31.490 0.0000000000
124998  13.829  -58.324  30.946 0.0000000000
24561  13.688  -57.261  31.039 0.0000000000
124965  12.741  -55.090  30.099 0.0000000000
102  14.111  -102.317  20.077 0.0000000000
101  15.513  -102.329  20.125 0.0000000000
106  16.524  -101.848  19.321 0.0000000000
105  17.051  -101.832  19.253 0.0000000000
206  17.575  -101.518  18.711 0.0000000000
306  17.277  -100.767  17.181 0.0000000000
318  16.610  -100.283  16.534 0.0000000000
124285  9.883  -97.289  21.734 0.0000000000
124288  9.809  -97.369  21.000 0.0000000000
124299  9.483  -97.975  20.793 0.0000000000
293  9.058  -97.634  19.853 0.0000000000
301  9.611  -96.712  19.134 0.0000000000
698  12.222  -97.923  15.508 0.0000000000
681  11.611  -98.289  16.413 0.0000000000
697  12.647  -96.171  15.830 0.0000000000
696  13.668  -94.979  16.379 0.0000000000
694  14.608  -96.352  15.844 0.0000000000
474  14.448  -97.798  15.189 0.0000000000
693  14.735  -96.861  15.011 0.0000000000
711  15.893  -97.760  13.225 0.0000000000
727  16.339  -97.284  12.620 0.0000000000
725  18.646  -97.994  12.684 0.0000000000
991  16.849  -96.657  12.184 0.0000000000
1009  17.479  -95.942  12.091 0.0000000000
1306  17.817  -95.386  11.960 0.0000000000
1611  17.673  -92.847  10.643 0.0000000000
1600  18.247  -92.466  11.546 0.0000000000
124468  6.720  -87.850  23.452 0.0000000000
124467  6.787  -87.993  23.022 0.0000000000
124448  6.348  -88.470  22.472 0.0000000000
124443  6.463  -89.153  21.603 0.0000000000
3354  6.272  -89.766  19.528 0.0000000000
2968  7.612  -91.164  18.888 0.0000000000
124383  8.840  -92.355  17.634 0.0000000000
4179  7.888  -87.480  15.455 0.0000000000
3769  9.161  -88.904  15.191 0.0000000000
124514  14.173  -90.452  12.325 0.0000000000
124464  12.608  -90.470  13.018 0.0000000000
3403  13.207  -91.750  13.111 0.0000000000
124451  11.825  -92.112  14.361 0.0000000000
124452  12.774  -93.231  11.406 0.0000000000
124449  12.983  -94.547  10.777 0.0000000000
1882  13.222  -94.808  10.006 0.0000000000
124473  13.579  -93.848  9.686 0.0000000000
124498  14.955  -94.119  8.545 0.0000000000
124567  16.981  -93.953  7.460 0.0000000000
13849  3.049  -70.676  28.744 0.0000000000
13183  3.097  -71.794  28.932 0.0000000000
9873  7.927  -75.435  34.931 0.0000000000
10580  7.121  -75.116  34.622 0.0000000000
10581  6.176  -75.242  34.225 0.0000000000
11261  4.853  -75.198  33.959 0.0000000000
11252  4.478  -74.652  34.130 0.0000000000
10606  3.439  -75.369  32.959 0.0000000000
11290  2.999  -74.635  31.650 0.0000000000
5937  6.373  -84.167  27.173 0.0000000000
5938  5.561  -83.817  26.752 0.0000000000
7945  3.833  -79.554  28.822 0.0000000000
7383  3.788  -80.114  28.096 0.0000000000
7389  3.659  -80.089  27.261 0.0000000000
7393  3.696  -80.034  26.738 0.0000000000
7991  5.560  -79.293  19.128 0.0000000000
125036  8.788  -53.626  27.404 0.0000000000
27110  8.397  -54.627  26.039 0.0000000000
1214  8.539  -97.028  30.192 0.0000000000
1227  7.798  -96.244  29.244 0.0000000000
1808  7.228  -94.825  29.824 0.0000000000
1803  6.568  -93.765  30.391 0.0000000000
2063  6.355  -93.218  30.125 0.0000000000
2341  6.233  -92.808  30.020 0.0000000000
2631  5.493  -91.383  30.511 0.0000000000
4058  3.620  -87.016  33.216 0.0000000000
4431  3.660  -86.185  33.716 0.0000000000
4069  3.718  -86.968  32.368 0.0000000000
5358  3.342  -84.174  30.985 0.0000000000
5899  3.580  -83.634  31.326 0.0000000000
6874  4.454  -81.795  31.824 0.0000000000
6866  4.650  -81.158  32.332 0.0000000000
9870  3.972  -76.571  35.654 0.0000000000
9185  4.146  -77.021  35.165 0.0000000000
9869  4.853  -76.438  35.276 0.0000000000
9868  5.771  -76.190  35.610 0.0000000000
10562  5.650  -75.019  36.107 0.0000000000
10569  5.901  -75.593  35.923 0.0000000000
9180  6.426  -76.445  35.836 0.0000000000
9863  6.858  -76.134  36.314 0.0000000000
9862  7.524  -76.429  36.841 0.0000000000
9846  8.667  -77.161  38.078 0.0000000000
9847  8.211  -76.527  38.167 0.0000000000
10546  8.356  -76.077  38.748 0.0000000000
11215  6.988  -74.205  38.194 0.0000000000
11856  7.969  -73.580  38.466 0.0000000000
12510  8.095  -72.625  38.185 0.0000000000
124794  7.087  -71.619  37.990 0.0000000000
20731  11.132  -61.053  40.057 0.0000000000
19187  7.670  -63.051  39.598 0.0000000000
18439  4.041  -64.476  38.342 0.0000000000
18442  5.290  -63.559  37.662 0.0000000000
18443  4.531  -63.726  37.254 0.0000000000
18446  4.634  -63.729  36.094 0.0000000000
19206  5.794  -62.834  36.041 0.0000000000
19981  6.301  -62.513  36.041 0.0000000000
20783  8.096  -61.697  35.159 0.0000000000
20792  8.608  -61.649  34.734 0.0000000000
22647  15.787  -59.090  35.089 0.0000000000
22663  14.595  -59.707  34.502 0.0000000000
22661  15.398  -59.353  34.069 0.0000000000
23610  15.412  -59.605  33.561 0.0000000000
22680  15.164  -60.078  33.261 0.0000000000
22679  15.315  -60.395  32.827 0.0000000000
23623  15.176  -60.620  32.709 0.0000000000
23608  15.131  -60.292  31.807 0.0000000000
26226  14.109  -58.948  32.918 0.0000000000
124954  14.424  -58.658  32.917 0.0000000000
74  14.413  -102.254  22.665 0.0000000000
84  14.297  -102.364  21.809 0.0000000000
66  12.733  -102.068  22.774 0.0000000000
76  12.848  -102.038  21.997 0.0000000000
94  14.038  -102.416  21.050 0.0000000000
103  13.017  -101.728  20.055 0.0000000000
198  13.385  -101.525  19.443 0.0000000000
210  12.728  -100.641  18.738 0.0000000000
955  8.345  -97.176  18.957 0.0000000000
648  8.389  -97.992  18.994 0.0000000000
655  7.717  -98.344  18.331 0.0000000000
671  7.706  -98.558  16.933 0.0000000000
683  8.231  -98.307  15.857 0.0000000000
976  6.937  -97.533  14.876 0.0000000000
700  8.766  -98.098  14.625 0.0000000000
699  10.529  -98.266  15.077 0.0000000000
717  11.329  -98.000  14.267 0.0000000000
733  13.141  -96.736  14.218 0.0000000000
995  13.720  -94.890  14.617 0.0000000000
1310  14.477  -93.862  13.006 0.0000000000
1024  13.652  -94.670  12.959 0.0000000000
1335  13.510  -92.670  12.216 0.0000000000
1342  14.269  -93.164  11.029 0.0000000000
1030  13.197  -96.500  11.100 0.0000000000
1343  14.002  -94.991  10.646 0.0000000000
1612  16.002  -92.710  10.051 0.0000000000
1618  17.350  -93.886  9.510 0.0000000000
1902  18.092  -94.187  7.721 0.0000000000
4498  5.299  -87.185  22.354 0.0000000000
4136  5.714  -87.643  22.340 0.0000000000
4138  5.482  -87.680  21.823 0.0000000000
124517  16.597  -92.461  9.300 0.0000000000
14562  3.451  -68.911  31.411 0.0000000000
14568  2.890  -69.290  30.356 0.0000000000
13850  2.832  -69.952  29.624 0.0000000000
15318  2.919  -68.711  30.005 0.0000000000
14572  2.763  -69.046  29.625 0.0000000000
124689  7.582  -80.007  31.926 0.0000000000
124722  7.392  -79.886  32.001 0.0000000000
124727  6.486  -79.998  31.524 0.0000000000
7926  5.439  -79.996  31.078 0.0000000000
7936  4.196  -79.849  29.754 0.0000000000
124757  5.988  -77.247  33.190 0.0000000000
9211  5.194  -77.900  32.574 0.0000000000
9903  4.485  -77.095  32.624 0.0000000000
9212  4.391  -77.598  32.252 0.0000000000
9220  4.627  -78.150  32.149 0.0000000000
8578  4.127  -78.853  31.136 0.0000000000
7928  3.757  -79.049  30.329 0.0000000000
8597  3.662  -78.456  28.046 0.0000000000
9263  3.963  -77.241  25.457 0.0000000000
7896  3.101  -79.562  35.701 0.0000000000
9182  2.977  -77.912  37.425 0.0000000000
10572  3.835  -76.142  36.069 0.0000000000
10565  2.905  -74.944  36.806 0.0000000000
21615  11.111  -60.783  39.491 0.0000000000
21634  11.395  -60.283  39.075 0.0000000000
21672  11.271  -60.567  37.020 0.0000000000
21670  13.028  -60.092  36.281 0.0000000000
21669  13.682  -60.141  36.061 0.0000000000
21666  17.425  -60.136  36.534 0.0000000000
162  10.252  -98.940  23.926 0.0000000000
124292  9.704  -96.761  21.428 0.0000000000
124294  9.725  -96.579  20.980 0.0000000000
124307  9.868  -96.535  20.613 0.0000000000
1835  8.896  -95.328  21.315 0.0000000000
124322  9.458  -96.112  20.808 0.0000000000
124306  9.857  -96.361  20.042 0.0000000000
124331  8.900  -96.655  19.148 0.0000000000
124335  9.106  -95.951  18.305 0.0000000000
1553  8.610  -96.300  17.986 0.0000000000
2109  9.263  -94.328  20.165 0.0000000000
124316  9.553  -95.192  19.250 0.0000000000
1558  9.249  -95.535  18.033 0.0000000000
1847  9.479  -95.727  16.927 0.0000000000
124388  9.840  -95.101  16.761 0.0000000000
124392  10.108  -95.887  16.103 0.0000000000
4973  5.366  -85.889  17.634 0.0000000000
5014  7.015  -85.850  14.756 0.0000000000
4187  7.089  -86.893  14.952 0.0000000000
4177  9.915  -87.773  15.267 0.0000000000
124977  10.297  -56.660  29.466 0.0000000000
124942  10.171  -56.469  29.389 0.0000000000
125030  9.015  -53.764  27.567 0.0000000000
3729  5.471  -87.825  25.804 0.0000000000
3733  5.797  -87.958  25.273 0.0000000000
4124  6.119  -87.740  25.526 0.0000000000
4129  6.880  -87.757  24.807 0.0000000000
4128  7.314  -87.623  24.657 0.0000000000
4121  8.416  -87.527  25.753 0.0000000000
124488  8.172  -87.458  25.067 0.0000000000
124460  7.116  -87.424  23.912 0.0000000000
124523  8.118  -86.085  25.733 0.0000000000
4903  7.971  -85.789  25.611 0.0000000000
4486  8.603  -86.212  24.840 0.0000000000
4961  4.751  -85.892  19.956 0.0000000000
6410  7.173  -81.702  29.751 0.0000000000
6892  6.503  -81.651  29.582 0.0000000000
5934  5.761  -83.341  27.397 0.0000000000
5939  4.863  -83.345  26.281 0.0000000000
7388  4.100  -80.802  27.829 0.0000000000
4966  5.004  -85.299  18.993 0.0000000000
4985  5.043  -84.463  17.279 0.0000000000
5471  4.626  -83.993  17.889 0.0000000000
5481  5.561  -84.230  16.575 0.0000000000
6021  6.177  -83.501  15.973 0.0000000000
6929  4.411  -81.695  19.333 0.0000000000
6477  5.097  -82.081  17.748 0.0000000000
15303  3.451  -68.415  32.220 0.0000000000
16931  4.466  -67.041  30.895 0.0000000000
20804  5.119  -61.987  33.226 0.0000000000
20003  4.097  -62.025  33.315 0.0000000000
20815  4.129  -61.153  32.686 0.0000000000
20812  3.475  -61.740  32.798 0.0000000000
18467  3.603  -65.082  30.128 0.0000000000
17707  4.318  -65.415  29.692 0.0000000000
17706  4.835  -65.814  29.582 0.0000000000
23651  5.692  -58.235  27.485 0.0000000000
158  12.208  -101.771  24.758 0.0000000000
148  12.082  -101.567  25.599 0.0000000000
149  11.436  -101.337  25.226 0.0000000000
150  10.699  -100.829  25.068 0.0000000000
151  10.381  -100.069  24.947 0.0000000000
269  10.096  -99.152  25.072 0.0000000000
614  11.442  -99.226  28.049 0.0000000000
376  11.173  -99.760  27.496 0.0000000000
380  10.537  -99.580  26.875 0.0000000000
124300  9.911  -98.453  24.799 0.0000000000
1540  8.593  -95.828  24.914 0.0000000000
1534  8.551  -96.243  25.658 0.0000000000
1541  7.953  -95.400  24.712 0.0000000000
1525  7.315  -95.384  28.220 0.0000000000
2951  4.570  -89.942  25.530 0.0000000000
3730  4.810  -88.087  26.138 0.0000000000
2624  5.647  -91.979  31.263 0.0000000000
2925  5.179  -90.819  30.129 0.0000000000
3299  4.066  -89.867  33.061 0.0000000000
3302  4.207  -89.698  32.010 0.0000000000
3310  3.903  -89.148  31.740 0.0000000000
2926  4.730  -90.305  30.215 0.0000000000
2930  4.995  -90.624  29.445 0.0000000000
2935  4.635  -90.244  28.836 0.0000000000
3327  4.347  -89.662  28.050 0.0000000000
4107  6.487  -87.129  26.962 0.0000000000
4884  5.526  -86.098  27.649 0.0000000000
4883  6.074  -86.234  27.588 0.0000000000
4478  6.700  -86.537  27.555 0.0000000000
4477  7.298  -86.695  27.763 0.0000000000
4471  7.656  -86.112  28.094 0.0000000000
5375  3.873  -84.732  29.639 0.0000000000
5918  4.358  -84.142  29.529 0.0000000000
124649  7.696  -82.394  31.752 0.0000000000
124647  7.819  -81.511  31.843 0.0000000000
124669  6.963  -81.132  32.162 0.0000000000
6853  3.278  -81.878  34.638 0.0000000000
7359  4.895  -80.409  32.780 0.0000000000
8552  5.051  -78.436  34.004 0.0000000000
124762  7.274  -80.104  34.182 0.0000000000
124754  7.430  -80.928  33.383 0.0000000000
124723  7.215  -80.761  32.714 0.0000000000
10543  11.346  -77.118  37.086 0.0000000000
10553  11.318  -75.621  37.269 0.0000000000
10552  11.548  -76.444  36.276 0.0000000000
10551  11.456  -75.291  34.924 0.0000000000
124764  8.895  -74.792  35.166 0.0000000000
124767  8.401  -74.184  35.375 0.0000000000
124779  7.660  -73.499  35.375 0.0000000000
12522  6.883  -73.100  35.241 0.0000000000
12507  1.986  -72.481  38.743 0.0000000000
13141  1.966  -71.339  39.650 0.0000000000
13147  1.870  -71.653  38.761 0.0000000000
12513  2.234  -72.618  37.415 0.0000000000
13153  2.184  -72.177  37.286 0.0000000000
13160  2.518  -72.118  36.833 0.0000000000
13159  3.489  -71.859  36.386 0.0000000000
16884  5.735  -66.640  40.901 0.0000000000
18421  7.742  -64.079  40.794 0.0000000000
16077  4.284  -67.327  40.976 0.0000000000
16887  2.992  -67.357  40.601 0.0000000000
16089  1.777  -67.957  40.140 0.0000000000
15286  1.533  -68.907  38.723 0.0000000000
16905  1.588  -67.457  39.157 0.0000000000
14544  1.552  -69.865  37.759 0.0000000000
13826  2.791  -71.134  36.609 0.0000000000
13158  4.519  -71.734  36.402 0.0000000000
13824  4.885  -70.973  36.527 0.0000000000
124814  5.077  -70.486  36.567 0.0000000000
13823  5.826  -70.958  37.059 0.0000000000
14542  6.674  -71.318  37.825 0.0000000000
124805  6.696  -70.672  37.451 0.0000000000
124795  6.645  -71.007  37.510 0.0000000000
124788  6.281  -70.882  36.741 0.0000000000
124791  6.256  -70.721  35.941 0.0000000000
124809  5.284  -68.051  36.115 0.0000000000
124834  3.614  -64.863  34.785 0.0000000000
124835  4.160  -64.531  34.828 0.0000000000
124841  5.247  -63.617  34.152 0.0000000000
124852  7.499  -62.841  32.381 0.0000000000
21702  11.985  -60.719  35.340 0.0000000000
20788  11.415  -61.092  35.170 0.0000000000
20802  9.989  -61.509  34.332 0.0000000000
21717  13.516  -60.372  34.167 0.0000000000
124889  11.231  -61.400  34.022 0.0000000000
124862  9.616  -63.357  31.187 0.0000000000
124882  12.092  -61.563  31.572 0.0000000000
124892  10.595  -60.128  31.888 0.0000000000
24542  13.645  -57.887  32.778 0.0000000000
25448  13.197  -57.497  30.724 0.0000000000
124915  11.754  -56.118  28.542 0.0000000000
124924  11.970  -55.039  28.231 0.0000000000
25450  11.615  -55.468  28.462 0.0000000000
25454  11.355  -54.659  28.368 0.0000000000
26260  10.644  -54.129  28.874 0.0000000000
13  17.191  -102.862  22.950 0.0000000000
71  18.025  -102.644  22.781 0.0000000000
92  16.393  -102.695  21.014 0.0000000000
81  17.344  -102.693  21.799 0.0000000000
183  10.737  -98.064  21.402 0.0000000000
190  11.316  -98.342  21.074 0.0000000000
189  11.727  -99.437  20.933 0.0000000000
200  11.965  -99.598  20.121 0.0000000000
211  12.188  -99.576  19.346 0.0000000000
297  12.585  -100.073  18.110 0.0000000000
435  8.304  -98.815  18.122 0.0000000000
422  9.375  -97.150  18.551 0.0000000000
432  10.444  -95.851  18.147 0.0000000000
465  11.544  -96.554  17.085 0.0000000000
324  11.407  -95.419  18.695 0.0000000000
313  11.400  -95.949  18.878 0.0000000000
311  12.719  -98.126  18.727 0.0000000000
310  12.869  -99.213  17.911 0.0000000000
309  13.638  -100.119  17.171 0.0000000000
308  14.971  -100.432  17.179 0.0000000000
319  15.455  -100.110  16.497 0.0000000000
326  17.003  -100.004  15.819 0.0000000000
473  15.370  -98.756  14.578 0.0000000000
458  17.387  -99.533  15.194 0.0000000000
325  18.019  -100.016  15.870 0.0000000000
456  19.037  -99.262  15.494 0.0000000000
724  19.719  -97.864  12.873 0.0000000000
1308  16.949  -94.003  13.780 0.0000000000
1320  17.520  -93.251  13.116 0.0000000000
3340  6.110  -89.148  22.884 0.0000000000
3344  5.967  -89.575  22.788 0.0000000000
124439  6.589  -89.596  20.959 0.0000000000
124422  7.254  -90.761  20.714 0.0000000000
124381  9.374  -92.880  19.379 0.0000000000
124402  9.136  -92.606  19.119 0.0000000000
124366  10.796  -93.747  19.006 0.0000000000
124359  10.221  -93.986  17.721 0.0000000000
124351  9.924  -94.252  17.378 0.0000000000
124411  10.615  -95.828  14.549 0.0000000000
4167  5.747  -87.469  17.389 0.0000000000
3376  7.603  -90.273  16.941 0.0000000000
124479  11.534  -90.526  13.655 0.0000000000
2714  10.414  -90.303  14.008 0.0000000000
3380  9.026  -90.281  15.124 0.0000000000
2987  8.511  -91.430  16.829 0.0000000000
2986  8.955  -91.707  16.358 0.0000000000
124395  9.712  -92.577  16.114 0.0000000000
124440  11.415  -92.723  14.766 0.0000000000
2413  10.700  -93.007  15.431 0.0000000000
124394  10.308  -93.219  15.916 0.0000000000
124429  10.600  -93.669  15.902 0.0000000000
2422  10.874  -95.743  13.830 0.0000000000
2151  9.455  -95.424  12.946 0.0000000000
1870  8.865  -94.960  11.016 0.0000000000
1884  10.693  -95.800  10.043 0.0000000000
1614  12.967  -96.192  9.547 0.0000000000
1891  13.821  -95.550  9.532 0.0000000000
1623  14.002  -95.829  9.045 0.0000000000
1627  14.517  -95.459  8.021 0.0000000000
1904  16.236  -94.723  7.350 0.0000000000
124537  16.615  -93.164  8.395 0.0000000000
124493  17.583  -92.584  6.213 0.0000000000
11905  2.706  -73.849  32.078 0.0000000000
11300  3.220  -74.805  30.957 0.0000000000
12547  2.983  -72.468  30.863 0.0000000000
11313  3.564  -74.542  28.057 0.0000000000
9943  3.783  -76.303  26.748 0.0000000000
9954  4.144  -76.685  25.043 0.0000000000
11932  3.614  -73.157  26.492 0.0000000000
11320  3.781  -74.383  25.955 0.0000000000
10650  4.236  -74.803  24.999 0.0000000000
10647  4.076  -74.970  25.662 0.0000000000
9969  4.695  -76.786  21.523 0.0000000000
8632  6.065  -78.660  19.222 0.0000000000
7999  6.075  -79.543  18.438 0.0000000000
14  16.574  -102.784  22.648 0.0000000000
16  16.921  -102.886  22.261 0.0000000000
17  16.346  -102.758  22.099 0.0000000000
18  15.779  -102.662  21.818 0.0000000000
19  16.213  -102.767  21.592 0.0000000000
72  17.380  -102.790  22.439 0.0000000000
85  13.433  -102.188  21.531 0.0000000000
87  12.120  -101.332  21.465 0.0000000000
95  13.265  -102.079  20.727 0.0000000000
104  12.658  -101.413  20.086 0.0000000000
107  15.880  -101.897  19.353 0.0000000000
161  10.343  -99.468  24.335 0.0000000000
175  10.524  -98.094  21.706 0.0000000000
191  10.913  -97.851  20.999 0.0000000000
213  12.269  -97.735  20.120 0.0000000000
217  16.863  -101.173  17.917 0.0000000000
263  10.792  -100.236  26.609 0.0000000000
270  10.011  -98.657  24.573 0.0000000000
273  10.166  -99.032  24.549 0.0000000000
287  9.055  -98.067  20.292 0.0000000000
288  9.035  -98.147  20.558 0.0000000000
294  8.852  -97.984  19.887 0.0000000000
302  9.166  -97.019  18.752 0.0000000000
312  12.876  -96.670  19.459 0.0000000000
314  10.091  -96.013  18.921 0.0000000000
315  19.136  -100.077  16.715 0.0000000000
317  17.674  -100.327  16.534 0.0000000000
320  14.165  -99.484  16.415 0.0000000000
322  13.244  -97.357  18.421 0.0000000000
323  12.200  -96.041  18.568 0.0000000000
328  14.846  -99.451  15.975 0.0000000000
413  8.814  -97.960  19.434 0.0000000000
424  8.164  -98.534  18.655 0.0000000000
433  10.083  -97.195  18.193 0.0000000000
434  9.129  -98.274  18.069 0.0000000000
443  18.656  -99.867  16.016 0.0000000000
447  11.841  -95.391  17.928 0.0000000000
450  8.590  -98.898  17.457 0.0000000000
459  16.246  -99.430  15.187 0.0000000000
460  15.057  -99.138  15.317 0.0000000000
462  13.898  -97.007  16.855 0.0000000000
463  13.640  -95.742  17.629 0.0000000000
470  18.775  -99.073  14.892 0.0000000000
476  14.280  -95.798  17.055 0.0000000000
478  17.521  -98.641  13.729 0.0000000000
481  14.685  -97.765  14.244 0.0000000000
620  10.044  -97.820  26.845 0.0000000000
661  7.704  -98.747  17.902 0.0000000000
669  9.484  -98.730  16.715 0.0000000000
679  12.852  -95.241  16.804 0.0000000000
692  18.516  -98.871  14.316 0.0000000000
695  14.565  -95.705  16.497 0.0000000000
701  7.561  -98.058  15.001 0.0000000000
710  17.071  -98.223  13.181 0.0000000000
714  14.230  -95.183  16.038 0.0000000000
719  8.937  -97.834  13.935 0.0000000000
726  17.506  -97.774  12.610 0.0000000000
729  15.625  -95.569  14.342 0.0000000000
730  15.274  -95.034  15.198 0.0000000000
734  11.926  -97.421  13.653 0.0000000000
735  10.628  -97.737  13.251 0.0000000000
737  15.679  -94.892  14.688 0.0000000000
938  9.062  -97.186  27.254 0.0000000000
944  9.525  -96.967  25.508 0.0000000000
959  7.836  -97.627  17.977 0.0000000000
963  9.091  -94.965  18.953 0.0000000000
972  6.743  -97.345  15.591 0.0000000000
975  7.612  -97.561  14.251 0.0000000000
980  9.552  -97.613  13.008 0.0000000000
989  19.005  -97.329  11.990 0.0000000000
992  16.249  -96.056  13.095 0.0000000000
993  15.906  -95.585  13.850 0.0000000000
996  13.442  -96.104  13.688 0.0000000000
998  11.230  -97.358  12.678 0.0000000000
1012  14.541  -94.529  14.017 0.0000000000
1014  12.591  -96.370  12.534 0.0000000000
1017  9.463  -97.087  11.726 0.0000000000
1018  9.090  -97.074  11.931 0.0000000000
1023  18.370  -95.456  11.539 0.0000000000
1026  12.968  -96.075  11.801 0.0000000000
1029  10.049  -97.037  11.001 0.0000000000
1031  12.551  -96.778  10.962 0.0000000000
1033  10.711  -96.894  10.573 0.0000000000
1246  9.276  -97.041  26.505 0.0000000000
1253  8.693  -96.513  26.072 0.0000000000
1259  8.861  -96.405  25.566 0.0000000000
1271  8.672  -96.838  18.695 0.0000000000
1274  9.236  -95.314  18.425 0.0000000000
1279  9.350  -95.107  18.457 0.0000000000
1280  9.262  -95.390  18.200 0.0000000000
1293  7.152  -96.995  14.123 0.0000000000
1299  8.306  -96.596  11.387 0.0000000000
1300  8.263  -96.716  12.031 0.0000000000
1309  15.417  -93.813  13.435 0.0000000000
1319  18.145  -94.578  11.860 0.0000000000
1321  15.845  -93.222  12.648 0.0000000000
1323  13.400  -93.660  13.028 0.0000000000
1324  13.709  -94.913  12.212 0.0000000000
1326  9.927  -96.713  10.221 0.0000000000
1331  18.910  -93.301  12.049 0.0000000000
1336  13.292  -93.984  12.167 0.0000000000
1337  13.631  -95.861  11.343 0.0000000000
1338  13.148  -96.683  10.588 0.0000000000
1341  15.096  -92.146  10.998 0.0000000000
1345  13.109  -96.259  9.570 0.0000000000
1346  12.384  -96.342  9.576 0.0000000000
1350  13.560  -96.096  9.024 0.0000000000
1532  7.423  -95.391  26.251 0.0000000000
1535  8.284  -95.933  25.519 0.0000000000
1538  9.073  -96.425  25.311 0.0000000000
1539  8.786  -96.195  25.243 0.0000000000
1557  9.623  -94.863  17.889 0.0000000000
1559  8.642  -95.758  17.217 0.0000000000
1571  7.465  -96.705  13.506 0.0000000000
1575  7.709  -96.382  12.820 0.0000000000
1579  7.968  -95.958  11.726 0.0000000000
1580  8.205  -95.601  12.249 0.0000000000
1585  8.204  -95.402  10.739 0.0000000000
1592  8.255  -95.551  9.950 0.0000000000
1605  10.450  -96.457  9.699 0.0000000000
1613  14.975  -94.084  9.554 0.0000000000
1615  12.210  -96.356  9.421 0.0000000000
1621  14.826  -95.731  9.016 0.0000000000
1622  14.087  -95.902  8.815 0.0000000000
1625  16.121  -95.032  8.155 0.0000000000
1626  15.176  -95.282  7.981 0.0000000000
1628  14.224  -95.545  8.284 0.0000000000
1629  14.246  -95.306  8.452 0.0000000000
1630  15.706  -95.042  7.472 0.0000000000
1804  6.372  -93.522  30.895 0.0000000000
1831  9.096  -95.903  22.061 0.0000000000
1838  9.072  -94.954  20.322 0.0000000000
1848  9.223  -95.873  16.594 0.0000000000
1857  9.459  -95.776  14.857 0.0000000000
1865  8.461  -95.475  12.938 0.0000000000
1868  8.812  -95.303  12.377 0.0000000000
1874  11.225  -95.302  10.343 0.0000000000
1875  9.931  -95.139  9.946 0.0000000000
1876  8.766  -95.012  10.015 0.0000000000
1883  12.121  -95.924  10.841 0.0000000000
1898  17.559  -94.294  8.421 0.0000000000
1901  19.218  -93.891  8.022 0.0000000000
1903  17.007  -94.447  7.631 0.0000000000
1905  14.859  -95.255  7.574 0.0000000000
1906  14.578  -95.334  7.751 0.0000000000
1907  14.424  -95.398  8.190 0.0000000000
1908  18.610  -93.947  7.081 0.0000000000
1909  17.823  -94.028  6.759 0.0000000000
1911  15.919  -94.717  7.130 0.0000000000
1912  15.129  -95.095  7.566 0.0000000000
2105  8.665  -94.247  20.826 0.0000000000
2110  8.899  -94.395  20.567 0.0000000000
2121  10.039  -94.611  17.979 0.0000000000
2122  10.109  -94.053  17.627 0.0000000000
2143  10.073  -95.699  13.864 0.0000000000
2150  10.032  -95.411  12.747 0.0000000000
2154  12.268  -95.648  12.540 0.0000000000
2155  10.959  -95.353  12.204 0.0000000000
2157  9.221  -95.271  12.459 0.0000000000
2161  10.236  -95.005  11.429 0.0000000000
2162  9.472  -94.917  11.254 0.0000000000
2167  9.541  -94.840  10.634 0.0000000000
2201  17.329  -93.994  6.654 0.0000000000
2393  9.366  -93.914  20.134 0.0000000000
2431  11.578  -95.894  12.957 0.0000000000
2432  10.424  -95.594  13.463 0.0000000000
2434  11.418  -95.689  12.611 0.0000000000
2435  10.866  -95.451  12.587 0.0000000000
2436  10.868  -95.498  12.956 0.0000000000
2445  14.463  -93.160  9.551 0.0000000000
2446  14.650  -92.635  9.897 0.0000000000
2455  15.690  -92.992  9.310 0.0000000000
2641  5.242  -91.117  28.016 0.0000000000
2646  4.942  -90.886  27.481 0.0000000000
2705  11.086  -93.502  15.412 0.0000000000
2708  10.440  -90.582  14.205 0.0000000000
2711  11.562  -91.189  14.017 0.0000000000
2713  10.704  -90.532  14.036 0.0000000000
2716  10.949  -90.315  13.786 0.0000000000
2717  10.611  -90.194  13.844 0.0000000000
2934  4.992  -90.688  28.775 0.0000000000
2999  10.175  -91.174  14.685 0.0000000000
3008  10.337  -90.772  14.371 0.0000000000
3009  10.008  -90.379  14.266 0.0000000000
3014  10.505  -89.661  13.629 0.0000000000
3015  10.313  -89.864  13.783 0.0000000000
3021  10.680  -90.001  13.712 0.0000000000
3026  11.169  -90.171  13.631 0.0000000000
3392  9.675  -89.687  14.039 0.0000000000
3405  11.333  -89.397  13.204 0.0000000000
3412  11.287  -89.890  13.461 0.0000000000
3718  9.216  -87.510  28.277 0.0000000000
3719  8.848  -87.699  28.205 0.0000000000
3724  9.152  -87.807  28.111 0.0000000000
3725  8.890  -87.862  27.963 0.0000000000
3732  6.354  -87.864  25.025 0.0000000000
3736  6.820  -87.788  24.472 0.0000000000
4100  7.836  -87.027  27.867 0.0000000000
4110  4.082  -87.315  27.856 0.0000000000
4139  5.171  -87.369  21.456 0.0000000000
4142  5.090  -87.238  21.128 0.0000000000
4186  7.438  -87.043  15.092 0.0000000000
4485  9.329  -85.863  24.603 0.0000000000
4548  7.842  -86.934  15.044 0.0000000000
4560  7.522  -86.481  14.764 0.0000000000
4561  6.777  -86.458  15.097 0.0000000000
4876  5.224  -85.654  27.993 0.0000000000
4892  8.161  -85.401  26.295 0.0000000000
4904  6.786  -85.642  25.648 0.0000000000
4914  9.217  -85.891  24.837 0.0000000000
5012  8.335  -85.432  14.822 0.0000000000
5410  5.240  -84.706  25.482 0.0000000000
5417  5.092  -84.945  25.071 0.0000000000
5492  8.452  -84.540  15.215 0.0000000000
5507  7.900  -84.896  14.702 0.0000000000
6006  5.246  -83.173  17.353 0.0000000000
6393  7.629  -81.917  33.222 0.0000000000
6426  5.374  -83.228  27.189 0.0000000000
7368  5.331  -80.262  30.682 0.0000000000
7954  3.749  -79.951  26.462 0.0000000000
7959  3.732  -79.194  26.075 0.0000000000
8569  3.938  -78.368  31.233 0.0000000000
9175  2.995  -78.111  37.734 0.0000000000
9855  8.352  -77.382  37.471 0.0000000000
9867  6.306  -75.929  36.015 0.0000000000
9875  5.250  -76.803  34.973 0.0000000000
10550  11.047  -75.198  34.721 0.0000000000
10567  8.119  -74.023  35.499 0.0000000000
10568  7.904  -74.191  35.432 0.0000000000
10582  5.485  -75.252  34.093 0.0000000000
10594  7.441  -75.570  34.588 0.0000000000
10598  3.755  -75.168  33.331 0.0000000000
11240  7.786  -73.899  35.450 0.0000000000
11248  7.403  -74.101  35.262 0.0000000000
11880  7.223  -73.613  35.268 0.0000000000
11884  7.193  -73.953  35.206 0.0000000000
11885  6.979  -73.807  35.115 0.0000000000
11886  6.301  -73.813  34.739 0.0000000000
11892  3.985  -74.303  34.033 0.0000000000
12504  7.534  -72.551  38.334 0.0000000000
12506  6.748  -72.917  38.252 0.0000000000
12514  2.082  -72.871  38.118 0.0000000000
12523  6.253  -72.932  35.060 0.0000000000
12526  7.027  -73.468  35.218 0.0000000000
13144  7.310  -72.110  38.275 0.0000000000
13151  6.650  -72.235  37.984 0.0000000000
13161  2.163  -71.936  37.229 0.0000000000
13168  5.830  -72.693  35.061 0.0000000000
13819  6.766  -71.948  38.021 0.0000000000
16079  2.668  -67.842  40.709 0.0000000000
16088  2.202  -67.717  40.385 0.0000000000
16093  1.584  -68.123  39.335 0.0000000000
16886  3.523  -66.988  40.578 0.0000000000
17667  4.509  -65.909  40.163 0.0000000000
19991  11.222  -61.360  34.273 0.0000000000
20801  10.556  -61.464  34.507 0.0000000000
20805  4.426  -61.980  33.302 0.0000000000
20817  3.397  -60.736  31.842 0.0000000000
21614  11.740  -60.646  39.841 0.0000000000
21722  4.430  -61.170  32.776 0.0000000000
22698  15.080  -60.607  32.834 0.0000000000
26258  12.472  -54.131  29.400 0.0000000000
124287  10.012  -96.939  20.850 0.0000000000
124291  9.601  -97.777  21.119 0.0000000000
124293  9.953  -96.907  21.055 0.0000000000
124295  10.276  -97.649  20.980 0.0000000000
124296  9.462  -98.172  20.997 0.0000000000
124298  10.093  -97.158  21.463 0.0000000000
124303  9.613  -96.476  21.198 0.0000000000
124304  9.493  -96.391  21.399 0.0000000000
124305  9.207  -95.856  20.995 0.0000000000
124309  9.346  -96.591  25.124 0.0000000000
124312  9.581  -96.574  21.548 0.0000000000
124314  9.243  -96.373  24.851 0.0000000000
124317  8.876  -95.702  18.884 0.0000000000
124318  9.237  -95.435  19.106 0.0000000000
124321  9.042  -96.181  24.880 0.0000000000
124324  9.983  -94.476  19.375 0.0000000000
124325  9.959  -94.483  19.011 0.0000000000
124327  9.117  -95.203  18.788 0.0000000000
124328  9.546  -94.956  18.775 0.0000000000
124329  8.866  -95.342  18.730 0.0000000000
124332  9.257  -95.954  19.464 0.0000000000
124334  9.640  -94.785  18.398 0.0000000000
124336  9.148  -95.023  20.018 0.0000000000
124337  8.823  -96.473  18.656 0.0000000000
124339  9.784  -93.950  19.698 0.0000000000
124341  9.880  -94.717  18.223 0.0000000000
124342  9.892  -94.496  18.229 0.0000000000
124344  10.161  -94.258  19.209 0.0000000000
124346  10.063  -93.844  18.931 0.0000000000
124347  10.591  -94.112  19.176 0.0000000000
124348  10.160  -94.119  19.009 0.0000000000
124350  9.999  -94.345  18.343 0.0000000000
124352  10.854  -94.087  18.979 0.0000000000
124353  10.936  -93.999  19.183 0.0000000000
124354  11.092  -94.109  18.769 0.0000000000
124355  10.880  -93.749  19.390 0.0000000000
124357  9.710  -94.386  19.013 0.0000000000
124358  9.452  -93.698  20.043 0.0000000000
124360  10.282  -94.194  16.472 0.0000000000
124361  10.901  -94.005  18.364 0.0000000000
124362  11.208  -94.037  19.039 0.0000000000
124363  11.204  -94.081  19.143 0.0000000000
124364  11.076  -93.973  18.953 0.0000000000
124365  11.153  -94.015  18.546 0.0000000000
124368  9.894  -93.686  17.699 0.0000000000
124370  9.754  -94.825  17.212 0.0000000000
124372  11.521  -93.946  15.176 0.0000000000
124374  10.982  -93.985  18.037 0.0000000000
124375  10.475  -94.025  17.993 0.0000000000
124376  11.545  -93.889  18.953 0.0000000000
124377  10.986  -94.005  18.475 0.0000000000
124378  11.367  -94.008  19.080 0.0000000000
124379  10.977  -92.871  19.015 0.0000000000
124380  10.292  -93.013  18.632 0.0000000000
124384  9.291  -92.659  16.813 0.0000000000
124386  9.570  -95.095  17.628 0.0000000000
124387  9.607  -95.141  17.386 0.0000000000
124389  11.660  -94.094  14.876 0.0000000000
124390  12.034  -93.775  14.621 0.0000000000
124393  11.105  -95.031  14.970 0.0000000000
124396  9.559  -93.345  17.537 0.0000000000
124398  11.193  -93.928  18.912 0.0000000000
124400  11.318  -93.898  18.931 0.0000000000
124401  11.081  -93.616  18.984 0.0000000000
124404  7.467  -91.103  20.415 0.0000000000
124407  9.295  -91.460  15.721 0.0000000000
124408  11.793  -93.804  14.563 0.0000000000
124409  11.673  -94.299  14.743 0.0000000000
124410  11.589  -93.699  14.927 0.0000000000
124412  11.229  -95.475  14.303 0.0000000000
124413  10.525  -92.711  15.431 0.0000000000
124416  9.547  -93.286  17.304 0.0000000000
124417  11.054  -93.768  18.835 0.0000000000
124418  11.930  -93.482  18.989 0.0000000000
124419  10.776  -92.988  18.784 0.0000000000
124420  6.963  -90.334  20.807 0.0000000000
124427  11.437  -93.561  15.068 0.0000000000
124428  11.547  -93.438  14.882 0.0000000000
124432  10.403  -95.554  13.133 0.0000000000
124433  10.706  -91.774  14.750 0.0000000000
124434  9.398  -93.099  17.334 0.0000000000
124435  9.542  -92.817  16.473 0.0000000000
124436  11.036  -92.960  18.784 0.0000000000
124445  6.540  -88.999  22.161 0.0000000000
124446  6.377  -88.880  22.464 0.0000000000
124455  13.731  -94.260  10.323 0.0000000000
124457  6.221  -88.875  22.862 0.0000000000
124458  6.675  -87.751  22.650 0.0000000000
124459  6.779  -87.781  22.871 0.0000000000
124465  11.281  -90.647  13.828 0.0000000000
124466  6.177  -88.573  23.218 0.0000000000
124471  13.781  -94.660  9.472 0.0000000000
124472  13.715  -94.474  9.522 0.0000000000
124476  11.241  -90.397  13.713 0.0000000000
124480  15.015  -94.563  8.671 0.0000000000
124481  14.788  -94.346  8.275 0.0000000000
124482  17.268  -92.600  6.658 0.0000000000
124483  17.679  -92.393  6.333 0.0000000000
124485  6.668  -88.163  22.898 0.0000000000
124486  6.618  -88.165  23.134 0.0000000000
124490  13.887  -94.886  9.422 0.0000000000
124492  14.492  -91.907  10.639 0.0000000000
124496  8.983  -85.973  24.860 0.0000000000
124497  13.992  -94.914  9.065 0.0000000000
124508  13.992  -95.209  8.743 0.0000000000
124524  8.588  -85.983  25.203 0.0000000000
124525  9.078  -86.712  25.158 0.0000000000
124527  14.137  -94.913  8.338 0.0000000000
124528  16.136  -93.439  8.741 0.0000000000
124547  14.521  -94.966  8.248 0.0000000000
124548  15.659  -93.807  8.172 0.0000000000
124560  15.167  -94.181  8.132 0.0000000000
124566  16.037  -94.673  7.511 0.0000000000
124568  15.335  -94.875  8.416 0.0000000000
124576  9.058  -87.704  27.330 0.0000000000
124593  8.127  -81.928  29.895 0.0000000000
124596  7.572  -84.364  27.544 0.0000000000
124616  8.187  -86.426  28.334 0.0000000000
124650  8.051  -82.541  31.697 0.0000000000
124670  7.375  -80.459  31.493 0.0000000000
124672  7.865  -82.281  32.041 0.0000000000
124673  7.850  -82.435  32.159 0.0000000000
124692  7.746  -82.166  32.288 0.0000000000
124705  7.812  -80.128  31.866 0.0000000000
124706  7.708  -79.879  31.609 0.0000000000
124707  7.630  -79.958  31.806 0.0000000000
124708  8.020  -81.936  32.644 0.0000000000
124709  7.776  -81.769  32.785 0.0000000000
124710  7.723  -81.971  32.660 0.0000000000
124721  7.676  -80.010  32.037 0.0000000000
124725  7.944  -81.657  33.060 0.0000000000
124726  7.621  -81.362  33.155 0.0000000000
124735  7.418  -79.729  32.197 0.0000000000
124737  7.749  -81.508  33.027 0.0000000000
124739  7.550  -81.139  33.295 0.0000000000
124748  7.469  -81.255  33.056 0.0000000000
124766  7.204  -80.231  33.986 0.0000000000
124770  8.270  -73.811  35.441 0.0000000000
124776  7.363  -73.808  35.302 0.0000000000
124777  10.928  -73.377  35.602 0.0000000000
124797  4.656  -69.184  36.340 0.0000000000
124803  7.533  -71.938  38.208 0.0000000000
124804  7.223  -71.433  37.894 0.0000000000
124806  6.414  -70.098  37.116 0.0000000000
124807  5.473  -68.326  36.390 0.0000000000
124808  5.500  -68.014  36.251 0.0000000000
124810  5.272  -68.272  36.324 0.0000000000
124811  5.105  -68.111  35.913 0.0000000000
124815  7.086  -71.212  37.768 0.0000000000
124820  4.919  -68.135  36.036 0.0000000000
124821  3.641  -67.787  35.827 0.0000000000
124822  3.811  -67.912  35.965 0.0000000000
124825  3.954  -67.936  36.157 0.0000000000
124828  3.614  -67.557  35.867 0.0000000000
124831  3.269  -66.478  35.639 0.0000000000
124839  4.735  -64.032  34.661 0.0000000000
124848  7.257  -63.883  32.861 0.0000000000
124849  7.406  -63.709  32.719 0.0000000000
124850  7.641  -63.836  32.581 0.0000000000
124855  8.011  -63.992  32.345 0.0000000000
124863  10.438  -62.710  31.368 0.0000000000
124872  14.138  -60.057  34.097 0.0000000000
124885  11.966  -61.156  33.979 0.0000000000
124931  12.300  -54.700  28.196 0.0000000000
124946  11.746  -54.433  28.289 0.0000000000
124966  12.086  -54.115  28.335 0.0000000000
124976  12.108  -54.430  28.135 0.0000000000
124984  12.600  -55.552  30.364 0.0000000000
124986  12.664  -55.298  30.201 0.0000000000
124997  13.994  -57.662  29.701 0.0000000000
125011  14.055  -57.741  29.980 0.0000000000
