#!ascii label  , from subject 3134 vox2ras=TkReg
1291
50772  -15.994  -41.622  60.646 0.0000000000
59091  -37.495  -33.279  51.457 0.0000000000
67287  -33.227  -27.239  48.938 0.0000000000
62709  -29.307  -31.190  53.674 0.0000000000
77608  -39.885  -17.684  37.344 0.0000000000
71935  -34.752  -22.385  40.863 0.0000000000
61520  -37.804  -31.675  56.748 0.0000000000
60330  -33.843  -33.699  53.366 0.0000000000
79780  -46.423  -16.201  38.277 0.0000000000
80963  -50.000  -15.196  34.779 0.0000000000
84171  -52.175  -13.065  32.333 0.0000000000
72917  -35.613  -22.625  50.187 0.0000000000
70846  -32.287  -24.377  45.239 0.0000000000
75246  -38.488  -20.052  46.243 0.0000000000
71925  -41.353  -21.983  42.672 0.0000000000
57909  -22.688  -35.322  51.932 0.0000000000
50730  -15.452  -41.536  64.466 0.0000000000
64995  -37.242  -29.710  49.242 0.0000000000
70760  -34.605  -24.771  53.927 0.0000000000
60386  -25.208  -32.761  49.419 0.0000000000
61664  -30.821  -32.066  48.078 0.0000000000
82154  -49.813  -13.893  27.548 0.0000000000
86254  -53.133  -10.560  30.779 0.0000000000
74185  -37.276  -21.440  38.451 0.0000000000
76472  -44.553  -19.707  40.889 0.0000000000
49763  -17.383  -41.609  56.516 0.0000000000
45386  -14.502  -46.877  64.566 0.0000000000
80927  -48.533  -15.162  37.293 0.0000000000
72944  -37.371  -21.766  47.808 0.0000000000
55544  -21.426  -37.426  50.954 0.0000000000
50737  -15.961  -41.292  63.044 0.0000000000
61688  -38.127  -32.556  47.670 0.0000000000
61630  -37.715  -32.454  50.431 0.0000000000
62753  -27.089  -31.054  50.876 0.0000000000
62782  -27.598  -31.044  48.290 0.0000000000
63890  -30.365  -30.608  50.507 0.0000000000
57867  -35.595  -34.479  52.932 0.0000000000
57926  -33.850  -33.802  50.505 0.0000000000
56730  -35.625  -33.640  50.082 0.0000000000
62692  -27.643  -31.571  55.048 0.0000000000
60327  -26.062  -32.468  52.701 0.0000000000
82133  -44.421  -14.064  32.071 0.0000000000
84210  -48.567  -13.056  29.233 0.0000000000
84190  -53.665  -12.255  31.632 0.0000000000
71908  -33.373  -22.951  43.188 0.0000000000
71971  -35.972  -22.562  39.497 0.0000000000
74145  -43.495  -21.379  41.864 0.0000000000
54278  -19.037  -37.824  53.774 0.0000000000
54276  -17.382  -38.137  55.288 0.0000000000
54252  -16.690  -37.988  57.089 0.0000000000
50859  -17.618  -41.296  55.247 0.0000000000
44291  -15.232  -47.488  63.089 0.0000000000
60312  -37.426  -31.818  53.918 0.0000000000
63869  -38.809  -30.599  53.792 0.0000000000
63832  -38.735  -30.447  55.882 0.0000000000
62664  -31.812  -31.863  56.114 0.0000000000
61569  -32.134  -31.973  53.774 0.0000000000
61531  -34.044  -32.851  56.301 0.0000000000
60290  -35.960  -32.497  55.077 0.0000000000
79777  -43.652  -16.830  38.728 0.0000000000
80923  -45.183  -15.523  36.866 0.0000000000
82091  -46.768  -14.484  34.544 0.0000000000
83150  -47.353  -13.285  32.807 0.0000000000
84186  -49.592  -12.730  31.391 0.0000000000
82108  -51.210  -14.927  33.395 0.0000000000
70798  -33.759  -24.308  49.558 0.0000000000
68588  -32.438  -26.333  47.220 0.0000000000
71873  -34.111  -23.053  47.441 0.0000000000
72962  -35.198  -21.794  45.471 0.0000000000
74117  -36.409  -21.365  43.796 0.0000000000
73016  -37.497  -21.943  41.996 0.0000000000
74106  -40.296  -21.036  44.425 0.0000000000
57878  -21.626  -35.701  53.981 0.0000000000
54312  -20.295  -37.286  52.512 0.0000000000
86270  -52.338  -10.239  27.696 0.0000000000
50724  -13.513  -41.797  65.519 0.0000000000
63933  -36.843  -30.581  47.463 0.0000000000
68552  -35.523  -28.192  49.854 0.0000000000
64948  -37.692  -29.773  52.979 0.0000000000
67224  -35.293  -27.245  52.570 0.0000000000
68515  -34.097  -26.581  50.992 0.0000000000
71845  -34.997  -23.707  51.900 0.0000000000
61629  -31.680  -32.504  50.346 0.0000000000
60304  -24.998  -33.335  54.633 0.0000000000
59100  -23.956  -34.325  50.902 0.0000000000
83184  -50.713  -12.693  30.477 0.0000000000
83186  -51.839  -12.567  29.366 0.0000000000
85239  -52.278  -11.344  28.215 0.0000000000
87198  -51.556  -9.048  30.965 0.0000000000
47634  -15.652  -44.107  58.406 0.0000000000
46533  -15.358  -45.004  60.125 0.0000000000
76503  -38.774  -19.639  38.433 0.0000000000
73029  -39.875  -21.546  40.988 0.0000000000
75329  -40.646  -20.384  39.876 0.0000000000
77581  -42.013  -18.845  39.278 0.0000000000
77585  -45.406  -18.185  39.950 0.0000000000
51944  -16.425  -40.671  58.654 0.0000000000
46520  -15.683  -44.665  62.309 0.0000000000
47589  -14.939  -44.451  64.822 0.0000000000
47582  -13.710  -44.090  65.212 0.0000000000
50758  -15.725  -41.750  61.386 0.0000000000
59117  -37.499  -34.297  49.727 0.0000000000
60390  -37.539  -33.259  49.960 0.0000000000
60377  -37.741  -32.969  51.105 0.0000000000
63863  -27.821  -30.649  52.967 0.0000000000
63888  -28.512  -30.706  50.968 0.0000000000
62722  -29.375  -31.180  52.590 0.0000000000
57900  -36.602  -33.385  51.939 0.0000000000
56700  -35.741  -33.990  51.949 0.0000000000
57927  -36.317  -33.728  50.634 0.0000000000
57945  -36.138  -33.754  49.382 0.0000000000
62677  -30.322  -31.010  55.539 0.0000000000
62661  -29.453  -31.629  56.702 0.0000000000
62694  -29.021  -30.796  54.643 0.0000000000
62720  -27.420  -31.469  52.912 0.0000000000
83189  -47.456  -13.457  29.916 0.0000000000
67307  -34.337  -28.476  48.044 0.0000000000
66075  -33.571  -28.221  47.112 0.0000000000
71921  -33.658  -22.877  41.613 0.0000000000
71934  -33.847  -23.336  40.305 0.0000000000
71953  -35.572  -22.472  40.058 0.0000000000
52025  -18.312  -39.703  53.527 0.0000000000
54277  -18.219  -38.024  54.554 0.0000000000
53125  -18.295  -38.904  54.136 0.0000000000
52023  -17.257  -39.577  55.013 0.0000000000
50871  -17.832  -41.121  54.120 0.0000000000
61555  -37.677  -31.801  55.156 0.0000000000
62681  -39.570  -31.252  55.436 0.0000000000
62665  -38.395  -31.109  56.523 0.0000000000
61514  -32.858  -32.441  57.619 0.0000000000
61530  -32.957  -32.328  56.328 0.0000000000
61515  -33.963  -32.821  57.516 0.0000000000
61519  -37.072  -32.095  56.974 0.0000000000
61533  -35.560  -32.467  56.237 0.0000000000
61535  -37.204  -31.961  55.932 0.0000000000
60291  -36.597  -32.180  54.815 0.0000000000
79779  -45.322  -16.611  38.255 0.0000000000
79787  -44.683  -16.311  37.494 0.0000000000
79788  -45.698  -15.978  37.540 0.0000000000
82064  -49.034  -15.006  36.120 0.0000000000
82062  -47.878  -14.889  35.804 0.0000000000
82077  -48.259  -14.559  35.431 0.0000000000
82105  -47.567  -13.612  34.082 0.0000000000
83127  -49.055  -13.849  34.236 0.0000000000
83138  -49.436  -13.722  33.479 0.0000000000
80971  -49.904  -15.702  33.712 0.0000000000
71856  -34.848  -23.071  50.159 0.0000000000
70803  -34.098  -24.207  48.744 0.0000000000
71867  -34.848  -22.326  48.732 0.0000000000
74074  -37.868  -20.673  46.987 0.0000000000
72952  -36.325  -21.749  46.694 0.0000000000
74087  -36.421  -20.895  45.450 0.0000000000
75276  -35.630  -21.365  44.767 0.0000000000
74103  -36.967  -21.055  44.661 0.0000000000
74119  -38.363  -21.035  43.596 0.0000000000
74090  -39.548  -20.612  44.918 0.0000000000
59044  -23.405  -33.873  54.250 0.0000000000
57853  -22.675  -34.535  54.909 0.0000000000
57879  -22.225  -35.401  53.495 0.0000000000
55530  -20.943  -37.481  51.488 0.0000000000
87210  -51.803  -8.591  28.790 0.0000000000
88177  -52.308  -7.996  28.483 0.0000000000
50725  -14.315  -41.726  65.331 0.0000000000
62787  -37.918  -31.826  48.365 0.0000000000
62802  -37.896  -31.956  47.358 0.0000000000
63923  -37.196  -30.575  48.207 0.0000000000
64993  -36.180  -29.573  48.110 0.0000000000
67291  -36.205  -28.755  49.440 0.0000000000
64930  -38.579  -29.440  54.314 0.0000000000
64951  -38.214  -30.728  52.777 0.0000000000
65991  -38.040  -28.856  54.215 0.0000000000
69657  -35.543  -25.437  54.835 0.0000000000
67209  -35.410  -27.278  53.962 0.0000000000
68468  -34.904  -26.446  53.443 0.0000000000
67236  -34.570  -27.129  51.903 0.0000000000
69698  -34.226  -25.353  52.275 0.0000000000
70788  -34.060  -24.656  51.398 0.0000000000
71835  -34.756  -23.680  53.051 0.0000000000
62799  -29.654  -31.552  47.105 0.0000000000
60328  -32.305  -32.872  53.309 0.0000000000
61596  -31.849  -32.675  52.186 0.0000000000
61611  -32.214  -33.194  51.711 0.0000000000
59115  -32.905  -33.724  49.351 0.0000000000
60284  -25.674  -32.999  55.313 0.0000000000
60373  -25.043  -32.705  50.701 0.0000000000
59076  -25.092  -33.274  51.597 0.0000000000
59101  -24.478  -34.082  50.201 0.0000000000
57922  -24.165  -34.693  49.675 0.0000000000
83154  -51.589  -13.441  32.186 0.0000000000
84187  -50.018  -12.376  30.828 0.0000000000
83175  -51.407  -12.866  31.186 0.0000000000
85234  -53.517  -11.303  30.898 0.0000000000
84200  -52.556  -12.222  30.234 0.0000000000
85233  -52.789  -10.989  30.218 0.0000000000
84208  -52.080  -12.223  28.795 0.0000000000
85232  -52.707  -10.272  29.877 0.0000000000
86258  -52.347  -9.765  29.554 0.0000000000
86245  -52.113  -9.593  30.778 0.0000000000
69783  -32.097  -25.201  45.822 0.0000000000
68608  -32.145  -26.292  45.948 0.0000000000
75363  -37.562  -20.643  36.981 0.0000000000
74186  -38.130  -20.937  38.541 0.0000000000
74134  -39.202  -21.539  42.585 0.0000000000
70898  -38.416  -22.091  41.174 0.0000000000
133264  -40.167  -21.888  41.768 0.0000000000
75305  -44.005  -20.826  41.355 0.0000000000
74155  -41.971  -20.880  40.995 0.0000000000
76470  -42.160  -19.825  40.382 0.0000000000
76486  -41.427  -19.728  39.957 0.0000000000
76487  -42.562  -19.264  39.807 0.0000000000
77583  -43.911  -18.296  39.411 0.0000000000
77570  -45.040  -18.754  40.381 0.0000000000
53087  -16.763  -40.361  56.644 0.0000000000
53069  -16.659  -39.694  57.669 0.0000000000
51946  -16.635  -39.721  58.788 0.0000000000
50843  -16.615  -41.780  57.247 0.0000000000
48741  -16.232  -43.223  57.761 0.0000000000
48750  -16.464  -43.278  56.607 0.0000000000
45410  -15.530  -46.088  60.666 0.0000000000
46528  -15.759  -44.887  61.345 0.0000000000
44298  -15.446  -46.742  61.734 0.0000000000
44283  -14.753  -47.576  63.630 0.0000000000
46514  -15.245  -45.448  63.970 0.0000000000
46511  -14.635  -45.509  64.477 0.0000000000
47584  -14.374  -44.097  65.380 0.0000000000
46510  -14.152  -45.345  64.600 0.0000000000
60232  -35.299  -33.506  58.420 0.0000000000
80907  -47.995  -15.646  38.855 0.0000000000
80913  -47.092  -15.570  37.751 0.0000000000
80915  -48.710  -15.108  38.193 0.0000000000
72927  -36.542  -22.356  49.341 0.0000000000
56708  -22.932  -35.515  50.582 0.0000000000
56706  -21.955  -36.703  51.401 0.0000000000
51838  -15.328  -40.478  63.739 0.0000000000
50736  -15.645  -41.434  63.830 0.0000000000
60406  -37.505  -33.578  48.378 0.0000000000
61666  -38.012  -32.645  48.676 0.0000000000
63907  -37.940  -30.880  50.246 0.0000000000
71826  -35.447  -23.691  53.908 0.0000000000
61646  -26.434  -31.779  50.168 0.0000000000
61663  -26.038  -32.523  48.591 0.0000000000
62767  -27.074  -31.415  49.802 0.0000000000
63921  -28.707  -30.536  48.950 0.0000000000
62768  -30.169  -31.039  49.045 0.0000000000
59060  -34.380  -34.146  53.334 0.0000000000
59077  -33.674  -33.733  52.406 0.0000000000
56710  -34.449  -34.043  51.920 0.0000000000
56728  -34.687  -33.878  50.726 0.0000000000
57966  -35.332  -34.407  48.535 0.0000000000
62673  -27.212  -31.894  56.051 0.0000000000
60306  -26.343  -32.413  54.533 0.0000000000
61583  -26.620  -32.377  53.370 0.0000000000
61608  -26.202  -31.864  51.544 0.0000000000
80970  -44.235  -14.863  33.180 0.0000000000
83197  -49.018  -13.291  28.286 0.0000000000
83156  -53.917  -13.285  32.554 0.0000000000
83177  -53.393  -12.914  31.879 0.0000000000
71907  -32.616  -23.530  43.883 0.0000000000
73055  -35.621  -23.274  38.605 0.0000000000
73040  -36.746  -22.097  39.501 0.0000000000
72989  -43.286  -21.878  43.402 0.0000000000
73018  -41.818  -21.862  42.032 0.0000000000
74137  -44.282  -21.539  42.674 0.0000000000
56680  -19.667  -35.769  54.339 0.0000000000
56655  -18.963  -35.940  55.399 0.0000000000
56643  -17.483  -36.143  56.500 0.0000000000
54263  -17.102  -37.671  55.766 0.0000000000
52006  -16.648  -39.857  56.008 0.0000000000
49778  -17.980  -41.959  55.967 0.0000000000
48761  -16.775  -43.287  55.592 0.0000000000
49791  -17.495  -42.257  55.052 0.0000000000
59065  -37.326  -32.701  52.687 0.0000000000
60351  -37.886  -32.195  52.662 0.0000000000
61575  -38.421  -31.283  54.073 0.0000000000
63847  -40.121  -30.634  54.908 0.0000000000
62695  -30.330  -31.083  54.490 0.0000000000
62710  -30.468  -31.296  53.444 0.0000000000
62679  -32.168  -31.852  55.289 0.0000000000
61570  -32.751  -32.451  54.178 0.0000000000
60307  -33.442  -32.913  54.630 0.0000000000
61517  -35.328  -32.725  56.994 0.0000000000
60288  -34.772  -33.017  55.266 0.0000000000
59046  -34.854  -33.724  54.508 0.0000000000
59062  -35.620  -34.236  53.812 0.0000000000
59049  -36.145  -33.006  53.178 0.0000000000
62653  -31.365  -31.500  57.133 0.0000000000
78656  -41.337  -17.276  37.815 0.0000000000
79792  -40.485  -16.956  36.580 0.0000000000
80921  -42.105  -15.583  37.401 0.0000000000
79795  -43.202  -15.612  36.397 0.0000000000
80948  -44.202  -15.267  35.294 0.0000000000
80925  -46.899  -14.992  37.069 0.0000000000
80949  -46.068  -15.149  35.527 0.0000000000
82089  -44.897  -14.518  34.653 0.0000000000
82117  -45.419  -14.131  33.118 0.0000000000
83170  -46.519  -13.420  32.102 0.0000000000
83171  -47.258  -13.092  31.806 0.0000000000
83172  -48.098  -12.892  31.365 0.0000000000
84169  -49.221  -12.864  32.238 0.0000000000
83153  -50.569  -13.734  32.393 0.0000000000
82120  -51.402  -14.258  32.801 0.0000000000
79826  -52.314  -16.226  33.812 0.0000000000
83140  -52.986  -14.392  33.396 0.0000000000
68551  -33.144  -26.190  49.246 0.0000000000
67305  -32.675  -27.089  47.918 0.0000000000
69749  -33.022  -25.364  48.213 0.0000000000
70823  -33.153  -24.231  46.877 0.0000000000
71878  -33.664  -23.421  46.482 0.0000000000
74061  -35.727  -21.778  47.941 0.0000000000
71879  -34.148  -22.690  46.602 0.0000000000
71886  -33.396  -23.226  45.481 0.0000000000
72973  -34.151  -21.894  44.389 0.0000000000
72984  -34.034  -21.668  43.211 0.0000000000
72998  -34.948  -21.699  42.033 0.0000000000
73014  -36.161  -21.891  41.476 0.0000000000
74131  -36.783  -21.220  42.968 0.0000000000
74133  -38.526  -21.326  42.791 0.0000000000
74121  -40.353  -21.480  43.527 0.0000000000
72966  -42.438  -20.870  44.720 0.0000000000
71898  -42.762  -21.629  44.158 0.0000000000
57861  -21.203  -35.382  54.598 0.0000000000
56695  -21.789  -35.923  52.103 0.0000000000
56683  -21.230  -36.198  53.103 0.0000000000
55508  -20.199  -36.464  53.120 0.0000000000
54296  -20.005  -37.752  53.176 0.0000000000
67308  -34.883  -28.981  48.370 0.0000000000
67288  -34.251  -27.922  48.922 0.0000000000
62739  -38.047  -31.369  51.794 0.0000000000
63893  -38.910  -30.467  51.603 0.0000000000
64983  -37.997  -29.812  50.944 0.0000000000
66010  -36.883  -28.607  52.850 0.0000000000
133255  -36.652  -28.877  50.729 0.0000000000
133258  -36.234  -27.725  50.214 0.0000000000
67254  -35.317  -27.551  50.413 0.0000000000
67270  -33.619  -26.850  50.063 0.0000000000
69719  -33.537  -25.498  50.341 0.0000000000
71855  -34.532  -23.525  50.783 0.0000000000
72903  -35.304  -22.998  51.113 0.0000000000
71836  -35.881  -23.313  52.737 0.0000000000
72893  -36.451  -22.568  52.108 0.0000000000
62737  -30.809  -31.305  51.416 0.0000000000
62754  -30.973  -31.282  50.318 0.0000000000
61648  -31.449  -32.345  49.371 0.0000000000
60364  -32.695  -33.553  51.228 0.0000000000
60389  -32.285  -33.474  49.052 0.0000000000
60303  -24.027  -33.274  54.971 0.0000000000
59059  -23.634  -33.781  53.260 0.0000000000
60326  -25.724  -32.825  53.201 0.0000000000
59074  -24.175  -33.748  52.477 0.0000000000
57910  -23.168  -34.873  51.251 0.0000000000
56723  -23.080  -35.689  49.861 0.0000000000
84197  -49.149  -12.751  30.457 0.0000000000
84205  -48.907  -12.760  29.577 0.0000000000
84206  -49.523  -12.566  29.008 0.0000000000
84199  -52.073  -12.653  30.988 0.0000000000
83185  -51.580  -12.890  30.035 0.0000000000
83193  -51.263  -12.831  28.820 0.0000000000
83199  -50.904  -13.045  27.892 0.0000000000
84216  -51.706  -12.563  27.078 0.0000000000
84214  -52.231  -12.137  27.727 0.0000000000
86263  -52.011  -10.450  28.501 0.0000000000
86261  -51.923  -9.275  29.213 0.0000000000
49752  -16.142  -42.265  59.304 0.0000000000
48705  -16.048  -42.954  60.967 0.0000000000
47621  -15.699  -44.075  59.462 0.0000000000
67322  -32.636  -27.405  46.796 0.0000000000
76520  -39.124  -18.794  38.095 0.0000000000
71937  -36.973  -22.434  41.226 0.0000000000
73028  -38.142  -21.951  40.312 0.0000000000
73042  -38.880  -21.625  39.900 0.0000000000
74143  -40.862  -21.620  40.813 0.0000000000
73043  -39.820  -21.610  39.988 0.0000000000
74167  -39.338  -21.242  39.504 0.0000000000
75328  -39.722  -20.326  39.371 0.0000000000
77579  -40.024  -18.823  39.211 0.0000000000
77601  -41.193  -17.912  38.265 0.0000000000
78642  -42.865  -17.606  39.044 0.0000000000
78644  -44.392  -17.452  39.330 0.0000000000
78646  -46.299  -17.393  39.578 0.0000000000
51878  -15.495  -39.640  60.450 0.0000000000
51899  -15.999  -39.703  59.713 0.0000000000
51921  -16.231  -40.816  59.461 0.0000000000
48731  -15.596  -43.055  58.773 0.0000000000
47645  -16.019  -44.215  57.493 0.0000000000
48690  -16.200  -43.037  61.943 0.0000000000
48680  -16.530  -43.109  62.872 0.0000000000
48671  -16.003  -43.268  64.039 0.0000000000
45404  -15.549  -46.260  62.247 0.0000000000
47592  -15.382  -44.252  63.938 0.0000000000
48667  -15.373  -43.464  64.834 0.0000000000
48663  -14.706  -43.515  65.416 0.0000000000
48662  -13.999  -43.545  65.576 0.0000000000
44275  -13.565  -46.875  65.146 0.0000000000
46509  -13.608  -45.737  64.639 0.0000000000
53022  -15.069  -40.569  61.008 0.0000000000
57929  -37.469  -34.066  50.571 0.0000000000
59105  -37.671  -33.703  50.525 0.0000000000
59092  -37.658  -33.228  51.114 0.0000000000
62721  -28.383  -30.948  53.228 0.0000000000
63865  -28.783  -30.853  52.159 0.0000000000
57901  -37.034  -33.365  51.717 0.0000000000
57914  -36.816  -33.801  51.259 0.0000000000
57928  -37.041  -34.289  50.337 0.0000000000
66076  -33.909  -28.382  47.264 0.0000000000
67306  -33.485  -27.880  47.734 0.0000000000
71922  -34.405  -22.337  41.620 0.0000000000
71952  -34.733  -23.131  39.780 0.0000000000
50872  -18.310  -40.643  53.384 0.0000000000
61536  -38.497  -31.781  56.026 0.0000000000
61500  -33.899  -32.842  58.607 0.0000000000
60244  -34.384  -33.250  58.431 0.0000000000
61504  -37.712  -31.877  57.574 0.0000000000
61554  -36.997  -31.911  55.367 0.0000000000
79772  -45.879  -16.833  39.059 0.0000000000
80952  -49.704  -14.762  35.092 0.0000000000
82078  -49.058  -14.594  35.638 0.0000000000
82093  -49.015  -14.372  34.790 0.0000000000
80962  -49.685  -15.454  34.306 0.0000000000
82106  -49.568  -14.723  34.044 0.0000000000
79823  -49.767  -16.129  34.012 0.0000000000
71861  -34.811  -22.731  49.468 0.0000000000
72926  -35.633  -22.352  49.059 0.0000000000
72965  -37.168  -20.887  46.409 0.0000000000
74088  -37.549  -20.514  45.770 0.0000000000
74089  -38.666  -20.513  45.067 0.0000000000
75264  -38.557  -20.055  45.658 0.0000000000
57880  -23.072  -34.671  53.441 0.0000000000
57895  -22.613  -35.188  52.672 0.0000000000
133598  -51.354  -7.764  29.222 0.0000000000
87211  -52.323  -8.481  28.486 0.0000000000
90169  -51.776  -6.892  29.503 0.0000000000
51829  -15.419  -40.772  65.058 0.0000000000
50726  -14.943  -41.620  64.865 0.0000000000
51828  -14.684  -40.752  65.410 0.0000000000
63924  -37.441  -30.701  49.054 0.0000000000
133256  -36.838  -29.118  49.318 0.0000000000
64929  -37.984  -29.158  54.595 0.0000000000
69667  -35.072  -25.641  54.125 0.0000000000
69680  -34.777  -25.718  53.669 0.0000000000
68467  -34.665  -26.220  53.083 0.0000000000
69679  -34.480  -25.641  53.191 0.0000000000
70780  -34.054  -24.683  52.902 0.0000000000
70771  -34.378  -24.569  53.455 0.0000000000
60401  -24.559  -33.599  48.959 0.0000000000
60402  -25.189  -33.239  48.718 0.0000000000
60329  -33.029  -33.040  53.559 0.0000000000
60347  -32.221  -33.152  52.883 0.0000000000
60348  -32.984  -33.477  52.434 0.0000000000
62764  -24.752  -32.187  49.725 0.0000000000
60372  -24.648  -32.960  50.433 0.0000000000
60385  -24.731  -33.212  49.591 0.0000000000
59114  -24.317  -34.062  49.279 0.0000000000
83174  -50.549  -13.105  31.454 0.0000000000
84201  -53.195  -11.722  30.704 0.0000000000
86253  -52.680  -9.982  30.307 0.0000000000
86246  -52.495  -10.079  31.049 0.0000000000
69803  -31.942  -25.578  44.698 0.0000000000
74184  -36.611  -21.906  38.893 0.0000000000
74203  -36.412  -22.092  38.075 0.0000000000
75345  -37.612  -20.634  37.911 0.0000000000
73004  -40.659  -22.103  42.350 0.0000000000
73003  -39.442  -21.793  41.870 0.0000000000
75319  -43.633  -20.373  40.881 0.0000000000
75318  -42.595  -20.368  40.711 0.0000000000
76471  -43.318  -19.703  40.281 0.0000000000
77569  -44.148  -18.921  40.123 0.0000000000
51970  -16.772  -40.759  56.687 0.0000000000
53070  -16.867  -40.200  57.030 0.0000000000
51969  -16.656  -40.502  57.460 0.0000000000
50825  -16.803  -41.377  56.799 0.0000000000
50844  -16.789  -41.850  56.800 0.0000000000
49777  -17.375  -41.991  56.577 0.0000000000
44306  -15.664  -47.148  61.180 0.0000000000
45390  -14.642  -47.120  64.134 0.0000000000
45391  -14.808  -46.572  63.945 0.0000000000
45387  -14.466  -46.246  64.601 0.0000000000
46507  -14.392  -45.868  64.640 0.0000000000
45383  -14.331  -46.162  64.782 0.0000000000
72929  -38.258  -22.044  49.741 0.0000000000
56722  -22.702  -36.322  50.372 0.0000000000
49683  -16.151  -42.199  63.313 0.0000000000
61649  -37.538  -32.715  49.524 0.0000000000
62771  -37.831  -31.873  49.580 0.0000000000
62756  -38.001  -31.575  50.562 0.0000000000
61628  -26.594  -31.569  50.691 0.0000000000
63889  -29.442  -30.522  50.659 0.0000000000
63904  -28.650  -30.448  49.980 0.0000000000
63905  -29.691  -30.427  49.609 0.0000000000
63922  -29.528  -30.697  48.712 0.0000000000
63906  -30.551  -30.797  49.726 0.0000000000
57865  -34.871  -35.041  53.182 0.0000000000
56697  -34.494  -34.419  52.685 0.0000000000
56686  -35.112  -34.620  52.621 0.0000000000
56713  -35.699  -33.742  51.042 0.0000000000
56712  -35.209  -34.086  51.308 0.0000000000
56729  -35.098  -33.803  50.397 0.0000000000
56746  -34.523  -34.078  49.651 0.0000000000
56747  -35.081  -33.965  49.315 0.0000000000
57944  -35.492  -33.835  49.181 0.0000000000
57967  -36.165  -34.520  48.220 0.0000000000
63828  -28.396  -31.216  55.700 0.0000000000
62675  -28.626  -31.522  56.207 0.0000000000
63827  -28.189  -31.438  55.956 0.0000000000
62674  -27.759  -31.578  56.179 0.0000000000
62691  -27.342  -31.742  55.530 0.0000000000
61566  -26.966  -31.991  54.588 0.0000000000
61567  -27.841  -31.977  54.241 0.0000000000
62735  -27.077  -31.222  51.794 0.0000000000
62719  -27.037  -31.790  52.533 0.0000000000
61609  -26.719  -31.387  51.223 0.0000000000
61627  -25.991  -31.903  50.522 0.0000000000
82116  -44.753  -14.341  32.979 0.0000000000
70859  -32.581  -24.002  43.240 0.0000000000
70870  -32.750  -24.210  42.167 0.0000000000
71970  -35.403  -23.103  39.303 0.0000000000
73056  -35.921  -22.731  38.704 0.0000000000
72990  -44.051  -22.088  43.875 0.0000000000
74122  -43.379  -21.790  43.141 0.0000000000
74147  -45.381  -20.646  42.094 0.0000000000
55506  -19.375  -36.825  53.924 0.0000000000
56664  -19.299  -36.108  54.638 0.0000000000
55505  -18.803  -37.079  54.482 0.0000000000
55504  -18.157  -37.192  55.108 0.0000000000
55495  -17.113  -37.210  56.275 0.0000000000
52007  -16.958  -40.006  55.555 0.0000000000
52008  -17.322  -40.740  55.537 0.0000000000
50845  -17.503  -41.351  55.990 0.0000000000
59050  -37.063  -32.451  53.117 0.0000000000
60313  -37.938  -32.001  53.675 0.0000000000
62680  -38.930  -30.961  55.879 0.0000000000
63834  -40.274  -30.994  55.127 0.0000000000
63833  -39.555  -30.761  55.354 0.0000000000
62678  -31.162  -31.281  55.450 0.0000000000
61550  -33.590  -32.655  55.640 0.0000000000
61549  -32.974  -32.456  55.116 0.0000000000
60286  -33.556  -32.818  55.191 0.0000000000
60287  -34.134  -33.154  55.347 0.0000000000
60233  -35.806  -33.083  57.997 0.0000000000
60246  -35.267  -33.233  57.652 0.0000000000
60311  -35.728  -32.592  55.138 0.0000000000
61552  -35.186  -32.651  55.457 0.0000000000
60289  -35.283  -33.020  54.972 0.0000000000
59030  -34.946  -33.380  54.908 0.0000000000
59031  -35.415  -33.271  54.654 0.0000000000
59047  -35.545  -33.823  54.343 0.0000000000
60292  -36.943  -31.864  54.346 0.0000000000
59033  -36.359  -32.647  54.043 0.0000000000
59034  -36.584  -32.094  53.593 0.0000000000
62654  -32.135  -31.591  57.002 0.0000000000
62663  -31.268  -31.201  56.294 0.0000000000
63816  -31.039  -30.793  55.841 0.0000000000
78658  -42.827  -17.175  38.163 0.0000000000
79785  -42.003  -16.322  37.657 0.0000000000
79786  -43.285  -16.547  37.644 0.0000000000
80922  -44.123  -15.517  36.879 0.0000000000
80934  -43.836  -15.351  35.895 0.0000000000
80935  -44.749  -14.984  36.057 0.0000000000
80926  -47.730  -15.361  37.140 0.0000000000
82076  -47.351  -15.077  35.310 0.0000000000
80950  -46.549  -15.339  35.650 0.0000000000
82075  -46.355  -15.060  35.084 0.0000000000
82074  -45.520  -14.898  35.324 0.0000000000
82090  -45.810  -14.636  34.474 0.0000000000
82102  -45.127  -13.963  33.895 0.0000000000
82103  -46.154  -14.162  33.640 0.0000000000
83137  -48.220  -13.327  33.862 0.0000000000
83136  -47.212  -13.557  33.547 0.0000000000
83151  -48.549  -12.889  32.563 0.0000000000
82107  -50.265  -14.758  33.541 0.0000000000
83139  -50.110  -14.037  32.961 0.0000000000
82119  -50.728  -14.341  33.041 0.0000000000
69727  -33.296  -25.427  49.565 0.0000000000
69736  -32.736  -25.827  48.524 0.0000000000
70802  -33.432  -24.788  49.086 0.0000000000
70810  -34.166  -23.915  47.912 0.0000000000
71872  -33.666  -23.855  47.345 0.0000000000
72936  -37.281  -22.183  48.632 0.0000000000
72935  -36.347  -21.858  48.352 0.0000000000
74062  -35.993  -21.620  47.860 0.0000000000
72951  -35.458  -22.002  46.428 0.0000000000
72950  -34.651  -22.298  46.109 0.0000000000
72949  -33.923  -22.654  45.858 0.0000000000
72961  -34.440  -22.245  45.280 0.0000000000
72960  -33.770  -22.564  45.006 0.0000000000
72974  -34.777  -21.968  44.922 0.0000000000
74116  -35.525  -21.581  43.820 0.0000000000
74115  -34.730  -21.580  43.921 0.0000000000
74129  -34.879  -21.103  43.185 0.0000000000
74130  -35.782  -20.890  42.955 0.0000000000
72999  -36.339  -21.369  42.139 0.0000000000
74105  -39.072  -20.959  44.356 0.0000000000
74120  -39.411  -21.321  43.432 0.0000000000
72955  -42.562  -20.934  45.280 0.0000000000
72967  -42.898  -21.440  44.926 0.0000000000
72976  -42.179  -21.076  44.121 0.0000000000
71899  -43.430  -21.955  44.179 0.0000000000
57862  -22.163  -34.874  54.593 0.0000000000
59042  -21.824  -34.584  54.894 0.0000000000
56694  -21.408  -36.890  51.621 0.0000000000
54311  -20.411  -38.105  52.048 0.0000000000
55531  -20.692  -36.740  52.021 0.0000000000
55520  -20.349  -36.614  52.700 0.0000000000
56667  -20.656  -36.339  53.299 0.0000000000
54297  -20.107  -37.136  52.752 0.0000000000
55519  -19.982  -36.898  52.910 0.0000000000
62814  -38.031  -32.049  46.463 0.0000000000
63932  -36.462  -30.422  47.160 0.0000000000
67290  -35.670  -28.635  49.028 0.0000000000
66061  -35.839  -29.060  48.386 0.0000000000
67289  -35.085  -28.205  49.113 0.0000000000
62725  -38.161  -31.115  53.294 0.0000000000
61613  -37.856  -31.739  52.573 0.0000000000
64949  -37.876  -30.057  52.793 0.0000000000
66024  -38.840  -30.081  52.177 0.0000000000
66023  -38.550  -29.767  52.077 0.0000000000
64969  -38.749  -29.982  51.231 0.0000000000
64968  -37.718  -29.620  51.608 0.0000000000
67210  -36.420  -28.096  53.395 0.0000000000
67225  -36.499  -28.423  51.370 0.0000000000
133261  -36.380  -27.805  50.114 0.0000000000
67238  -36.033  -27.747  51.191 0.0000000000
67253  -34.273  -27.050  50.824 0.0000000000
67271  -34.278  -27.473  49.827 0.0000000000
67252  -33.918  -26.794  50.511 0.0000000000
68530  -33.647  -26.044  49.917 0.0000000000
68499  -33.883  -26.064  51.109 0.0000000000
71846  -35.702  -22.925  51.852 0.0000000000
71827  -36.659  -23.177  53.678 0.0000000000
72905  -37.090  -22.676  51.282 0.0000000000
62781  -26.588  -31.814  47.913 0.0000000000
61679  -26.163  -32.684  47.653 0.0000000000
62796  -26.762  -32.223  47.480 0.0000000000
62711  -31.458  -31.566  53.205 0.0000000000
62723  -30.628  -31.331  52.486 0.0000000000
61610  -31.771  -32.604  51.253 0.0000000000
62738  -31.569  -31.992  51.607 0.0000000000
62755  -31.459  -31.880  50.829 0.0000000000
62770  -31.412  -31.851  50.033 0.0000000000
57925  -33.790  -33.659  51.252 0.0000000000
59090  -33.417  -33.672  51.660 0.0000000000
59102  -33.245  -33.673  50.567 0.0000000000
60324  -24.219  -33.420  53.991 0.0000000000
61582  -26.062  -32.511  53.698 0.0000000000
60305  -25.782  -32.761  54.280 0.0000000000
59088  -24.597  -33.580  51.142 0.0000000000
59075  -25.042  -33.954  51.938 0.0000000000
59087  -24.021  -34.154  51.676 0.0000000000
57921  -23.559  -34.864  50.247 0.0000000000
84196  -48.804  -12.746  31.074 0.0000000000
83182  -48.157  -12.996  30.391 0.0000000000
84198  -49.827  -12.576  29.954 0.0000000000
83192  -50.538  -12.729  29.394 0.0000000000
84189  -52.779  -12.681  31.551 0.0000000000
84207  -51.662  -12.574  28.661 0.0000000000
84213  -51.593  -12.666  28.035 0.0000000000
86252  -51.938  -9.290  30.155 0.0000000000
86257  -51.932  -9.250  29.561 0.0000000000
87203  -51.486  -8.380  30.324 0.0000000000
88170  -51.309  -8.280  31.235 0.0000000000
46540  -15.676  -45.116  58.985 0.0000000000
75364  -38.250  -20.125  37.435 0.0000000000
76531  -38.526  -19.510  36.922 0.0000000000
76519  -38.765  -19.486  37.930 0.0000000000
73015  -36.936  -22.228  41.955 0.0000000000
71956  -39.277  -21.939  41.109 0.0000000000
71955  -38.142  -22.222  40.944 0.0000000000
74135  -42.406  -21.699  42.231 0.0000000000
74144  -41.892  -21.689  41.560 0.0000000000
75316  -40.843  -20.772  40.275 0.0000000000
74154  -41.028  -21.197  40.562 0.0000000000
74168  -40.411  -21.199  39.900 0.0000000000
75327  -38.756  -20.703  39.075 0.0000000000
77568  -40.495  -19.397  39.412 0.0000000000
77580  -40.898  -19.132  39.181 0.0000000000
77590  -40.692  -18.478  38.575 0.0000000000
77591  -41.624  -18.198  38.774 0.0000000000
77592  -42.402  -18.101  39.004 0.0000000000
77584  -44.743  -18.254  39.683 0.0000000000
78645  -45.317  -17.449  39.596 0.0000000000
51923  -16.516  -39.688  59.164 0.0000000000
51922  -16.375  -40.200  59.275 0.0000000000
50806  -16.298  -41.430  58.852 0.0000000000
49762  -16.359  -42.197  58.110 0.0000000000
47654  -16.357  -44.393  56.706 0.0000000000
47611  -16.127  -44.031  60.492 0.0000000000
47603  -16.224  -43.797  61.382 0.0000000000
47598  -16.055  -43.903  62.149 0.0000000000
48679  -16.270  -43.284  63.404 0.0000000000
47597  -15.807  -43.903  63.067 0.0000000000
43223  -15.408  -48.350  62.464 0.0000000000
44297  -15.221  -47.358  62.079 0.0000000000
45398  -15.301  -46.418  63.065 0.0000000000
47583  -13.885  -44.140  65.377 0.0000000000
48661  -13.659  -43.752  65.221 0.0000000000
49669  -13.425  -42.746  65.122 0.0000000000
45385  -13.245  -46.492  64.837 0.0000000000
50750  -15.837  -41.452  62.186 0.0000000000
59134  -37.617  -33.768  48.808 0.0000000000
59118  -37.830  -33.867  49.393 0.0000000000
60376  -37.699  -33.105  50.708 0.0000000000
61631  -37.703  -32.528  51.218 0.0000000000
63876  -27.685  -30.674  52.324 0.0000000000
63887  -27.701  -30.719  51.390 0.0000000000
63877  -28.347  -30.604  51.885 0.0000000000
63878  -29.245  -30.765  51.635 0.0000000000
63879  -30.083  -30.539  51.290 0.0000000000
57899  -36.205  -33.655  52.187 0.0000000000
57913  -36.257  -33.637  51.539 0.0000000000
57946  -36.848  -34.546  49.160 0.0000000000
62662  -30.412  -31.269  56.418 0.0000000000
62676  -29.255  -31.229  55.781 0.0000000000
63829  -28.532  -30.805  55.269 0.0000000000
62693  -28.035  -31.401  54.389 0.0000000000
61585  -27.983  -31.981  53.868 0.0000000000
62708  -28.188  -31.540  53.754 0.0000000000
133475  -45.347  -13.671  31.562 0.0000000000
83190  -48.183  -13.398  29.523 0.0000000000
67325  -34.597  -29.141  47.715 0.0000000000
72983  -34.041  -22.303  42.388 0.0000000000
70883  -33.179  -24.213  40.881 0.0000000000
53126  -18.802  -38.638  53.479 0.0000000000
53124  -17.508  -38.970  54.686 0.0000000000
52024  -17.464  -40.080  54.621 0.0000000000
49801  -17.676  -42.411  53.782 0.0000000000
61573  -37.628  -31.707  54.498 0.0000000000
61574  -38.391  -31.379  54.516 0.0000000000
61556  -38.880  -31.369  55.453 0.0000000000
62666  -38.981  -31.544  55.766 0.0000000000
61518  -36.116  -32.417  57.338 0.0000000000
61534  -36.348  -32.347  56.088 0.0000000000
60266  -36.592  -32.284  55.623 0.0000000000
59032  -35.940  -32.989  54.394 0.0000000000
79778  -44.301  -16.765  38.377 0.0000000000
80939  -48.411  -15.196  36.560 0.0000000000
80938  -47.575  -15.298  36.230 0.0000000000
82063  -48.379  -14.874  36.028 0.0000000000
82092  -47.852  -14.076  34.620 0.0000000000
83126  -48.552  -13.852  34.412 0.0000000000
80972  -50.730  -15.781  33.396 0.0000000000
71860  -34.366  -23.642  49.656 0.0000000000
71866  -34.235  -23.077  48.600 0.0000000000
74073  -37.654  -21.329  47.499 0.0000000000
72943  -36.507  -21.757  47.493 0.0000000000
72953  -37.153  -21.313  46.940 0.0000000000
72963  -35.944  -21.388  45.970 0.0000000000
74085  -35.409  -21.483  45.100 0.0000000000
74086  -35.695  -21.218  45.290 0.0000000000
74102  -35.904  -21.195  44.691 0.0000000000
74118  -37.358  -21.064  43.724 0.0000000000
74104  -38.008  -20.807  44.515 0.0000000000
59028  -23.333  -34.072  55.362 0.0000000000
57863  -22.926  -34.773  54.419 0.0000000000
87218  -51.980  -9.262  28.516 0.0000000000
87219  -52.391  -9.079  28.247 0.0000000000
87220  -53.072  -9.281  27.739 0.0000000000
88186  -53.069  -8.657  28.052 0.0000000000
62786  -37.344  -31.256  47.936 0.0000000000
65003  -36.464  -30.050  47.887 0.0000000000
64994  -36.924  -29.835  48.430 0.0000000000
66062  -36.338  -29.058  48.728 0.0000000000
68553  -35.964  -28.371  49.921 0.0000000000
64942  -39.177  -30.720  53.849 0.0000000000
64941  -38.488  -30.221  53.578 0.0000000000
64940  -38.334  -29.530  53.661 0.0000000000
64939  -37.812  -29.363  53.431 0.0000000000
67199  -35.664  -27.019  54.406 0.0000000000
68455  -35.696  -26.426  54.381 0.0000000000
67237  -35.341  -27.479  51.332 0.0000000000
67223  -34.737  -27.077  52.390 0.0000000000
68485  -34.595  -26.525  52.601 0.0000000000
68500  -34.170  -26.239  51.443 0.0000000000
69709  -34.030  -25.449  51.566 0.0000000000
70781  -34.295  -24.438  52.499 0.0000000000
72883  -37.328  -22.678  53.841 0.0000000000
62798  -28.534  -31.348  46.890 0.0000000000
61586  -31.898  -32.424  53.073 0.0000000000
59103  -33.391  -33.833  49.694 0.0000000000
60362  -25.800  -32.481  51.785 0.0000000000
60345  -25.579  -33.010  52.158 0.0000000000
59089  -24.961  -33.102  51.278 0.0000000000
60360  -24.899  -32.976  50.975 0.0000000000
57939  -24.378  -34.901  49.023 0.0000000000
83173  -49.941  -13.317  31.878 0.0000000000
83194  -51.694  -12.538  28.929 0.0000000000
85237  -52.271  -11.220  29.245 0.0000000000
86259  -52.157  -10.344  29.136 0.0000000000
85236  -52.445  -10.534  29.613 0.0000000000
46550  -15.212  -45.062  57.960 0.0000000000
69766  -32.302  -25.401  46.762 0.0000000000
68627  -32.123  -26.620  44.699 0.0000000000
74204  -37.054  -21.563  37.404 0.0000000000
75346  -38.551  -20.137  38.408 0.0000000000
73002  -38.565  -21.637  42.100 0.0000000000
70884  -37.884  -22.189  41.315 0.0000000000
71924  -38.699  -21.776  41.671 0.0000000000
75304  -42.907  -20.836  41.345 0.0000000000
75317  -41.538  -20.330  40.553 0.0000000000
76469  -41.664  -19.898  40.404 0.0000000000
77582  -42.957  -18.310  39.394 0.0000000000
76488  -43.377  -18.886  39.838 0.0000000000
54253  -16.610  -38.848  57.258 0.0000000000
54245  -16.283  -39.005  58.118 0.0000000000
53058  -16.543  -39.453  58.664 0.0000000000
51968  -16.503  -40.540  58.078 0.0000000000
50824  -16.467  -41.181  57.830 0.0000000000
49776  -16.578  -42.342  56.990 0.0000000000
45405  -15.624  -46.122  61.536 0.0000000000
46527  -15.628  -45.451  62.078 0.0000000000
47588  -14.282  -44.617  64.792 0.0000000000
60231  -34.668  -33.966  58.952 0.0000000000
61503  -37.261  -32.352  58.108 0.0000000000
79781  -47.274  -15.812  38.491 0.0000000000
80914  -47.746  -15.051  38.030 0.0000000000
79796  -50.498  -15.100  35.887 0.0000000000
80953  -50.110  -15.040  35.325 0.0000000000
79812  -50.311  -15.600  34.558 0.0000000000
72918  -36.780  -22.584  50.324 0.0000000000
72928  -37.451  -22.298  49.545 0.0000000000
72945  -37.740  -21.865  48.285 0.0000000000
74064  -38.207  -21.366  47.937 0.0000000000
74065  -38.517  -20.614  47.451 0.0000000000
75247  -39.336  -19.912  46.231 0.0000000000
56707  -22.566  -36.007  51.252 0.0000000000
55545  -22.201  -36.906  50.771 0.0000000000
51834  -15.427  -40.700  64.512 0.0000000000
60435  -38.018  -33.288  47.970 0.0000000000
60407  -37.630  -33.302  48.960 0.0000000000
70772  -34.863  -24.182  53.853 0.0000000000
60387  -25.538  -32.500  49.516 0.0000000000
60403  -25.674  -32.729  49.231 0.0000000000
61645  -25.987  -32.134  49.641 0.0000000000
62766  -26.648  -31.764  48.830 0.0000000000
63903  -27.749  -30.666  50.390 0.0000000000
63920  -27.891  -30.666  49.442 0.0000000000
62783  -29.000  -30.922  47.964 0.0000000000
62784  -29.946  -31.156  48.161 0.0000000000
62785  -30.501  -31.621  48.577 0.0000000000
59078  -33.873  -33.976  52.922 0.0000000000
60349  -33.576  -33.762  52.777 0.0000000000
57897  -34.012  -33.920  52.584 0.0000000000
57911  -34.043  -33.670  51.990 0.0000000000
57912  -34.165  -33.737  51.381 0.0000000000
56699  -35.197  -34.358  52.047 0.0000000000
56711  -34.786  -34.166  51.577 0.0000000000
56727  -34.398  -33.843  51.064 0.0000000000
56745  -34.144  -33.984  50.049 0.0000000000
60285  -26.326  -32.474  55.120 0.0000000000
61547  -26.961  -31.941  55.859 0.0000000000
61565  -26.337  -32.395  54.083 0.0000000000
61584  -27.588  -32.056  53.584 0.0000000000
61594  -26.688  -32.060  52.547 0.0000000000
60346  -25.976  -32.314  52.190 0.0000000000
61607  -25.718  -32.196  50.853 0.0000000000
82101  -44.297  -14.647  33.840 0.0000000000
82153  -49.467  -14.034  28.067 0.0000000000
83155  -52.677  -13.643  32.765 0.0000000000
84172  -52.537  -13.080  32.088 0.0000000000
83176  -53.083  -13.258  32.043 0.0000000000
87200  -52.565  -9.851  31.566 0.0000000000
71893  -32.446  -23.682  44.575 0.0000000000
70858  -32.040  -24.420  44.028 0.0000000000
74165  -37.190  -21.720  39.176 0.0000000000
72988  -42.640  -21.866  43.121 0.0000000000
73005  -41.561  -21.974  42.344 0.0000000000
73007  -42.816  -21.886  42.916 0.0000000000
74136  -43.070  -21.721  42.627 0.0000000000
75306  -44.843  -20.316  41.506 0.0000000000
76453  -44.899  -19.951  41.258 0.0000000000
54261  -16.760  -37.876  56.648 0.0000000000
53123  -17.120  -39.146  55.305 0.0000000000
54275  -17.030  -38.753  55.660 0.0000000000
54262  -16.749  -38.327  56.230 0.0000000000
53085  -16.740  -39.924  56.462 0.0000000000
51989  -16.785  -40.695  56.133 0.0000000000
49764  -17.795  -41.646  56.477 0.0000000000
49790  -17.197  -42.404  55.929 0.0000000000
44282  -14.406  -47.513  64.218 0.0000000000
59079  -37.264  -32.991  52.080 0.0000000000
60365  -37.417  -32.861  51.920 0.0000000000
60350  -37.536  -32.619  52.478 0.0000000000
60334  -38.297  -32.045  53.185 0.0000000000
62712  -38.842  -30.943  54.120 0.0000000000
62698  -39.491  -31.325  54.919 0.0000000000
62699  -39.629  -31.364  54.276 0.0000000000
64932  -40.042  -30.724  53.947 0.0000000000
64931  -39.530  -30.433  54.406 0.0000000000
63817  -38.671  -30.322  56.672 0.0000000000
62696  -31.537  -31.402  54.284 0.0000000000
62697  -32.370  -31.951  54.511 0.0000000000
60308  -34.079  -33.391  54.315 0.0000000000
60245  -34.710  -33.388  58.036 0.0000000000
61516  -34.674  -32.887  57.129 0.0000000000
61532  -34.747  -32.537  56.135 0.0000000000
60264  -34.321  -32.771  55.849 0.0000000000
59029  -34.618  -33.297  55.090 0.0000000000
60309  -34.454  -33.754  53.951 0.0000000000
60331  -34.408  -33.918  53.650 0.0000000000
57882  -34.997  -34.546  53.461 0.0000000000
57883  -35.639  -34.397  53.263 0.0000000000
59048  -36.171  -33.632  53.966 0.0000000000
59064  -36.169  -33.648  52.994 0.0000000000
57885  -36.296  -33.318  52.585 0.0000000000
57886  -36.864  -32.923  52.344 0.0000000000
62652  -30.389  -31.553  57.410 0.0000000000
78655  -40.496  -17.214  37.297 0.0000000000
79784  -41.049  -16.632  37.296 0.0000000000
80920  -41.655  -15.924  37.409 0.0000000000
79789  -46.443  -15.624  37.515 0.0000000000
80924  -46.087  -15.349  36.930 0.0000000000
80937  -46.661  -15.376  36.288 0.0000000000
80936  -45.780  -15.174  36.068 0.0000000000
82060  -45.084  -14.779  35.653 0.0000000000
82073  -44.773  -14.926  35.273 0.0000000000
82088  -44.183  -15.082  34.596 0.0000000000
83147  -45.099  -14.034  32.747 0.0000000000
83135  -46.730  -13.909  33.459 0.0000000000
82118  -45.843  -13.990  33.034 0.0000000000
83169  -45.360  -13.394  31.930 0.0000000000
84184  -46.239  -13.124  31.496 0.0000000000
83181  -46.755  -12.894  30.552 0.0000000000
84170  -49.483  -13.013  31.946 0.0000000000
83152  -49.641  -13.349  32.505 0.0000000000
82121  -52.001  -14.092  32.690 0.0000000000
79824  -50.401  -16.255  33.887 0.0000000000
79825  -51.365  -16.337  33.808 0.0000000000
80973  -51.760  -15.767  33.338 0.0000000000
82109  -52.247  -14.721  33.341 0.0000000000
67286  -32.739  -26.812  48.446 0.0000000000
68550  -32.787  -26.495  48.702 0.0000000000
68573  -32.472  -26.336  48.145 0.0000000000
69748  -32.704  -25.455  47.732 0.0000000000
70809  -33.419  -24.773  47.904 0.0000000000
70808  -32.956  -25.007  47.638 0.0000000000
70822  -32.714  -24.812  47.282 0.0000000000
70835  -32.494  -24.597  46.341 0.0000000000
70836  -33.205  -24.139  45.811 0.0000000000
72934  -35.528  -22.011  48.248 0.0000000000
72933  -34.842  -22.476  47.918 0.0000000000
72942  -35.660  -22.002  47.431 0.0000000000
72941  -34.773  -22.380  46.997 0.0000000000
70847  -32.841  -23.642  45.148 0.0000000000
71894  -33.234  -23.089  44.471 0.0000000000
71895  -33.577  -22.492  44.053 0.0000000000
71909  -33.686  -22.160  43.710 0.0000000000
74100  -34.686  -21.734  44.296 0.0000000000
72997  -34.282  -22.344  41.935 0.0000000000
73013  -35.454  -21.908  41.182 0.0000000000
73000  -37.166  -21.664  42.405 0.0000000000
74132  -37.670  -21.198  42.907 0.0000000000
73001  -37.868  -21.526  42.314 0.0000000000
72985  -39.959  -21.841  42.864 0.0000000000
72986  -40.839  -21.723  43.162 0.0000000000
75265  -39.245  -19.999  45.372 0.0000000000
75266  -40.393  -20.205  45.368 0.0000000000
75278  -40.802  -20.578  44.832 0.0000000000
74076  -42.147  -20.875  45.637 0.0000000000
74107  -41.467  -20.653  44.615 0.0000000000
72975  -41.221  -21.301  43.810 0.0000000000
71897  -41.927  -21.402  43.546 0.0000000000
71911  -42.271  -21.690  43.300 0.0000000000
71912  -43.047  -21.910  43.718 0.0000000000
71913  -43.598  -22.231  43.926 0.0000000000
56682  -21.072  -36.140  53.850 0.0000000000
56666  -20.385  -35.996  53.701 0.0000000000
56665  -19.672  -35.961  53.923 0.0000000000
54279  -19.586  -37.295  53.549 0.0000000000
53143  -19.531  -38.495  52.502 0.0000000000
53142  -19.252  -38.515  53.088 0.0000000000
90173  -52.077  -7.186  28.759 0.0000000000
89157  -52.819  -7.582  28.534 0.0000000000
66078  -35.384  -29.502  47.958 0.0000000000
66077  -34.806  -29.370  47.929 0.0000000000
60366  -37.524  -32.691  51.726 0.0000000000
61612  -37.591  -31.868  52.037 0.0000000000
62757  -37.891  -31.823  51.215 0.0000000000
63881  -38.475  -31.123  52.154 0.0000000000
63880  -38.455  -31.218  51.688 0.0000000000
63892  -38.592  -31.058  51.086 0.0000000000
63891  -38.268  -31.194  50.606 0.0000000000
63908  -38.256  -30.160  50.639 0.0000000000
64982  -37.117  -29.490  50.338 0.0000000000
65999  -37.327  -28.637  53.639 0.0000000000
65998  -36.864  -28.495  53.312 0.0000000000
66011  -37.369  -29.207  52.512 0.0000000000
133257  -37.133  -29.172  51.827 0.0000000000
133262  -36.572  -29.006  50.281 0.0000000000
68554  -36.428  -28.793  50.023 0.0000000000
68533  -36.337  -28.040  50.214 0.0000000000
68532  -36.053  -27.720  50.184 0.0000000000
67272  -35.075  -27.873  49.780 0.0000000000
70797  -33.234  -24.748  50.001 0.0000000000
70787  -33.762  -25.031  51.113 0.0000000000
70792  -33.615  -24.929  50.751 0.0000000000
70793  -33.899  -24.288  50.362 0.0000000000
72916  -35.025  -22.980  50.595 0.0000000000
71828  -37.351  -23.009  53.328 0.0000000000
71837  -36.927  -23.073  52.766 0.0000000000
72904  -36.107  -22.478  51.190 0.0000000000
62736  -30.101  -30.815  51.957 0.0000000000
62724  -31.500  -31.767  52.324 0.0000000000
62769  -30.871  -31.562  49.411 0.0000000000
61647  -31.047  -31.964  48.761 0.0000000000
60363  -32.057  -33.153  50.762 0.0000000000
60375  -32.531  -33.416  50.140 0.0000000000
60374  -31.886  -33.065  49.780 0.0000000000
60388  -31.680  -33.060  48.824 0.0000000000
61665  -31.331  -32.455  48.438 0.0000000000
60282  -24.226  -33.613  55.777 0.0000000000
57896  -23.380  -34.596  52.400 0.0000000000
60325  -25.098  -33.378  53.668 0.0000000000
60344  -25.046  -33.454  52.747 0.0000000000
60343  -24.368  -33.370  53.184 0.0000000000
57938  -23.801  -35.333  49.497 0.0000000000
83191  -48.532  -13.016  29.738 0.0000000000
84211  -48.793  -12.757  28.802 0.0000000000
84212  -49.246  -12.660  28.421 0.0000000000
83198  -49.983  -12.948  28.135 0.0000000000
84188  -52.017  -12.642  31.887 0.0000000000
83202  -51.198  -13.156  27.230 0.0000000000
85243  -52.477  -11.344  27.361 0.0000000000
86262  -51.884  -9.639  28.834 0.0000000000
86269  -51.847  -9.714  28.225 0.0000000000
87209  -51.828  -9.013  29.266 0.0000000000
87207  -51.415  -8.041  29.520 0.0000000000
90166  -51.520  -6.889  30.992 0.0000000000
49739  -16.221  -42.288  60.301 0.0000000000
48717  -15.797  -43.080  59.908 0.0000000000
45416  -15.507  -46.137  59.556 0.0000000000
67323  -33.186  -28.114  46.904 0.0000000000
69819  -31.640  -25.844  44.181 0.0000000000
77599  -39.601  -18.313  37.610 0.0000000000
71936  -35.995  -22.312  40.879 0.0000000000
71954  -36.888  -22.392  40.320 0.0000000000
73027  -37.421  -22.221  39.930 0.0000000000
73041  -37.745  -21.817  39.692 0.0000000000
74166  -38.226  -21.443  39.134 0.0000000000
133273  -40.947  -22.129  41.732 0.0000000000
73045  -40.504  -21.427  40.565 0.0000000000
75347  -38.906  -20.093  39.080 0.0000000000
76485  -40.492  -19.718  39.550 0.0000000000
76484  -39.923  -19.409  39.492 0.0000000000
76504  -39.050  -19.311  38.938 0.0000000000
77589  -39.813  -18.593  38.397 0.0000000000
77600  -40.523  -18.072  37.759 0.0000000000
78651  -42.419  -17.533  38.602 0.0000000000
78652  -43.129  -17.176  38.567 0.0000000000
78643  -43.576  -17.355  39.106 0.0000000000
79769  -43.703  -16.871  39.076 0.0000000000
79771  -44.828  -16.726  39.140 0.0000000000
76473  -45.595  -19.232  40.865 0.0000000000
51877  -15.324  -40.350  60.609 0.0000000000
53024  -16.001  -39.156  60.178 0.0000000000
51898  -15.778  -40.269  59.875 0.0000000000
50788  -16.343  -41.539  59.838 0.0000000000
48760  -16.637  -42.723  56.013 0.0000000000
48751  -16.374  -43.829  56.127 0.0000000000
49727  -15.857  -42.186  60.985 0.0000000000
49711  -16.117  -42.235  61.664 0.0000000000
49697  -16.256  -42.206  62.517 0.0000000000
48672  -16.349  -42.843  63.573 0.0000000000
49682  -15.861  -42.298  63.982 0.0000000000
44305  -15.515  -47.799  61.518 0.0000000000
46519  -15.693  -45.246  62.995 0.0000000000
49675  -15.433  -42.483  64.582 0.0000000000
49671  -14.887  -42.614  65.170 0.0000000000
49670  -14.168  -42.694  65.390 0.0000000000
43211  -13.949  -47.863  64.166 0.0000000000
44279  -13.928  -47.236  64.817 0.0000000000
46505  -13.989  -46.159  64.918 0.0000000000
47587  -13.553  -44.418  64.665 0.0000000000
44276  -13.911  -46.777  65.139 0.0000000000
45381  -13.779  -46.434  64.989 0.0000000000
45382  -14.212  -46.487  64.957 0.0000000000
46506  -14.173  -45.974  64.777 0.0000000000
49789  -16.779  -42.423  56.354 0.0000000000
50826  -17.151  -41.326  56.375 0.0000000000
50886  -18.441  -40.765  53.079 0.0000000000
51837  -15.136  -40.159  64.288 0.0000000000
51855  -15.130  -41.205  61.541 0.0000000000
51857  -15.140  -39.866  61.278 0.0000000000
51875  -15.095  -41.208  61.268 0.0000000000
51876  -15.265  -41.184  60.974 0.0000000000
51897  -15.943  -40.912  60.279 0.0000000000
51945  -16.675  -40.044  58.488 0.0000000000
51987  -16.632  -39.949  56.264 0.0000000000
51988  -16.646  -40.164  56.157 0.0000000000
53011  -14.862  -41.078  61.466 0.0000000000
53012  -14.875  -40.765  61.423 0.0000000000
53013  -14.987  -40.369  61.327 0.0000000000
53021  -14.973  -41.250  61.097 0.0000000000
53023  -15.117  -40.064  60.965 0.0000000000
53059  -16.585  -39.554  58.952 0.0000000000
53086  -16.752  -39.744  56.632 0.0000000000
53105  -16.724  -39.734  56.293 0.0000000000
53106  -16.852  -39.378  55.939 0.0000000000
54295  -19.375  -38.219  53.438 0.0000000000
54331  -21.073  -37.802  50.741 0.0000000000
54352  -21.235  -37.790  50.590 0.0000000000
55484  -16.903  -37.466  56.880 0.0000000000
55494  -16.826  -37.708  56.475 0.0000000000
55507  -19.787  -36.691  53.346 0.0000000000
55543  -21.265  -37.632  50.780 0.0000000000
55558  -21.416  -37.633  50.583 0.0000000000
56663  -18.739  -36.548  55.101 0.0000000000
56668  -34.596  -35.322  52.852 0.0000000000
56669  -34.815  -35.313  52.946 0.0000000000
56670  -35.175  -35.095  52.937 0.0000000000
56671  -35.348  -34.684  52.862 0.0000000000
56684  -34.582  -35.065  52.888 0.0000000000
56685  -34.825  -34.879  52.788 0.0000000000
56687  -35.496  -34.354  52.548 0.0000000000
56696  -34.152  -34.072  52.670 0.0000000000
56698  -34.825  -34.379  52.311 0.0000000000
56709  -34.213  -33.950  52.381 0.0000000000
56748  -35.553  -33.724  49.523 0.0000000000
57864  -34.601  -35.229  53.069 0.0000000000
57866  -35.264  -34.737  53.153 0.0000000000
57868  -36.165  -33.072  52.753 0.0000000000
57869  -36.385  -32.809  52.665 0.0000000000
57881  -34.511  -34.739  53.112 0.0000000000
57884  -36.006  -34.046  52.744 0.0000000000
57898  -34.089  -34.246  52.911 0.0000000000
57915  -37.285  -33.836  50.974 0.0000000000
59045  -34.557  -33.430  54.842 0.0000000000
59051  -37.684  -32.509  53.182 0.0000000000
59061  -34.867  -34.168  53.996 0.0000000000
59063  -36.172  -33.993  53.369 0.0000000000
59066  -37.825  -32.679  53.118 0.0000000000
59104  -37.521  -34.174  50.324 0.0000000000
59106  -37.651  -33.315  50.858 0.0000000000
60265  -34.528  -32.782  55.619 0.0000000000
60267  -36.686  -32.178  55.391 0.0000000000
60310  -35.570  -32.733  54.988 0.0000000000
60314  -38.149  -31.941  53.552 0.0000000000
60332  -37.736  -32.773  52.912 0.0000000000
60333  -38.080  -32.494  53.159 0.0000000000
60352  -38.287  -32.093  52.893 0.0000000000
60361  -25.408  -32.665  51.225 0.0000000000
61537  -39.297  -31.618  55.884 0.0000000000
61551  -34.764  -32.652  55.567 0.0000000000
61553  -35.714  -32.521  55.496 0.0000000000
61568  -28.107  -31.873  54.055 0.0000000000
61571  -35.350  -32.835  55.111 0.0000000000
61572  -35.504  -32.675  55.206 0.0000000000
61587  -32.405  -32.556  53.578 0.0000000000
61588  -38.166  -31.441  53.607 0.0000000000
61595  -27.247  -32.241  52.944 0.0000000000
61597  -32.260  -33.204  52.314 0.0000000000
61598  -37.961  -31.874  52.684 0.0000000000
61599  -38.221  -31.780  52.918 0.0000000000
61625  -24.496  -32.358  49.944 0.0000000000
61626  -25.101  -32.132  50.304 0.0000000000
61643  -24.842  -32.516  49.681 0.0000000000
61644  -25.157  -32.266  49.746 0.0000000000
62682  -40.121  -31.311  54.867 0.0000000000
62707  -27.762  -31.758  53.404 0.0000000000
62734  -26.831  -31.639  52.302 0.0000000000
62740  -37.946  -31.466  52.503 0.0000000000
62751  -24.528  -31.999  49.787 0.0000000000
62752  -24.492  -31.796  50.102 0.0000000000
62765  -24.824  -31.909  49.821 0.0000000000
62797  -27.365  -31.850  47.301 0.0000000000
63801  -31.994  -31.619  57.405 0.0000000000
63809  -32.028  -31.591  57.172 0.0000000000
63815  -30.756  -30.776  56.058 0.0000000000
63830  -30.739  -30.798  55.813 0.0000000000
63831  -30.853  -30.948  55.678 0.0000000000
63844  -27.913  -31.328  55.642 0.0000000000
63845  -27.948  -30.821  54.985 0.0000000000
63846  -28.268  -30.782  54.750 0.0000000000
63848  -40.321  -30.956  54.407 0.0000000000
63855  -37.987  -29.528  53.493 0.0000000000
63856  -38.102  -29.702  53.465 0.0000000000
63857  -38.176  -29.943  53.418 0.0000000000
63858  -39.777  -31.050  53.866 0.0000000000
63864  -28.363  -30.710  52.580 0.0000000000
63866  -37.892  -29.687  53.334 0.0000000000
63867  -37.920  -29.956  53.199 0.0000000000
63868  -37.967  -30.188  53.104 0.0000000000
64921  -39.603  -30.542  54.981 0.0000000000
64950  -38.014  -30.386  52.768 0.0000000000
64958  -39.136  -29.803  51.807 0.0000000000
64959  -39.060  -30.321  52.051 0.0000000000
64970  -39.217  -30.121  51.578 0.0000000000
66000  -38.215  -28.977  53.799 0.0000000000
66012  -37.853  -29.834  52.362 0.0000000000
66013  -38.043  -29.797  52.286 0.0000000000
66014  -38.400  -30.237  52.258 0.0000000000
66036  -38.651  -29.740  51.678 0.0000000000
66092  -34.872  -29.478  47.254 0.0000000000
67309  -35.446  -29.018  48.438 0.0000000000
67324  -34.492  -28.878  47.800 0.0000000000
68486  -34.906  -26.802  52.889 0.0000000000
68514  -33.844  -26.338  50.713 0.0000000000
68516  -35.914  -27.587  50.003 0.0000000000
68517  -36.318  -27.547  50.005 0.0000000000
68531  -35.359  -27.852  49.807 0.0000000000
69666  -34.591  -25.168  53.878 0.0000000000
69678  -33.920  -25.023  53.001 0.0000000000
69697  -34.043  -24.860  52.634 0.0000000000
69708  -33.779  -25.536  51.092 0.0000000000
69737  -33.095  -25.359  48.770 0.0000000000
69820  -31.698  -25.578  43.724 0.0000000000
70770  -34.072  -24.741  53.144 0.0000000000
70871  -37.929  -21.890  41.525 0.0000000000
70872  -38.427  -21.877  41.455 0.0000000000
70885  -38.125  -22.074  41.319 0.0000000000
70897  -38.049  -22.240  41.173 0.0000000000
71825  -34.802  -23.957  53.594 0.0000000000
71896  -41.367  -21.527  43.355 0.0000000000
71900  -43.759  -22.190  44.143 0.0000000000
71910  -41.448  -21.764  43.047 0.0000000000
71914  -43.952  -22.339  44.078 0.0000000000
71923  -37.987  -21.762  41.747 0.0000000000
71926  -41.732  -21.782  42.826 0.0000000000
71938  -37.659  -22.203  41.436 0.0000000000
71939  -37.858  -21.926  41.623 0.0000000000
71984  -35.704  -23.006  39.032 0.0000000000
72954  -37.399  -20.821  46.553 0.0000000000
72956  -42.793  -21.133  45.360 0.0000000000
72964  -36.744  -21.093  46.236 0.0000000000
72972  -33.679  -22.501  44.478 0.0000000000
72977  -42.597  -21.317  44.490 0.0000000000
72987  -42.098  -21.769  42.811 0.0000000000
73006  -42.278  -21.761  42.467 0.0000000000
73017  -37.954  -21.698  41.893 0.0000000000
73044  -40.243  -21.467  40.280 0.0000000000
74051  -35.667  -21.840  48.167 0.0000000000
74052  -35.857  -21.689  48.143 0.0000000000
74063  -37.751  -21.523  47.737 0.0000000000
74091  -42.052  -20.517  45.273 0.0000000000
74101  -35.184  -21.672  44.623 0.0000000000
74123  -43.814  -21.714  43.306 0.0000000000
74153  -40.709  -21.099  40.271 0.0000000000
74164  -36.796  -21.875  39.226 0.0000000000
74169  -40.521  -21.317  40.307 0.0000000000
75262  -35.546  -21.286  44.978 0.0000000000
75263  -35.688  -21.092  45.066 0.0000000000
75277  -35.724  -21.166  44.863 0.0000000000
75320  -44.256  -20.321  41.164 0.0000000000
75330  -41.025  -20.265  40.269 0.0000000000
76400  -38.636  -19.879  46.134 0.0000000000
76401  -38.872  -19.814  46.114 0.0000000000
76410  -38.690  -19.832  45.937 0.0000000000
76411  -38.954  -19.803  45.831 0.0000000000
76467  -40.114  -19.305  39.554 0.0000000000
76468  -40.253  -19.456  39.469 0.0000000000
77567  -40.258  -19.216  39.423 0.0000000000
78650  -41.743  -17.531  38.386 0.0000000000
78657  -42.303  -17.129  38.017 0.0000000000
79770  -44.019  -16.801  39.112 0.0000000000
79783  -40.641  -16.916  37.065 0.0000000000
79811  -49.733  -15.961  34.275 0.0000000000
80932  -41.576  -15.438  37.144 0.0000000000
80933  -42.031  -15.026  37.438 0.0000000000
80951  -47.051  -15.432  35.832 0.0000000000
82050  -41.711  -15.626  37.454 0.0000000000
82051  -41.924  -15.624  37.562 0.0000000000
82058  -41.677  -15.410  37.380 0.0000000000
82059  -41.869  -15.377  37.530 0.0000000000
82061  -45.308  -14.867  35.825 0.0000000000
82079  -49.622  -14.867  35.781 0.0000000000
82104  -47.123  -14.072  33.898 0.0000000000
83148  -45.456  -13.872  32.614 0.0000000000
83149  -46.341  -13.738  32.858 0.0000000000
83168  -44.898  -13.786  32.471 0.0000000000
83183  -48.587  -12.968  29.968 0.0000000000
84185  -48.984  -12.718  31.784 0.0000000000
84204  -48.537  -13.039  29.505 0.0000000000
87204  -51.548  -8.125  29.972 0.0000000000
87206  -51.672  -8.785  29.601 0.0000000000
88178  -52.836  -8.229  28.330 0.0000000000
89149  -51.396  -7.713  31.381 0.0000000000
90172  -51.514  -7.493  29.261 0.0000000000
133259  -36.518  -28.671  50.457 0.0000000000
133260  -36.273  -28.159  50.377 0.0000000000
133263  -38.715  -21.875  41.394 0.0000000000
133265  -40.373  -22.082  42.040 0.0000000000
133266  -40.585  -22.145  42.120 0.0000000000
133267  -40.510  -21.943  41.566 0.0000000000
133268  -40.389  -22.003  41.769 0.0000000000
133269  -40.336  -22.028  41.877 0.0000000000
133270  -40.565  -22.117  41.890 0.0000000000
133271  -41.560  -21.964  41.893 0.0000000000
133272  -40.692  -22.112  41.692 0.0000000000
133477  -45.498  -13.492  31.629 0.0000000000
133594  -51.467  -8.050  30.272 0.0000000000
133595  -51.347  -8.032  30.540 0.0000000000
133596  -51.541  -7.881  29.964 0.0000000000
133599  -51.580  -7.483  29.851 0.0000000000
133600  -51.379  -7.781  28.926 0.0000000000
