#!ascii label  , from subject 3134 vox2ras=TkReg
1659
64879  -37.546  -29.585  61.857 0.0000000000
82036  -53.090  -14.189  39.336 0.0000000000
76312  -43.138  -19.245  51.172 0.0000000000
56642  -9.426  -37.075  57.036 0.0000000000
58992  -24.250  -33.914  59.291 0.0000000000
64906  -13.367  -29.473  56.797 0.0000000000
65891  -9.315  -28.250  63.102 0.0000000000
75281  -48.271  -20.257  44.330 0.0000000000
66059  -9.605  -28.452  48.623 0.0000000000
51831  -11.702  -40.925  64.834 0.0000000000
65983  -38.049  -28.256  55.947 0.0000000000
61501  -34.441  -33.437  58.881 0.0000000000
61466  -31.475  -32.394  60.903 0.0000000000
83119  -55.805  -13.804  35.540 0.0000000000
74067  -45.263  -20.688  47.488 0.0000000000
57851  -20.716  -35.052  55.251 0.0000000000
71813  -10.673  -24.086  54.769 0.0000000000
61523  -9.722  -32.727  56.052 0.0000000000
60340  -10.950  -33.496  52.469 0.0000000000
55529  -9.252  -37.389  53.220 0.0000000000
56599  -14.809  -36.236  66.087 0.0000000000
55418  -12.060  -37.245  67.202 0.0000000000
73989  -40.113  -21.778  54.179 0.0000000000
61416  -28.868  -33.268  64.001 0.0000000000
61528  -27.021  -32.329  56.769 0.0000000000
65946  -10.547  -28.476  59.784 0.0000000000
61473  -8.814  -33.307  59.861 0.0000000000
78634  -51.016  -17.307  42.367 0.0000000000
58956  -15.703  -34.817  62.782 0.0000000000
57826  -17.164  -34.963  57.999 0.0000000000
66009  -14.068  -28.117  52.478 0.0000000000
60398  -10.318  -33.533  47.542 0.0000000000
62550  -10.115  -31.367  66.951 0.0000000000
57795  -9.771  -35.493  64.020 0.0000000000
53009  -9.298  -39.232  62.073 0.0000000000
67097  -39.005  -27.497  61.482 0.0000000000
63789  -38.731  -31.053  60.025 0.0000000000
65966  -39.441  -28.532  58.770 0.0000000000
61454  -36.718  -31.807  61.189 0.0000000000
61502  -36.400  -32.646  58.432 0.0000000000
61436  -34.901  -31.873  62.166 0.0000000000
82055  -54.958  -14.137  37.592 0.0000000000
80909  -49.962  -15.385  39.026 0.0000000000
82066  -51.776  -14.603  36.490 0.0000000000
80956  -53.280  -15.572  35.110 0.0000000000
76376  -44.279  -19.402  48.761 0.0000000000
74045  -38.867  -21.687  50.000 0.0000000000
75219  -40.468  -20.135  48.723 0.0000000000
75250  -42.679  -20.494  46.515 0.0000000000
59008  -8.856  -35.189  56.386 0.0000000000
59041  -9.278  -34.668  54.253 0.0000000000
55492  -9.392  -37.214  55.181 0.0000000000
52021  -9.806  -40.550  54.052 0.0000000000
53084  -9.547  -39.610  56.278 0.0000000000
54199  -15.343  -38.712  63.048 0.0000000000
54192  -14.897  -38.786  64.986 0.0000000000
75115  -39.139  -21.421  55.963 0.0000000000
69631  -36.646  -25.422  57.738 0.0000000000
68456  -36.072  -26.586  54.864 0.0000000000
71799  -36.145  -23.611  56.484 0.0000000000
72876  -37.099  -22.738  54.532 0.0000000000
61389  -30.636  -32.826  65.890 0.0000000000
62652  -30.389  -31.553  57.410 0.0000000000
62639  -28.970  -31.601  59.151 0.0000000000
83158  -55.796  -13.443  31.817 0.0000000000
86240  -53.759  -10.604  32.713 0.0000000000
65920  -8.617  -28.838  61.304 0.0000000000
63788  -9.484  -30.719  59.772 0.0000000000
62614  -9.455  -31.666  61.231 0.0000000000
76445  -50.015  -19.758  43.121 0.0000000000
74124  -44.970  -21.626  43.759 0.0000000000
75293  -46.092  -20.444  42.425 0.0000000000
77557  -47.754  -18.375  41.699 0.0000000000
60123  -16.184  -33.123  66.235 0.0000000000
60158  -16.806  -32.619  63.942 0.0000000000
68414  -14.246  -26.579  57.003 0.0000000000
69660  -14.270  -25.920  54.759 0.0000000000
64918  -14.215  -29.353  55.081 0.0000000000
57920  -10.382  -35.504  50.614 0.0000000000
60370  -11.115  -34.028  49.799 0.0000000000
56756  -9.684  -36.001  48.422 0.0000000000
61342  -11.180  -31.948  68.221 0.0000000000
52985  -11.729  -39.048  66.595 0.0000000000
56592  -10.288  -36.504  66.146 0.0000000000
54191  -10.324  -38.526  64.552 0.0000000000
55435  -9.243  -37.645  62.688 0.0000000000
51836  -10.468  -40.681  63.703 0.0000000000
68411  -38.284  -27.048  58.431 0.0000000000
61406  -32.867  -32.292  64.658 0.0000000000
61421  -33.928  -32.427  63.702 0.0000000000
61484  -32.520  -32.533  59.791 0.0000000000
85204  -56.828  -12.132  34.529 0.0000000000
83129  -54.549  -14.243  34.223 0.0000000000
74082  -47.139  -20.759  46.283 0.0000000000
72968  -43.588  -21.608  44.862 0.0000000000
59028  -23.333  -34.072  55.362 0.0000000000
58999  -22.421  -34.104  57.262 0.0000000000
68479  -10.936  -26.432  52.067 0.0000000000
62657  -11.734  -31.184  56.698 0.0000000000
62688  -12.516  -31.258  54.629 0.0000000000
60302  -9.969  -33.294  54.088 0.0000000000
57894  -10.227  -35.415  52.404 0.0000000000
55557  -9.578  -37.808  51.310 0.0000000000
58940  -14.114  -34.909  67.749 0.0000000000
57782  -12.537  -34.907  68.307 0.0000000000
56590  -13.404  -36.361  67.399 0.0000000000
54188  -13.528  -38.837  66.132 0.0000000000
75163  -42.044  -20.914  52.995 0.0000000000
72895  -38.253  -22.562  52.484 0.0000000000
60200  -26.818  -33.610  61.124 0.0000000000
61431  -30.336  -33.054  62.709 0.0000000000
61479  -27.639  -32.772  59.961 0.0000000000
60242  -25.563  -32.945  57.430 0.0000000000
68393  -13.032  -26.591  59.112 0.0000000000
68380  -11.976  -25.855  60.448 0.0000000000
65958  -11.835  -29.032  58.809 0.0000000000
63797  -10.588  -30.791  58.219 0.0000000000
60218  -8.659  -33.442  58.359 0.0000000000
57823  -9.422  -35.907  58.676 0.0000000000
80890  -51.697  -15.678  41.367 0.0000000000
79765  -49.236  -16.723  40.803 0.0000000000
58945  -14.943  -34.616  66.807 0.0000000000
57797  -15.480  -35.622  64.638 0.0000000000
54207  -15.587  -37.998  60.991 0.0000000000
60223  -21.338  -33.830  59.083 0.0000000000
60194  -19.499  -33.203  60.372 0.0000000000
60184  -18.026  -32.663  62.017 0.0000000000
58970  -16.388  -34.829  60.107 0.0000000000
54224  -15.640  -38.197  58.848 0.0000000000
71805  -12.957  -23.260  55.713 0.0000000000
69671  -12.487  -25.912  52.955 0.0000000000
67251  -12.010  -27.720  50.265 0.0000000000
62718  -13.304  -31.091  52.466 0.0000000000
62762  -12.792  -31.387  49.393 0.0000000000
62777  -9.884  -31.051  48.074 0.0000000000
64846  -9.537  -29.416  65.010 0.0000000000
58936  -10.791  -34.598  67.258 0.0000000000
60130  -9.686  -33.797  65.621 0.0000000000
62597  -9.471  -31.812  63.677 0.0000000000
58955  -8.910  -34.906  62.616 0.0000000000
57806  -8.776  -35.990  61.147 0.0000000000
55449  -9.400  -38.300  59.716 0.0000000000
48670  -11.969  -43.051  63.596 0.0000000000
50749  -10.823  -41.951  62.395 0.0000000000
53057  -10.135  -40.527  58.064 0.0000000000
64880  -38.342  -29.021  61.897 0.0000000000
65907  -37.360  -28.645  62.803 0.0000000000
63786  -38.386  -30.519  60.839 0.0000000000
64889  -39.117  -29.871  60.790 0.0000000000
63783  -37.240  -30.664  61.835 0.0000000000
62628  -37.933  -31.302  60.333 0.0000000000
64871  -37.045  -29.693  63.041 0.0000000000
62604  -36.419  -30.952  62.489 0.0000000000
82045  -54.210  -14.233  38.239 0.0000000000
80911  -51.621  -14.899  39.636 0.0000000000
80917  -50.590  -15.133  38.337 0.0000000000
82043  -52.209  -14.582  38.006 0.0000000000
82053  -52.933  -14.487  37.322 0.0000000000
76355  -43.712  -19.335  49.514 0.0000000000
76335  -44.938  -19.340  50.485 0.0000000000
76313  -44.069  -19.412  51.280 0.0000000000
74047  -40.305  -21.033  49.146 0.0000000000
75203  -41.293  -19.869  49.908 0.0000000000
76374  -42.571  -19.554  48.662 0.0000000000
57839  -8.618  -35.977  56.698 0.0000000000
57847  -8.631  -35.859  55.697 0.0000000000
56652  -9.354  -37.153  56.360 0.0000000000
54260  -9.357  -38.420  55.182 0.0000000000
54243  -9.669  -38.726  57.006 0.0000000000
51840  -15.550  -39.451  61.851 0.0000000000
51839  -15.506  -40.271  62.502 0.0000000000
71782  -36.826  -23.845  58.225 0.0000000000
71790  -36.244  -23.996  57.266 0.0000000000
72844  -36.905  -22.701  57.408 0.0000000000
73958  -37.558  -21.737  56.271 0.0000000000
85208  -55.649  -11.420  33.425 0.0000000000
85219  -55.058  -11.860  32.742 0.0000000000
88157  -54.149  -9.045  33.834 0.0000000000
64873  -8.431  -29.297  62.209 0.0000000000
64882  -8.835  -29.821  61.175 0.0000000000
63782  -9.211  -30.555  61.765 0.0000000000
75298  -49.613  -20.135  43.467 0.0000000000
76431  -51.268  -19.228  44.290 0.0000000000
74111  -46.899  -20.345  44.488 0.0000000000
74138  -45.511  -21.105  42.736 0.0000000000
75286  -47.575  -19.665  43.513 0.0000000000
75296  -48.253  -19.603  43.360 0.0000000000
62553  -16.777  -31.869  66.002 0.0000000000
62586  -17.965  -31.885  65.295 0.0000000000
58973  -25.073  -33.966  60.982 0.0000000000
58971  -23.920  -33.553  60.632 0.0000000000
67248  -9.643  -27.137  50.080 0.0000000000
67152  -14.012  -27.695  57.120 0.0000000000
67169  -14.346  -27.661  56.088 0.0000000000
64908  -13.940  -29.501  55.970 0.0000000000
56737  -9.033  -37.367  49.373 0.0000000000
56738  -9.783  -36.344  49.463 0.0000000000
56755  -8.920  -36.859  48.462 0.0000000000
62527  -11.743  -31.744  68.158 0.0000000000
62552  -12.255  -32.604  67.760 0.0000000000
51825  -11.891  -40.380  65.500 0.0000000000
52987  -11.090  -39.493  65.971 0.0000000000
51824  -11.117  -40.303  65.224 0.0000000000
52993  -10.400  -39.031  64.164 0.0000000000
51830  -10.855  -40.738  64.534 0.0000000000
68388  -39.701  -26.943  60.201 0.0000000000
67151  -39.377  -27.836  58.431 0.0000000000
69624  -39.295  -26.367  59.605 0.0000000000
70717  -38.235  -24.985  59.453 0.0000000000
61469  -34.474  -32.580  60.571 0.0000000000
61451  -34.283  -32.354  61.555 0.0000000000
61485  -33.610  -32.715  59.631 0.0000000000
62643  -32.068  -31.887  57.667 0.0000000000
83120  -56.394  -13.201  34.985 0.0000000000
82083  -54.513  -14.905  35.544 0.0000000000
80964  -53.427  -15.514  34.331 0.0000000000
82096  -54.863  -14.396  34.655 0.0000000000
83131  -56.225  -13.384  33.723 0.0000000000
74081  -46.149  -20.689  46.534 0.0000000000
75238  -47.872  -20.839  47.413 0.0000000000
75224  -47.571  -20.342  47.952 0.0000000000
75252  -44.191  -20.249  46.989 0.0000000000
74092  -43.007  -21.186  45.500 0.0000000000
72958  -44.265  -20.857  45.850 0.0000000000
74095  -45.264  -20.832  45.781 0.0000000000
70752  -10.121  -24.458  54.357 0.0000000000
69668  -9.952  -25.406  53.172 0.0000000000
69669  -10.795  -25.511  53.139 0.0000000000
61524  -10.703  -32.092  56.306 0.0000000000
61544  -11.415  -32.101  55.579 0.0000000000
61542  -9.683  -33.027  55.287 0.0000000000
56679  -9.452  -36.547  53.757 0.0000000000
59058  -9.389  -34.604  53.431 0.0000000000
56692  -9.606  -36.402  52.879 0.0000000000
56704  -10.110  -36.621  51.888 0.0000000000
55542  -9.617  -37.540  52.320 0.0000000000
54310  -9.548  -38.449  52.799 0.0000000000
57791  -14.248  -35.575  66.952 0.0000000000
57788  -13.660  -35.579  67.374 0.0000000000
56594  -14.204  -36.489  66.763 0.0000000000
52992  -15.591  -40.223  64.977 0.0000000000
54189  -14.361  -38.679  65.749 0.0000000000
51828  -14.684  -40.752  65.410 0.0000000000
51827  -13.776  -40.806  65.778 0.0000000000
74004  -40.820  -21.681  53.458 0.0000000000
73988  -38.950  -21.723  54.208 0.0000000000
72884  -37.904  -22.537  53.443 0.0000000000
72886  -39.341  -22.296  53.082 0.0000000000
74013  -40.023  -21.947  52.355 0.0000000000
60166  -27.852  -33.059  64.356 0.0000000000
60179  -26.850  -33.729  63.093 0.0000000000
61428  -27.455  -33.164  62.684 0.0000000000
61433  -32.181  -32.645  62.726 0.0000000000
61418  -31.027  -32.963  63.419 0.0000000000
61448  -31.387  -32.629  61.825 0.0000000000
61511  -27.858  -32.249  57.564 0.0000000000
61480  -28.728  -32.114  59.743 0.0000000000
61494  -27.697  -32.450  58.747 0.0000000000
61493  -26.601  -32.858  59.091 0.0000000000
60243  -26.287  -32.815  56.830 0.0000000000
60283  -24.934  -33.395  55.561 0.0000000000
67113  -10.210  -27.600  60.524 0.0000000000
67127  -11.369  -27.703  59.758 0.0000000000
65947  -11.530  -28.749  59.389 0.0000000000
63798  -11.417  -30.299  58.268 0.0000000000
63793  -10.862  -30.221  58.878 0.0000000000
61475  -9.444  -32.147  59.630 0.0000000000
62629  -9.418  -31.725  59.259 0.0000000000
61490  -8.757  -33.117  59.039 0.0000000000
60234  -8.394  -34.163  57.823 0.0000000000
60217  -8.636  -34.033  59.019 0.0000000000
79757  -51.355  -16.782  41.909 0.0000000000
79759  -53.248  -15.895  41.835 0.0000000000
79744  -52.131  -16.717  42.479 0.0000000000
77559  -49.316  -18.166  42.262 0.0000000000
78630  -47.811  -17.755  41.078 0.0000000000
79755  -49.550  -16.949  41.331 0.0000000000
79766  -50.169  -16.123  40.819 0.0000000000
60115  -15.567  -33.756  67.648 0.0000000000
60143  -15.994  -33.993  64.034 0.0000000000
58949  -15.610  -34.710  64.374 0.0000000000
57800  -15.994  -35.626  63.556 0.0000000000
56610  -15.787  -36.654  62.648 0.0000000000
56614  -15.853  -36.548  61.585 0.0000000000
60258  -21.546  -33.690  55.946 0.0000000000
58989  -21.880  -34.191  58.231 0.0000000000
58997  -20.507  -34.157  57.115 0.0000000000
58994  -17.967  -34.744  57.225 0.0000000000
58986  -18.938  -34.042  58.256 0.0000000000
60203  -18.091  -34.081  59.434 0.0000000000
60193  -18.422  -33.233  60.707 0.0000000000
60192  -17.275  -33.738  60.202 0.0000000000
60183  -17.263  -33.419  61.438 0.0000000000
58976  -16.572  -34.681  59.219 0.0000000000
54244  -16.129  -38.174  57.771 0.0000000000
71792  -13.574  -23.136  56.525 0.0000000000
68448  -13.997  -26.626  54.149 0.0000000000
69659  -13.557  -25.721  54.192 0.0000000000
67207  -13.406  -27.126  52.902 0.0000000000
67220  -12.437  -27.245  52.093 0.0000000000
66021  -13.589  -27.982  51.473 0.0000000000
62716  -12.153  -32.030  53.473 0.0000000000
62717  -12.675  -31.765  52.882 0.0000000000
61606  -12.177  -32.532  51.869 0.0000000000
59126  -11.032  -34.303  48.597 0.0000000000
61641  -12.408  -32.511  49.512 0.0000000000
61660  -11.385  -32.483  47.957 0.0000000000
62779  -11.585  -31.588  48.403 0.0000000000
61676  -10.021  -32.584  47.459 0.0000000000
61696  -8.844  -32.261  46.627 0.0000000000
63754  -9.754  -30.505  65.914 0.0000000000
57786  -12.260  -35.333  67.803 0.0000000000
58937  -11.506  -34.520  67.614 0.0000000000
57785  -11.451  -35.440  67.415 0.0000000000
56591  -9.726  -36.199  65.498 0.0000000000
58942  -9.908  -34.635  66.067 0.0000000000
58946  -9.650  -34.640  65.311 0.0000000000
60142  -9.505  -33.784  64.807 0.0000000000
60155  -9.292  -33.811  63.885 0.0000000000
60168  -9.384  -33.947  62.881 0.0000000000
58950  -9.116  -34.748  63.579 0.0000000000
54203  -9.105  -38.519  62.419 0.0000000000
56608  -9.307  -36.880  62.056 0.0000000000
55439  -8.711  -37.908  61.377 0.0000000000
56616  -8.905  -37.049  60.331 0.0000000000
54206  -9.226  -38.404  61.157 0.0000000000
48669  -11.554  -43.771  63.201 0.0000000000
49679  -11.040  -42.886  62.995 0.0000000000
68375  -39.615  -26.704  61.178 0.0000000000
62645  -38.023  -31.589  58.476 0.0000000000
63810  -38.574  -30.551  57.509 0.0000000000
63795  -38.998  -30.330  59.425 0.0000000000
65944  -39.573  -28.444  60.638 0.0000000000
61487  -35.523  -32.734  59.694 0.0000000000
61488  -36.279  -32.475  59.429 0.0000000000
62644  -37.501  -31.864  58.950 0.0000000000
61453  -36.072  -32.087  61.445 0.0000000000
83114  -55.926  -14.118  36.548 0.0000000000
80929  -50.377  -14.958  37.325 0.0000000000
79797  -50.708  -15.196  35.844 0.0000000000
79813  -51.109  -16.193  34.593 0.0000000000
82081  -52.125  -14.626  35.757 0.0000000000
82068  -53.510  -14.662  36.545 0.0000000000
75237  -45.186  -20.260  47.843 0.0000000000
75207  -47.056  -19.984  48.963 0.0000000000
76357  -45.613  -19.520  49.660 0.0000000000
77450  -46.793  -19.312  51.104 0.0000000000
72919  -37.696  -22.390  50.486 0.0000000000
72937  -37.996  -21.939  48.842 0.0000000000
75217  -38.983  -20.678  48.434 0.0000000000
75231  -39.380  -20.283  47.412 0.0000000000
75248  -40.492  -19.981  46.382 0.0000000000
75232  -40.671  -19.922  47.527 0.0000000000
76391  -43.271  -19.518  47.879 0.0000000000
60254  -9.074  -33.419  56.362 0.0000000000
60275  -9.209  -33.481  55.269 0.0000000000
59021  -8.974  -34.946  55.673 0.0000000000
57857  -8.932  -35.709  54.839 0.0000000000
54293  -8.761  -37.624  54.091 0.0000000000
54294  -8.930  -38.215  53.812 0.0000000000
54274  -9.237  -38.126  54.534 0.0000000000
52004  -9.942  -40.302  55.269 0.0000000000
55436  -15.309  -37.593  63.911 0.0000000000
56602  -14.607  -37.274  65.131 0.0000000000
54193  -14.758  -38.416  64.336 0.0000000000
75116  -39.730  -21.323  55.516 0.0000000000
68421  -37.122  -26.866  57.434 0.0000000000
67190  -36.962  -27.427  55.445 0.0000000000
68431  -36.320  -26.315  56.289 0.0000000000
69647  -35.764  -25.380  55.734 0.0000000000
71818  -35.870  -24.089  54.939 0.0000000000
72868  -36.793  -22.772  55.444 0.0000000000
72870  -37.899  -21.622  55.419 0.0000000000
61403  -30.014  -32.811  64.902 0.0000000000
61497  -30.791  -32.036  59.307 0.0000000000
61482  -30.551  -31.946  59.999 0.0000000000
62651  -29.347  -31.830  57.619 0.0000000000
62660  -28.652  -31.783  56.853 0.0000000000
84173  -54.424  -12.851  32.367 0.0000000000
85228  -53.903  -11.435  31.558 0.0000000000
86239  -53.102  -10.052  32.231 0.0000000000
87195  -52.465  -9.498  32.141 0.0000000000
65934  -9.816  -28.416  60.448 0.0000000000
64898  -9.678  -30.173  59.420 0.0000000000
64891  -9.225  -29.494  60.280 0.0000000000
62622  -9.619  -31.613  60.122 0.0000000000
61456  -9.297  -32.550  60.470 0.0000000000
78618  -50.652  -17.647  42.866 0.0000000000
77530  -51.941  -18.776  44.193 0.0000000000
74146  -44.633  -21.065  41.972 0.0000000000
75307  -45.689  -20.048  41.943 0.0000000000
76473  -45.595  -19.232  40.865 0.0000000000
76456  -47.258  -19.282  42.279 0.0000000000
77544  -48.484  -18.802  42.819 0.0000000000
61352  -15.948  -32.967  67.083 0.0000000000
61364  -16.496  -32.515  66.487 0.0000000000
60144  -16.381  -33.078  64.678 0.0000000000
60156  -15.541  -34.047  63.035 0.0000000000
56654  -18.223  -36.261  55.816 0.0000000000
55476  -16.653  -36.458  57.379 0.0000000000
70726  -14.162  -24.566  57.635 0.0000000000
70745  -14.033  -24.981  55.932 0.0000000000
69643  -14.749  -26.033  56.262 0.0000000000
67183  -14.571  -27.804  55.185 0.0000000000
65997  -14.569  -28.307  53.611 0.0000000000
59085  -10.479  -34.630  51.520 0.0000000000
59099  -11.388  -33.951  50.932 0.0000000000
59098  -10.935  -34.486  50.453 0.0000000000
57937  -11.049  -35.008  49.060 0.0000000000
57978  -9.955  -34.891  47.889 0.0000000000
63724  -11.614  -30.191  68.014 0.0000000000
62526  -10.882  -31.425  68.345 0.0000000000
62537  -10.490  -31.490  67.619 0.0000000000
54183  -12.335  -38.223  66.879 0.0000000000
55417  -11.410  -37.091  66.827 0.0000000000
55422  -10.967  -37.488  66.463 0.0000000000
55421  -10.428  -37.588  65.800 0.0000000000
56596  -9.671  -36.479  64.743 0.0000000000
56600  -9.932  -36.332  63.769 0.0000000000
55430  -9.944  -37.885  64.257 0.0000000000
54196  -9.598  -38.525  63.167 0.0000000000
53010  -9.565  -39.341  62.805 0.0000000000
65984  -38.464  -29.137  55.961 0.0000000000
64907  -38.923  -29.286  57.430 0.0000000000
133254  -38.654  -28.410  57.565 0.0000000000
65975  -37.947  -28.077  57.129 0.0000000000
68410  -37.537  -26.605  58.223 0.0000000000
70716  -37.426  -24.733  59.168 0.0000000000
61449  -32.352  -32.646  61.791 0.0000000000
61435  -34.242  -32.322  62.678 0.0000000000
61450  -33.348  -32.524  61.723 0.0000000000
61467  -32.452  -32.590  60.819 0.0000000000
61498  -31.499  -32.263  58.992 0.0000000000
82110  -53.264  -15.099  33.608 0.0000000000
82122  -55.774  -14.291  32.423 0.0000000000
85221  -56.554  -12.677  33.094 0.0000000000
75270  -47.734  -20.547  44.859 0.0000000000
75272  -49.532  -20.298  45.472 0.0000000000
75256  -48.744  -20.630  46.044 0.0000000000
75267  -41.299  -20.339  45.343 0.0000000000
72979  -44.196  -21.764  44.480 0.0000000000
74110  -46.034  -20.954  44.585 0.0000000000
60240  -23.709  -33.651  57.082 0.0000000000
59000  -23.439  -33.701  57.761 0.0000000000
59015  -23.129  -34.153  56.543 0.0000000000
59027  -22.332  -34.263  55.335 0.0000000000
68512  -9.920  -26.706  50.820 0.0000000000
67249  -10.476  -27.090  50.629 0.0000000000
63813  -12.638  -30.659  56.510 0.0000000000
63814  -13.340  -30.281  56.283 0.0000000000
63823  -12.233  -31.017  55.480 0.0000000000
61564  -11.327  -32.296  54.593 0.0000000000
61580  -10.979  -33.114  53.537 0.0000000000
60301  -9.384  -33.880  54.249 0.0000000000
60321  -9.656  -33.825  53.258 0.0000000000
60339  -10.170  -33.893  52.459 0.0000000000
57908  -10.346  -35.687  51.649 0.0000000000
60110  -12.393  -33.618  69.039 0.0000000000
57783  -12.806  -34.865  68.485 0.0000000000
57787  -13.020  -35.394  67.977 0.0000000000
55420  -13.273  -36.862  67.676 0.0000000000
55428  -14.305  -37.615  66.302 0.0000000000
54185  -13.862  -38.149  66.503 0.0000000000
54180  -12.866  -37.835  67.313 0.0000000000
52986  -12.458  -39.169  66.557 0.0000000000
51826  -12.793  -40.814  65.779 0.0000000000
50723  -12.708  -41.862  65.459 0.0000000000
77431  -42.095  -19.364  52.228 0.0000000000
76297  -43.864  -19.141  52.357 0.0000000000
76283  -43.253  -19.752  53.251 0.0000000000
67211  -36.846  -28.332  53.799 0.0000000000
72905  -37.090  -22.676  51.282 0.0000000000
74037  -40.161  -21.473  51.373 0.0000000000
60188  -26.202  -34.099  61.714 0.0000000000
58982  -25.546  -33.941  60.741 0.0000000000
61405  -31.852  -32.451  64.759 0.0000000000
62591  -30.662  -32.665  64.351 0.0000000000
61430  -29.357  -32.830  62.834 0.0000000000
61464  -29.583  -32.074  61.001 0.0000000000
61463  -28.440  -31.960  61.111 0.0000000000
62618  -28.197  -32.281  61.593 0.0000000000
60213  -27.071  -33.284  60.362 0.0000000000
60212  -26.069  -33.581  59.984 0.0000000000
60227  -24.587  -33.736  58.877 0.0000000000
60261  -24.856  -33.539  56.506 0.0000000000
89146  -51.874  -8.275  32.481 0.0000000000
89145  -51.408  -7.546  32.647 0.0000000000
91174  -51.140  -5.869  31.839 0.0000000000
69634  -13.596  -26.151  58.014 0.0000000000
67141  -13.415  -27.757  58.319 0.0000000000
68392  -12.087  -26.506  59.877 0.0000000000
67128  -12.520  -27.842  59.131 0.0000000000
65967  -12.778  -28.976  57.893 0.0000000000
63799  -12.023  -30.087  57.929 0.0000000000
62648  -11.328  -31.205  57.237 0.0000000000
61506  -10.033  -32.085  56.885 0.0000000000
63791  -9.714  -30.946  59.024 0.0000000000
62637  -9.615  -31.670  58.261 0.0000000000
61505  -9.450  -32.527  57.285 0.0000000000
58993  -8.858  -35.021  57.259 0.0000000000
56624  -9.025  -36.440  58.075 0.0000000000
80901  -52.193  -15.080  40.507 0.0000000000
77572  -46.795  -18.346  40.612 0.0000000000
78638  -47.457  -17.552  40.231 0.0000000000
79773  -47.184  -16.624  39.441 0.0000000000
80898  -48.842  -16.116  39.965 0.0000000000
80900  -50.950  -15.445  40.500 0.0000000000
58941  -15.036  -34.484  68.360 0.0000000000
57794  -15.212  -35.594  65.793 0.0000000000
60122  -15.831  -33.683  66.337 0.0000000000
58947  -15.410  -34.638  65.500 0.0000000000
54200  -15.566  -38.374  62.027 0.0000000000
60225  -23.213  -33.552  59.367 0.0000000000
60207  -21.743  -33.501  60.150 0.0000000000
61461  -21.393  -33.014  60.620 0.0000000000
58987  -20.000  -34.113  58.058 0.0000000000
60205  -19.930  -33.366  59.602 0.0000000000
61442  -20.736  -32.852  61.555 0.0000000000
61425  -19.794  -32.579  62.607 0.0000000000
61424  -18.734  -32.642  62.855 0.0000000000
61410  -18.571  -32.420  63.837 0.0000000000
60171  -17.292  -33.031  62.857 0.0000000000
60170  -16.288  -33.983  62.146 0.0000000000
58964  -16.006  -34.779  61.076 0.0000000000
56626  -16.368  -36.337  58.578 0.0000000000
56621  -15.986  -36.449  59.487 0.0000000000
56618  -15.820  -36.478  60.510 0.0000000000
54215  -15.752  -38.166  60.227 0.0000000000
71804  -12.006  -23.100  55.149 0.0000000000
70744  -13.227  -24.505  55.502 0.0000000000
70755  -12.875  -25.033  54.700 0.0000000000
70766  -12.024  -25.296  53.485 0.0000000000
69691  -11.912  -25.946  52.588 0.0000000000
68497  -11.409  -27.009  51.741 0.0000000000
66033  -11.033  -27.908  49.831 0.0000000000
63842  -13.548  -30.470  54.741 0.0000000000
63854  -14.223  -30.193  53.506 0.0000000000
64946  -13.948  -29.684  51.981 0.0000000000
62748  -11.804  -31.967  50.987 0.0000000000
62750  -13.059  -31.295  50.698 0.0000000000
64967  -13.318  -29.661  50.623 0.0000000000
64980  -12.616  -29.620  49.770 0.0000000000
64992  -11.220  -29.681  48.846 0.0000000000
64990  -9.862  -29.692  48.185 0.0000000000
62792  -8.681  -31.075  47.254 0.0000000000
60114  -12.292  -33.667  68.125 0.0000000000
60112  -10.767  -33.727  67.477 0.0000000000
61360  -10.232  -33.132  67.229 0.0000000000
57784  -10.670  -35.465  67.083 0.0000000000
60120  -9.998  -33.776  66.294 0.0000000000
61359  -9.841  -32.901  66.628 0.0000000000
62567  -9.618  -31.950  65.783 0.0000000000
62583  -9.545  -32.074  64.706 0.0000000000
63775  -9.458  -30.549  62.984 0.0000000000
62605  -9.165  -31.733  62.455 0.0000000000
61439  -9.417  -33.047  61.845 0.0000000000
60180  -9.223  -34.346  61.447 0.0000000000
57803  -9.409  -35.870  62.272 0.0000000000
57802  -9.167  -35.704  61.651 0.0000000000
58969  -9.143  -35.171  60.615 0.0000000000
57812  -9.127  -36.163  60.379 0.0000000000
56620  -9.183  -37.077  59.713 0.0000000000
55465  -9.307  -37.655  58.300 0.0000000000
49674  -12.900  -42.758  64.739 0.0000000000
48665  -12.287  -43.910  64.201 0.0000000000
49673  -12.373  -42.553  64.169 0.0000000000
50735  -11.043  -42.097  64.031 0.0000000000
51854  -10.266  -40.950  62.843 0.0000000000
51874  -10.396  -40.878  61.939 0.0000000000
50757  -10.722  -41.667  61.402 0.0000000000
51895  -9.762  -40.350  60.741 0.0000000000
53045  -9.380  -39.623  60.280 0.0000000000
54223  -9.610  -38.794  59.311 0.0000000000
54234  -9.590  -38.652  58.229 0.0000000000
53067  -9.892  -39.991  57.447 0.0000000000
50841  -9.817  -41.899  56.602 0.0000000000
65918  -37.930  -28.434  62.102 0.0000000000
64887  -38.031  -30.008  61.254 0.0000000000
63785  -37.700  -30.573  61.374 0.0000000000
63781  -36.874  -30.432  62.364 0.0000000000
83101  -53.348  -13.844  39.013 0.0000000000
83103  -54.416  -14.200  38.818 0.0000000000
83096  -54.122  -14.162  39.202 0.0000000000
82025  -52.426  -14.629  39.731 0.0000000000
80918  -51.387  -14.739  38.645 0.0000000000
82035  -52.122  -14.030  39.027 0.0000000000
82044  -53.200  -14.251  38.387 0.0000000000
76333  -42.893  -19.168  50.387 0.0000000000
76334  -43.918  -19.441  50.367 0.0000000000
75191  -41.205  -20.159  50.781 0.0000000000
76332  -41.834  -19.282  50.256 0.0000000000
76354  -42.739  -19.387  49.490 0.0000000000
56641  -8.978  -36.702  56.656 0.0000000000
55483  -9.615  -37.798  56.591 0.0000000000
51856  -14.985  -40.986  61.856 0.0000000000
75288  -49.158  -20.260  43.819 0.0000000000
75289  -49.972  -20.169  43.913 0.0000000000
75282  -49.363  -20.327  44.549 0.0000000000
75280  -47.606  -20.255  44.545 0.0000000000
74126  -46.830  -19.882  43.800 0.0000000000
74127  -47.711  -19.772  44.004 0.0000000000
75287  -48.391  -20.201  43.952 0.0000000000
62555  -18.480  -31.415  66.455 0.0000000000
62570  -17.524  -31.790  65.661 0.0000000000
62571  -18.320  -31.779  65.547 0.0000000000
58972  -25.056  -33.870  60.622 0.0000000000
57816  -24.762  -33.829  60.955 0.0000000000
58979  -24.254  -33.610  59.969 0.0000000000
66045  -9.949  -27.820  49.583 0.0000000000
67285  -9.191  -27.889  48.663 0.0000000000
65973  -13.785  -28.661  56.632 0.0000000000
61343  -12.673  -32.791  69.122 0.0000000000
68387  -39.489  -26.465  60.501 0.0000000000
69613  -39.178  -25.851  60.389 0.0000000000
70709  -38.653  -24.878  60.050 0.0000000000
61486  -34.701  -32.872  59.452 0.0000000000
61500  -33.899  -32.842  58.607 0.0000000000
82070  -55.399  -14.179  35.919 0.0000000000
82084  -55.060  -14.412  35.295 0.0000000000
74068  -46.009  -20.832  47.306 0.0000000000
74058  -46.545  -20.778  47.794 0.0000000000
74066  -44.769  -20.619  47.222 0.0000000000
74079  -44.427  -20.598  46.565 0.0000000000
74080  -45.336  -20.805  46.580 0.0000000000
71803  -10.812  -23.347  55.340 0.0000000000
70764  -10.386  -24.992  53.748 0.0000000000
70753  -10.984  -24.525  54.208 0.0000000000
56595  -14.452  -35.934  66.515 0.0000000000
51829  -15.419  -40.772  65.058 0.0000000000
73990  -41.034  -21.659  54.334 0.0000000000
73991  -41.759  -21.432  54.577 0.0000000000
64919  -38.064  -29.285  55.180 0.0000000000
74002  -39.233  -22.112  53.480 0.0000000000
74003  -39.828  -21.896  53.247 0.0000000000
61415  -27.738  -32.959  63.542 0.0000000000
61429  -28.303  -32.638  62.767 0.0000000000
61510  -26.705  -32.558  57.811 0.0000000000
60263  -26.282  -32.596  56.031 0.0000000000
67126  -10.439  -27.639  59.973 0.0000000000
64900  -11.380  -29.607  58.939 0.0000000000
64899  -10.430  -29.538  59.498 0.0000000000
61474  -9.221  -32.455  59.494 0.0000000000
60201  -8.818  -34.290  60.156 0.0000000000
79743  -51.692  -16.928  42.378 0.0000000000
78633  -50.396  -17.329  42.113 0.0000000000
78632  -49.384  -17.479  41.673 0.0000000000
79756  -50.108  -16.751  41.440 0.0000000000
58951  -15.685  -34.746  63.500 0.0000000000
57805  -16.030  -35.699  62.526 0.0000000000
59013  -20.953  -33.709  56.215 0.0000000000
59025  -20.501  -34.293  55.736 0.0000000000
58985  -17.834  -34.371  58.031 0.0000000000
58977  -18.319  -34.218  58.725 0.0000000000
60220  -18.014  -34.346  58.803 0.0000000000
60202  -17.090  -33.976  59.206 0.0000000000
58984  -17.152  -34.601  58.630 0.0000000000
71783  -13.827  -23.070  57.233 0.0000000000
67208  -13.812  -27.352  53.256 0.0000000000
67222  -13.753  -27.556  52.673 0.0000000000
66008  -13.680  -27.741  52.073 0.0000000000
60341  -11.728  -33.029  52.603 0.0000000000
61592  -11.981  -32.287  52.830 0.0000000000
60359  -12.153  -33.020  52.107 0.0000000000
60399  -11.153  -33.519  48.098 0.0000000000
60400  -11.729  -33.064  48.501 0.0000000000
61659  -10.746  -32.871  47.657 0.0000000000
61677  -10.788  -32.202  47.433 0.0000000000
60423  -9.462  -33.458  47.283 0.0000000000
62568  -9.961  -31.324  66.384 0.0000000000
56588  -12.180  -36.309  67.418 0.0000000000
57793  -9.606  -35.499  65.000 0.0000000000
58948  -9.431  -34.659  64.456 0.0000000000
55440  -8.839  -37.679  61.846 0.0000000000
54202  -9.034  -38.488  61.731 0.0000000000
53020  -9.567  -39.142  61.399 0.0000000000
46512  -12.209  -46.050  63.197 0.0000000000
47590  -12.272  -45.133  63.251 0.0000000000
47596  -11.844  -44.792  62.360 0.0000000000
68367  -38.711  -26.580  61.686 0.0000000000
63794  -38.490  -31.046  59.179 0.0000000000
63802  -38.562  -30.817  58.426 0.0000000000
65929  -39.233  -28.317  61.140 0.0000000000
64896  -39.132  -28.791  60.777 0.0000000000
67110  -39.606  -27.569  61.241 0.0000000000
67111  -40.018  -27.414  61.124 0.0000000000
61471  -36.328  -32.239  60.552 0.0000000000
62626  -36.714  -31.867  60.630 0.0000000000
62635  -37.170  -31.716  59.709 0.0000000000
62636  -38.024  -31.459  59.466 0.0000000000
62619  -36.683  -31.679  61.753 0.0000000000
62612  -36.170  -31.500  62.187 0.0000000000
61470  -35.418  -32.528  60.557 0.0000000000
83113  -55.389  -14.124  37.123 0.0000000000
83108  -55.420  -14.116  37.476 0.0000000000
80908  -49.024  -15.617  39.130 0.0000000000
80915  -48.710  -15.108  38.193 0.0000000000
80916  -49.689  -15.264  38.215 0.0000000000
80930  -51.345  -14.778  37.473 0.0000000000
80941  -50.133  -14.925  36.208 0.0000000000
80942  -51.105  -15.176  36.296 0.0000000000
80954  -51.542  -14.907  35.326 0.0000000000
82080  -51.645  -14.908  35.995 0.0000000000
82054  -53.926  -14.434  37.413 0.0000000000
82069  -54.667  -14.424  36.347 0.0000000000
75221  -44.951  -19.770  48.371 0.0000000000
75205  -45.329  -19.785  48.881 0.0000000000
75204  -45.004  -19.725  48.872 0.0000000000
76315  -45.975  -19.426  51.461 0.0000000000
76336  -46.070  -19.401  50.744 0.0000000000
77449  -46.412  -19.413  51.427 0.0000000000
74055  -40.173  -20.815  48.725 0.0000000000
74054  -39.742  -21.174  48.833 0.0000000000
75218  -39.823  -20.368  48.402 0.0000000000
75230  -38.676  -20.631  47.882 0.0000000000
76388  -40.761  -19.656  48.174 0.0000000000
76375  -43.497  -19.411  48.703 0.0000000000
75220  -44.188  -19.523  47.986 0.0000000000
60253  -8.698  -34.280  56.623 0.0000000000
60274  -8.718  -34.091  55.548 0.0000000000
56662  -9.108  -36.668  54.968 0.0000000000
56678  -9.261  -36.587  54.371 0.0000000000
55517  -9.039  -37.247  54.322 0.0000000000
54273  -8.929  -37.749  54.278 0.0000000000
53104  -9.262  -39.263  55.465 0.0000000000
54198  -14.878  -38.763  63.677 0.0000000000
68420  -36.620  -26.245  57.161 0.0000000000
69641  -36.421  -25.575  56.815 0.0000000000
70731  -36.143  -24.428  56.724 0.0000000000
71808  -35.738  -24.015  55.887 0.0000000000
70749  -35.555  -24.683  55.338 0.0000000000
71809  -36.254  -23.474  55.647 0.0000000000
73959  -38.068  -21.305  56.189 0.0000000000
72857  -37.607  -21.774  55.835 0.0000000000
62641  -30.411  -31.642  58.464 0.0000000000
83157  -55.222  -13.578  32.360 0.0000000000
84174  -54.821  -12.573  32.347 0.0000000000
86241  -54.473  -11.029  33.098 0.0000000000
85229  -54.344  -11.614  32.136 0.0000000000
86248  -53.837  -10.806  31.866 0.0000000000
86223  -52.922  -9.612  32.675 0.0000000000
86224  -53.246  -9.808  33.030 0.0000000000
65933  -9.069  -28.908  60.904 0.0000000000
64890  -8.866  -29.158  60.871 0.0000000000
63784  -9.307  -30.619  60.701 0.0000000000
77546  -50.336  -18.627  43.078 0.0000000000
78601  -51.234  -18.165  43.453 0.0000000000
77529  -50.939  -19.104  43.669 0.0000000000
74123  -43.814  -21.714  43.306 0.0000000000
74139  -46.512  -20.551  43.014 0.0000000000
74147  -45.381  -20.646  42.094 0.0000000000
75308  -46.516  -19.883  42.236 0.0000000000
76444  -48.861  -19.361  43.246 0.0000000000
76428  -48.127  -19.113  42.907 0.0000000000
77545  -49.273  -18.725  42.869 0.0000000000
61365  -17.099  -32.070  67.188 0.0000000000
61393  -16.727  -32.508  64.925 0.0000000000
61376  -16.509  -32.538  65.551 0.0000000000
60157  -16.065  -33.164  63.398 0.0000000000
56644  -18.078  -35.874  56.378 0.0000000000
56653  -17.517  -36.630  55.960 0.0000000000
69635  -13.934  -25.647  57.509 0.0000000000
69642  -14.461  -25.731  56.462 0.0000000000
65982  -14.474  -28.527  55.495 0.0000000000
65989  -14.571  -28.490  54.642 0.0000000000
64928  -14.554  -29.334  54.072 0.0000000000
57935  -9.846  -35.712  49.124 0.0000000000
57952  -9.949  -35.401  48.845 0.0000000000
57953  -10.405  -34.942  48.596 0.0000000000
56776  -9.736  -35.527  47.820 0.0000000000
56775  -8.789  -36.153  47.348 0.0000000000
61341  -10.863  -32.041  68.073 0.0000000000
54182  -11.421  -38.312  66.611 0.0000000000
52984  -11.192  -38.866  66.452 0.0000000000
54186  -10.527  -38.557  65.415 0.0000000000
56597  -9.903  -36.916  65.489 0.0000000000
55427  -10.126  -37.582  64.932 0.0000000000
55426  -9.741  -37.179  64.287 0.0000000000
53000  -10.380  -40.176  64.244 0.0000000000
52999  -10.120  -39.511  63.712 0.0000000000
51835  -9.846  -40.169  63.130 0.0000000000
64920  -38.745  -30.097  55.284 0.0000000000
64910  -38.657  -29.620  56.495 0.0000000000
63803  -38.954  -30.037  58.365 0.0000000000
63811  -38.885  -29.852  57.511 0.0000000000
64904  -39.151  -29.255  58.152 0.0000000000
68412  -38.816  -27.495  58.368 0.0000000000
67167  -39.299  -27.992  57.954 0.0000000000
133251  -38.542  -27.985  57.836 0.0000000000
65976  -38.399  -28.727  57.051 0.0000000000
67165  -37.766  -27.495  57.826 0.0000000000
60247  -35.641  -32.909  57.501 0.0000000000
61420  -32.963  -32.485  63.647 0.0000000000
61434  -33.194  -32.552  62.726 0.0000000000
62610  -34.904  -31.724  62.941 0.0000000000
61468  -33.463  -32.664  60.698 0.0000000000
63800  -31.784  -31.567  57.511 0.0000000000
85210  -56.988  -11.380  34.558 0.0000000000
79807  -52.458  -15.900  34.847 0.0000000000
79814  -51.994  -16.315  34.478 0.0000000000
79815  -52.783  -16.030  34.397 0.0000000000
83128  -54.057  -14.422  34.303 0.0000000000
80975  -53.192  -15.751  33.726 0.0000000000
83141  -53.673  -13.934  33.829 0.0000000000
83142  -55.102  -14.427  33.076 0.0000000000
83144  -56.592  -13.865  32.589 0.0000000000
84165  -56.769  -13.008  33.333 0.0000000000
85209  -56.500  -11.895  34.017 0.0000000000
75255  -47.872  -20.566  45.698 0.0000000000
74083  -48.031  -20.817  46.437 0.0000000000
76393  -48.248  -20.534  47.599 0.0000000000
75239  -48.618  -20.710  47.092 0.0000000000
76403  -41.063  -19.757  46.106 0.0000000000
76413  -41.081  -20.017  45.743 0.0000000000
75249  -41.598  -20.368  46.153 0.0000000000
74093  -43.332  -21.311  45.416 0.0000000000
71888  -43.177  -21.711  44.536 0.0000000000
72978  -43.755  -21.922  44.316 0.0000000000
74096  -45.988  -20.684  45.706 0.0000000000
74097  -46.944  -20.541  45.275 0.0000000000
57852  -22.424  -34.543  54.899 0.0000000000
70774  -9.419  -25.149  53.068 0.0000000000
69689  -10.399  -25.884  52.547 0.0000000000
68478  -10.001  -26.312  52.059 0.0000000000
68496  -10.463  -26.774  51.340 0.0000000000
68513  -10.292  -26.838  50.917 0.0000000000
67232  -10.668  -27.055  51.066 0.0000000000
63812  -12.090  -30.677  56.825 0.0000000000
62672  -12.428  -31.030  55.968 0.0000000000
62671  -12.053  -31.472  55.938 0.0000000000
61543  -10.336  -32.650  55.067 0.0000000000
61563  -10.726  -32.896  54.020 0.0000000000
60300  -8.863  -34.093  54.750 0.0000000000
57893  -9.696  -35.390  52.896 0.0000000000
59072  -9.838  -34.606  52.639 0.0000000000
59073  -10.251  -34.942  52.117 0.0000000000
57907  -9.891  -36.276  51.246 0.0000000000
53140  -9.836  -39.539  53.262 0.0000000000
58933  -13.261  -34.718  68.677 0.0000000000
55425  -13.641  -37.384  67.233 0.0000000000
55431  -14.596  -37.847  65.431 0.0000000000
52990  -14.118  -39.782  65.776 0.0000000000
54184  -13.226  -38.165  66.907 0.0000000000
54187  -12.919  -38.822  66.505 0.0000000000
75178  -41.267  -20.800  51.951 0.0000000000
76295  -42.116  -19.963  52.427 0.0000000000
75164  -42.567  -20.232  53.010 0.0000000000
67189  -36.399  -27.172  55.191 0.0000000000
67201  -36.873  -28.071  54.279 0.0000000000
67200  -36.145  -27.240  54.625 0.0000000000
71838  -37.631  -22.936  52.818 0.0000000000
72894  -37.354  -22.577  52.199 0.0000000000
72906  -37.971  -22.395  51.456 0.0000000000
74026  -40.951  -21.336  52.331 0.0000000000
74025  -40.543  -21.468  51.863 0.0000000000
75177  -40.755  -21.121  51.661 0.0000000000
60189  -26.856  -33.751  62.175 0.0000000000
58974  -25.576  -34.104  61.333 0.0000000000
60199  -26.045  -33.959  60.966 0.0000000000
61417  -30.188  -32.899  63.701 0.0000000000
62632  -29.626  -31.675  59.426 0.0000000000
61481  -29.698  -31.937  60.130 0.0000000000
62631  -29.234  -31.836  59.580 0.0000000000
62625  -27.974  -32.114  61.316 0.0000000000
61462  -27.596  -32.627  61.094 0.0000000000
61509  -25.978  -32.689  58.401 0.0000000000
60229  -26.003  -33.122  59.180 0.0000000000
61492  -25.996  -32.947  58.839 0.0000000000
60228  -25.425  -33.254  58.749 0.0000000000
60241  -24.460  -33.622  57.646 0.0000000000
60304  -24.998  -33.335  54.633 0.0000000000
88154  -52.043  -8.894  32.823 0.0000000000
88166  -52.028  -8.843  32.070 0.0000000000
89135  -51.887  -7.980  33.370 0.0000000000
90162  -51.438  -6.880  31.853 0.0000000000
91169  -50.895  -5.860  32.783 0.0000000000
69625  -13.598  -25.609  58.544 0.0000000000
68403  -13.386  -26.669  58.400 0.0000000000
67129  -13.090  -27.215  58.749 0.0000000000
68379  -11.329  -26.169  60.736 0.0000000000
65948  -12.121  -28.635  59.003 0.0000000000
65959  -12.374  -28.739  58.442 0.0000000000
67140  -12.871  -28.238  58.579 0.0000000000
64903  -12.389  -29.513  57.909 0.0000000000
64902  -11.838  -29.493  58.324 0.0000000000
63804  -11.166  -30.925  57.740 0.0000000000
62647  -10.628  -31.487  57.348 0.0000000000
62638  -10.066  -31.282  57.921 0.0000000000
61491  -9.211  -32.663  58.461 0.0000000000
60235  -8.853  -33.407  57.479 0.0000000000
58983  -8.822  -34.980  58.335 0.0000000000
57829  -8.777  -35.805  57.746 0.0000000000
80902  -52.862  -14.953  40.747 0.0000000000
80891  -52.795  -15.432  41.257 0.0000000000
77556  -46.847  -18.624  41.451 0.0000000000
76474  -46.315  -18.874  40.939 0.0000000000
78639  -48.331  -17.328  40.778 0.0000000000
79763  -47.582  -16.982  39.931 0.0000000000
79764  -48.127  -16.790  40.089 0.0000000000
80889  -50.774  -16.007  41.348 0.0000000000
61363  -16.112  -33.072  66.491 0.0000000000
56606  -15.652  -36.527  63.709 0.0000000000
55447  -15.665  -37.425  61.626 0.0000000000
55443  -15.497  -37.590  62.296 0.0000000000
54204  -15.454  -38.006  61.583 0.0000000000
53005  -15.543  -38.865  61.335 0.0000000000
53014  -15.534  -38.972  60.745 0.0000000000
58990  -22.801  -33.723  58.447 0.0000000000
58988  -20.915  -34.217  58.100 0.0000000000
60224  -22.301  -33.767  59.243 0.0000000000
61477  -21.266  -33.136  60.250 0.0000000000
59011  -19.622  -33.613  56.319 0.0000000000
58996  -19.548  -33.926  57.092 0.0000000000
60204  -19.025  -33.669  59.454 0.0000000000
60221  -19.645  -33.616  58.774 0.0000000000
60195  -20.226  -33.122  60.328 0.0000000000
61459  -20.094  -32.952  60.988 0.0000000000
61441  -19.966  -32.763  61.738 0.0000000000
61458  -19.387  -32.889  61.111 0.0000000000
61440  -19.040  -32.728  61.830 0.0000000000
61423  -18.082  -32.741  63.241 0.0000000000
61409  -17.696  -32.502  63.840 0.0000000000
60172  -18.039  -32.808  62.760 0.0000000000
60182  -16.493  -34.047  60.758 0.0000000000
56632  -16.489  -36.064  57.775 0.0000000000
55475  -16.471  -37.087  57.615 0.0000000000
54236  -15.835  -38.422  58.526 0.0000000000
55467  -15.963  -37.450  58.644 0.0000000000
55457  -15.620  -37.836  59.029 0.0000000000
55458  -15.838  -37.379  59.677 0.0000000000
55450  -15.656  -37.270  60.642 0.0000000000
54225  -15.760  -38.268  59.351 0.0000000000
72863  -12.827  -22.666  55.877 0.0000000000
70743  -12.525  -24.002  54.824 0.0000000000
69649  -13.766  -25.309  55.123 0.0000000000
69672  -13.121  -25.987  53.530 0.0000000000
69658  -12.684  -25.423  53.836 0.0000000000
70754  -12.000  -24.708  54.145 0.0000000000
69670  -11.636  -25.559  53.009 0.0000000000
67234  -12.168  -27.400  51.468 0.0000000000
67250  -11.245  -27.530  50.487 0.0000000000
67269  -11.817  -27.992  49.754 0.0000000000
63841  -12.832  -30.575  54.892 0.0000000000
63825  -13.456  -30.217  55.416 0.0000000000
62689  -13.262  -31.123  54.436 0.0000000000
62705  -13.578  -31.095  53.554 0.0000000000
63853  -13.600  -30.424  52.930 0.0000000000
64937  -13.985  -29.796  52.677 0.0000000000
63862  -13.652  -30.347  52.216 0.0000000000
60371  -11.537  -33.599  50.371 0.0000000000
61622  -12.000  -32.538  50.629 0.0000000000
61640  -11.972  -33.129  49.955 0.0000000000
61642  -13.136  -31.964  49.871 0.0000000000
61624  -13.157  -31.711  50.231 0.0000000000
62763  -13.326  -31.408  50.005 0.0000000000
63886  -13.567  -30.348  50.940 0.0000000000
63902  -13.249  -30.475  49.992 0.0000000000
64981  -13.056  -29.732  50.178 0.0000000000
63901  -12.325  -30.347  49.196 0.0000000000
62778  -10.682  -31.220  48.318 0.0000000000
63918  -11.393  -30.411  48.740 0.0000000000
63917  -10.350  -30.449  48.393 0.0000000000
64991  -10.696  -29.730  48.620 0.0000000000
63916  -9.865  -30.427  48.052 0.0000000000
63766  -9.372  -30.808  64.553 0.0000000000
58932  -12.519  -34.405  68.724 0.0000000000
58938  -12.169  -34.418  68.044 0.0000000000
56593  -10.930  -36.702  66.648 0.0000000000
56586  -10.583  -36.138  66.795 0.0000000000
61375  -9.597  -33.075  65.955 0.0000000000
61408  -9.604  -32.887  64.234 0.0000000000
61422  -9.179  -32.863  63.189 0.0000000000
60181  -9.337  -34.161  62.056 0.0000000000
61438  -9.358  -33.806  61.549 0.0000000000
58963  -8.923  -34.733  61.922 0.0000000000
56604  -9.391  -36.561  63.032 0.0000000000
56613  -8.669  -36.861  61.420 0.0000000000
57807  -9.218  -36.298  61.612 0.0000000000
58962  -8.919  -35.087  61.388 0.0000000000
55448  -9.231  -37.838  60.139 0.0000000000
56619  -9.143  -37.367  60.047 0.0000000000
55455  -9.191  -37.538  59.817 0.0000000000
55456  -9.227  -37.870  59.253 0.0000000000
48666  -13.092  -43.347  64.649 0.0000000000
48664  -12.271  -44.559  63.595 0.0000000000
49681  -11.837  -42.578  63.720 0.0000000000
49672  -11.582  -42.281  63.938 0.0000000000
49680  -11.348  -42.636  63.552 0.0000000000
50734  -10.767  -41.838  63.420 0.0000000000
51896  -10.385  -40.777  61.152 0.0000000000
51918  -9.428  -39.854  60.559 0.0000000000
50770  -9.697  -40.824  60.174 0.0000000000
51942  -9.608  -40.286  59.276 0.0000000000
53056  -9.887  -39.790  58.715 0.0000000000
65919  -38.540  -28.361  61.586 0.0000000000
67096  -38.206  -27.476  61.847 0.0000000000
67080  -37.603  -27.569  62.528 0.0000000000
63790  -39.004  -30.275  60.422 0.0000000000
63787  -38.909  -30.096  60.895 0.0000000000
64888  -38.718  -29.439  61.203 0.0000000000
62620  -37.280  -31.372  61.524 0.0000000000
62627  -37.153  -31.622  60.730 0.0000000000
62621  -37.806  -31.191  61.041 0.0000000000
63780  -36.438  -30.461  63.044 0.0000000000
62613  -36.876  -31.219  62.122 0.0000000000
65906  -36.511  -28.757  63.344 0.0000000000
82046  -54.918  -14.315  38.447 0.0000000000
80910  -50.741  -15.316  39.348 0.0000000000
82052  -52.145  -14.436  37.140 0.0000000000
76356  -44.730  -19.536  49.359 0.0000000000
76314  -45.234  -19.255  51.648 0.0000000000
74046  -39.593  -21.162  49.896 0.0000000000
75202  -40.512  -20.502  49.921 0.0000000000
76352  -40.998  -19.657  49.230 0.0000000000
76372  -40.960  -19.535  48.552 0.0000000000
76353  -41.807  -19.425  49.367 0.0000000000
56651  -9.034  -36.728  55.876 0.0000000000
55503  -9.501  -37.763  54.977 0.0000000000
55493  -9.516  -37.639  55.708 0.0000000000
54251  -9.417  -38.583  56.031 0.0000000000
53003  -15.667  -39.179  62.486 0.0000000000
53002  -15.403  -39.515  63.289 0.0000000000
70723  -36.521  -24.496  57.800 0.0000000000
71781  -36.508  -24.098  57.782 0.0000000000
71791  -36.546  -23.420  57.508 0.0000000000
72843  -36.405  -23.285  57.035 0.0000000000
72855  -36.546  -22.948  56.378 0.0000000000
73943  -37.517  -21.785  56.925 0.0000000000
61373  -30.994  -32.246  66.363 0.0000000000
62661  -29.453  -31.629  56.702 0.0000000000
84175  -56.032  -12.805  31.950 0.0000000000
85207  -55.028  -11.261  33.265 0.0000000000
88146  -54.432  -8.651  34.465 0.0000000000
64872  -8.226  -28.953  61.538 0.0000000000
64881  -8.629  -29.195  61.209 0.0000000000
76430  -50.723  -19.606  44.188 0.0000000000
74125  -46.259  -20.961  43.669 0.0000000000
74140  -46.967  -19.915  43.167 0.0000000000
75295  -47.420  -19.648  42.889 0.0000000000
75297  -49.091  -19.987  43.338 0.0000000000
62554  -17.520  -31.677  66.496 0.0000000000
61394  -17.185  -32.205  64.524 0.0000000000
58967  -25.016  -34.096  61.607 0.0000000000
67247  -9.263  -26.865  50.096 0.0000000000
67266  -9.132  -26.989  49.625 0.0000000000
67267  -9.425  -27.573  49.127 0.0000000000
67153  -14.330  -27.124  56.646 0.0000000000
67168  -14.067  -28.150  56.464 0.0000000000
65974  -14.312  -28.645  56.121 0.0000000000
64909  -14.374  -29.062  55.705 0.0000000000
56721  -10.111  -36.252  50.292 0.0000000000
56739  -10.411  -36.020  49.967 0.0000000000
61361  -11.776  -32.556  67.701 0.0000000000
52988  -12.160  -39.849  66.253 0.0000000000
52994  -10.525  -39.583  64.780 0.0000000000
67138  -39.812  -27.759  59.517 0.0000000000
68402  -39.675  -26.973  58.937 0.0000000000
68401  -38.964  -26.510  58.777 0.0000000000
69633  -38.219  -26.071  58.642 0.0000000000
69623  -38.801  -25.613  59.313 0.0000000000
61503  -37.261  -32.352  58.108 0.0000000000
61452  -35.170  -32.305  61.433 0.0000000000
61499  -32.556  -32.356  58.623 0.0000000000
84156  -56.662  -12.760  34.971 0.0000000000
80957  -54.073  -15.367  35.402 0.0000000000
80965  -53.804  -15.437  34.938 0.0000000000
82095  -54.267  -14.902  34.794 0.0000000000
83130  -55.414  -13.847  34.315 0.0000000000
74070  -47.765  -21.157  46.916 0.0000000000
74069  -47.021  -20.638  47.150 0.0000000000
76392  -47.890  -20.518  47.551 0.0000000000
74077  -42.566  -20.995  45.807 0.0000000000
74078  -43.371  -20.828  45.988 0.0000000000
72957  -43.852  -21.114  45.696 0.0000000000
72969  -44.193  -21.312  45.405 0.0000000000
74094  -44.680  -20.846  45.898 0.0000000000
75253  -45.650  -20.701  46.223 0.0000000000
61525  -11.473  -31.738  56.287 0.0000000000
57858  -9.267  -35.296  54.402 0.0000000000
57875  -9.511  -35.528  53.704 0.0000000000
56693  -10.215  -35.982  52.586 0.0000000000
54330  -9.689  -38.619  51.825 0.0000000000
58939  -13.489  -35.135  67.958 0.0000000000
52991  -15.052  -39.819  65.283 0.0000000000
50725  -14.315  -41.726  65.331 0.0000000000
74015  -41.321  -21.395  52.810 0.0000000000
75149  -42.232  -21.121  53.469 0.0000000000
74005  -41.857  -21.454  53.662 0.0000000000
68444  -36.118  -26.007  55.086 0.0000000000
72877  -37.740  -22.184  54.281 0.0000000000
72878  -38.278  -22.040  53.895 0.0000000000
72885  -38.757  -22.369  53.351 0.0000000000
72896  -39.103  -22.396  52.558 0.0000000000
72908  -39.524  -22.171  52.147 0.0000000000
72897  -39.573  -22.166  52.678 0.0000000000
74014  -40.600  -21.635  52.665 0.0000000000
61414  -27.303  -33.392  63.321 0.0000000000
61444  -27.521  -33.229  61.774 0.0000000000
61419  -31.856  -32.469  63.671 0.0000000000
61432  -31.264  -32.989  62.689 0.0000000000
61447  -30.457  -32.688  61.841 0.0000000000
61512  -28.593  -32.237  57.698 0.0000000000
61495  -28.640  -32.149  58.468 0.0000000000
60262  -25.640  -33.131  56.259 0.0000000000
60284  -25.674  -32.999  55.313 0.0000000000
85234  -53.517  -11.303  30.898 0.0000000000
68391  -10.922  -26.898  60.014 0.0000000000
62623  -9.534  -31.918  59.644 0.0000000000
62630  -9.370  -32.022  59.430 0.0000000000
58975  -9.267  -35.118  59.533 0.0000000000
79758  -52.426  -16.210  41.846 0.0000000000
79745  -53.250  -16.511  42.476 0.0000000000
77558  -48.689  -18.355  42.124 0.0000000000
78631  -48.439  -17.719  41.450 0.0000000000
78640  -48.812  -17.252  41.214 0.0000000000
60131  -15.758  -33.779  65.098 0.0000000000
56607  -16.026  -36.232  63.249 0.0000000000
57801  -16.201  -36.094  63.021 0.0000000000
56615  -15.965  -36.991  61.862 0.0000000000
55446  -15.674  -37.109  61.412 0.0000000000
60239  -21.849  -33.893  56.430 0.0000000000
58998  -21.423  -34.200  57.070 0.0000000000
58995  -18.445  -34.384  56.985 0.0000000000
58978  -18.605  -34.025  58.980 0.0000000000
60191  -16.686  -34.219  59.880 0.0000000000
54245  -16.283  -39.005  58.118 0.0000000000
54237  -16.278  -38.890  58.893 0.0000000000
68461  -13.625  -26.770  53.565 0.0000000000
68460  -13.184  -26.688  53.069 0.0000000000
68459  -12.658  -26.522  52.695 0.0000000000
67221  -13.206  -27.297  52.309 0.0000000000
67235  -13.060  -27.397  51.557 0.0000000000
66034  -12.844  -27.982  50.610 0.0000000000
62704  -12.801  -31.701  53.932 0.0000000000
62732  -12.503  -31.685  51.681 0.0000000000
60383  -11.560  -33.600  49.220 0.0000000000
60384  -12.122  -33.017  48.895 0.0000000000
61661  -12.004  -32.441  48.637 0.0000000000
62780  -12.308  -31.827  48.842 0.0000000000
63919  -12.207  -31.069  48.730 0.0000000000
62795  -11.056  -31.700  47.736 0.0000000000
62794  -10.318  -31.683  47.649 0.0000000000
62793  -9.400  -31.667  47.331 0.0000000000
61675  -9.332  -32.678  47.002 0.0000000000
57790  -10.147  -35.494  66.521 0.0000000000
57789  -9.783  -35.503  65.816 0.0000000000
61392  -9.465  -32.926  65.216 0.0000000000
55445  -8.330  -37.389  61.294 0.0000000000
56612  -8.263  -36.789  60.849 0.0000000000
55444  -8.626  -37.703  60.813 0.0000000000
54212  -9.389  -38.450  60.581 0.0000000000
48677  -11.128  -43.405  62.788 0.0000000000
49695  -11.171  -43.052  62.267 0.0000000000
50787  -9.901  -41.183  59.668 0.0000000000
62655  -38.122  -31.247  57.539 0.0000000000
64901  -39.393  -29.400  59.118 0.0000000000
64897  -39.301  -29.432  60.306 0.0000000000
65956  -39.567  -28.582  59.757 0.0000000000
67125  -40.158  -27.632  60.550 0.0000000000
68376  -40.139  -27.068  60.978 0.0000000000
60215  -35.382  -33.263  59.098 0.0000000000
60216  -35.810  -33.031  58.690 0.0000000000
62634  -36.688  -31.903  60.225 0.0000000000
61489  -36.957  -32.250  58.943 0.0000000000
61504  -37.712  -31.877  57.574 0.0000000000
62611  -35.499  -31.541  62.639 0.0000000000
62603  -36.015  -31.143  62.983 0.0000000000
61437  -35.571  -31.800  61.951 0.0000000000
83115  -56.680  -13.380  36.038 0.0000000000
80928  -49.422  -14.897  37.327 0.0000000000
80940  -49.135  -14.858  36.599 0.0000000000
82065  -49.484  -14.875  36.174 0.0000000000
79805  -51.048  -15.268  35.146 0.0000000000
79806  -51.764  -15.871  35.066 0.0000000000
80955  -52.372  -15.217  35.159 0.0000000000
82067  -52.586  -14.471  36.457 0.0000000000
82082  -53.004  -14.857  35.743 0.0000000000
80943  -53.869  -15.317  35.987 0.0000000000
80944  -54.329  -15.132  35.852 0.0000000000
74056  -45.585  -20.714  47.898 0.0000000000
75223  -46.421  -20.519  48.367 0.0000000000
75222  -45.563  -20.407  48.251 0.0000000000
75206  -46.082  -19.889  48.918 0.0000000000
76358  -46.573  -19.555  49.732 0.0000000000
74053  -38.830  -21.490  49.075 0.0000000000
74065  -38.517  -20.614  47.451 0.0000000000
74075  -38.723  -20.338  46.866 0.0000000000
75247  -39.336  -19.912  46.231 0.0000000000
76389  -41.367  -19.696  47.977 0.0000000000
75234  -42.972  -20.056  47.255 0.0000000000
75235  -43.879  -19.899  47.303 0.0000000000
75236  -44.646  -20.243  47.467 0.0000000000
59040  -8.942  -34.760  54.889 0.0000000000
57874  -9.450  -35.931  54.269 0.0000000000
55518  -8.887  -37.239  53.906 0.0000000000
53122  -9.341  -39.214  54.513 0.0000000000
52005  -10.253  -40.801  54.643 0.0000000000
56603  -14.960  -36.646  64.905 0.0000000000
55432  -14.783  -37.746  64.736 0.0000000000
54197  -14.754  -39.180  64.392 0.0000000000
53001  -14.737  -39.822  63.994 0.0000000000
52995  -15.291  -39.798  64.699 0.0000000000
52996  -15.499  -40.243  64.734 0.0000000000
73974  -40.347  -21.560  54.986 0.0000000000
73975  -41.148  -21.520  55.219 0.0000000000
75117  -40.414  -21.235  55.902 0.0000000000
67178  -37.497  -27.456  56.704 0.0000000000
65990  -37.295  -28.870  54.821 0.0000000000
68432  -36.849  -26.847  56.493 0.0000000000
68446  -36.655  -26.767  55.879 0.0000000000
68430  -36.028  -26.047  55.770 0.0000000000
70732  -36.452  -24.801  57.103 0.0000000000
69648  -36.056  -25.693  56.243 0.0000000000
69657  -35.543  -25.437  54.835 0.0000000000
70761  -34.952  -24.641  54.367 0.0000000000
71819  -36.414  -23.383  54.685 0.0000000000
72856  -37.073  -22.130  56.192 0.0000000000
72869  -37.430  -22.085  55.195 0.0000000000
73972  -38.058  -21.703  54.749 0.0000000000
61402  -28.898  -32.562  65.227 0.0000000000
62633  -30.138  -31.618  59.161 0.0000000000
62640  -29.369  -31.600  58.572 0.0000000000
61513  -28.948  -32.194  57.618 0.0000000000
62659  -28.075  -31.661  57.118 0.0000000000
61529  -27.540  -31.811  56.895 0.0000000000
61547  -26.961  -31.941  55.859 0.0000000000
84190  -53.665  -12.255  31.632 0.0000000000
84191  -54.134  -11.937  31.987 0.0000000000
86255  -53.619  -10.848  31.200 0.0000000000
86247  -53.100  -10.310  31.451 0.0000000000
87196  -52.815  -9.919  31.808 0.0000000000
87183  -52.668  -9.250  32.779 0.0000000000
88156  -53.658  -8.735  33.699 0.0000000000
64892  -10.034  -29.004  60.081 0.0000000000
78619  -51.621  -17.319  42.746 0.0000000000
74137  -44.282  -21.539  42.674 0.0000000000
76454  -45.303  -19.797  41.345 0.0000000000
76455  -46.221  -19.416  41.581 0.0000000000
76442  -47.557  -19.422  42.722 0.0000000000
76457  -48.010  -18.792  42.429 0.0000000000
78617  -49.872  -17.976  42.511 0.0000000000
61353  -16.568  -32.451  67.604 0.0000000000
60132  -16.255  -33.180  65.753 0.0000000000
57877  -20.018  -35.532  54.191 0.0000000000
57859  -19.733  -35.529  54.753 0.0000000000
57849  -19.388  -35.239  55.435 0.0000000000
57848  -18.820  -35.284  55.840 0.0000000000
57841  -18.422  -35.360  56.420 0.0000000000
57840  -17.960  -35.566  56.681 0.0000000000
57831  -17.461  -35.204  57.196 0.0000000000
57830  -16.815  -35.441  57.684 0.0000000000
56633  -16.824  -35.949  57.156 0.0000000000
55485  -17.032  -36.747  57.038 0.0000000000
70725  -13.843  -23.874  57.072 0.0000000000
70734  -14.132  -24.783  56.798 0.0000000000
69650  -14.518  -25.738  55.595 0.0000000000
68422  -14.573  -26.529  56.237 0.0000000000
68433  -14.467  -26.758  55.285 0.0000000000
67196  -14.434  -27.549  54.349 0.0000000000
64938  -14.576  -29.203  53.045 0.0000000000
60357  -10.714  -33.904  51.859 0.0000000000
60358  -11.692  -33.342  51.553 0.0000000000
59086  -11.079  -34.108  51.287 0.0000000000
57936  -10.548  -35.437  49.503 0.0000000000
59112  -11.103  -34.651  49.562 0.0000000000
59113  -11.180  -34.436  49.106 0.0000000000
59125  -10.504  -34.298  47.957 0.0000000000
59144  -9.759  -34.271  47.491 0.0000000000
63723  -10.681  -30.373  67.821 0.0000000000
62536  -10.221  -32.010  67.199 0.0000000000
55423  -11.637  -37.686  66.823 0.0000000000
54181  -10.819  -38.431  66.229 0.0000000000
55429  -9.655  -37.531  63.588 0.0000000000
54190  -10.042  -38.508  63.877 0.0000000000
63818  -38.848  -29.693  57.001 0.0000000000
65972  -39.021  -28.477  57.800 0.0000000000
65977  -38.784  -29.104  57.153 0.0000000000
68409  -36.938  -26.212  57.916 0.0000000000
69622  -38.015  -25.387  59.026 0.0000000000
69632  -37.241  -25.689  58.623 0.0000000000
70724  -36.784  -24.858  58.434 0.0000000000
61483  -31.560  -32.251  59.986 0.0000000000
62642  -31.464  -31.653  58.034 0.0000000000
79827  -52.997  -16.058  33.868 0.0000000000
80974  -52.695  -15.739  33.504 0.0000000000
80973  -51.760  -15.767  33.338 0.0000000000
82123  -56.083  -14.100  31.885 0.0000000000
83143  -56.102  -14.356  33.137 0.0000000000
82113  -56.714  -14.335  31.984 0.0000000000
84192  -56.633  -13.444  31.862 0.0000000000
85220  -56.099  -12.372  32.892 0.0000000000
86227  -56.032  -10.584  34.102 0.0000000000
75271  -48.610  -20.477  45.139 0.0000000000
75208  -48.159  -20.059  49.037 0.0000000000
72991  -44.487  -21.886  44.083 0.0000000000
74108  -44.673  -21.233  45.301 0.0000000000
74109  -45.108  -21.280  44.834 0.0000000000
59001  -24.080  -33.994  58.481 0.0000000000
59014  -22.352  -34.114  56.289 0.0000000000
57853  -22.675  -34.535  54.909 0.0000000000
60281  -21.872  -33.986  55.529 0.0000000000
59026  -21.418  -34.310  55.473 0.0000000000
57860  -20.147  -35.512  54.438 0.0000000000
69688  -9.617  -25.762  52.349 0.0000000000
66031  -10.133  -27.451  50.090 0.0000000000
66032  -10.569  -27.647  49.964 0.0000000000
63807  -13.041  -30.157  56.971 0.0000000000
63824  -12.756  -30.705  55.634 0.0000000000
63840  -12.247  -30.772  55.047 0.0000000000
62687  -11.994  -31.535  55.066 0.0000000000
62703  -12.102  -32.003  54.256 0.0000000000
61581  -11.469  -32.578  53.543 0.0000000000
60276  -9.688  -33.286  54.795 0.0000000000
60322  -10.475  -33.414  53.278 0.0000000000
60356  -10.401  -34.218  52.046 0.0000000000
57919  -9.824  -36.008  50.858 0.0000000000
56705  -10.532  -35.956  52.231 0.0000000000
56720  -9.557  -36.935  50.527 0.0000000000
56589  -12.874  -36.247  67.525 0.0000000000
55419  -12.864  -37.233  67.631 0.0000000000
56598  -14.546  -36.999  65.739 0.0000000000
55424  -13.194  -37.702  67.375 0.0000000000
54179  -12.577  -37.645  67.292 0.0000000000
52989  -13.158  -39.806  66.365 0.0000000000
51832  -12.333  -41.099  65.192 0.0000000000
76311  -41.889  -19.280  51.478 0.0000000000
77432  -42.577  -18.895  51.905 0.0000000000
77417  -42.444  -19.432  52.383 0.0000000000
76296  -42.834  -19.616  52.623 0.0000000000
75150  -42.659  -20.675  53.893 0.0000000000
65999  -37.327  -28.637  53.639 0.0000000000
67210  -36.420  -28.096  53.395 0.0000000000
72920  -38.431  -21.937  50.675 0.0000000000
74035  -39.130  -21.579  50.728 0.0000000000
72907  -38.945  -22.061  51.614 0.0000000000
74023  -39.397  -21.663  51.238 0.0000000000
74036  -39.827  -21.398  50.911 0.0000000000
75190  -40.436  -20.990  51.131 0.0000000000
60178  -26.086  -34.249  62.703 0.0000000000
58961  -25.671  -34.461  62.542 0.0000000000
58981  -25.150  -33.875  60.344 0.0000000000
61404  -31.061  -32.713  65.062 0.0000000000
62593  -31.562  -32.252  64.010 0.0000000000
62592  -31.205  -32.453  64.291 0.0000000000
61465  -30.522  -32.348  60.935 0.0000000000
61446  -29.520  -32.631  61.887 0.0000000000
61445  -28.723  -32.570  61.991 0.0000000000
62608  -27.896  -32.872  62.158 0.0000000000
61478  -26.836  -33.126  59.846 0.0000000000
60211  -25.039  -33.715  59.585 0.0000000000
60260  -23.936  -33.704  56.478 0.0000000000
60282  -24.226  -33.613  55.777 0.0000000000
87199  -52.069  -9.394  31.466 0.0000000000
89150  -51.981  -7.855  31.931 0.0000000000
92172  -51.318  -5.460  31.343 0.0000000000
68413  -13.738  -26.742  57.726 0.0000000000
65968  -13.356  -28.676  57.524 0.0000000000
65960  -13.042  -28.540  58.239 0.0000000000
64905  -12.909  -29.531  57.438 0.0000000000
63806  -12.428  -30.224  57.329 0.0000000000
63805  -11.734  -30.645  57.432 0.0000000000
62656  -11.194  -31.568  56.793 0.0000000000
63792  -10.208  -30.468  58.960 0.0000000000
63796  -9.950  -30.962  58.438 0.0000000000
62646  -9.915  -31.787  57.530 0.0000000000
56630  -8.915  -36.515  57.337 0.0000000000
56631  -9.310  -37.021  57.825 0.0000000000
82037  -53.820  -14.406  39.595 0.0000000000
82026  -53.144  -14.737  40.137 0.0000000000
77433  -43.329  -19.129  51.746 0.0000000000
77571  -45.918  -18.391  40.464 0.0000000000
77573  -47.352  -18.170  40.987 0.0000000000
78637  -46.563  -17.875  40.054 0.0000000000
78647  -46.921  -17.440  39.737 0.0000000000
79774  -48.226  -16.146  39.517 0.0000000000
80899  -49.771  -15.639  40.042 0.0000000000
58944  -14.486  -35.133  66.981 0.0000000000
57792  -14.701  -35.501  66.496 0.0000000000
61345  -15.924  -32.894  68.252 0.0000000000
55437  -14.995  -37.973  63.018 0.0000000000
56609  -15.613  -36.848  63.223 0.0000000000
55442  -15.475  -37.267  63.090 0.0000000000
55438  -15.186  -38.186  62.477 0.0000000000
53004  -15.747  -38.928  61.843 0.0000000000
51858  -15.353  -39.389  61.006 0.0000000000
58991  -23.663  -33.962  58.990 0.0000000000
60226  -23.746  -33.661  59.585 0.0000000000
60208  -22.841  -33.192  60.053 0.0000000000
61443  -21.395  -33.066  61.443 0.0000000000
59012  -20.140  -33.882  56.294 0.0000000000
60222  -20.441  -33.634  58.863 0.0000000000
60206  -20.863  -33.175  59.874 0.0000000000
61460  -20.830  -32.829  60.725 0.0000000000
62606  -20.983  -33.063  61.955 0.0000000000
61426  -20.766  -32.704  62.283 0.0000000000
61412  -20.671  -32.382  63.285 0.0000000000
61411  -19.549  -32.389  63.644 0.0000000000
61395  -18.150  -32.056  64.726 0.0000000000
60169  -15.770  -34.397  62.490 0.0000000000
58957  -15.879  -34.881  62.048 0.0000000000
57825  -16.666  -35.355  58.460 0.0000000000
57820  -16.276  -35.523  59.337 0.0000000000
57814  -16.031  -35.610  60.298 0.0000000000
57808  -15.997  -35.673  61.346 0.0000000000
55451  -15.548  -37.549  61.001 0.0000000000
54226  -16.268  -38.838  59.484 0.0000000000
54216  -16.235  -38.840  59.983 0.0000000000
54208  -15.732  -38.586  60.492 0.0000000000
70742  -11.514  -23.996  54.777 0.0000000000
70733  -13.707  -24.064  56.215 0.0000000000
70765  -11.296  -25.010  53.548 0.0000000000
69690  -11.290  -25.988  52.577 0.0000000000
68480  -12.105  -26.707  52.259 0.0000000000
68498  -11.837  -27.218  51.964 0.0000000000
67233  -11.019  -27.282  51.205 0.0000000000
66046  -10.528  -28.390  49.364 0.0000000000
64917  -13.898  -29.793  55.370 0.0000000000
62690  -13.871  -30.863  54.287 0.0000000000
62706  -14.199  -30.773  53.965 0.0000000000
64947  -14.392  -29.172  52.226 0.0000000000
61605  -11.913  -32.240  51.311 0.0000000000
61623  -12.719  -31.998  50.315 0.0000000000
62749  -12.222  -31.783  50.888 0.0000000000
62733  -13.409  -30.894  51.592 0.0000000000
63875  -13.723  -30.155  51.614 0.0000000000
64956  -13.791  -29.336  51.332 0.0000000000
66035  -13.275  -28.822  50.874 0.0000000000
64966  -12.784  -29.122  50.424 0.0000000000
66048  -12.209  -28.572  49.871 0.0000000000
64979  -11.755  -29.526  49.222 0.0000000000
64978  -11.012  -29.109  48.987 0.0000000000
66060  -10.381  -29.035  48.665 0.0000000000
63931  -9.295  -30.484  47.698 0.0000000000
62810  -8.845  -31.603  46.948 0.0000000000
62809  -8.422  -31.486  46.618 0.0000000000
64859  -9.498  -29.396  63.626 0.0000000000
61351  -12.452  -33.021  68.109 0.0000000000
61362  -11.987  -32.806  67.680 0.0000000000
61350  -11.577  -32.627  67.810 0.0000000000
60113  -11.518  -33.603  67.701 0.0000000000
61349  -10.633  -32.662  67.625 0.0000000000
61348  -10.085  -32.541  67.116 0.0000000000
56587  -11.306  -36.358  67.111 0.0000000000
58943  -10.275  -34.624  66.720 0.0000000000
60121  -10.308  -33.781  66.940 0.0000000000
62549  -9.878  -32.011  66.712 0.0000000000
61455  -9.109  -33.674  60.888 0.0000000000
57799  -9.716  -35.681  63.596 0.0000000000
57798  -9.303  -35.600  63.245 0.0000000000
58954  -8.961  -35.275  61.990 0.0000000000
60190  -9.140  -34.502  60.884 0.0000000000
57818  -9.557  -36.000  59.607 0.0000000000
57813  -9.090  -36.632  60.234 0.0000000000
57819  -9.301  -36.530  59.931 0.0000000000
56625  -9.249  -36.920  58.736 0.0000000000
50729  -12.239  -41.740  64.805 0.0000000000
47587  -13.553  -44.418  64.665 0.0000000000
50728  -11.482  -41.701  64.360 0.0000000000
50727  -10.856  -41.449  64.074 0.0000000000
51853  -9.817  -40.045  62.296 0.0000000000
51852  -9.627  -39.668  61.704 0.0000000000
49709  -11.092  -42.500  61.680 0.0000000000
51873  -9.982  -40.197  61.498 0.0000000000
51872  -9.770  -39.765  61.244 0.0000000000
51894  -9.750  -39.630  60.911 0.0000000000
53033  -9.773  -39.137  60.753 0.0000000000
53034  -9.721  -39.102  60.287 0.0000000000
51919  -9.391  -40.408  59.966 0.0000000000
53046  -9.443  -39.541  59.707 0.0000000000
55474  -9.516  -37.801  57.497 0.0000000000
51986  -9.596  -40.770  56.403 0.0000000000
47585  -12.472  -44.920  63.525 0.0000000000
48668  -11.144  -43.356  63.037 0.0000000000
49668  -12.668  -42.382  64.958 0.0000000000
50786  -9.602  -40.794  59.938 0.0000000000
51833  -15.335  -40.301  64.467 0.0000000000
51834  -15.427  -40.700  64.512 0.0000000000
51841  -15.596  -39.134  61.572 0.0000000000
52997  -15.655  -38.869  62.408 0.0000000000
52998  -15.820  -38.939  62.203 0.0000000000
53024  -16.001  -39.156  60.178 0.0000000000
53035  -16.311  -39.297  59.632 0.0000000000
53047  -16.462  -39.143  59.053 0.0000000000
53048  -16.463  -39.319  59.217 0.0000000000
53058  -16.543  -39.453  58.664 0.0000000000
54194  -15.466  -38.664  62.657 0.0000000000
54195  -15.518  -38.591  62.370 0.0000000000
54201  -15.569  -38.496  61.569 0.0000000000
54205  -15.512  -38.454  61.094 0.0000000000
54213  -9.559  -38.663  60.007 0.0000000000
54214  -15.749  -37.790  59.984 0.0000000000
54227  -16.402  -39.069  59.584 0.0000000000
54235  -15.670  -38.261  58.608 0.0000000000
55433  -15.047  -38.249  62.935 0.0000000000
55434  -15.290  -38.427  62.602 0.0000000000
55466  -15.595  -38.003  58.631 0.0000000000
55496  -17.537  -37.145  55.623 0.0000000000
55502  -9.295  -37.447  54.618 0.0000000000
56601  -9.940  -35.856  63.562 0.0000000000
56605  -9.740  -35.955  63.346 0.0000000000
56611  -15.917  -37.153  62.090 0.0000000000
56617  -9.134  -36.839  60.110 0.0000000000
56681  -19.825  -35.687  54.145 0.0000000000
56757  -9.944  -35.412  48.348 0.0000000000
56777  -9.991  -35.197  48.158 0.0000000000
57796  -9.993  -35.703  63.747 0.0000000000
57804  -15.856  -35.245  63.105 0.0000000000
57815  -24.485  -33.673  60.649 0.0000000000
57817  -24.966  -34.064  61.188 0.0000000000
57821  -24.409  -33.593  60.365 0.0000000000
57822  -24.614  -33.695  60.442 0.0000000000
57824  -9.469  -36.485  59.327 0.0000000000
57832  -18.133  -35.113  56.913 0.0000000000
57876  -19.855  -35.588  54.367 0.0000000000
57954  -11.004  -34.739  48.802 0.0000000000
58968  -25.632  -34.258  62.079 0.0000000000
58980  -24.639  -33.737  59.737 0.0000000000
59009  -18.064  -34.279  55.511 0.0000000000
59022  -18.208  -34.230  55.317 0.0000000000
59043  -22.109  -34.504  54.875 0.0000000000
59084  -10.256  -34.447  52.212 0.0000000000
60145  -16.709  -32.566  64.558 0.0000000000
60209  -23.761  -33.227  60.032 0.0000000000
60210  -24.555  -33.775  59.453 0.0000000000
60214  -35.051  -33.365  59.305 0.0000000000
60219  -17.656  -34.325  58.854 0.0000000000
60230  -34.380  -33.390  58.656 0.0000000000
60238  -21.429  -33.783  56.375 0.0000000000
60259  -21.982  -33.806  55.814 0.0000000000
60280  -21.702  -33.865  55.666 0.0000000000
60323  -11.142  -33.206  53.114 0.0000000000
60342  -12.149  -32.625  52.356 0.0000000000
60382  -11.181  -34.151  49.422 0.0000000000
61427  -21.395  -33.174  62.136 0.0000000000
61457  -9.579  -32.168  59.847 0.0000000000
61472  -36.722  -31.848  60.873 0.0000000000
61476  -21.106  -32.931  60.345 0.0000000000
61496  -29.059  -32.125  58.019 0.0000000000
61517  -35.328  -32.725  56.994 0.0000000000
61548  -27.295  -31.878  56.468 0.0000000000
61593  -12.255  -32.137  52.309 0.0000000000
62538  -11.992  -32.278  67.728 0.0000000000
62539  -12.426  -32.362  68.164 0.0000000000
62551  -12.003  -32.554  67.611 0.0000000000
62569  -16.794  -31.895  65.353 0.0000000000
62584  -16.914  -32.021  64.895 0.0000000000
62585  -17.464  -31.835  65.069 0.0000000000
62598  -30.857  -32.609  63.840 0.0000000000
62599  -31.344  -32.491  63.779 0.0000000000
62600  -31.596  -32.397  63.771 0.0000000000
62607  -21.205  -33.159  61.868 0.0000000000
62609  -28.247  -32.646  61.999 0.0000000000
62615  -21.057  -33.025  61.722 0.0000000000
62616  -21.272  -33.119  61.638 0.0000000000
62617  -27.884  -32.633  61.672 0.0000000000
62624  -27.888  -32.335  61.424 0.0000000000
62649  -28.304  -32.023  57.427 0.0000000000
62650  -28.655  -32.043  57.340 0.0000000000
62658  -12.168  -30.975  56.359 0.0000000000
62731  -12.001  -31.847  51.210 0.0000000000
63808  -31.827  -31.529  57.290 0.0000000000
63826  -13.849  -29.999  55.004 0.0000000000
63843  -14.254  -30.251  54.451 0.0000000000
63900  -11.805  -30.105  49.067 0.0000000000
64911  -38.799  -29.421  57.016 0.0000000000
64957  -14.175  -29.253  51.782 0.0000000000
65908  -8.362  -28.608  61.676 0.0000000000
65930  -39.891  -27.921  61.107 0.0000000000
65931  -40.184  -27.708  61.091 0.0000000000
65932  -8.736  -29.016  61.064 0.0000000000
65943  -39.297  -28.510  60.856 0.0000000000
65945  -40.162  -27.938  60.831 0.0000000000
65957  -39.939  -28.041  60.219 0.0000000000
66020  -13.029  -27.426  51.130 0.0000000000
66022  -14.138  -28.740  51.789 0.0000000000
66047  -11.382  -28.463  49.582 0.0000000000
67112  -40.311  -27.520  61.017 0.0000000000
67124  -39.947  -27.485  60.185 0.0000000000
67139  -39.959  -27.775  60.057 0.0000000000
67164  -38.384  -27.548  58.211 0.0000000000
67166  -39.063  -27.895  58.017 0.0000000000
67268  -11.488  -27.796  49.912 0.0000000000
68377  -40.261  -27.346  60.827 0.0000000000
68389  -40.077  -27.283  60.590 0.0000000000
68390  -10.510  -27.242  60.238 0.0000000000
68423  -14.840  -26.153  56.075 0.0000000000
68434  -14.792  -26.185  55.831 0.0000000000
68445  -36.264  -26.731  55.417 0.0000000000
68447  -13.528  -26.352  53.695 0.0000000000
68481  -12.776  -26.825  52.604 0.0000000000
69614  -39.379  -26.417  60.177 0.0000000000
69651  -14.816  -25.891  56.049 0.0000000000
70740  -35.769  -24.594  56.156 0.0000000000
70741  -36.116  -25.066  56.457 0.0000000000
71789  -36.124  -24.152  56.859 0.0000000000
71798  -35.954  -24.109  56.589 0.0000000000
71887  -42.949  -21.618  44.559 0.0000000000
72980  -44.684  -21.682  44.278 0.0000000000
73987  -38.222  -21.835  54.283 0.0000000000
74024  -39.802  -21.819  51.617 0.0000000000
74057  -45.857  -20.873  47.938 0.0000000000
74112  -47.444  -19.950  44.338 0.0000000000
75134  -39.634  -21.491  54.775 0.0000000000
75189  -40.098  -21.182  50.854 0.0000000000
75225  -48.766  -20.442  48.178 0.0000000000
75251  -43.625  -20.279  46.699 0.0000000000
75254  -45.940  -20.644  46.228 0.0000000000
75268  -45.604  -20.700  45.918 0.0000000000
75269  -45.815  -20.653  46.042 0.0000000000
75279  -41.007  -20.453  45.031 0.0000000000
75294  -46.768  -20.091  42.682 0.0000000000
75309  -46.992  -19.771  42.517 0.0000000000
76260  -39.663  -21.214  56.033 0.0000000000
76373  -41.666  -19.575  48.611 0.0000000000
76377  -47.979  -20.305  47.648 0.0000000000
76378  -48.209  -20.279  47.824 0.0000000000
76390  -42.314  -19.730  47.904 0.0000000000
76402  -40.766  -19.805  46.172 0.0000000000
76412  -40.761  -19.822  45.918 0.0000000000
76419  -50.818  -19.440  44.714 0.0000000000
76429  -48.620  -19.045  43.101 0.0000000000
76443  -48.032  -19.257  42.949 0.0000000000
77416  -42.188  -19.647  52.426 0.0000000000
77418  -42.978  -19.096  52.266 0.0000000000
77527  -48.357  -18.961  42.981 0.0000000000
77528  -48.711  -18.900  43.075 0.0000000000
78636  -45.890  -17.845  39.944 0.0000000000
78646  -46.299  -17.393  39.578 0.0000000000
79796  -50.498  -15.100  35.887 0.0000000000
79804  -50.550  -15.092  35.493 0.0000000000
82094  -53.738  -14.743  34.229 0.0000000000
82111  -55.904  -14.692  32.676 0.0000000000
82112  -56.277  -14.347  32.383 0.0000000000
82124  -56.619  -14.063  31.648 0.0000000000
82135  -56.159  -13.866  31.586 0.0000000000
82136  -56.489  -13.846  31.565 0.0000000000
83094  -53.322  -14.053  39.206 0.0000000000
83095  -53.585  -14.078  39.227 0.0000000000
83102  -53.826  -14.000  38.810 0.0000000000
83121  -56.683  -12.823  35.210 0.0000000000
83159  -57.215  -13.991  31.944 0.0000000000
83178  -56.343  -13.573  31.676 0.0000000000
83179  -56.812  -13.767  31.679 0.0000000000
84162  -56.688  -12.643  34.444 0.0000000000
84163  -56.929  -12.251  34.751 0.0000000000
84176  -56.594  -13.327  32.374 0.0000000000
84193  -57.014  -13.578  31.945 0.0000000000
86216  -53.051  -9.463  32.823 0.0000000000
86217  -53.221  -9.323  32.931 0.0000000000
86238  -52.746  -9.645  32.453 0.0000000000
86249  -54.319  -11.171  32.454 0.0000000000
87176  -52.911  -9.273  32.803 0.0000000000
87177  -53.084  -9.159  32.836 0.0000000000
91173  -51.237  -5.833  31.377 0.0000000000
91178  -51.234  -5.848  31.128 0.0000000000
92171  -51.312  -5.658  31.240 0.0000000000
92178  -51.240  -5.632  31.010 0.0000000000
133250  -38.580  -27.688  58.151 0.0000000000
133252  -38.493  -27.371  58.351 0.0000000000
133253  -38.841  -27.799  58.073 0.0000000000
