#!ascii label  , from subject 3134 vox2ras=TkReg
941
86785  -18.230  -10.521  -11.682 0.5555555820
86786  -18.731  -10.518  -12.416 0.6666666865
87760  -19.237  -9.718  -13.506 0.7777777910
87761  -19.618  -10.070  -13.915 0.7777777910
88723  -19.672  -8.593  -14.405 0.8888888955
88737  -21.485  -8.623  -15.591 0.8888888955
85773  -17.928  -11.446  -11.178 0.5555555820
87736  -18.241  -9.550  -12.372 0.6666666865
88684  -18.558  -8.998  -13.088 0.8888888955
87775  -20.173  -9.707  -14.370 0.8888888955
88724  -20.703  -9.079  -15.025 0.8888888955
89722  -21.468  -7.719  -15.927 1.0000000000
89733  -22.205  -7.425  -16.538 1.0000000000
87735  -17.741  -9.032  -11.886 0.7777777910
88708  -17.689  -7.819  -14.033 1.0000000000
89712  -18.346  -6.908  -14.400 1.0000000000
88722  -18.698  -7.630  -14.598 1.0000000000
89720  -19.788  -6.725  -15.534 1.0000000000
89719  -18.888  -6.810  -15.071 1.0000000000
89731  -20.572  -6.475  -16.087 1.0000000000
90705  -19.381  -6.053  -15.109 1.0000000000
89730  -20.034  -6.345  -16.043 1.0000000000
89744  -22.154  -6.865  -17.056 1.0000000000
90712  -20.259  -5.952  -16.310 1.0000000000
90713  -20.809  -6.178  -16.950 1.0000000000
90727  -22.987  -6.379  -17.012 1.0000000000
91720  -21.875  -5.471  -17.211 1.0000000000
91731  -22.585  -5.499  -17.259 0.7777777910
91675  -17.898  -5.362  -13.485 0.8888888955
90704  -18.698  -6.146  -14.504 1.0000000000
90711  -19.728  -6.003  -15.875 1.0000000000
91708  -18.837  -5.295  -14.856 1.0000000000
92673  -19.594  -4.908  -15.948 1.0000000000
91718  -20.480  -5.358  -16.662 1.0000000000
91719  -21.158  -5.399  -17.134 1.0000000000
92686  -21.828  -4.581  -17.156 1.0000000000
92687  -22.307  -5.023  -17.291 1.0000000000
92696  -22.917  -4.508  -17.612 0.8888888955
92706  -23.724  -4.124  -17.814 0.7777777910
92707  -24.580  -4.293  -17.987 0.7777777910
92654  -17.276  -4.040  -14.088 0.5555555820
94659  -18.101  -2.455  -15.291 0.7777777910
93647  -18.247  -3.389  -15.246 0.8888888955
92683  -19.337  -4.015  -16.235 1.0000000000
92684  -19.880  -4.512  -16.450 1.0000000000
93659  -18.919  -3.486  -16.138 0.8888888955
93660  -19.667  -3.540  -16.535 1.0000000000
93661  -20.620  -3.594  -16.893 1.0000000000
93670  -21.709  -3.441  -17.262 1.0000000000
93671  -22.890  -3.492  -17.560 0.8888888955
94697  -24.429  -3.008  -18.101 0.7777777910
93685  -25.575  -3.567  -18.140 0.6666666865
93674  -25.607  -3.044  -18.301 0.6666666865
95587  -17.298  -2.012  -14.427 0.4444444478
94639  -17.691  -2.745  -14.727 0.7777777910
95615  -17.735  -1.091  -14.836 0.6666666865
95657  -19.133  -1.733  -16.287 0.7777777910
94673  -19.364  -2.704  -16.433 0.8888888955
94674  -19.885  -2.904  -17.072 0.8888888955
93669  -21.002  -3.074  -17.309 1.0000000000
95659  -20.076  -2.417  -17.327 1.0000000000
94683  -21.274  -2.436  -17.547 1.0000000000
94684  -22.373  -2.324  -17.696 1.0000000000
95677  -22.963  -2.140  -18.141 0.7777777910
94686  -24.060  -2.585  -18.063 0.7777777910
93675  -26.109  -3.259  -17.826 0.5555555820
94687  -24.948  -2.592  -18.109 0.7777777910
94688  -25.968  -2.283  -18.083 0.6666666865
96648  -17.758  -0.312  -15.857 0.6666666865
96649  -18.021  -0.874  -16.053 0.7777777910
96665  -18.724  -0.477  -16.592 0.7777777910
96666  -19.353  -1.311  -16.951 0.8888888955
95674  -19.803  -1.435  -17.345 0.8888888955
96683  -19.496  -0.810  -17.468 1.0000000000
95690  -20.109  -1.088  -17.724 1.0000000000
95691  -20.753  -1.120  -18.186 1.0000000000
94695  -21.712  -1.938  -17.990 0.8888888955
95693  -22.674  -1.594  -18.643 0.8888888955
95694  -23.465  -1.323  -18.712 0.8888888955
95678  -23.475  -2.023  -18.385 0.7777777910
96701  -22.159  -0.933  -19.261 0.8888888955
95705  -23.055  -1.122  -19.133 0.7777777910
95695  -23.827  -0.804  -18.592 0.7777777910
95680  -25.292  -1.512  -17.593 0.7777777910
97692  -17.277  0.477  -15.598 0.6666666865
96621  -17.361  -0.181  -14.961 0.5555555820
96664  -18.060  0.144  -16.398 0.7777777910
97716  -18.216  0.649  -16.853 0.8888888955
96682  -19.268  -0.102  -17.697 0.8888888955
96698  -19.506  0.151  -18.080 1.0000000000
96699  -19.946  -0.306  -18.306 1.0000000000
96700  -21.218  -0.287  -19.032 1.0000000000
95692  -21.673  -1.380  -18.521 0.8888888955
95707  -23.602  -0.511  -18.717 0.7777777910
96703  -23.997  0.121  -18.495 0.7777777910
96684  -25.049  -0.516  -17.819 0.6666666865
96685  -25.813  -0.455  -17.391 0.5555555820
95681  -26.142  -1.396  -17.300 0.5555555820
97715  -17.558  0.725  -16.306 0.7777777910
98760  -17.035  1.645  -16.408 0.6666666865
97747  -19.648  0.760  -18.263 1.0000000000
97748  -20.390  0.627  -19.044 1.0000000000
96713  -21.574  0.251  -19.554 0.8888888955
96714  -22.003  -0.113  -19.637 0.8888888955
97759  -22.428  0.579  -19.605 0.8888888955
96715  -22.791  -0.410  -19.281 0.8888888955
97749  -23.780  0.701  -18.651 0.7777777910
97750  -24.515  0.691  -18.135 0.7777777910
97736  -25.722  0.383  -17.906 0.5555555820
98816  -22.965  1.541  -19.424 0.7777777910
98787  -25.730  0.935  -18.185 0.5555555820
97737  -26.605  0.351  -17.785 0.5555555820
98804  -25.347  1.461  -18.074 0.6666666865
99766  -16.332  2.873  -15.472 0.4444444478
99768  -16.829  2.449  -16.439 0.5555555820
99795  -18.094  2.412  -17.877 0.7777777910
97734  -19.298  1.329  -17.922 1.0000000000
98762  -17.975  1.832  -17.562 0.8888888955
98800  -19.642  2.004  -18.547 1.0000000000
98801  -19.998  1.263  -18.966 0.8888888955
98814  -21.342  1.373  -20.229 0.8888888955
97757  -21.115  0.676  -19.693 0.8888888955
98803  -24.274  1.553  -18.624 0.6666666865
98788  -26.248  1.189  -18.177 0.5555555820
102523  -17.323  5.695  -17.888 0.6666666865
101647  -17.822  4.043  -17.449 0.6666666865
101703  -18.385  3.824  -18.877 0.7777777910
99857  -19.987  2.749  -19.861 0.8888888955
100817  -19.369  3.566  -19.856 0.7777777910
99865  -20.439  2.649  -20.497 0.7777777910
98824  -20.599  2.086  -20.818 0.8888888955
99866  -20.757  2.576  -21.020 0.7777777910
98826  -21.458  1.832  -20.627 0.8888888955
100819  -22.195  2.805  -20.403 0.7777777910
99858  -21.840  2.195  -20.381 0.7777777910
99859  -22.524  2.399  -19.900 0.6666666865
100829  -22.761  4.008  -20.437 0.6666666865
100821  -23.855  3.598  -19.754 0.6666666865
99860  -23.549  2.667  -19.494 0.6666666865
98817  -23.752  1.860  -19.137 0.5555555820
101724  -24.183  4.419  -19.552 0.6666666865
100801  -24.455  3.337  -19.069 0.5555555820
100802  -25.329  3.448  -18.067 0.5555555820
98805  -26.040  1.789  -18.165 0.4444444478
105160  -17.244  8.646  -17.912 0.3333333433
104259  -17.584  7.626  -18.184 0.3333333433
103385  -17.587  6.387  -18.576 0.5555555820
103386  -17.826  5.722  -18.725 0.6666666865
103427  -18.442  6.453  -19.752 0.5555555820
101721  -18.973  4.574  -19.950 0.7777777910
101722  -19.306  4.083  -20.356 0.7777777910
101734  -20.689  4.586  -20.539 0.6666666865
100827  -21.111  3.465  -20.676 0.6666666865
101735  -21.578  4.548  -20.305 0.6666666865
101736  -22.464  4.548  -20.194 0.6666666865
102586  -23.328  5.017  -19.719 0.6666666865
101704  -24.761  4.482  -18.689 0.5555555820
101705  -25.468  4.669  -18.108 0.5555555820
105175  -17.632  8.713  -18.930 0.4444444478
106096  -17.482  9.502  -18.406 0.4444444478
105176  -18.007  8.263  -19.260 0.4444444478
106127  -18.530  9.027  -19.960 0.5555555820
104300  -18.575  7.599  -19.782 0.5555555820
103445  -18.935  6.679  -20.395 0.6666666865
102581  -19.548  5.814  -20.251 0.6666666865
102582  -20.357  5.817  -20.733 0.6666666865
102584  -22.099  5.562  -20.040 0.6666666865
102585  -22.850  5.282  -19.863 0.6666666865
102550  -24.211  5.465  -18.957 0.6666666865
102551  -24.931  5.591  -18.349 0.5555555820
106111  -17.948  9.806  -19.971 0.4444444478
104301  -19.865  7.324  -19.904 0.6666666865
103447  -20.359  6.476  -20.085 0.6666666865
103448  -20.991  6.553  -20.644 0.6666666865
102583  -21.196  5.667  -20.517 0.6666666865
103461  -20.824  6.193  -20.988 0.6666666865
103451  -23.309  5.734  -19.639 0.6666666865
88710  -19.153  -9.010  -13.575 0.8888888955
88683  -17.388  -8.529  -12.992 1.0000000000
88735  -19.770  -7.594  -15.129 1.0000000000
94696  -22.116  -1.797  -18.209 0.8888888955
97714  -16.931  1.000  -16.037 0.5555555820
100715  -16.679  3.807  -15.900 0.5555555820
98761  -17.858  1.644  -16.816 0.7777777910
97760  -23.192  0.556  -19.218 0.8888888955
100714  -15.987  3.708  -15.438 0.2222222239
99845  -24.758  2.422  -18.325 0.6666666865
100825  -19.725  3.800  -20.376 0.7777777910
99846  -25.666  2.316  -17.980 0.4444444478
104322  -19.213  7.711  -20.291 0.6666666865
105214  -20.317  8.656  -20.662 0.6666666865
95614  -17.066  -0.701  -14.518 0.4444444478
97665  -17.041  0.448  -15.023 0.4444444478
101683  -26.060  4.725  -17.635 0.5555555820
107052  -17.671  9.956  -18.137 0.2222222239
106110  -17.587  9.749  -19.171 0.3333333433
102531  -25.647  5.667  -17.855 0.5555555820
84772  -18.339  -12.642  -11.373 0.5555555820
84787  -18.750  -12.011  -12.076 0.5555555820
86803  -19.349  -10.526  -13.209 0.5555555820
86804  -20.280  -10.622  -13.869 0.5555555820
87777  -21.655  -10.002  -15.033 0.7777777910
88726  -21.829  -9.774  -15.620 0.8888888955
86817  -20.626  -10.186  -14.361 0.6666666865
87776  -21.039  -9.746  -14.625 0.8888888955
88738  -22.287  -9.188  -15.877 0.7777777910
89724  -22.821  -8.438  -16.121 0.7777777910
89734  -23.210  -7.706  -16.546 0.8888888955
85772  -17.339  -11.405  -10.567 0.4444444478
87720  -17.440  -9.440  -11.061 0.5555555820
89745  -22.732  -7.158  -16.961 1.0000000000
88671  -17.452  -8.137  -11.510 0.2222222239
90728  -23.819  -6.082  -17.293 0.6666666865
92697  -23.922  -4.628  -17.437 0.7777777910
91742  -24.795  -4.740  -17.527 0.6666666865
90696  -17.792  -6.645  -13.362 0.5555555820
91735  -25.620  -4.549  -17.502 0.6666666865
91674  -17.806  -5.234  -12.641 0.4444444478
92709  -25.661  -3.947  -17.756 0.5555555820
93663  -26.659  -3.446  -16.920 0.5555555820
93598  -16.418  -3.549  -12.698 0.2222222239
94675  -26.413  -2.391  -17.119 0.5555555820
95586  -16.825  -1.432  -14.004 0.4444444478
97646  -16.591  0.360  -13.968 0.3333333433
95660  -26.948  -1.268  -16.721 0.5555555820
99767  -16.587  2.712  -16.006 0.4444444478
96669  -26.966  -0.247  -16.744 0.4444444478
99765  -15.961  2.867  -15.133 0.3333333433
97738  -27.186  0.654  -17.541 0.5555555820
105159  -16.371  8.720  -17.297 0.3333333433
104258  -17.003  7.711  -17.359 0.3333333433
103365  -16.674  6.667  -17.021 0.4444444478
100803  -25.952  2.834  -17.777 0.4444444478
100778  -25.723  4.093  -17.702 0.4444444478
101684  -26.569  4.720  -17.102 0.2222222239
107077  -17.772  10.302  -19.350 0.3333333433
105213  -19.511  8.655  -20.471 0.6666666865
104325  -21.552  7.626  -20.418 0.6666666865
103449  -21.916  6.599  -20.447 0.6666666865
103450  -22.908  6.540  -19.972 0.6666666865
103430  -23.501  7.132  -19.763 0.6666666865
103410  -24.581  6.584  -18.755 0.6666666865
102532  -26.243  5.661  -17.294 0.3333333433
85792  -18.525  -11.422  -11.842 0.5555555820
85807  -19.778  -11.525  -13.178 0.6666666865
87737  -18.729  -9.844  -13.085 0.6666666865
88685  -18.954  -9.390  -13.255 0.7777777910
87774  -19.525  -9.461  -14.018 0.8888888955
88709  -18.379  -8.459  -13.867 1.0000000000
88725  -21.500  -9.408  -15.323 0.8888888955
86769  -17.712  -10.517  -11.039 0.5555555820
87721  -17.855  -9.797  -11.590 0.5555555820
88736  -20.635  -8.140  -15.292 1.0000000000
89721  -20.646  -7.227  -15.706 1.0000000000
89723  -22.247  -8.186  -16.117 1.0000000000
89732  -21.391  -6.869  -16.551 1.0000000000
89696  -17.519  -7.332  -13.235 0.8888888955
89711  -17.791  -7.082  -13.950 0.8888888955
88721  -18.091  -7.391  -14.258 1.0000000000
90697  -18.120  -6.260  -13.852 1.0000000000
88734  -19.213  -7.238  -15.205 1.0000000000
91709  -19.454  -5.342  -15.580 1.0000000000
90715  -23.167  -7.103  -17.087 0.8888888955
90726  -22.016  -6.204  -17.210 1.0000000000
91717  -19.867  -5.368  -16.192 1.0000000000
90714  -21.402  -5.989  -17.323 1.0000000000
91732  -23.441  -5.412  -17.346 0.7777777910
91696  -18.181  -5.425  -14.167 1.0000000000
90677  -18.001  -6.012  -13.132 0.6666666865
92655  -18.000  -4.433  -14.411 0.8888888955
92672  -18.966  -4.461  -15.684 1.0000000000
92685  -20.920  -4.607  -16.733 1.0000000000
93662  -21.319  -4.040  -16.853 1.0000000000
92695  -22.336  -4.017  -17.397 1.0000000000
93682  -23.477  -3.802  -17.814 0.8888888955
92708  -25.292  -4.067  -18.102 0.6666666865
92625  -17.054  -4.416  -13.345 0.5555555820
93626  -17.005  -3.562  -13.917 0.6666666865
93627  -17.664  -3.510  -14.328 0.6666666865
92626  -17.702  -4.947  -13.870 0.7777777910
95616  -17.733  -2.038  -14.932 0.6666666865
94672  -18.613  -2.566  -15.894 0.8888888955
93672  -23.750  -3.197  -17.660 0.8888888955
93683  -24.232  -3.540  -18.036 0.7777777910
93684  -25.009  -3.493  -18.313 0.7777777910
95572  -16.910  -1.741  -13.159 0.3333333433
94609  -16.712  -2.640  -13.199 0.3333333433
94611  -17.402  -2.521  -14.325 0.4444444478
94638  -17.432  -2.986  -14.119 0.6666666865
95642  -18.328  -1.487  -15.602 0.7777777910
95658  -19.675  -2.068  -17.035 0.8888888955
94682  -20.517  -2.738  -17.333 1.0000000000
95675  -20.432  -1.871  -17.527 1.0000000000
95679  -24.320  -1.472  -18.222 0.7777777910
96704  -24.375  -0.311  -18.287 0.7777777910
96620  -16.782  -0.091  -14.334 0.4444444478
97733  -18.883  0.659  -17.595 0.8888888955
96716  -23.425  -0.095  -18.750 0.7777777910
97735  -25.002  0.210  -18.018 0.6666666865
96686  -26.493  -0.416  -17.090 0.5555555820
98759  -16.649  1.499  -16.000 0.5555555820
99793  -17.209  2.375  -16.817 0.6666666865
98785  -18.237  1.254  -17.410 0.8888888955
98802  -23.624  1.228  -19.070 0.8888888955
98815  -21.972  1.507  -19.982 0.8888888955
100716  -16.949  3.201  -16.339 0.5555555820
100717  -17.007  2.826  -16.671 0.5555555820
99822  -18.701  2.545  -18.293 1.0000000000
100745  -18.332  2.960  -17.992 0.7777777910
100744  -17.907  3.196  -17.639 0.7777777910
98812  -19.877  2.303  -19.386 0.8888888955
99842  -19.097  2.746  -18.720 0.7777777910
98789  -27.001  1.369  -17.810 0.5555555820
102522  -16.895  5.748  -17.377 0.5555555820
101674  -17.286  5.292  -17.446 0.5555555820
103384  -17.129  6.638  -17.753 0.4444444478
101675  -17.722  4.936  -17.639 0.6666666865
102545  -17.966  5.134  -18.927 0.6666666865
101648  -18.197  3.746  -17.726 0.7777777910
100742  -17.147  4.046  -16.258 0.7777777910
101645  -16.515  4.602  -16.326 0.6666666865
100816  -18.686  3.874  -19.527 0.7777777910
100799  -18.801  3.345  -19.005 0.7777777910
100828  -22.072  3.591  -20.369 0.6666666865
100820  -23.066  3.432  -20.240 0.6666666865
101723  -23.695  4.102  -20.054 0.6666666865
104280  -17.929  7.459  -19.160 0.5555555820
102580  -18.904  5.675  -20.096 0.6666666865
101732  -19.332  5.179  -20.138 0.7777777910
102568  -23.757  5.278  -19.522 0.6666666865
104281  -18.261  8.037  -19.385 0.5555555820
105212  -18.878  8.570  -20.099 0.6666666865
103431  -23.805  6.503  -19.389 0.6666666865
97691  -16.770  1.092  -15.467 0.4444444478
101627  -15.829  4.530  -15.899 0.3333333433
97664  -16.779  0.873  -14.691 0.4444444478
87785  -22.180  -10.205  -15.671 0.6666666865
84771  -17.323  -12.121  -10.883 0.4444444478
85771  -16.952  -11.805  -10.481 0.3333333433
91733  -24.416  -5.346  -17.312 0.6666666865
93599  -16.582  -3.509  -13.341 0.3333333433
92624  -16.268  -3.993  -13.002 0.3333333433
93579  -16.230  -3.719  -12.118 0.1111111119
98713  -16.668  1.590  -15.101 0.3333333433
103364  -15.979  6.555  -16.500 0.3333333433
103411  -25.315  6.635  -18.263 0.6666666865
103391  -25.676  6.707  -17.366 0.4444444478
82671  -21.394  -13.568  -13.182 0.4444444478
82673  -23.197  -14.058  -13.144 0.2222222239
83726  -19.289  -13.721  -12.282 0.4444444478
83740  -20.141  -13.292  -12.582 0.4444444478
84788  -19.336  -12.514  -12.337 0.4444444478
84799  -20.264  -12.364  -13.058 0.4444444478
83756  -21.334  -12.838  -13.463 0.4444444478
83782  -21.823  -12.499  -13.572 0.4444444478
83758  -22.938  -12.871  -13.606 0.2222222239
85808  -20.721  -11.505  -13.653 0.4444444478
85826  -21.205  -11.789  -13.595 0.4444444478
84823  -22.159  -11.897  -13.881 0.4444444478
84802  -23.836  -12.473  -13.985 0.1111111119
84803  -24.756  -12.146  -13.621 0.1111111119
85827  -21.568  -11.262  -13.903 0.4444444478
84824  -22.897  -12.006  -14.526 0.3333333433
86805  -20.743  -11.017  -14.083 0.4444444478
85809  -20.990  -11.197  -14.163 0.4444444478
85828  -22.451  -11.207  -14.487 0.3333333433
84835  -23.205  -11.548  -14.958 0.3333333433
84826  -24.270  -12.050  -14.215 0.2222222239
86819  -22.034  -10.519  -14.652 0.4444444478
86818  -21.108  -10.586  -14.370 0.5555555820
86828  -24.200  -10.336  -15.337 0.2222222239
85843  -25.073  -10.700  -14.705 0.1111111119
86830  -25.914  -9.928  -15.309 0.1111111119
86835  -23.382  -10.605  -15.581 0.3333333433
87787  -23.809  -9.711  -15.641 0.3333333433
87786  -22.940  -9.814  -15.943 0.4444444478
88739  -23.497  -8.760  -16.129 0.5555555820
88747  -23.857  -8.157  -16.604 0.6666666865
88749  -25.368  -8.484  -16.197 0.4444444478
89737  -26.214  -7.753  -16.550 0.3333333433
89735  -24.227  -7.717  -16.991 0.6666666865
90717  -24.775  -6.880  -17.087 0.5555555820
90716  -23.795  -6.944  -17.256 0.6666666865
90718  -25.769  -6.764  -17.144 0.5555555820
90719  -26.713  -6.465  -16.612 0.3333333433
91721  -24.413  -6.259  -17.289 0.5555555820
91723  -26.096  -5.388  -17.172 0.4444444478
92699  -26.083  -4.145  -17.235 0.4444444478
104326  -22.441  7.665  -20.247 0.5555555820
104303  -23.883  7.723  -19.407 0.5555555820
104304  -24.547  7.323  -19.241 0.5555555820
104286  -25.228  7.589  -18.900 0.5555555820
82650  -20.734  -13.751  -12.964 0.4444444478
85793  -19.164  -11.382  -12.412 0.4444444478
84825  -23.759  -11.840  -14.533 0.2222222239
85842  -24.462  -10.850  -14.898 0.2222222239
87788  -24.876  -9.370  -15.470 0.4444444478
88748  -24.460  -8.283  -16.447 0.6666666865
91724  -26.925  -5.375  -16.531 0.3333333433
92688  -26.779  -4.493  -16.730 0.4444444478
94676  -27.359  -2.567  -16.296 0.4444444478
105194  -23.198  8.581  -19.459 0.5555555820
88750  -25.987  -8.676  -16.275 0.2222222239
82634  -20.206  -14.509  -12.305 0.4444444478
82635  -20.930  -14.676  -12.033 0.4444444478
82651  -21.313  -14.403  -12.636 0.4444444478
81586  -23.060  -14.699  -12.814 0.2222222239
82653  -23.535  -14.612  -12.538 0.2222222239
82654  -24.307  -14.600  -12.297 0.1111111119
83725  -18.663  -13.798  -11.694 0.4444444478
83759  -23.932  -13.099  -13.243 0.1111111119
82674  -24.051  -13.895  -12.649 0.1111111119
84804  -25.791  -12.299  -13.181 0.1111111119
85810  -25.222  -11.605  -14.153 0.1111111119
85832  -26.528  -10.832  -14.147 0.1111111119
86821  -26.412  -10.259  -14.935 0.1111111119
87778  -26.509  -9.416  -15.433 0.1111111119
88727  -26.983  -8.800  -15.233 0.2222222239
89738  -26.931  -7.289  -16.363 0.1111111119
88742  -26.506  -8.372  -15.744 0.2222222239
91710  -27.622  -5.810  -16.193 0.2222222239
94660  -27.773  -3.492  -15.769 0.3333333433
102503  -16.484  5.631  -16.730 0.4444444478
97721  -26.947  0.172  -17.279 0.4444444478
99802  -26.634  2.675  -17.347 0.3333333433
106129  -19.913  9.442  -20.416 0.4444444478
105216  -22.129  8.683  -20.257 0.5555555820
106132  -22.631  9.457  -20.165 0.5555555820
104285  -24.697  8.027  -19.273 0.5555555820
105179  -25.230  8.229  -18.394 0.5555555820
106115  -22.763  10.031  -19.988 0.5555555820
84773  -18.867  -13.193  -11.963 0.4444444478
91722  -25.151  -5.965  -17.257 0.5555555820
100779  -26.319  3.513  -17.353 0.3333333433
87793  -22.758  -10.400  -15.725 0.3333333433
86826  -22.572  -10.739  -15.274 0.3333333433
82670  -20.997  -13.339  -13.281 0.4444444478
82672  -22.177  -13.900  -13.134 0.4444444478
83757  -21.986  -12.999  -13.377 0.4444444478
83755  -20.709  -13.007  -13.170 0.4444444478
84800  -20.953  -12.289  -13.422 0.4444444478
84822  -21.536  -12.150  -13.552 0.4444444478
83783  -22.357  -12.461  -13.780 0.4444444478
84801  -23.331  -12.327  -14.202 0.2222222239
85848  -23.382  -10.992  -15.452 0.3333333433
86834  -22.988  -10.776  -15.650 0.3333333433
85841  -23.689  -11.227  -15.119 0.2222222239
85830  -24.671  -11.482  -14.464 0.2222222239
86829  -25.151  -10.162  -15.265 0.2222222239
86820  -25.633  -10.391  -14.923 0.1111111119
88740  -24.527  -8.837  -15.846 0.4444444478
88741  -25.103  -8.819  -15.713 0.4444444478
87789  -25.788  -9.270  -15.765 0.3333333433
89725  -26.682  -7.679  -16.077 0.1111111119
89736  -25.155  -7.631  -16.697 0.5555555820
93664  -27.343  -3.858  -16.343 0.4444444478
104327  -23.107  7.725  -19.780 0.5555555820
85831  -25.598  -10.945  -14.419 0.1111111119
106102  -22.862  9.020  -19.316 0.5555555820
81566  -21.992  -15.056  -12.322 0.4444444478
81567  -22.948  -15.166  -12.298 0.2222222239
82652  -22.000  -14.464  -12.679 0.4444444478
85811  -25.712  -11.470  -13.749 0.1111111119
74865  -22.763  -21.890  -12.674 0.1111111119
77121  -20.033  -19.487  -10.000 0.3333333433
77122  -21.098  -19.617  -10.366 0.2222222239
76001  -23.011  -21.348  -11.933 0.2222222239
76002  -23.725  -21.152  -12.157 0.1111111119
80428  -17.929  -16.812  -10.040 0.3333333433
78229  -18.758  -17.989  -10.122 0.3333333433
78215  -18.821  -18.657  -10.022 0.3333333433
78231  -20.661  -18.520  -10.233 0.3333333433
78232  -21.666  -18.658  -10.138 0.3333333433
77123  -22.177  -19.801  -10.310 0.2222222239
75991  -23.925  -20.331  -11.154 0.1111111119
77124  -23.273  -19.715  -10.448 0.2222222239
82584  -17.544  -14.802  -9.369 0.2222222239
81500  -17.663  -15.556  -9.764 0.2222222239
80447  -17.764  -16.162  -10.152 0.2222222239
79357  -19.062  -17.198  -10.215 0.3333333433
78230  -19.570  -18.206  -10.153 0.3333333433
78233  -22.654  -18.696  -10.179 0.1111111119
83687  -17.524  -13.819  -9.597 0.2222222239
81519  -18.001  -15.444  -10.342 0.3333333433
82615  -18.269  -14.590  -10.537 0.3333333433
81544  -19.050  -15.278  -11.226 0.3333333433
80448  -18.497  -16.315  -10.414 0.3333333433
80479  -19.229  -15.765  -11.175 0.3333333433
80451  -20.902  -16.770  -10.723 0.3333333433
81521  -19.927  -16.065  -10.883 0.3333333433
80452  -21.737  -16.917  -11.048 0.3333333433
81523  -21.268  -16.062  -11.147 0.3333333433
79362  -22.995  -17.757  -10.408 0.1111111119
80453  -22.551  -17.093  -10.903 0.2222222239
84730  -17.383  -13.170  -9.741 0.2222222239
83704  -17.931  -13.820  -10.327 0.2222222239
84748  -17.543  -12.955  -10.343 0.3333333433
82616  -18.686  -14.566  -11.153 0.3333333433
82633  -19.226  -14.599  -11.737 0.3333333433
81546  -20.817  -15.239  -11.548 0.3333333433
80480  -22.296  -16.477  -11.224 0.3333333433
80481  -22.959  -16.462  -11.173 0.1111111119
84729  -17.237  -12.739  -9.679 0.3333333433
81547  -21.623  -15.512  -11.638 0.3333333433
81565  -21.350  -14.922  -11.981 0.3333333433
92689  -27.592  -4.780  -16.423 0.2222222239
93648  -27.998  -4.217  -16.112 0.2222222239
95661  -27.780  -1.459  -16.270 0.2222222239
75990  -22.815  -20.928  -11.133 0.2222222239
82600  -17.812  -14.664  -9.968 0.3333333433
79358  -19.699  -17.136  -10.359 0.3333333433
80450  -20.128  -16.594  -10.605 0.3333333433
79360  -21.261  -17.671  -10.467 0.3333333433
79361  -22.136  -17.812  -10.590 0.3333333433
81520  -18.570  -15.347  -10.781 0.3333333433
83705  -18.303  -13.782  -10.976 0.3333333433
81548  -22.430  -15.740  -11.573 0.3333333433
73738  -22.430  -22.160  -12.484 0.1111111119
73739  -22.886  -22.503  -12.983 0.1111111119
78214  -18.116  -18.412  -10.090 0.3333333433
77120  -19.239  -19.135  -9.883 0.3333333433
77104  -19.273  -19.776  -10.042 0.3333333433
75988  -20.576  -20.538  -10.469 0.3333333433
75989  -21.580  -20.672  -10.763 0.3333333433
73756  -23.221  -22.785  -13.645 0.1111111119
76012  -24.023  -21.623  -12.842 0.1111111119
79338  -17.909  -17.515  -9.637 0.3333333433
81487  -17.614  -15.692  -9.125 0.2222222239
75992  -24.518  -19.959  -11.046 0.1111111119
83672  -17.243  -14.324  -9.204 0.2222222239
78234  -23.534  -18.611  -10.515 0.1111111119
80454  -23.251  -17.083  -10.767 0.1111111119
83686  -17.314  -13.345  -9.471 0.2222222239
85736  -17.404  -12.103  -9.498 0.1111111119
96670  -27.534  -0.441  -16.328 0.2222222239
85753  -17.195  -11.052  -10.191 0.2222222239
89672  -17.454  -7.382  -12.189 0.5555555820
86768  -17.490  -10.478  -10.428 0.3333333433
84747  -16.975  -12.209  -10.414 0.3333333433
84749  -17.992  -13.293  -10.763 0.4444444478
94677  -28.092  -2.096  -16.278 0.2222222239
74866  -23.401  -21.848  -12.886 0.1111111119
74857  -22.507  -21.673  -12.015 0.1111111119
79339  -18.376  -17.377  -10.049 0.3333333433
80427  -17.680  -16.554  -9.507 0.2222222239
79359  -20.378  -17.479  -10.377 0.3333333433
77125  -24.047  -19.405  -10.861 0.1111111119
80478  -18.845  -15.889  -11.091 0.3333333433
80449  -19.355  -16.320  -10.827 0.3333333433
81522  -20.486  -15.987  -10.960 0.3333333433
81545  -19.784  -15.436  -11.283 0.3333333433
81524  -21.870  -16.140  -11.323 0.3333333433
79363  -23.811  -17.659  -10.622 0.1111111119
73730  -21.923  -22.303  -11.933 0.1111111119
74851  -21.876  -21.613  -11.285 0.2222222239
77103  -18.594  -19.511  -10.077 0.3333333433
77102  -17.743  -19.261  -9.755 0.2222222239
75972  -19.626  -20.517  -10.061 0.3333333433
79331  -17.526  -17.520  -9.034 0.2222222239
93649  -28.601  -3.930  -15.588 0.1111111119
93634  -29.330  -3.850  -14.894 0.1111111119
93650  -29.167  -3.060  -15.396 0.1111111119
94646  -29.667  -2.616  -14.741 0.1111111119
94662  -29.244  -2.246  -15.418 0.1111111119
95662  -28.367  -1.655  -16.051 0.1111111119
95645  -28.860  -1.414  -15.527 0.1111111119
98767  -27.411  1.193  -17.264 0.2222222239
96671  -28.282  -0.700  -15.847 0.1111111119
99803  -27.096  2.155  -17.098 0.1111111119
99826  -26.518  2.195  -17.824 0.2222222239
100752  -26.692  2.915  -16.976 0.1111111119
98768  -27.801  1.378  -16.570 0.1111111119
99804  -27.986  2.478  -16.116 0.1111111119
105215  -21.257  8.636  -20.411 0.4444444478
100780  -26.813  4.123  -16.896 0.1111111119
106114  -21.827  10.028  -19.781 0.4444444478
106131  -21.997  9.525  -20.177 0.4444444478
101685  -27.090  4.711  -16.587 0.1111111119
102533  -26.715  5.578  -16.681 0.1111111119
102510  -27.404  5.605  -16.305 0.1111111119
105177  -24.085  8.616  -19.095 0.4444444478
105166  -24.497  8.773  -18.461 0.4444444478
105178  -24.951  8.473  -18.880 0.4444444478
105167  -24.971  8.796  -18.185 0.4444444478
105168  -25.390  8.490  -17.655 0.4444444478
105169  -26.011  8.313  -17.064 0.4444444478
104266  -25.647  7.704  -17.326 0.2222222239
105151  -26.406  8.073  -16.655 0.2222222239
104267  -26.075  7.411  -16.753 0.2222222239
104247  -26.665  7.623  -16.540 0.2222222239
104268  -26.674  7.054  -16.597 0.2222222239
107916  -27.718  11.392  -17.265 0.1111111119
106090  -27.487  9.712  -16.343 0.1111111119
104249  -28.176  7.375  -16.128 0.1111111119
106101  -22.643  9.535  -19.220 0.4444444478
106086  -23.777  8.872  -18.260 0.4444444478
106088  -25.120  9.390  -17.617 0.4444444478
106089  -25.738  9.311  -17.018 0.4444444478
107057  -25.290  10.206  -17.331 0.3333333433
107047  -26.270  9.522  -16.334 0.1111111119
106073  -26.285  8.749  -16.434 0.1111111119
106074  -27.061  9.099  -16.190 0.1111111119
105152  -26.908  8.208  -16.355 0.2222222239
106085  -23.117  8.620  -18.106 0.2222222239
106087  -24.576  9.231  -17.775 0.3333333433
107914  -25.476  11.117  -17.503 0.2222222239
107058  -26.076  10.363  -16.724 0.2222222239
107048  -26.806  9.921  -16.275 0.1111111119
107915  -26.522  11.308  -17.283 0.1111111119
107059  -27.311  10.392  -16.891 0.1111111119
108667  -25.629  12.308  -17.409 0.1111111119
107055  -24.438  9.840  -17.160 0.3333333433
107056  -24.738  10.069  -17.351 0.3333333433
107913  -24.730  10.896  -17.492 0.2222222239
108668  -27.037  12.267  -17.507 0.1111111119
109379  -27.711  13.046  -17.433 0.1111111119
107044  -24.486  10.250  -16.679 0.1111111119
107903  -24.329  11.243  -16.337 0.1111111119
107906  -24.146  11.074  -16.789 0.2222222239
107912  -24.287  10.912  -17.252 0.3333333433
108657  -24.102  12.381  -16.894 0.2222222239
108665  -24.342  11.437  -17.358 0.3333333433
109371  -23.952  13.277  -17.166 0.1111111119
108658  -24.619  12.618  -17.375 0.1111111119
109372  -24.664  13.169  -17.349 0.1111111119
109377  -25.465  13.204  -17.313 0.1111111119
108669  -28.229  12.242  -17.429 0.1111111119
107917  -28.816  11.476  -17.446 0.1111111119
108650  -23.898  12.034  -16.006 0.1111111119
109363  -22.463  13.497  -16.368 0.1111111119
108648  -22.217  12.885  -16.818 0.1111111119
109369  -21.883  13.178  -17.385 0.1111111119
109370  -22.872  13.519  -17.337 0.1111111119
109388  -22.079  14.089  -18.595 0.1111111119
110058  -23.493  13.924  -18.000 0.1111111119
110066  -23.116  14.738  -18.550 0.1111111119
110059  -24.198  13.727  -17.170 0.1111111119
109355  -23.537  13.625  -15.221 0.1111111119
109356  -23.765  13.529  -14.458 0.1111111119
109365  -23.542  14.046  -14.476 0.1111111119
110050  -22.893  14.657  -15.747 0.1111111119
110056  -22.464  14.449  -16.901 0.1111111119
110064  -22.063  14.396  -17.979 0.1111111119
110052  -24.274  14.452  -13.885 0.1111111119
110733  -23.532  15.748  -15.023 0.1111111119
93633  -28.940  -4.362  -15.196 0.1111111119
93635  -29.823  -3.532  -14.011 0.1111111119
97700  -28.820  0.010  -15.904 0.1111111119
97723  -28.261  0.429  -16.239 0.1111111119
100753  -27.277  3.549  -16.548 0.1111111119
104287  -25.379  7.574  -17.991 0.4444444478
103392  -26.309  6.450  -16.753 0.1111111119
103393  -27.040  6.429  -16.534 0.1111111119
106075  -28.081  9.208  -15.958 0.1111111119
110075  -22.596  14.880  -19.094 0.1111111119
110734  -24.501  15.510  -14.118 0.1111111119
93609  -30.403  -3.483  -13.213 0.1111111119
97722  -27.424  0.445  -16.833 0.2222222239
99827  -26.942  1.904  -17.682 0.2222222239
106113  -20.646  9.676  -19.731 0.4444444478
108651  -24.221  12.035  -15.532 0.1111111119
108643  -24.327  12.437  -14.958 0.1111111119
109366  -23.503  14.018  -13.601 0.1111111119
109364  -23.262  13.991  -15.483 0.1111111119
92661  -30.022  -4.252  -13.459 0.1111111119
92674  -28.327  -4.920  -16.089 0.1111111119
92675  -28.542  -4.862  -15.324 0.1111111119
92660  -29.494  -4.597  -14.043 0.1111111119
92637  -30.729  -4.886  -12.812 0.1111111119
94647  -30.158  -2.504  -13.772 0.1111111119
95623  -30.033  -1.569  -14.310 0.1111111119
95646  -29.517  -1.540  -14.994 0.1111111119
96657  -29.315  -0.675  -15.158 0.1111111119
97724  -29.114  0.657  -16.062 0.1111111119
98769  -28.880  1.607  -16.191 0.1111111119
106130  -20.998  9.322  -20.119 0.4444444478
103371  -27.780  6.510  -16.237 0.1111111119
101655  -27.829  4.720  -16.095 0.1111111119
106100  -21.677  9.680  -19.127 0.4444444478
104228  -29.103  7.392  -15.794 0.1111111119
105137  -28.508  8.008  -15.891 0.1111111119
107054  -23.921  9.391  -17.395 0.2222222239
106076  -28.923  9.509  -16.096 0.1111111119
107060  -28.432  10.560  -17.141 0.1111111119
107039  -24.839  10.896  -15.986 0.1111111119
107898  -24.634  11.878  -15.123 0.1111111119
107899  -25.170  11.630  -14.950 0.1111111119
108644  -25.210  12.650  -14.280 0.1111111119
110761  -23.346  15.315  -18.673 0.1111111119
110754  -25.206  14.926  -16.904 0.1111111119
110068  -25.999  14.026  -17.474 0.1111111119
110069  -27.208  13.932  -17.336 0.1111111119
109357  -24.341  13.621  -13.734 0.1111111119
110053  -23.909  14.479  -12.864 0.1111111119
110742  -22.197  15.702  -17.238 0.1111111119
110750  -21.829  16.610  -18.316 0.1111111119
94661  -28.360  -2.560  -15.669 0.1111111119
102511  -28.106  5.699  -15.877 0.1111111119
104248  -27.306  7.365  -16.403 0.2222222239
106091  -28.204  9.742  -16.704 0.1111111119
105153  -27.789  8.284  -16.082 0.2222222239
108666  -24.713  11.764  -17.478 0.1111111119
108659  -25.031  12.847  -17.422 0.1111111119
109378  -26.497  13.169  -17.533 0.1111111119
107038  -24.541  11.036  -16.190 0.1111111119
110067  -25.018  13.779  -16.983 0.1111111119
108642  -23.595  12.974  -15.402 0.1111111119
108649  -23.380  13.249  -16.477 0.1111111119
109354  -23.160  13.529  -15.836 0.1111111119
108656  -22.528  13.090  -16.934 0.1111111119
109375  -21.805  13.714  -18.225 0.1111111119
109376  -22.170  13.441  -18.217 0.1111111119
110065  -22.605  14.034  -18.517 0.1111111119
110074  -22.222  14.854  -18.622 0.1111111119
110743  -24.293  14.383  -17.409 0.1111111119
110744  -24.637  14.199  -17.050 0.1111111119
110051  -24.118  14.598  -15.113 0.1111111119
110732  -22.493  15.934  -15.947 0.1111111119
110751  -21.874  15.654  -18.163 0.1111111119
92659  -29.012  -4.784  -14.771 0.1111111119
106061  -28.457  8.582  -15.731 0.1111111119
106062  -28.840  9.007  -15.642 0.1111111119
110763  -22.753  15.463  -19.517 0.1111111119
111435  -22.290  16.634  -14.402 0.1111111119
103372  -28.514  6.584  -15.811 0.1111111119
106092  -29.108  9.793  -16.974 0.1111111119
106070  -24.242  9.213  -16.579 0.1111111119
110753  -24.116  15.186  -18.093 0.1111111119
111454  -21.458  16.568  -17.401 0.1111111119
111453  -21.870  17.496  -17.548 0.1111111119
110759  -22.274  15.918  -18.938 0.1111111119
91648  -17.465  -5.480  -11.735 0.2222222239
90676  -17.618  -6.394  -12.517 0.3333333433
106112  -19.128  9.731  -19.707 0.3333333433
106098  -19.067  10.080  -19.053 0.2222222239
106084  -21.442  9.091  -18.655 0.1111111119
104238  -15.692  7.421  -16.112 0.2222222239
102484  -15.645  5.474  -15.502 0.1111111119
103342  -15.553  6.395  -15.774 0.1111111119
106080  -17.304  9.110  -17.555 0.1111111119
106068  -17.596  8.994  -17.369 0.1111111119
106083  -20.093  8.880  -19.264 0.1111111119
105165  -22.434  8.215  -17.995 0.1111111119
107079  -17.943  9.575  -19.392 0.2222222239
106081  -18.151  9.595  -17.884 0.1111111119
89660  -16.939  -7.328  -11.037 0.2222222239
106097  -18.418  10.213  -18.549 0.1111111119
96595  -16.863  -0.469  -13.595 0.3333333433
106099  -20.345  9.552  -19.393 0.3333333433
90652  -17.362  -6.623  -11.571 0.2222222239
106082  -19.039  9.257  -18.615 0.1111111119
105161  -18.284  8.563  -17.437 0.1111111119
105163  -20.029  8.416  -18.417 0.1111111119
105164  -21.177  8.312  -18.588 0.1111111119
75959  -19.339  -20.910  -9.907 0.1111111119
73725  -21.192  -22.191  -11.417 0.1111111119
75957  -17.965  -20.695  -9.354 0.1111111119
77091  -18.212  -19.945  -9.573 0.1111111119
78213  -17.694  -18.399  -9.326 0.1111111119
87708  -17.511  -9.666  -10.283 0.1111111119
92599  -17.089  -4.436  -12.257 0.1111111119
98712  -16.626  1.674  -14.644 0.2222222239
98734  -16.423  2.245  -15.123 0.2222222239
99738  -16.519  2.023  -14.770 0.2222222239
99748  -16.311  2.679  -14.924 0.2222222239
74818  -18.625  -21.437  -9.326 0.1111111119
73694  -19.356  -21.708  -10.055 0.1111111119
73723  -20.234  -21.945  -10.537 0.1111111119
74850  -21.010  -21.453  -10.878 0.1111111119
75956  -17.552  -20.564  -8.590 0.1111111119
77090  -17.766  -19.821  -9.048 0.1111111119
77101  -17.465  -19.112  -9.039 0.1111111119
80419  -17.465  -16.616  -8.817 0.1111111119
82583  -17.386  -14.892  -8.977 0.1111111119
87694  -17.790  -9.994  -9.687 0.1111111119
88647  -17.590  -9.038  -10.092 0.1111111119
90640  -17.028  -6.859  -11.100 0.1111111119
98700  -16.878  1.454  -14.390 0.2222222239
100699  -16.177  3.750  -14.981 0.2222222239
101599  -15.907  4.644  -14.756 0.1111111119
100698  -15.961  3.751  -15.106 0.2222222239
101626  -15.804  4.593  -15.291 0.1111111119
88659  -17.409  -8.454  -10.752 0.1111111119
97663  -16.826  0.863  -14.260 0.2222222239
92598  -16.341  -4.144  -12.498 0.1111111119
86754  -17.282  -10.685  -9.898 0.1111111119
75971  -19.031  -20.120  -10.152 0.1111111119
75958  -18.849  -20.538  -9.739 0.1111111119
74849  -20.150  -21.440  -10.592 0.1111111119
91637  -17.310  -6.427  -11.105 0.1111111119
74819  -19.274  -21.291  -9.685 0.1111111119
99740  -17.179  2.012  -14.184 0.1111111119
78205  -17.218  -18.499  -8.611 0.1111111119
86735  -17.601  -10.888  -9.462 0.1111111119
101613  -16.169  4.432  -14.894 0.1111111119
102468  -16.067  5.307  -14.759 0.1111111119
105144  -15.755  8.728  -16.373 0.1111111119
97648  -17.104  0.567  -13.905 0.1111111119
105129  -15.309  7.629  -15.210 0.1111111119
106066  -16.282  9.370  -16.053 0.1111111119
106079  -16.425  9.269  -16.816 0.1111111119
73693  -19.146  -22.009  -9.676 0.1111111119
73731  -22.474  -22.642  -12.299 0.1111111119
73740  -23.459  -22.313  -13.421 0.1111111119
74834  -19.531  -21.333  -10.196 0.1111111119
74858  -23.043  -21.564  -12.383 0.1111111119
81585  -22.540  -14.597  -12.785 0.2222222239
83781  -21.563  -12.530  -13.508 0.4444444478
84770  -16.983  -11.913  -10.711 0.3333333433
84836  -23.367  -11.660  -14.801 0.2222222239
85829  -24.142  -11.373  -14.782 0.2222222239
85840  -23.000  -11.283  -15.257 0.3333333433
85847  -23.160  -10.948  -15.558 0.3333333433
86827  -23.672  -10.701  -15.414 0.3333333433
86836  -23.724  -10.309  -15.502 0.2222222239
87794  -23.218  -10.264  -15.715 0.3333333433
87795  -23.526  -10.211  -15.612 0.3333333433
87796  -25.440  -8.953  -15.846 0.3333333433
87797  -25.712  -8.876  -16.088 0.4444444478
88670  -17.089  -7.601  -11.177 0.2222222239
89661  -17.188  -7.305  -11.369 0.2222222239
89743  -21.735  -6.636  -17.060 1.0000000000
90725  -21.442  -6.427  -17.107 1.0000000000
91636  -16.869  -6.685  -11.020 0.1111111119
91734  -25.230  -5.056  -17.338 0.6666666865
91743  -25.182  -4.501  -17.752 0.6666666865
91744  -25.438  -4.265  -17.794 0.6666666865
92698  -24.449  -4.692  -17.487 0.7777777910
92705  -23.288  -4.111  -17.836 0.8888888955
93673  -24.172  -3.089  -17.871 0.7777777910
93681  -23.078  -3.985  -17.889 0.8888888955
94610  -17.005  -2.675  -13.867 0.4444444478
94685  -23.303  -2.551  -17.722 0.7777777910
94698  -24.668  -3.171  -18.242 0.7777777910
95588  -17.512  -2.312  -14.614 0.7777777910
95641  -17.926  -0.936  -15.645 0.6666666865
95676  -21.136  -1.797  -18.023 0.8888888955
95706  -23.363  -0.742  -18.917 0.7777777910
96593  -16.400  0.429  -14.120 0.3333333433
96594  -16.586  0.125  -13.952 0.3333333433
96618  -16.565  0.707  -14.051 0.3333333433
96619  -16.661  0.486  -14.164 0.3333333433
96656  -28.902  -0.508  -15.558 0.1111111119
96702  -22.692  -1.090  -19.229 0.7777777910
96717  -23.844  -0.333  -18.574 0.7777777910
97647  -16.771  0.530  -13.940 0.3333333433
97662  -16.601  0.570  -14.100 0.3333333433
97746  -19.356  0.362  -17.874 1.0000000000
97751  -25.308  0.766  -18.008 0.5555555820
97758  -21.757  0.664  -19.881 0.8888888955
98699  -16.674  1.813  -14.543 0.2222222239
98711  -16.494  1.925  -14.578 0.2222222239
98733  -16.226  2.441  -15.062 0.2222222239
98735  -16.438  1.965  -15.644 0.5555555820
98736  -16.546  2.015  -16.199 0.5555555820
98786  -18.662  1.724  -17.854 1.0000000000
98813  -20.582  1.827  -19.756 0.8888888955
98825  -20.968  1.732  -21.066 0.8888888955
99739  -16.750  2.092  -14.699 0.1111111119
99749  -16.627  2.758  -14.845 0.2222222239
99794  -17.643  2.450  -17.331 0.7777777910
99823  -18.758  2.882  -18.530 0.7777777910
99843  -18.918  2.876  -18.702 0.7777777910
99844  -24.228  2.351  -19.017 0.5555555820
99856  -19.490  2.801  -19.211 0.8888888955
99867  -21.473  2.513  -20.839 0.7777777910
100689  -15.945  4.099  -14.976 0.2222222239
100690  -15.981  4.231  -14.811 0.1111111119
100700  -16.565  3.509  -15.005 0.2222222239
100741  -16.854  4.182  -16.093 0.5555555820
100743  -17.181  3.341  -17.045 0.5555555820
100772  -18.331  3.474  -17.942 0.7777777910
100773  -18.547  3.251  -18.410 0.7777777910
100774  -18.783  3.080  -18.687 0.7777777910
100798  -18.508  3.825  -19.177 0.7777777910
100800  -18.927  3.058  -18.869 0.7777777910
100818  -19.975  3.254  -20.321 0.7777777910
100826  -20.342  3.512  -20.591 0.7777777910
101600  -15.936  4.473  -14.789 0.1111111119
101612  -15.831  4.635  -14.992 0.1111111119
101646  -17.038  4.689  -17.083 0.6666666865
101676  -18.297  4.213  -18.247 0.7777777910
101677  -18.473  3.632  -18.629 0.7777777910
101702  -18.347  4.360  -19.232 0.6666666865
101733  -19.746  4.640  -20.449 0.7777777910
101737  -23.185  4.429  -20.174 0.6666666865
101738  -23.650  4.616  -19.813 0.6666666865
102456  -15.874  4.887  -14.758 0.1111111119
102457  -16.040  5.017  -14.685 0.1111111119
102467  -15.709  5.270  -14.848 0.1111111119
102502  -15.894  5.515  -16.164 0.1111111119
102524  -17.734  5.325  -18.339 0.6666666865
102567  -18.480  5.374  -19.496 0.7777777910
102593  -20.642  6.034  -21.037 0.6666666865
102594  -20.881  5.954  -21.017 0.6666666865
103341  -14.948  6.171  -15.295 0.1111111119
103404  -17.871  6.654  -19.080 0.5555555820
103405  -18.192  6.094  -19.010 0.5555555820
103426  -18.083  6.734  -19.359 0.5555555820
103428  -19.608  7.192  -20.078 0.6666666865
103429  -19.764  6.860  -19.963 0.6666666865
103446  -19.626  6.770  -20.220 0.6666666865
103460  -20.660  6.188  -20.797 0.6666666865
104218  -14.618  7.494  -15.250 0.1111111119
104220  -15.022  6.967  -15.566 0.1111111119
104239  -16.386  7.682  -16.633 0.3333333433
104299  -18.260  7.058  -19.530 0.5555555820
104302  -20.108  7.018  -19.860 0.6666666865
104323  -19.736  7.805  -20.071 0.6666666865
104324  -20.512  7.532  -20.187 0.6666666865
105119  -14.597  8.091  -14.254 0.1111111119
105120  -14.913  8.129  -14.619 0.1111111119
105127  -14.808  7.826  -15.238 0.1111111119
105128  -14.934  7.583  -15.197 0.1111111119
105143  -15.762  7.805  -15.715 0.1111111119
105192  -17.795  9.307  -19.432 0.3333333433
105193  -18.249  8.738  -19.570 0.5555555820
105217  -22.718  8.683  -19.908 0.5555555820
106048  -14.635  8.352  -14.038 0.1111111119
106049  -15.381  8.195  -14.598 0.1111111119
106054  -15.648  7.777  -15.040 0.1111111119
106116  -23.030  9.413  -19.961 0.5555555820
106128  -19.001  9.291  -20.133 0.6666666865
107053  -17.905  10.658  -18.206 0.1111111119
107067  -17.697  10.267  -18.712 0.3333333433
107068  -18.148  10.671  -19.044 0.3333333433
107069  -18.460  10.303  -19.565 0.2222222239
107078  -17.958  10.403  -19.732 0.2222222239
107904  -24.552  11.640  -15.648 0.1111111119
108641  -23.360  13.320  -15.706 0.1111111119
108655  -21.986  12.443  -17.147 0.1111111119
109362  -21.906  12.891  -16.797 0.1111111119
109368  -21.765  12.675  -16.957 0.1111111119
109387  -21.878  14.151  -18.443 0.1111111119
110057  -22.729  13.525  -18.199 0.1111111119
110076  -23.063  15.048  -18.957 0.1111111119
110078  -22.356  15.308  -19.235 0.1111111119
110079  -22.549  15.353  -19.397 0.1111111119
110760  -23.202  15.515  -19.247 0.1111111119
110762  -22.523  15.703  -19.524 0.1111111119
111467  -22.638  16.121  -19.446 0.1111111119
