#!ascii label  , from subject 3134 vox2ras=TkReg
2082
72242  48.551  -22.517  45.562 0.0000000000
54890  35.267  -37.404  58.452 0.0000000000
46400  24.148  -44.042  54.538 0.0000000000
42739  17.113  -47.597  56.780 0.0000000000
46271  32.187  -43.109  60.404 0.0000000000
53946  32.838  -38.753  47.710 0.0000000000
67906  40.899  -26.684  43.653 0.0000000000
78261  54.539  -16.948  47.143 0.0000000000
63205  42.219  -29.863  53.380 0.0000000000
55001  39.232  -37.632  52.378 0.0000000000
44131  41.329  -46.222  49.372 0.0000000000
46288  24.376  -44.741  60.321 0.0000000000
46359  20.053  -44.901  56.044 0.0000000000
43951  20.151  -46.455  61.469 0.0000000000
46334  28.257  -44.630  58.182 0.0000000000
67785  45.967  -26.724  53.126 0.0000000000
53648  36.828  -38.550  63.392 0.0000000000
54853  39.948  -36.887  60.903 0.0000000000
59621  38.038  -33.305  57.874 0.0000000000
53789  37.231  -38.760  54.732 0.0000000000
48919  43.275  -42.565  50.834 0.0000000000
48875  40.312  -42.901  53.555 0.0000000000
47770  30.257  -43.249  46.259 0.0000000000
42812  35.786  -47.426  51.166 0.0000000000
73275  53.077  -21.631  45.951 0.0000000000
74340  55.018  -20.485  43.462 0.0000000000
50193  24.463  -41.633  47.547 0.0000000000
48951  19.766  -42.502  49.500 0.0000000000
49958  34.481  -41.679  60.305 0.0000000000
53834  33.625  -37.914  53.164 0.0000000000
48851  31.974  -42.615  55.780 0.0000000000
48923  28.512  -42.193  50.943 0.0000000000
70008  44.446  -24.488  44.377 0.0000000000
43913  14.813  -45.867  64.070 0.0000000000
41428  12.453  -47.599  61.844 0.0000000000
73207  52.673  -21.448  50.362 0.0000000000
69936  48.681  -24.174  49.165 0.0000000000
67842  45.101  -25.941  48.623 0.0000000000
65625  41.268  -28.375  48.749 0.0000000000
62143  37.993  -31.792  48.678 0.0000000000
63108  42.129  -30.082  57.687 0.0000000000
60870  38.127  -32.184  53.112 0.0000000000
56174  38.675  -37.077  48.305 0.0000000000
52709  43.339  -39.741  47.457 0.0000000000
46438  38.448  -44.640  49.595 0.0000000000
43920  23.807  -45.811  62.814 0.0000000000
43967  22.063  -45.724  61.130 0.0000000000
42614  21.138  -46.313  63.598 0.0000000000
42650  26.147  -45.757  62.202 0.0000000000
52451  37.188  -39.839  61.516 0.0000000000
53707  37.904  -37.703  59.719 0.0000000000
56050  37.791  -36.723  58.518 0.0000000000
53772  36.329  -38.422  56.061 0.0000000000
48848  39.353  -41.890  55.425 0.0000000000
52583  36.003  -39.756  54.817 0.0000000000
46473  28.543  -45.155  46.821 0.0000000000
42835  31.918  -47.163  49.545 0.0000000000
72241  49.889  -21.836  45.346 0.0000000000
73333  52.021  -21.695  43.488 0.0000000000
72278  50.217  -22.186  43.233 0.0000000000
48928  24.110  -42.145  50.616 0.0000000000
50196  21.833  -41.866  47.622 0.0000000000
47693  22.310  -42.485  51.891 0.0000000000
42750  18.597  -46.894  56.474 0.0000000000
45220  18.641  -45.280  53.269 0.0000000000
42771  16.579  -47.043  53.893 0.0000000000
42765  15.343  -46.573  54.996 0.0000000000
48718  34.945  -41.809  62.561 0.0000000000
45119  34.391  -43.981  60.957 0.0000000000
50012  32.068  -42.078  57.884 0.0000000000
45163  32.471  -44.297  58.969 0.0000000000
45203  26.438  -44.783  55.258 0.0000000000
46382  28.342  -44.208  54.344 0.0000000000
47670  26.272  -43.518  52.540 0.0000000000
48967  26.410  -42.016  49.004 0.0000000000
68936  42.664  -25.472  43.479 0.0000000000
70061  43.235  -24.595  41.322 0.0000000000
67912  42.098  -26.200  41.152 0.0000000000
42641  10.584  -47.322  63.268 0.0000000000
69938  46.940  -24.689  48.394 0.0000000000
68830  47.337  -25.741  51.102 0.0000000000
65587  44.216  -28.227  53.299 0.0000000000
66797  43.402  -27.578  51.375 0.0000000000
64391  41.505  -29.398  50.773 0.0000000000
63267  39.262  -30.037  48.477 0.0000000000
63238  40.207  -30.581  50.454 0.0000000000
57189  36.757  -35.330  54.423 0.0000000000
60832  37.484  -32.584  55.204 0.0000000000
57212  36.756  -35.687  52.499 0.0000000000
58450  36.452  -35.136  50.430 0.0000000000
55033  38.944  -37.544  50.722 0.0000000000
55064  41.782  -37.813  48.787 0.0000000000
53910  41.946  -38.172  50.197 0.0000000000
50158  40.817  -42.289  48.189 0.0000000000
53895  33.732  -38.112  50.406 0.0000000000
51391  36.643  -40.590  50.398 0.0000000000
50161  35.688  -41.635  48.229 0.0000000000
39113  39.436  -50.500  51.506 0.0000000000
79361  52.128  -15.606  44.600 0.0000000000
77257  53.776  -17.727  45.611 0.0000000000
46337  24.956  -44.490  57.579 0.0000000000
47616  22.156  -43.515  55.192 0.0000000000
46323  21.915  -44.641  58.274 0.0000000000
45173  20.276  -45.832  58.211 0.0000000000
41458  18.870  -47.732  58.953 0.0000000000
43932  28.421  -44.290  61.852 0.0000000000
140606  29.879  -44.759  58.843 0.0000000000
42684  27.463  -45.407  60.874 0.0000000000
45151  26.167  -45.360  59.094 0.0000000000
67795  48.505  -25.918  53.199 0.0000000000
64317  43.668  -28.366  55.732 0.0000000000
58302  39.140  -35.017  59.434 0.0000000000
56087  37.134  -36.760  55.141 0.0000000000
53830  40.085  -38.551  53.392 0.0000000000
53872  42.599  -39.046  52.456 0.0000000000
51331  42.394  -40.730  54.272 0.0000000000
46391  42.972  -43.833  53.177 0.0000000000
44071  42.851  -46.329  51.376 0.0000000000
51467  31.762  -40.566  46.586 0.0000000000
48964  34.549  -43.174  48.204 0.0000000000
46444  32.883  -45.029  48.790 0.0000000000
74293  54.621  -20.241  46.536 0.0000000000
75296  54.725  -19.463  44.995 0.0000000000
73314  53.411  -21.381  44.533 0.0000000000
47676  19.762  -43.596  52.725 0.0000000000
49916  36.791  -41.071  62.512 0.0000000000
53695  33.922  -38.867  60.457 0.0000000000
54949  33.925  -37.719  55.778 0.0000000000
53729  32.112  -39.031  58.305 0.0000000000
52564  31.143  -39.875  55.715 0.0000000000
52629  30.769  -40.024  52.436 0.0000000000
46351  30.676  -44.468  56.263 0.0000000000
48893  29.591  -42.243  52.822 0.0000000000
52673  30.078  -39.741  49.431 0.0000000000
51447  28.092  -40.412  47.627 0.0000000000
49025  27.139  -42.329  45.579 0.0000000000
71133  46.682  -23.310  44.812 0.0000000000
72296  47.890  -22.614  42.464 0.0000000000
71182  46.091  -23.091  41.549 0.0000000000
43942  16.766  -45.775  62.235 0.0000000000
41423  15.675  -48.184  60.651 0.0000000000
40206  13.958  -48.817  63.230 0.0000000000
42706  14.493  -47.867  59.313 0.0000000000
74267  54.160  -20.238  48.526 0.0000000000
72178  53.512  -22.399  48.115 0.0000000000
72201  50.313  -22.897  47.867 0.0000000000
71109  48.403  -23.361  47.117 0.0000000000
69972  46.115  -24.140  46.169 0.0000000000
68900  44.624  -25.261  46.741 0.0000000000
67871  43.078  -26.030  46.025 0.0000000000
67809  45.288  -26.745  51.248 0.0000000000
66834  42.974  -27.190  48.304 0.0000000000
66859  41.107  -27.403  46.101 0.0000000000
65652  38.931  -28.657  45.969 0.0000000000
62203  36.899  -31.304  45.288 0.0000000000
63165  42.407  -29.947  55.981 0.0000000000
60799  39.671  -32.129  57.850 0.0000000000
62011  39.782  -31.594  55.178 0.0000000000
62047  40.559  -31.364  53.554 0.0000000000
60920  37.765  -32.607  50.532 0.0000000000
58492  36.296  -34.591  48.213 0.0000000000
50155  43.006  -40.895  48.880 0.0000000000
51356  37.391  -40.657  52.892 0.0000000000
47702  39.966  -43.718  50.933 0.0000000000
42807  41.230  -47.609  50.815 0.0000000000
45263  37.056  -45.596  49.562 0.0000000000
40330  40.443  -49.313  50.261 0.0000000000
43908  22.318  -46.243  63.155 0.0000000000
43897  22.010  -45.746  63.624 0.0000000000
54863  35.799  -37.914  60.071 0.0000000000
52474  38.030  -38.832  61.119 0.0000000000
54875  36.072  -37.571  59.289 0.0000000000
54907  36.586  -37.672  57.272 0.0000000000
53751  35.565  -38.020  56.680 0.0000000000
52562  36.333  -39.709  55.086 0.0000000000
53774  35.012  -38.256  56.374 0.0000000000
72260  49.843  -21.877  44.085 0.0000000000
72261  48.899  -22.254  44.418 0.0000000000
47672  24.217  -43.222  52.658 0.0000000000
47692  23.616  -42.497  51.563 0.0000000000
47673  23.027  -42.808  52.850 0.0000000000
41485  18.293  -47.507  56.605 0.0000000000
42762  17.635  -46.930  55.072 0.0000000000
42752  17.149  -47.411  55.817 0.0000000000
42772  16.043  -47.055  54.108 0.0000000000
42753  16.081  -47.275  55.694 0.0000000000
48765  30.566  -42.052  61.172 0.0000000000
48763  32.598  -42.329  60.912 0.0000000000
47484  33.310  -43.039  61.715 0.0000000000
46284  33.215  -43.359  60.403 0.0000000000
45162  33.225  -44.128  59.249 0.0000000000
45131  32.349  -43.828  59.960 0.0000000000
46385  25.445  -44.326  54.738 0.0000000000
46397  26.520  -44.484  53.879 0.0000000000
47651  24.938  -43.636  53.508 0.0000000000
47707  25.294  -42.779  51.315 0.0000000000
67905  41.626  -26.053  43.213 0.0000000000
68949  41.952  -25.612  42.338 0.0000000000
67909  41.392  -26.211  42.183 0.0000000000
68828  49.034  -24.793  51.674 0.0000000000
68846  48.390  -25.072  50.600 0.0000000000
68829  48.484  -25.307  51.461 0.0000000000
64364  43.176  -28.845  53.564 0.0000000000
65589  42.801  -28.675  52.295 0.0000000000
64375  42.327  -29.364  51.973 0.0000000000
63237  40.837  -30.115  50.809 0.0000000000
63218  41.748  -30.174  51.966 0.0000000000
56122  38.671  -37.274  52.805 0.0000000000
57199  36.784  -35.501  53.558 0.0000000000
56123  37.934  -37.054  52.429 0.0000000000
56131  37.610  -36.920  51.438 0.0000000000
55015  39.143  -37.648  51.593 0.0000000000
55031  40.661  -37.460  50.924 0.0000000000
55030  41.405  -37.731  51.060 0.0000000000
55055  33.056  -37.658  49.333 0.0000000000
52671  35.112  -39.087  49.505 0.0000000000
52711  34.357  -39.966  48.017 0.0000000000
78263  53.365  -16.214  46.512 0.0000000000
77256  54.452  -18.062  45.967 0.0000000000
46302  24.869  -44.689  59.563 0.0000000000
46338  23.748  -43.921  57.656 0.0000000000
46303  23.514  -44.536  59.705 0.0000000000
43968  20.937  -46.107  60.822 0.0000000000
43981  20.703  -45.966  59.888 0.0000000000
43982  19.865  -46.499  59.253 0.0000000000
43992  19.540  -46.811  58.479 0.0000000000
42687  19.046  -46.984  60.096 0.0000000000
43917  28.358  -45.054  62.679 0.0000000000
42664  28.147  -44.983  61.684 0.0000000000
42648  27.498  -45.379  62.388 0.0000000000
45121  25.056  -45.503  61.238 0.0000000000
42686  26.295  -45.572  60.855 0.0000000000
43965  25.593  -45.561  60.076 0.0000000000
46320  25.208  -44.648  58.766 0.0000000000
53687  39.395  -37.457  61.516 0.0000000000
56022  40.151  -36.198  61.784 0.0000000000
57112  40.278  -35.198  61.204 0.0000000000
58300  40.374  -34.456  60.048 0.0000000000
56041  40.011  -36.081  59.625 0.0000000000
54927  36.876  -37.583  55.899 0.0000000000
56062  37.572  -36.415  57.478 0.0000000000
54947  37.218  -37.731  54.921 0.0000000000
54965  37.599  -37.848  54.037 0.0000000000
53809  38.791  -38.692  53.595 0.0000000000
52603  41.494  -39.260  53.930 0.0000000000
51333  40.752  -40.246  54.291 0.0000000000
48862  40.617  -42.761  54.602 0.0000000000
48861  41.799  -42.897  54.629 0.0000000000
46393  42.014  -43.889  53.436 0.0000000000
45227  42.979  -44.971  52.458 0.0000000000
46408  41.815  -44.476  52.935 0.0000000000
49006  30.977  -42.339  46.299 0.0000000000
47768  32.449  -43.092  46.866 0.0000000000
47753  31.831  -43.931  47.820 0.0000000000
73274  53.613  -21.433  46.121 0.0000000000
73290  53.900  -20.765  45.544 0.0000000000
73291  53.492  -21.221  45.352 0.0000000000
73349  52.331  -21.771  42.792 0.0000000000
47776  24.823  -43.559  45.828 0.0000000000
47777  23.615  -43.588  46.230 0.0000000000
46375  21.476  -43.973  55.787 0.0000000000
47635  20.688  -43.748  54.463 0.0000000000
46388  19.852  -44.343  54.388 0.0000000000
44077  17.181  -45.515  51.460 0.0000000000
45241  18.135  -44.824  51.825 0.0000000000
47481  35.786  -42.894  62.017 0.0000000000
48717  35.557  -41.644  62.781 0.0000000000
49938  36.061  -42.030  61.676 0.0000000000
51224  35.917  -40.443  60.713 0.0000000000
51226  34.020  -40.641  60.428 0.0000000000
52517  32.848  -39.248  59.453 0.0000000000
51238  33.319  -40.780  60.026 0.0000000000
48839  31.887  -42.315  56.544 0.0000000000
51269  31.473  -40.814  56.966 0.0000000000
51316  30.778  -40.889  55.024 0.0000000000
52610  31.264  -39.353  53.404 0.0000000000
51340  31.039  -41.014  54.003 0.0000000000
45148  29.121  -45.069  58.739 0.0000000000
45177  30.417  -45.275  57.683 0.0000000000
45189  29.569  -44.898  56.701 0.0000000000
46421  28.876  -43.939  52.065 0.0000000000
46381  29.070  -43.759  53.941 0.0000000000
48905  29.444  -42.448  51.920 0.0000000000
50108  29.657  -41.382  51.497 0.0000000000
50121  29.002  -41.454  50.410 0.0000000000
52694  29.354  -39.971  48.432 0.0000000000
50137  28.294  -41.324  49.362 0.0000000000
50166  25.207  -41.634  48.503 0.0000000000
50191  26.400  -41.510  47.357 0.0000000000
50219  25.726  -41.708  46.429 0.0000000000
71134  45.750  -23.593  44.562 0.0000000000
71153  46.169  -22.905  42.926 0.0000000000
71145  44.767  -23.794  43.423 0.0000000000
70077  44.375  -24.339  40.505 0.0000000000
43928  15.329  -45.907  62.970 0.0000000000
42651  16.090  -46.602  61.147 0.0000000000
41402  15.378  -47.687  62.646 0.0000000000
42638  12.902  -47.767  63.319 0.0000000000
41414  13.904  -48.002  62.208 0.0000000000
41425  14.383  -48.480  61.260 0.0000000000
42691  13.508  -47.865  60.555 0.0000000000
42719  13.615  -47.130  58.492 0.0000000000
42708  12.593  -47.180  59.508 0.0000000000
76244  54.482  -18.482  48.780 0.0000000000
73223  53.780  -21.690  49.119 0.0000000000
72141  53.185  -22.066  49.846 0.0000000000
72200  51.730  -22.609  47.538 0.0000000000
72160  52.437  -22.544  49.414 0.0000000000
71074  49.554  -23.871  48.960 0.0000000000
71092  49.339  -23.349  48.160 0.0000000000
71076  48.126  -23.784  48.214 0.0000000000
71110  47.578  -23.509  46.753 0.0000000000
69956  47.249  -24.309  47.823 0.0000000000
68875  45.550  -25.503  48.581 0.0000000000
68888  45.772  -25.154  47.661 0.0000000000
68889  44.869  -25.575  47.724 0.0000000000
68901  43.795  -25.646  46.484 0.0000000000
67857  44.218  -26.028  47.657 0.0000000000
67784  46.890  -26.376  53.468 0.0000000000
67797  46.783  -26.364  52.489 0.0000000000
67798  45.800  -26.706  52.195 0.0000000000
66806  42.498  -27.908  50.290 0.0000000000
67822  43.449  -27.205  50.165 0.0000000000
66822  42.318  -27.536  48.692 0.0000000000
66835  42.294  -27.275  47.867 0.0000000000
66837  40.866  -27.957  46.984 0.0000000000
65665  40.111  -28.047  46.209 0.0000000000
65639  39.810  -28.681  47.383 0.0000000000
63268  38.756  -30.648  48.605 0.0000000000
63283  38.541  -30.269  47.607 0.0000000000
62162  37.703  -31.396  47.568 0.0000000000
60980  36.696  -32.802  47.461 0.0000000000
63150  42.461  -30.087  56.746 0.0000000000
59611  39.245  -33.413  58.762 0.0000000000
60779  40.183  -32.291  59.173 0.0000000000
60800  38.765  -32.572  57.633 0.0000000000
60849  37.511  -32.752  54.122 0.0000000000
61994  38.985  -31.491  55.680 0.0000000000
62028  38.851  -31.558  53.756 0.0000000000
62026  40.539  -31.323  54.611 0.0000000000
62049  38.905  -31.587  52.920 0.0000000000
62084  38.893  -31.676  51.531 0.0000000000
60905  37.780  -32.500  51.398 0.0000000000
56161  36.889  -36.443  49.510 0.0000000000
58471  36.312  -34.872  49.267 0.0000000000
56176  36.684  -36.347  48.548 0.0000000000
56213  36.596  -35.765  47.110 0.0000000000
56191  38.203  -36.617  47.648 0.0000000000
56173  39.636  -36.939  48.271 0.0000000000
53925  43.156  -38.718  48.534 0.0000000000
55082  43.295  -38.251  47.691 0.0000000000
51377  43.410  -40.522  51.870 0.0000000000
52651  43.342  -39.707  50.641 0.0000000000
50132  42.865  -41.842  49.852 0.0000000000
50183  40.590  -41.763  47.643 0.0000000000
54966  34.382  -37.934  54.038 0.0000000000
52585  35.177  -38.987  53.937 0.0000000000
52626  35.395  -39.381  52.698 0.0000000000
48941  38.194  -42.741  49.689 0.0000000000
50118  38.118  -41.883  50.796 0.0000000000
47718  39.675  -44.170  50.143 0.0000000000
45249  40.528  -45.793  50.671 0.0000000000
44090  40.100  -46.749  50.479 0.0000000000
45265  35.165  -45.568  49.659 0.0000000000
46453  35.546  -44.252  48.800 0.0000000000
44093  36.473  -46.967  50.377 0.0000000000
40331  39.921  -49.948  50.827 0.0000000000
41568  40.250  -48.826  49.480 0.0000000000
74322  55.220  -20.217  44.310 0.0000000000
75308  54.612  -19.384  44.055 0.0000000000
72319  48.552  -22.716  41.494 0.0000000000
45111  23.628  -45.623  61.882 0.0000000000
45138  23.376  -45.281  60.760 0.0000000000
43948  22.891  -45.993  62.150 0.0000000000
43937  21.561  -46.202  62.394 0.0000000000
43938  20.611  -46.439  62.360 0.0000000000
43919  24.968  -45.623  62.821 0.0000000000
49900  37.888  -40.400  62.457 0.0000000000
52406  38.011  -38.801  62.561 0.0000000000
52449  38.417  -39.363  61.613 0.0000000000
52472  38.695  -38.473  61.197 0.0000000000
54860  39.011  -37.385  60.137 0.0000000000
54872  38.970  -37.040  59.409 0.0000000000
56044  38.026  -36.970  59.061 0.0000000000
54928  36.629  -37.827  56.569 0.0000000000
53771  36.904  -38.366  55.491 0.0000000000
51312  39.024  -40.865  54.643 0.0000000000
51314  37.784  -40.617  55.203 0.0000000000
48865  38.273  -41.581  55.003 0.0000000000
50078  38.658  -42.001  54.078 0.0000000000
46472  29.471  -45.057  46.943 0.0000000000
45295  30.538  -45.166  47.932 0.0000000000
44137  29.914  -46.402  48.529 0.0000000000
72220  52.184  -21.859  46.323 0.0000000000
72258  51.779  -21.839  44.860 0.0000000000
73316  51.357  -21.835  44.613 0.0000000000
73335  50.509  -21.908  43.729 0.0000000000
50140  24.302  -41.805  49.227 0.0000000000
50168  23.133  -41.706  48.328 0.0000000000
47724  23.109  -41.746  50.096 0.0000000000
48930  21.991  -41.920  50.362 0.0000000000
48932  20.182  -42.404  50.328 0.0000000000
45206  19.021  -45.773  56.035 0.0000000000
45211  19.094  -45.115  54.339 0.0000000000
44034  18.755  -45.526  54.324 0.0000000000
44060  17.297  -46.102  52.446 0.0000000000
44063  14.744  -46.110  52.882 0.0000000000
47482  35.057  -43.274  61.927 0.0000000000
47533  34.668  -42.751  60.020 0.0000000000
49975  32.810  -41.978  59.236 0.0000000000
47573  33.737  -43.500  59.475 0.0000000000
47575  32.667  -43.340  58.202 0.0000000000
47599  32.245  -43.291  56.680 0.0000000000
45191  27.354  -44.665  56.224 0.0000000000
45190  28.465  -44.695  56.212 0.0000000000
45208  27.088  -45.027  54.886 0.0000000000
47648  27.374  -43.796  53.254 0.0000000000
47688  27.584  -43.099  51.490 0.0000000000
48943  27.202  -42.193  49.987 0.0000000000
48926  26.129  -42.682  50.336 0.0000000000
48945  25.573  -42.182  49.467 0.0000000000
70009  43.705  -24.869  44.131 0.0000000000
70044  43.910  -24.138  42.553 0.0000000000
70046  42.711  -24.757  42.036 0.0000000000
68957  42.555  -25.229  41.466 0.0000000000
42598  12.054  -47.713  64.947 0.0000000000
42657  11.185  -47.397  62.338 0.0000000000
42693  11.705  -47.192  60.537 0.0000000000
42676  10.857  -47.170  61.410 0.0000000000
69915  48.743  -24.367  49.875 0.0000000000
69937  47.851  -24.270  48.544 0.0000000000
69916  48.022  -24.671  49.484 0.0000000000
68862  46.544  -25.294  49.385 0.0000000000
67829  45.916  -25.816  49.533 0.0000000000
66779  44.753  -27.814  53.417 0.0000000000
66795  45.002  -27.084  52.176 0.0000000000
66788  43.788  -27.827  52.157 0.0000000000
65606  42.138  -28.575  50.738 0.0000000000
65619  41.424  -28.564  49.570 0.0000000000
64419  40.534  -29.231  49.004 0.0000000000
64408  40.690  -29.402  49.619 0.0000000000
63254  39.916  -30.208  49.478 0.0000000000
62124  38.712  -31.393  49.374 0.0000000000
58366  36.831  -34.679  55.912 0.0000000000
59636  37.010  -33.528  55.995 0.0000000000
59646  36.574  -34.079  54.445 0.0000000000
59655  37.023  -33.400  53.992 0.0000000000
60872  36.809  -33.324  52.817 0.0000000000
59672  37.157  -33.171  52.078 0.0000000000
58434  36.588  -34.881  51.732 0.0000000000
56142  37.503  -36.957  50.549 0.0000000000
55053  38.636  -37.495  49.868 0.0000000000
56159  39.846  -36.988  48.981 0.0000000000
55051  40.490  -37.502  49.970 0.0000000000
53927  41.873  -38.041  49.534 0.0000000000
52687  42.970  -39.008  49.064 0.0000000000
47716  42.321  -43.717  50.444 0.0000000000
48957  42.446  -42.364  49.502 0.0000000000
47732  41.283  -43.768  49.163 0.0000000000
48960  40.308  -43.204  48.350 0.0000000000
48983  39.080  -43.171  47.455 0.0000000000
53856  32.796  -37.792  52.446 0.0000000000
53874  35.453  -39.117  51.455 0.0000000000
53893  35.397  -38.960  50.758 0.0000000000
51402  36.480  -40.542  49.497 0.0000000000
47735  37.275  -43.145  48.911 0.0000000000
41517  37.722  -48.762  51.390 0.0000000000
37978  39.155  -50.877  52.141 0.0000000000
80509  53.112  -14.672  45.577 0.0000000000
78287  52.381  -16.416  45.225 0.0000000000
77274  52.579  -17.477  44.662 0.0000000000
46372  24.539  -44.173  55.702 0.0000000000
47632  23.606  -43.853  54.688 0.0000000000
46373  23.568  -44.052  55.729 0.0000000000
47601  22.299  -43.743  56.928 0.0000000000
46358  20.893  -44.780  56.441 0.0000000000
45154  22.539  -45.357  59.970 0.0000000000
45172  21.122  -45.323  58.429 0.0000000000
45194  20.453  -45.474  56.962 0.0000000000
44003  19.330  -46.400  57.153 0.0000000000
41477  18.759  -47.569  57.412 0.0000000000
41469  18.266  -48.161  57.951 0.0000000000
140612  30.140  -43.334  60.171 0.0000000000
45133  30.679  -43.778  59.765 0.0000000000
42682  28.689  -43.929  60.687 0.0000000000
46300  28.866  -44.794  59.400 0.0000000000
45134  27.893  -45.351  59.637 0.0000000000
42666  26.757  -45.481  61.588 0.0000000000
43975  27.012  -45.637  59.710 0.0000000000
45169  26.860  -45.175  58.584 0.0000000000
45182  25.860  -44.844  56.907 0.0000000000
46354  25.188  -44.412  56.373 0.0000000000
66883  39.565  -27.633  43.709 0.0000000000
66895  40.633  -27.399  41.692 0.0000000000
66896  39.769  -28.200  41.815 0.0000000000
68814  48.688  -25.304  52.600 0.0000000000
67762  45.876  -26.832  54.843 0.0000000000
66771  45.198  -27.438  54.583 0.0000000000
65576  43.934  -28.602  54.379 0.0000000000
64338  43.723  -28.969  55.015 0.0000000000
59598  40.125  -33.723  59.835 0.0000000000
58320  38.721  -34.441  58.784 0.0000000000
56049  37.980  -36.130  58.212 0.0000000000
57163  37.698  -35.399  57.682 0.0000000000
58354  37.286  -34.509  56.905 0.0000000000
57178  36.900  -35.622  55.335 0.0000000000
56113  38.021  -37.157  53.389 0.0000000000
56111  39.373  -37.667  53.120 0.0000000000
55012  41.558  -37.849  52.027 0.0000000000
53852  41.512  -38.402  53.213 0.0000000000
51368  42.871  -40.394  52.848 0.0000000000
51367  43.238  -41.067  52.590 0.0000000000
51311  41.836  -41.235  55.205 0.0000000000
50075  43.267  -42.179  53.894 0.0000000000
47682  43.344  -43.517  51.803 0.0000000000
46417  42.848  -44.276  51.237 0.0000000000
45259  42.780  -45.608  50.492 0.0000000000
44108  41.958  -46.746  50.031 0.0000000000
52713  32.467  -39.569  47.256 0.0000000000
51444  34.111  -40.577  47.628 0.0000000000
50211  33.374  -42.142  46.937 0.0000000000
47739  34.065  -43.991  48.491 0.0000000000
45266  34.238  -45.842  49.771 0.0000000000
45269  32.215  -45.544  48.830 0.0000000000
44096  33.725  -46.506  50.335 0.0000000000
75279  54.751  -19.195  47.132 0.0000000000
76281  54.726  -18.468  46.334 0.0000000000
74303  54.713  -19.981  45.433 0.0000000000
74304  54.482  -20.380  45.020 0.0000000000
73330  54.829  -20.722  43.869 0.0000000000
73331  54.198  -21.295  43.710 0.0000000000
47653  22.408  -43.182  53.756 0.0000000000
47675  20.728  -43.329  52.758 0.0000000000
47712  19.375  -43.371  50.644 0.0000000000
46402  19.128  -44.488  53.129 0.0000000000
46422  18.809  -44.329  51.431 0.0000000000
49901  37.285  -40.616  62.833 0.0000000000
49936  37.676  -40.654  61.945 0.0000000000
52476  36.167  -39.401  60.752 0.0000000000
54891  34.170  -37.483  58.714 0.0000000000
54909  34.407  -37.385  57.605 0.0000000000
54892  33.375  -37.787  59.063 0.0000000000
54932  32.558  -37.659  57.052 0.0000000000
53794  32.195  -38.181  55.288 0.0000000000
51252  31.817  -40.864  58.648 0.0000000000
53776  31.470  -39.105  56.465 0.0000000000
53836  31.876  -38.336  53.686 0.0000000000
53857  31.884  -38.346  52.767 0.0000000000
53878  31.896  -38.164  51.510 0.0000000000
53897  31.608  -38.388  50.278 0.0000000000
45147  30.927  -44.427  58.936 0.0000000000
46333  31.661  -44.511  57.139 0.0000000000
46365  31.261  -44.006  55.634 0.0000000000
46367  29.377  -44.260  54.930 0.0000000000
47613  30.275  -43.785  54.956 0.0000000000
48867  30.508  -42.451  54.192 0.0000000000
51371  30.476  -40.862  52.616 0.0000000000
52656  30.470  -39.690  50.533 0.0000000000
52672  30.984  -39.180  48.945 0.0000000000
52715  30.506  -39.423  47.427 0.0000000000
51469  29.925  -40.398  46.452 0.0000000000
50232  29.062  -41.365  45.653 0.0000000000
50164  27.219  -41.476  48.509 0.0000000000
50217  27.290  -40.710  46.042 0.0000000000
47793  28.598  -43.028  45.687 0.0000000000
47773  27.423  -43.958  45.790 0.0000000000
72262  47.643  -22.720  44.651 0.0000000000
72280  48.287  -22.451  43.479 0.0000000000
72281  47.113  -22.572  43.468 0.0000000000
71207  44.469  -23.824  41.151 0.0000000000
70076  45.530  -24.513  40.099 0.0000000000
66910  41.517  -27.366  40.718 0.0000000000
43898  21.132  -45.868  64.052 0.0000000000
43909  20.272  -46.156  63.668 0.0000000000
43925  18.991  -45.967  62.993 0.0000000000
43911  18.225  -45.732  63.160 0.0000000000
43940  18.472  -46.119  62.185 0.0000000000
41420  18.222  -47.232  60.507 0.0000000000
42690  17.247  -47.930  59.814 0.0000000000
41461  16.508  -48.270  58.632 0.0000000000
41393  14.665  -47.732  64.240 0.0000000000
40224  15.167  -48.441  61.391 0.0000000000
41451  15.465  -48.289  59.528 0.0000000000
41472  15.809  -48.119  57.956 0.0000000000
42731  14.409  -47.520  57.476 0.0000000000
77227  54.622  -17.467  47.403 0.0000000000
76255  54.633  -18.349  47.828 0.0000000000
74281  54.441  -20.285  47.791 0.0000000000
72197  54.033  -21.710  47.355 0.0000000000
74254  53.586  -20.621  49.207 0.0000000000
73237  54.016  -21.713  48.560 0.0000000000
72198  53.814  -22.280  47.340 0.0000000000
72199  52.932  -22.421  47.365 0.0000000000
72221  50.748  -22.293  46.554 0.0000000000
72222  49.286  -22.715  46.752 0.0000000000
72181  50.611  -23.280  48.617 0.0000000000
72202  49.474  -23.046  47.560 0.0000000000
72223  48.103  -22.914  46.414 0.0000000000
71120  47.245  -23.433  46.034 0.0000000000
71121  46.608  -23.666  45.684 0.0000000000
69988  45.486  -24.196  45.320 0.0000000000
69957  46.360  -24.576  47.337 0.0000000000
69973  45.359  -24.707  46.469 0.0000000000
69989  44.768  -24.836  45.571 0.0000000000
68922  43.609  -25.224  44.645 0.0000000000
67883  42.473  -26.135  45.107 0.0000000000
67897  41.603  -26.439  44.339 0.0000000000
67807  47.644  -26.092  51.944 0.0000000000
67808  46.593  -26.248  51.317 0.0000000000
67820  44.838  -26.522  50.215 0.0000000000
67810  44.193  -26.856  50.985 0.0000000000
67821  43.946  -26.793  50.200 0.0000000000
67844  43.563  -26.738  48.702 0.0000000000
67858  43.275  -26.423  47.397 0.0000000000
67873  41.632  -27.166  46.383 0.0000000000
67885  40.759  -27.107  45.133 0.0000000000
66861  39.940  -27.702  45.024 0.0000000000
65682  38.704  -28.621  44.520 0.0000000000
64431  39.057  -29.618  47.420 0.0000000000
64467  37.799  -29.995  45.835 0.0000000000
64319  43.098  -29.433  55.601 0.0000000000
63192  42.400  -30.007  54.274 0.0000000000
61973  41.467  -31.256  57.879 0.0000000000
60815  38.620  -31.987  56.562 0.0000000000
61993  39.687  -31.506  56.286 0.0000000000
61991  41.411  -31.145  56.987 0.0000000000
62025  41.230  -30.893  55.113 0.0000000000
62046  41.231  -30.961  54.108 0.0000000000
62064  41.352  -31.121  53.093 0.0000000000
62082  40.314  -30.777  51.628 0.0000000000
62104  39.025  -31.682  50.513 0.0000000000
60942  37.774  -32.447  49.379 0.0000000000
59696  36.575  -34.263  49.958 0.0000000000
59716  36.692  -33.980  49.042 0.0000000000
59734  36.850  -32.968  48.263 0.0000000000
58510  36.023  -34.354  46.994 0.0000000000
55084  41.645  -37.311  47.890 0.0000000000
55083  42.504  -37.807  47.749 0.0000000000
53892  41.968  -38.394  51.159 0.0000000000
52667  43.150  -39.449  49.673 0.0000000000
51440  43.328  -40.239  48.177 0.0000000000
50156  42.475  -41.462  48.704 0.0000000000
50181  42.372  -41.109  47.910 0.0000000000
52584  35.627  -39.475  54.508 0.0000000000
50080  37.266  -40.722  53.550 0.0000000000
50093  38.711  -41.786  52.964 0.0000000000
51379  37.151  -40.758  51.377 0.0000000000
50105  38.375  -41.781  51.866 0.0000000000
47685  40.065  -43.328  52.196 0.0000000000
46419  41.290  -44.801  51.862 0.0000000000
42786  42.002  -47.311  51.298 0.0000000000
44109  41.432  -47.311  49.614 0.0000000000
50185  35.251  -42.171  47.824 0.0000000000
46452  36.068  -44.026  48.696 0.0000000000
45262  38.101  -45.650  49.657 0.0000000000
41542  38.122  -48.553  50.981 0.0000000000
42809  38.921  -47.668  50.482 0.0000000000
44091  39.524  -47.233  50.445 0.0000000000
41539  40.734  -48.516  50.387 0.0000000000
41566  41.277  -48.185  49.960 0.0000000000
76297  54.428  -18.571  45.364 0.0000000000
76313  53.592  -18.490  44.362 0.0000000000
76329  53.281  -18.922  43.368 0.0000000000
72295  48.923  -22.460  42.478 0.0000000000
54908  35.535  -37.692  57.267 0.0000000000
53773  35.490  -38.400  56.299 0.0000000000
47652  23.728  -43.677  53.808 0.0000000000
41486  17.775  -47.571  56.363 0.0000000000
42740  16.236  -47.537  56.638 0.0000000000
47510  31.366  -42.644  60.416 0.0000000000
48764  31.502  -42.221  60.721 0.0000000000
47509  32.170  -42.676  60.573 0.0000000000
46255  32.961  -42.906  60.764 0.0000000000
46285  32.292  -43.454  60.242 0.0000000000
46399  24.775  -43.991  54.286 0.0000000000
46398  25.626  -44.183  54.041 0.0000000000
67910  40.906  -26.649  42.616 0.0000000000
68813  49.031  -24.793  52.115 0.0000000000
64365  42.689  -29.193  52.930 0.0000000000
63217  42.139  -29.816  52.597 0.0000000000
55002  38.651  -37.445  52.222 0.0000000000
55014  39.929  -37.682  51.716 0.0000000000
55013  40.781  -37.521  51.919 0.0000000000
55069  32.809  -37.860  48.549 0.0000000000
52690  34.021  -38.930  48.394 0.0000000000
52712  33.684  -39.450  47.844 0.0000000000
78262  54.103  -16.420  47.038 0.0000000000
77240  54.457  -17.502  46.583 0.0000000000
43969  19.687  -46.604  60.423 0.0000000000
43904  28.272  -45.272  63.129 0.0000000000
42626  28.077  -45.344  62.682 0.0000000000
42627  27.664  -45.528  62.766 0.0000000000
45136  25.446  -45.483  60.948 0.0000000000
45137  24.950  -45.320  60.597 0.0000000000
54859  39.474  -37.255  60.822 0.0000000000
54845  39.858  -36.853  61.805 0.0000000000
56029  39.922  -36.839  61.520 0.0000000000
56030  40.149  -36.413  61.157 0.0000000000
56036  40.033  -36.441  60.252 0.0000000000
53810  38.144  -38.567  53.986 0.0000000000
52581  38.507  -39.296  53.857 0.0000000000
51354  40.095  -39.859  53.783 0.0000000000
51355  39.449  -40.026  53.868 0.0000000000
47628  41.345  -43.217  54.185 0.0000000000
47645  40.957  -43.390  53.768 0.0000000000
47665  40.787  -43.533  52.862 0.0000000000
49021  30.254  -42.482  45.984 0.0000000000
47769  31.563  -43.461  46.881 0.0000000000
46491  30.712  -44.100  46.776 0.0000000000
49010  24.174  -42.618  46.334 0.0000000000
50221  23.779  -41.919  46.778 0.0000000000
46376  20.351  -44.435  55.349 0.0000000000
48778  35.084  -42.657  60.653 0.0000000000
48762  35.651  -42.553  61.506 0.0000000000
49957  35.580  -41.536  61.145 0.0000000000
49959  33.828  -41.251  60.181 0.0000000000
50050  32.030  -42.185  56.006 0.0000000000
50033  31.677  -41.800  56.419 0.0000000000
50051  31.530  -41.845  55.550 0.0000000000
51317  30.879  -41.350  54.608 0.0000000000
50052  31.080  -41.622  54.948 0.0000000000
45167  28.755  -45.138  58.323 0.0000000000
45178  29.648  -45.277  57.493 0.0000000000
45179  28.629  -44.874  57.399 0.0000000000
47687  28.647  -43.452  51.812 0.0000000000
47686  29.319  -43.407  51.862 0.0000000000
48906  28.943  -42.750  51.524 0.0000000000
48922  29.096  -42.033  51.299 0.0000000000
50136  28.879  -41.057  49.703 0.0000000000
50122  28.100  -41.856  50.202 0.0000000000
50192  25.455  -41.609  47.444 0.0000000000
50220  24.776  -41.890  46.664 0.0000000000
49009  25.217  -42.383  45.914 0.0000000000
71135  45.135  -23.858  44.131 0.0000000000
43912  15.596  -45.504  63.920 0.0000000000
43914  14.744  -46.437  63.437 0.0000000000
42636  15.102  -46.946  62.765 0.0000000000
42617  14.709  -46.806  63.373 0.0000000000
41416  12.629  -47.633  62.088 0.0000000000
41405  13.210  -47.795  62.853 0.0000000000
41427  12.945  -47.568  61.791 0.0000000000
42673  13.588  -47.998  61.148 0.0000000000
42674  13.015  -47.512  61.324 0.0000000000
42707  13.631  -47.629  59.570 0.0000000000
42692  12.778  -47.441  60.548 0.0000000000
77203  54.343  -17.339  49.139 0.0000000000
77204  53.522  -17.372  49.562 0.0000000000
71075  48.624  -23.754  48.557 0.0000000000
71094  47.800  -23.801  47.673 0.0000000000
68876  45.003  -25.808  48.329 0.0000000000
67843  44.466  -26.166  48.375 0.0000000000
66814  41.744  -27.958  48.994 0.0000000000
66813  42.264  -27.848  49.519 0.0000000000
66823  41.662  -27.783  48.325 0.0000000000
65637  41.126  -28.194  48.118 0.0000000000
65638  40.580  -28.313  47.625 0.0000000000
62142  38.294  -31.063  48.273 0.0000000000
62161  38.137  -30.876  47.727 0.0000000000
60979  37.088  -32.161  47.095 0.0000000000
63135  42.277  -30.094  57.397 0.0000000000
59620  38.635  -33.354  58.357 0.0000000000
60781  39.174  -32.780  58.298 0.0000000000
60871  37.070  -32.884  53.175 0.0000000000
60848  38.162  -32.045  54.415 0.0000000000
60890  38.263  -32.203  51.932 0.0000000000
60891  37.458  -32.664  52.216 0.0000000000
55066  38.195  -37.494  49.140 0.0000000000
56175  37.523  -36.994  48.698 0.0000000000
56192  37.167  -36.582  47.679 0.0000000000
53945  43.456  -38.880  47.888 0.0000000000
50116  43.371  -41.432  50.753 0.0000000000
54985  33.713  -37.620  53.847 0.0000000000
53833  34.487  -38.570  53.432 0.0000000000
53854  34.729  -38.774  52.385 0.0000000000
47719  39.047  -43.601  49.838 0.0000000000
46437  39.404  -44.718  49.808 0.0000000000
45250  39.720  -45.630  50.226 0.0000000000
44115  34.998  -46.325  50.067 0.0000000000
44114  35.788  -46.299  50.010 0.0000000000
42811  36.392  -47.464  51.004 0.0000000000
74339  55.100  -20.158  43.233 0.0000000000
45112  23.207  -45.829  61.934 0.0000000000
43935  23.312  -45.920  62.301 0.0000000000
42613  21.741  -46.264  63.327 0.0000000000
43922  21.903  -46.353  62.899 0.0000000000
42633  21.369  -46.394  63.242 0.0000000000
43923  21.052  -46.448  62.942 0.0000000000
42611  24.245  -45.521  63.353 0.0000000000
42631  25.150  -45.607  63.243 0.0000000000
43934  24.501  -45.638  62.122 0.0000000000
49935  38.057  -40.458  61.893 0.0000000000
51175  38.307  -39.824  62.223 0.0000000000
52450  37.722  -39.672  61.487 0.0000000000
53691  37.532  -38.091  60.332 0.0000000000
52473  38.663  -38.690  61.106 0.0000000000
53690  38.400  -38.096  60.547 0.0000000000
53689  38.762  -37.952  61.118 0.0000000000
54861  38.542  -37.684  60.040 0.0000000000
54873  38.366  -37.349  59.514 0.0000000000
54874  37.328  -37.256  59.272 0.0000000000
53790  36.570  -39.078  55.428 0.0000000000
52561  37.041  -39.815  55.099 0.0000000000
51315  36.955  -40.543  55.124 0.0000000000
50049  37.071  -41.038  54.887 0.0000000000
50065  38.021  -41.417  54.658 0.0000000000
45296  29.898  -45.555  47.732 0.0000000000
44154  29.425  -46.006  47.882 0.0000000000
72240  51.166  -21.931  45.401 0.0000000000
73293  51.088  -21.979  44.991 0.0000000000
73294  50.785  -21.902  44.964 0.0000000000
72294  49.903  -22.423  42.499 0.0000000000
48946  24.478  -42.037  49.755 0.0000000000
48947  23.556  -41.882  49.868 0.0000000000
47709  22.617  -41.832  50.995 0.0000000000
47710  21.611  -42.280  51.114 0.0000000000
48931  21.071  -42.167  50.382 0.0000000000
44014  19.059  -46.116  56.563 0.0000000000
44023  18.649  -46.071  55.542 0.0000000000
44036  17.433  -46.830  54.426 0.0000000000
44035  18.008  -46.322  54.515 0.0000000000
44048  17.208  -46.729  53.575 0.0000000000
44061  16.473  -46.420  52.537 0.0000000000
44049  16.234  -46.740  53.389 0.0000000000
42773  15.579  -46.690  54.427 0.0000000000
44050  15.421  -46.499  53.671 0.0000000000
44051  14.541  -46.009  53.800 0.0000000000
44025  14.669  -46.570  55.193 0.0000000000
49919  32.834  -41.444  61.767 0.0000000000
47507  34.126  -43.378  61.589 0.0000000000
47483  34.224  -43.142  61.978 0.0000000000
46268  34.704  -43.616  61.274 0.0000000000
46283  34.761  -43.683  60.654 0.0000000000
46298  34.818  -43.951  60.035 0.0000000000
47556  34.259  -43.311  59.738 0.0000000000
46299  34.464  -43.882  59.820 0.0000000000
46314  33.494  -43.842  59.184 0.0000000000
46315  32.633  -43.965  58.527 0.0000000000
47587  32.478  -43.164  57.447 0.0000000000
46332  32.330  -43.902  57.264 0.0000000000
45192  26.549  -44.754  56.176 0.0000000000
46353  27.365  -44.697  55.647 0.0000000000
45202  27.028  -44.828  55.534 0.0000000000
47649  26.820  -43.881  53.263 0.0000000000
47669  27.382  -43.497  52.544 0.0000000000
47689  26.592  -43.207  51.733 0.0000000000
47705  26.727  -43.027  50.925 0.0000000000
48908  24.938  -42.647  51.219 0.0000000000
48927  25.122  -42.495  50.614 0.0000000000
50139  24.744  -41.763  49.152 0.0000000000
68935  43.311  -25.210  43.866 0.0000000000
68947  43.194  -25.127  43.118 0.0000000000
68958  41.843  -25.956  41.695 0.0000000000
68967  42.641  -25.915  40.714 0.0000000000
67921  42.298  -26.673  40.637 0.0000000000
42620  11.269  -47.339  64.141 0.0000000000
42640  11.614  -47.520  63.153 0.0000000000
69896  48.334  -24.796  50.159 0.0000000000
68847  47.678  -25.223  50.267 0.0000000000
68848  46.824  -25.769  50.547 0.0000000000
66787  44.444  -27.748  52.639 0.0000000000
64390  42.058  -29.093  51.302 0.0000000000
65596  42.633  -28.480  51.531 0.0000000000
65607  41.599  -28.772  50.287 0.0000000000
64407  41.146  -29.102  50.151 0.0000000000
63253  40.617  -30.094  50.061 0.0000000000
62123  39.408  -30.905  49.504 0.0000000000
62103  39.656  -31.158  50.026 0.0000000000
57179  36.630  -35.163  54.864 0.0000000000
59637  36.671  -34.056  55.282 0.0000000000
58383  36.563  -34.813  54.549 0.0000000000
58399  36.590  -34.700  53.880 0.0000000000
58418  36.561  -34.701  52.887 0.0000000000
59656  36.626  -33.769  53.361 0.0000000000
55034  38.090  -37.419  50.701 0.0000000000
56132  37.195  -36.545  51.045 0.0000000000
55054  37.848  -37.419  49.894 0.0000000000
55052  39.623  -37.474  49.763 0.0000000000
55050  41.340  -37.650  49.975 0.0000000000
53926  42.518  -38.451  49.259 0.0000000000
52668  42.949  -38.810  49.556 0.0000000000
47717  41.866  -43.747  49.781 0.0000000000
47734  39.882  -43.921  48.394 0.0000000000
48982  39.808  -42.903  47.830 0.0000000000
53877  33.179  -37.845  51.455 0.0000000000
53876  34.276  -38.235  51.481 0.0000000000
53894  34.787  -38.436  50.630 0.0000000000
51421  35.510  -40.460  48.448 0.0000000000
51403  36.008  -40.191  48.979 0.0000000000
51420  36.202  -40.836  48.701 0.0000000000
50160  36.756  -41.644  48.952 0.0000000000
48961  37.033  -42.632  48.738 0.0000000000
77242  53.208  -16.631  46.188 0.0000000000
78274  52.909  -16.218  45.929 0.0000000000
77258  52.949  -17.005  45.801 0.0000000000
77273  53.508  -17.956  44.917 0.0000000000
46355  24.175  -44.209  56.608 0.0000000000
46322  23.063  -44.348  58.540 0.0000000000
47588  22.529  -43.742  57.151 0.0000000000
47589  22.169  -43.881  57.248 0.0000000000
46340  21.614  -44.322  57.303 0.0000000000
43966  22.637  -45.532  60.808 0.0000000000
43979  22.467  -45.548  60.644 0.0000000000
45156  20.582  -45.818  58.994 0.0000000000
45183  20.526  -45.532  57.593 0.0000000000
44001  20.164  -45.667  57.489 0.0000000000
44013  19.695  -45.766  57.046 0.0000000000
44002  19.779  -45.974  57.675 0.0000000000
42702  19.340  -47.171  59.134 0.0000000000
42727  19.272  -46.981  57.626 0.0000000000
41468  18.826  -47.653  58.150 0.0000000000
41478  18.278  -47.779  57.247 0.0000000000
41459  18.169  -48.083  58.761 0.0000000000
45094  28.551  -44.251  62.582 0.0000000000
46256  28.724  -43.406  62.405 0.0000000000
45109  28.651  -43.665  61.846 0.0000000000
46272  29.024  -43.141  61.699 0.0000000000
140607  29.547  -43.484  60.321 0.0000000000
42683  28.398  -44.692  60.600 0.0000000000
43961  28.145  -45.139  60.139 0.0000000000
42629  26.322  -45.824  62.821 0.0000000000
42649  26.770  -45.536  62.371 0.0000000000
42667  26.309  -45.584  61.377 0.0000000000
43977  25.884  -45.631  59.678 0.0000000000
43963  26.606  -45.666  60.253 0.0000000000
43976  26.545  -45.653  59.488 0.0000000000
43990  27.041  -45.702  58.965 0.0000000000
66888  39.515  -27.810  42.624 0.0000000000
66759  45.096  -27.320  55.351 0.0000000000
65559  44.261  -27.754  55.504 0.0000000000
65558  44.713  -27.604  55.321 0.0000000000
64337  43.865  -28.427  55.345 0.0000000000
64353  43.359  -28.928  54.280 0.0000000000
52405  38.684  -38.578  62.311 0.0000000000
58301  39.664  -34.506  59.552 0.0000000000
58319  39.394  -33.944  59.090 0.0000000000
56043  38.422  -36.448  59.077 0.0000000000
56075  37.141  -36.566  56.234 0.0000000000
56061  37.833  -35.945  57.822 0.0000000000
57170  37.186  -35.542  56.609 0.0000000000
54983  38.445  -37.753  53.624 0.0000000000
56100  37.316  -37.006  54.104 0.0000000000
54982  39.131  -37.796  53.411 0.0000000000
56112  38.857  -37.420  53.281 0.0000000000
54981  39.891  -37.991  53.188 0.0000000000
54999  40.828  -38.080  52.779 0.0000000000
54980  40.446  -38.256  53.216 0.0000000000
52578  42.160  -39.833  54.236 0.0000000000
53807  42.318  -39.230  54.041 0.0000000000
51352  42.633  -40.664  53.540 0.0000000000
50091  42.853  -41.091  53.123 0.0000000000
50046  39.115  -41.350  55.010 0.0000000000
50062  39.980  -41.067  54.670 0.0000000000
50045  40.128  -41.613  55.121 0.0000000000
47625  42.981  -43.277  54.075 0.0000000000
48859  43.212  -42.798  54.100 0.0000000000
48874  43.196  -42.772  53.586 0.0000000000
48888  43.292  -42.467  53.180 0.0000000000
47663  43.018  -43.211  52.871 0.0000000000
47683  42.971  -44.020  51.435 0.0000000000
46416  43.138  -44.711  51.482 0.0000000000
45236  42.983  -45.428  51.785 0.0000000000
45247  43.256  -45.626  51.207 0.0000000000
44070  43.233  -46.081  51.231 0.0000000000
44107  42.444  -46.159  50.419 0.0000000000
44087  42.943  -46.520  50.832 0.0000000000
52736  32.181  -40.273  46.773 0.0000000000
51446  32.715  -40.641  46.937 0.0000000000
50212  32.848  -41.679  46.665 0.0000000000
46469  32.967  -44.232  47.895 0.0000000000
46468  33.151  -44.073  47.821 0.0000000000
46443  33.540  -44.821  49.078 0.0000000000
44136  31.099  -46.070  48.520 0.0000000000
44135  31.700  -45.652  48.641 0.0000000000
44118  32.065  -46.254  49.151 0.0000000000
42814  33.694  -47.045  50.577 0.0000000000
42791  34.278  -47.331  51.073 0.0000000000
44075  34.670  -47.134  50.962 0.0000000000
75288  54.853  -19.345  45.969 0.0000000000
73313  54.389  -20.799  44.586 0.0000000000
74323  54.726  -20.450  44.615 0.0000000000
73315  52.346  -21.699  44.537 0.0000000000
73332  53.174  -21.604  43.644 0.0000000000
50169  22.322  -41.540  48.473 0.0000000000
50195  22.673  -41.777  47.413 0.0000000000
47633  22.850  -43.465  54.520 0.0000000000
47634  21.747  -43.449  54.431 0.0000000000
47655  20.056  -43.701  53.637 0.0000000000
47695  20.087  -43.126  51.892 0.0000000000
47696  19.505  -43.925  51.918 0.0000000000
44046  18.631  -45.378  53.671 0.0000000000
45219  18.887  -44.944  53.752 0.0000000000
45230  18.842  -44.885  52.921 0.0000000000
45253  17.978  -44.785  51.112 0.0000000000
46423  18.307  -44.596  51.212 0.0000000000
46431  18.258  -44.514  50.468 0.0000000000
49903  34.592  -41.069  62.988 0.0000000000
48696  35.145  -41.424  63.182 0.0000000000
48738  36.156  -41.804  62.408 0.0000000000
48716  35.969  -41.244  63.030 0.0000000000
49902  36.579  -41.078  62.974 0.0000000000
49915  37.358  -40.633  62.279 0.0000000000
49937  36.616  -41.214  61.864 0.0000000000
52478  34.344  -39.701  60.621 0.0000000000
53694  34.679  -38.812  60.519 0.0000000000
53708  34.908  -38.196  60.249 0.0000000000
53709  34.206  -38.092  60.240 0.0000000000
54877  33.883  -37.730  59.554 0.0000000000
54878  33.520  -37.915  59.468 0.0000000000
53752  32.420  -38.008  58.022 0.0000000000
54950  32.857  -37.707  56.036 0.0000000000
53775  32.035  -38.316  56.312 0.0000000000
48798  32.626  -42.356  58.912 0.0000000000
49991  32.293  -41.819  58.663 0.0000000000
52549  31.291  -39.931  56.638 0.0000000000
53795  31.508  -38.918  55.475 0.0000000000
53815  31.563  -38.635  54.471 0.0000000000
52628  31.235  -39.101  52.095 0.0000000000
52641  31.082  -39.010  50.979 0.0000000000
43960  29.952  -44.105  59.628 0.0000000000
43974  31.443  -44.213  59.418 0.0000000000
45188  30.500  -44.711  56.674 0.0000000000
44009  30.871  -44.971  57.122 0.0000000000
45187  31.059  -44.824  56.939 0.0000000000
46350  31.484  -44.242  56.353 0.0000000000
46368  28.274  -44.545  55.213 0.0000000000
45201  28.922  -44.614  55.525 0.0000000000
47647  29.525  -43.186  53.502 0.0000000000
47631  29.837  -43.532  54.315 0.0000000000
47646  30.134  -42.999  53.985 0.0000000000
47630  30.617  -43.177  54.625 0.0000000000
48878  29.976  -42.497  53.471 0.0000000000
50081  30.456  -41.769  53.652 0.0000000000
50095  30.171  -41.591  52.843 0.0000000000
51404  29.941  -40.198  50.311 0.0000000000
51392  30.159  -40.294  51.030 0.0000000000
52655  30.967  -39.133  49.915 0.0000000000
52692  31.265  -39.047  48.063 0.0000000000
52693  30.289  -39.409  48.288 0.0000000000
52717  28.850  -39.738  47.514 0.0000000000
52716  29.634  -39.553  47.561 0.0000000000
52740  29.143  -39.492  47.049 0.0000000000
51470  28.648  -40.020  46.516 0.0000000000
48966  27.016  -42.073  49.316 0.0000000000
50138  27.578  -41.848  49.571 0.0000000000
50218  26.539  -41.300  46.368 0.0000000000
50234  27.510  -41.499  45.668 0.0000000000
50233  28.282  -41.485  45.627 0.0000000000
49024  28.009  -42.283  45.665 0.0000000000
47772  28.307  -43.806  45.976 0.0000000000
47794  27.719  -43.112  45.661 0.0000000000
72263  46.874  -22.726  44.301 0.0000000000
71143  46.306  -22.967  43.994 0.0000000000
71154  45.264  -23.313  42.630 0.0000000000
71185  43.638  -24.147  41.758 0.0000000000
71184  44.128  -23.785  41.734 0.0000000000
70060  43.865  -24.105  41.166 0.0000000000
70075  46.440  -24.198  40.074 0.0000000000
66911  40.904  -28.012  40.886 0.0000000000
46230  21.864  -44.953  64.082 0.0000000000
45067  20.224  -45.320  64.158 0.0000000000
45083  19.892  -45.858  63.745 0.0000000000
45098  19.643  -46.054  63.431 0.0000000000
45084  19.166  -45.548  63.476 0.0000000000
45113  17.622  -45.764  62.717 0.0000000000
43926  18.091  -45.890  62.772 0.0000000000
43953  17.730  -46.371  61.636 0.0000000000
42668  18.352  -47.056  60.694 0.0000000000
42669  17.706  -46.843  61.068 0.0000000000
40222  16.221  -47.068  60.513 0.0000000000
40231  17.033  -47.148  60.037 0.0000000000
41435  16.984  -47.960  60.025 0.0000000000
41449  17.235  -48.134  59.427 0.0000000000
41450  16.364  -48.250  59.438 0.0000000000
40200  13.881  -48.562  64.110 0.0000000000
40193  14.087  -48.287  65.367 0.0000000000
40199  14.332  -48.380  64.371 0.0000000000
40198  14.596  -48.191  64.774 0.0000000000
40205  14.471  -48.541  63.309 0.0000000000
40204  15.039  -48.108  63.337 0.0000000000
40214  14.491  -48.488  62.407 0.0000000000
41452  14.534  -48.359  59.814 0.0000000000
41438  14.590  -48.524  60.529 0.0000000000
42705  15.122  -47.989  59.222 0.0000000000
41462  15.771  -48.165  58.613 0.0000000000
42717  15.206  -47.804  58.556 0.0000000000
42730  15.369  -47.764  57.561 0.0000000000
42718  14.472  -47.560  58.511 0.0000000000
42732  13.692  -47.131  57.420 0.0000000000
42709  11.499  -46.816  59.673 0.0000000000
79327  54.455  -15.542  48.045 0.0000000000
77214  54.558  -17.401  48.241 0.0000000000
75252  54.490  -19.116  48.813 0.0000000000
75266  54.533  -19.426  48.366 0.0000000000
74266  54.455  -19.995  48.255 0.0000000000
73272  54.020  -20.955  47.163 0.0000000000
73255  53.872  -21.150  47.968 0.0000000000
76234  53.367  -19.257  49.889 0.0000000000
73222  54.150  -21.919  48.852 0.0000000000
72158  53.967  -22.150  48.649 0.0000000000
72177  53.984  -21.994  48.003 0.0000000000
72180  51.431  -23.042  48.831 0.0000000000
71108  48.982  -23.185  47.491 0.0000000000
72243  47.679  -22.965  45.714 0.0000000000
72224  47.607  -23.182  46.234 0.0000000000
71111  46.808  -23.830  46.565 0.0000000000
69987  46.041  -23.862  45.637 0.0000000000
69917  47.341  -24.719  49.083 0.0000000000
68899  45.256  -25.099  47.158 0.0000000000
69958  45.675  -24.859  47.170 0.0000000000
69974  44.797  -25.076  46.156 0.0000000000
68921  44.171  -25.124  45.201 0.0000000000
68908  44.367  -25.373  45.904 0.0000000000
67882  43.047  -25.818  45.430 0.0000000000
67872  42.310  -26.593  46.231 0.0000000000
67806  48.384  -25.958  52.432 0.0000000000
67796  47.870  -26.377  52.906 0.0000000000
67819  46.003  -26.269  50.141 0.0000000000
66796  44.378  -27.327  51.764 0.0000000000
67811  43.565  -27.086  50.691 0.0000000000
66821  43.002  -27.382  49.081 0.0000000000
67832  43.537  -27.009  49.573 0.0000000000
67831  44.242  -26.476  49.412 0.0000000000
67860  41.567  -27.346  46.887 0.0000000000
67859  41.977  -26.929  47.081 0.0000000000
67884  41.424  -26.920  45.435 0.0000000000
66860  40.490  -27.530  45.602 0.0000000000
66873  40.369  -27.316  44.810 0.0000000000
65667  38.921  -28.462  45.263 0.0000000000
64495  38.158  -29.327  44.274 0.0000000000
64466  38.343  -29.243  45.482 0.0000000000
64420  39.963  -29.366  48.711 0.0000000000
64430  39.508  -29.367  47.860 0.0000000000
63282  39.077  -29.816  47.846 0.0000000000
63299  37.814  -30.507  46.727 0.0000000000
63298  38.322  -29.999  46.833 0.0000000000
63316  37.394  -30.699  45.608 0.0000000000
64496  37.704  -30.016  44.931 0.0000000000
64300  42.807  -29.450  56.331 0.0000000000
63178  42.607  -30.131  55.158 0.0000000000
60798  40.111  -31.934  58.419 0.0000000000
61926  40.671  -31.693  59.252 0.0000000000
61951  40.706  -31.598  58.540 0.0000000000
61950  41.221  -31.182  58.738 0.0000000000
61974  40.630  -31.618  57.636 0.0000000000
60816  37.694  -32.568  56.303 0.0000000000
61992  40.645  -31.410  56.618 0.0000000000
62010  40.580  -31.360  55.631 0.0000000000
62009  41.413  -31.157  56.047 0.0000000000
63207  41.257  -30.708  52.363 0.0000000000
62065  40.421  -31.102  52.354 0.0000000000
60904  38.330  -32.091  50.988 0.0000000000
60919  38.341  -32.065  50.060 0.0000000000
59685  36.690  -34.040  50.962 0.0000000000
59715  36.966  -33.087  48.831 0.0000000000
59735  36.441  -33.459  48.010 0.0000000000
56211  37.785  -36.357  46.890 0.0000000000
56158  40.451  -37.074  49.206 0.0000000000
56171  41.166  -36.946  48.647 0.0000000000
53963  43.349  -38.784  47.061 0.0000000000
52753  43.392  -38.993  46.560 0.0000000000
53873  42.114  -38.470  52.161 0.0000000000
53891  42.581  -39.142  51.303 0.0000000000
51401  43.303  -40.397  50.053 0.0000000000
53908  43.016  -39.235  50.546 0.0000000000
51418  43.203  -40.331  48.993 0.0000000000
51419  42.987  -40.693  48.466 0.0000000000
48958  41.830  -42.759  49.086 0.0000000000
50157  41.385  -42.055  48.358 0.0000000000
51443  41.485  -41.026  47.369 0.0000000000
50182  41.745  -41.356  47.909 0.0000000000
53793  34.449  -38.001  55.740 0.0000000000
54948  34.485  -37.914  55.979 0.0000000000
53813  34.392  -38.157  55.395 0.0000000000
52607  36.014  -39.572  53.261 0.0000000000
51358  36.082  -39.798  53.842 0.0000000000
51357  36.619  -40.256  53.400 0.0000000000
52654  35.935  -39.338  51.039 0.0000000000
52639  36.326  -39.776  51.583 0.0000000000
51380  36.622  -40.421  51.177 0.0000000000
48920  39.331  -42.842  50.911 0.0000000000
48904  38.803  -42.379  51.315 0.0000000000
48891  38.967  -42.284  52.159 0.0000000000
48903  39.449  -42.849  51.735 0.0000000000
47684  40.738  -43.910  51.880 0.0000000000
47701  40.707  -44.282  51.384 0.0000000000
44089  41.061  -46.740  51.120 0.0000000000
44073  41.692  -46.653  51.433 0.0000000000
42806  42.103  -47.523  50.716 0.0000000000
42829  41.609  -47.737  50.020 0.0000000000
48985  34.264  -42.529  47.638 0.0000000000
50186  34.786  -41.574  47.679 0.0000000000
48984  34.856  -42.487  47.852 0.0000000000
45264  36.062  -45.554  49.518 0.0000000000
46440  36.411  -44.611  49.057 0.0000000000
47721  37.093  -44.178  48.977 0.0000000000
40284  38.912  -49.785  51.987 0.0000000000
40305  39.269  -49.686  51.464 0.0000000000
41540  39.765  -48.940  50.742 0.0000000000
44111  38.906  -46.592  50.127 0.0000000000
42808  40.126  -47.874  50.586 0.0000000000
42831  40.530  -48.302  49.539 0.0000000000
42830  40.919  -47.779  49.532 0.0000000000
80520  52.602  -14.479  44.356 0.0000000000
76312  54.470  -18.946  44.691 0.0000000000
75309  53.871  -19.104  43.798 0.0000000000
140595  23.540  -45.735  63.320 0.0000000000
43921  22.802  -46.196  62.866 0.0000000000
43907  23.034  -46.054  63.312 0.0000000000
42591  22.147  -46.020  63.439 0.0000000000
42592  21.472  -46.083  63.693 0.0000000000
52475  37.073  -39.138  61.168 0.0000000000
53692  36.437  -38.391  60.553 0.0000000000
54862  36.619  -37.673  60.020 0.0000000000
54889  36.401  -37.477  58.239 0.0000000000
53750  36.036  -38.014  56.685 0.0000000000
53791  35.664  -39.041  55.520 0.0000000000
52563  35.758  -39.544  55.047 0.0000000000
72279  49.328  -22.248  43.357 0.0000000000
48909  24.524  -42.466  51.180 0.0000000000
42751  18.097  -47.056  55.870 0.0000000000
44024  18.114  -46.575  55.269 0.0000000000
42763  16.775  -47.176  54.637 0.0000000000
42764  15.898  -46.862  54.952 0.0000000000
42754  15.108  -47.112  55.632 0.0000000000
49939  32.343  -41.731  61.078 0.0000000000
48742  32.967  -42.450  61.573 0.0000000000
45130  33.775  -43.800  60.307 0.0000000000
45144  33.966  -44.080  59.761 0.0000000000
45145  32.642  -44.090  59.565 0.0000000000
45204  25.948  -44.643  55.438 0.0000000000
46384  26.136  -44.551  54.584 0.0000000000
47650  25.906  -43.890  53.300 0.0000000000
47690  25.687  -43.116  51.838 0.0000000000
47671  25.307  -43.325  52.631 0.0000000000
47691  24.806  -42.795  51.802 0.0000000000
67896  42.206  -25.855  44.019 0.0000000000
68937  42.176  -25.570  43.008 0.0000000000
67904  42.134  -25.688  43.452 0.0000000000
42621  10.133  -47.339  64.300 0.0000000000
69878  49.083  -24.675  51.324 0.0000000000
65582  43.776  -28.575  53.726 0.0000000000
65588  43.537  -28.443  52.825 0.0000000000
64376  41.817  -29.640  51.449 0.0000000000
63236  41.397  -30.015  51.302 0.0000000000
63220  40.372  -30.597  51.169 0.0000000000
57198  37.325  -36.393  53.220 0.0000000000
57211  37.217  -36.424  52.094 0.0000000000
55016  38.366  -37.404  51.557 0.0000000000
55032  39.810  -37.554  50.782 0.0000000000
55035  33.144  -37.754  49.860 0.0000000000
53912  34.585  -38.539  49.584 0.0000000000
53928  34.185  -38.546  48.781 0.0000000000
52689  34.821  -39.427  48.659 0.0000000000
50162  35.166  -41.048  48.123 0.0000000000
77241  53.619  -16.964  46.365 0.0000000000
46321  24.266  -44.363  58.652 0.0000000000
43950  21.260  -46.131  61.679 0.0000000000
43980  21.724  -45.722  60.318 0.0000000000
45157  20.137  -46.191  58.701 0.0000000000
43991  19.715  -46.515  58.397 0.0000000000
41447  18.727  -47.469  59.654 0.0000000000
45079  28.531  -44.672  63.162 0.0000000000
42646  28.223  -45.016  62.356 0.0000000000
42663  28.247  -44.733  61.863 0.0000000000
42647  28.009  -45.199  62.410 0.0000000000
42665  27.479  -45.228  61.670 0.0000000000
43946  25.609  -45.609  61.490 0.0000000000
43964  25.892  -45.636  60.407 0.0000000000
45152  25.630  -45.059  59.343 0.0000000000
53667  39.353  -37.649  62.147 0.0000000000
53666  39.629  -37.127  62.044 0.0000000000
54846  39.746  -36.854  62.063 0.0000000000
58281  40.608  -34.149  60.709 0.0000000000
57121  40.360  -35.392  60.479 0.0000000000
57131  40.164  -35.468  59.809 0.0000000000
57132  39.597  -35.564  59.552 0.0000000000
54906  37.207  -37.368  56.894 0.0000000000
53831  39.347  -38.349  53.436 0.0000000000
52605  40.424  -39.143  53.591 0.0000000000
52580  41.202  -39.538  53.999 0.0000000000
51332  41.664  -40.638  54.749 0.0000000000
48863  39.496  -42.353  55.089 0.0000000000
48846  41.391  -42.259  55.161 0.0000000000
47626  42.426  -43.276  54.039 0.0000000000
46406  43.154  -44.405  52.417 0.0000000000
46407  42.779  -44.550  52.901 0.0000000000
45228  42.575  -45.162  52.431 0.0000000000
45229  42.102  -45.374  52.356 0.0000000000
50213  31.671  -41.387  46.435 0.0000000000
49004  32.748  -42.557  46.736 0.0000000000
49005  32.077  -42.445  46.570 0.0000000000
47741  32.069  -44.199  48.163 0.0000000000
73273  53.929  -20.952  46.425 0.0000000000
72276  51.430  -21.877  43.239 0.0000000000
50170  21.237  -41.489  48.393 0.0000000000
47617  21.202  -43.644  55.111 0.0000000000
47656  19.381  -43.935  53.248 0.0000000000
44059  17.799  -45.421  52.294 0.0000000000
45231  18.438  -45.200  52.661 0.0000000000
44076  17.658  -45.158  51.783 0.0000000000
45254  17.568  -45.070  50.629 0.0000000000
48739  35.408  -42.384  62.257 0.0000000000
48761  36.190  -42.428  61.905 0.0000000000
51225  34.967  -40.626  60.557 0.0000000000
53710  33.405  -38.409  59.701 0.0000000000
52499  33.402  -39.662  60.242 0.0000000000
52500  32.812  -40.098  59.662 0.0000000000
52518  32.166  -39.747  58.904 0.0000000000
48825  31.979  -42.580  57.163 0.0000000000
50013  31.658  -41.713  57.325 0.0000000000
48826  31.758  -42.135  56.850 0.0000000000
51291  31.222  -40.876  56.058 0.0000000000
52586  31.035  -39.712  54.626 0.0000000000
51339  30.856  -40.457  54.380 0.0000000000
52587  30.785  -40.150  53.949 0.0000000000
52611  30.696  -40.383  53.301 0.0000000000
45166  29.784  -45.283  58.258 0.0000000000
45199  30.173  -44.619  56.256 0.0000000000
46395  28.387  -43.842  53.500 0.0000000000
46394  29.078  -43.695  53.033 0.0000000000
47667  29.354  -43.112  52.622 0.0000000000
48879  29.470  -42.709  53.140 0.0000000000
50096  29.709  -41.742  52.282 0.0000000000
51393  29.684  -40.772  50.727 0.0000000000
51405  29.371  -40.579  49.763 0.0000000000
52674  29.540  -40.241  49.135 0.0000000000
51423  29.227  -40.566  48.985 0.0000000000
51406  28.889  -40.869  49.267 0.0000000000
51424  28.513  -40.605  48.633 0.0000000000
48968  25.856  -41.897  48.816 0.0000000000
50165  26.121  -41.712  48.269 0.0000000000
50236  26.117  -41.670  45.862 0.0000000000
47795  26.813  -43.205  45.527 0.0000000000
49026  26.118  -42.382  45.551 0.0000000000
49027  25.487  -43.011  45.573 0.0000000000
71144  45.546  -23.378  43.626 0.0000000000
68966  43.438  -25.223  40.479 0.0000000000
70078  43.644  -24.458  40.772 0.0000000000
68965  44.845  -25.248  39.845 0.0000000000
45100  16.590  -45.520  63.196 0.0000000000
45115  16.540  -45.647  62.652 0.0000000000
42670  16.736  -46.492  61.367 0.0000000000
42653  15.718  -46.368  62.262 0.0000000000
41413  15.555  -47.355  61.964 0.0000000000
40212  15.557  -47.690  61.890 0.0000000000
41386  12.869  -48.172  64.769 0.0000000000
41404  13.599  -48.485  63.089 0.0000000000
40215  14.085  -48.573  62.449 0.0000000000
40226  14.257  -48.246  61.814 0.0000000000
41426  13.973  -48.310  61.290 0.0000000000
41439  13.953  -48.342  60.546 0.0000000000
41453  13.969  -48.151  59.946 0.0000000000
75253  54.079  -19.463  49.111 0.0000000000
75241  53.370  -20.074  49.749 0.0000000000
73206  53.304  -21.213  49.792 0.0000000000
72159  53.288  -22.299  48.943 0.0000000000
72179  52.593  -22.626  48.367 0.0000000000
71073  50.548  -23.553  49.217 0.0000000000
71091  50.103  -23.473  48.544 0.0000000000
71093  48.499  -23.502  47.894 0.0000000000
71095  47.127  -23.959  47.265 0.0000000000
68874  46.274  -25.112  48.143 0.0000000000
68890  44.093  -25.682  47.244 0.0000000000
66805  43.051  -27.462  50.570 0.0000000000
66812  42.964  -27.454  49.867 0.0000000000
66836  41.412  -27.669  47.444 0.0000000000
65650  40.269  -28.235  46.854 0.0000000000
65651  39.531  -28.599  46.557 0.0000000000
63284  38.011  -30.742  47.432 0.0000000000
62183  37.168  -31.536  46.350 0.0000000000
62204  36.513  -31.986  45.731 0.0000000000
62184  36.748  -31.995  46.310 0.0000000000
61005  36.523  -32.498  46.532 0.0000000000
59610  39.776  -33.342  59.306 0.0000000000
60780  39.689  -32.624  58.660 0.0000000000
60831  38.238  -31.916  55.505 0.0000000000
62012  38.943  -31.650  54.780 0.0000000000
62027  39.710  -31.427  54.163 0.0000000000
62048  39.660  -31.481  53.153 0.0000000000
62066  39.375  -31.402  52.248 0.0000000000
62067  38.698  -31.777  52.344 0.0000000000
57237  36.594  -36.003  50.225 0.0000000000
57251  36.492  -35.743  49.406 0.0000000000
57259  36.320  -35.550  48.422 0.0000000000
57268  36.323  -35.339  47.454 0.0000000000
56193  36.503  -36.102  47.650 0.0000000000
56188  41.115  -36.706  47.831 0.0000000000
55063  42.862  -38.204  48.356 0.0000000000
55062  43.310  -38.462  48.119 0.0000000000
52638  42.968  -39.704  51.902 0.0000000000
52652  43.139  -39.536  51.215 0.0000000000
51389  43.551  -40.349  50.915 0.0000000000
50131  43.225  -41.111  49.466 0.0000000000
54967  33.902  -37.918  54.759 0.0000000000
52609  34.971  -39.110  53.525 0.0000000000
52625  36.211  -39.650  52.524 0.0000000000
50134  37.632  -41.875  49.732 0.0000000000
50119  37.340  -41.201  50.649 0.0000000000
50133  38.204  -42.234  50.121 0.0000000000
48921  38.688  -42.690  50.445 0.0000000000
47703  39.288  -43.165  50.472 0.0000000000
46428  40.597  -44.874  51.108 0.0000000000
46429  40.058  -44.799  50.383 0.0000000000
47722  34.424  -44.262  48.843 0.0000000000
47738  34.872  -43.926  48.637 0.0000000000
46441  35.433  -44.774  49.313 0.0000000000
44113  36.673  -46.383  49.831 0.0000000000
39145  39.392  -50.316  50.225 0.0000000000
40348  40.495  -49.295  49.848 0.0000000000
72320  47.516  -22.797  41.556 0.0000000000
72339  47.988  -22.912  40.938 0.0000000000
45122  24.213  -45.421  61.429 0.0000000000
45123  23.098  -45.690  61.546 0.0000000000
43949  22.238  -45.796  61.843 0.0000000000
43936  22.430  -46.061  62.429 0.0000000000
42630  25.731  -45.620  62.968 0.0000000000
43918  25.469  -45.646  62.751 0.0000000000
43933  25.457  -45.725  62.414 0.0000000000
43947  24.879  -45.585  61.610 0.0000000000
52407  37.134  -39.213  62.918 0.0000000000
51147  38.292  -39.051  62.430 0.0000000000
51174  38.426  -39.198  62.301 0.0000000000
52431  38.788  -38.786  62.098 0.0000000000
52448  38.775  -38.637  61.425 0.0000000000
53678  39.000  -38.141  61.661 0.0000000000
53688  39.084  -37.664  61.333 0.0000000000
56037  39.588  -36.950  60.168 0.0000000000
54888  37.253  -37.216  57.929 0.0000000000
52582  37.781  -39.729  54.394 0.0000000000
51336  38.044  -40.474  54.554 0.0000000000
50047  38.239  -41.181  54.993 0.0000000000
50048  37.721  -41.139  54.978 0.0000000000
48849  38.614  -41.587  55.144 0.0000000000
48864  38.605  -42.031  55.218 0.0000000000
48877  38.869  -42.247  54.753 0.0000000000
50077  39.014  -42.226  53.985 0.0000000000
46492  29.839  -44.249  46.576 0.0000000000
46471  30.448  -44.866  47.199 0.0000000000
45281  30.491  -45.666  48.226 0.0000000000
44119  31.022  -46.700  49.119 0.0000000000
44120  30.355  -46.917  49.184 0.0000000000
72239  51.931  -21.759  45.256 0.0000000000
73317  50.549  -21.798  44.429 0.0000000000
73334  51.105  -21.798  43.768 0.0000000000
72277  50.961  -22.089  43.191 0.0000000000
50167  24.076  -41.746  48.587 0.0000000000
50194  23.525  -41.667  47.523 0.0000000000
48971  22.861  -41.760  48.883 0.0000000000
47708  23.342  -41.825  50.614 0.0000000000
48929  22.530  -41.783  50.330 0.0000000000
50141  21.807  -41.508  49.072 0.0000000000
48972  20.978  -41.721  49.100 0.0000000000
48950  20.582  -41.988  49.647 0.0000000000
45205  19.459  -45.353  55.672 0.0000000000
45210  19.458  -44.991  54.757 0.0000000000
44022  19.152  -45.471  54.913 0.0000000000
44047  18.182  -45.825  53.315 0.0000000000
48741  33.731  -42.407  62.000 0.0000000000
48719  34.426  -41.929  62.185 0.0000000000
48740  34.655  -42.568  62.148 0.0000000000
47506  35.295  -43.288  61.330 0.0000000000
48779  34.392  -42.641  60.090 0.0000000000
49973  34.094  -42.230  59.964 0.0000000000
48796  33.913  -42.627  59.693 0.0000000000
48797  33.036  -42.690  59.324 0.0000000000
46313  34.030  -43.820  59.551 0.0000000000
47574  33.114  -43.378  59.093 0.0000000000
48813  32.571  -42.649  58.242 0.0000000000
47610  32.180  -43.136  56.054 0.0000000000
45180  27.729  -44.709  57.092 0.0000000000
46352  27.761  -44.608  55.695 0.0000000000
46383  27.597  -44.626  54.635 0.0000000000
45217  26.967  -44.854  54.029 0.0000000000
46396  27.455  -44.345  53.792 0.0000000000
46412  27.830  -43.708  53.199 0.0000000000
47668  28.048  -43.409  52.109 0.0000000000
48907  28.275  -42.756  51.337 0.0000000000
48924  27.693  -42.480  50.650 0.0000000000
47704  27.238  -42.905  50.819 0.0000000000
48925  26.913  -42.620  50.400 0.0000000000
48944  26.539  -42.344  49.733 0.0000000000
47706  25.929  -42.842  51.133 0.0000000000
70027  44.106  -24.279  43.116 0.0000000000
70028  43.658  -24.734  43.511 0.0000000000
70045  43.334  -24.506  42.397 0.0000000000
70062  42.893  -24.690  41.781 0.0000000000
68948  42.630  -25.166  42.542 0.0000000000
68956  43.036  -24.978  41.054 0.0000000000
42597  12.535  -47.941  65.321 0.0000000000
42619  12.254  -47.493  63.889 0.0000000000
42656  12.075  -47.701  62.337 0.0000000000
42675  11.969  -47.477  61.509 0.0000000000
42658  10.064  -47.106  62.312 0.0000000000
68861  47.377  -24.903  49.571 0.0000000000
68863  45.795  -25.611  49.241 0.0000000000
67830  45.287  -26.114  49.245 0.0000000000
66778  45.357  -27.357  53.691 0.0000000000
66786  45.306  -27.366  52.834 0.0000000000
65595  43.253  -28.231  52.024 0.0000000000
66798  42.753  -28.009  50.896 0.0000000000
65618  42.016  -28.369  50.064 0.0000000000
65626  40.606  -28.705  48.508 0.0000000000
65620  40.935  -28.897  49.067 0.0000000000
64409  40.274  -29.556  49.215 0.0000000000
64392  40.949  -29.643  50.275 0.0000000000
63255  39.195  -30.633  49.113 0.0000000000
63109  41.837  -30.432  58.006 0.0000000000
59629  37.570  -33.464  57.077 0.0000000000
59645  37.035  -33.392  54.838 0.0000000000
60892  37.028  -33.120  52.498 0.0000000000
59673  36.736  -33.717  52.208 0.0000000000
57223  37.148  -36.480  51.488 0.0000000000
57224  36.672  -36.035  51.284 0.0000000000
56160  37.359  -36.972  49.741 0.0000000000
55067  37.695  -37.309  49.348 0.0000000000
55065  39.112  -37.354  49.020 0.0000000000
56157  41.075  -37.285  49.343 0.0000000000
52686  43.307  -39.497  48.496 0.0000000000
50117  43.078  -42.125  50.415 0.0000000000
48940  42.206  -43.034  49.828 0.0000000000
48959  40.924  -42.890  48.598 0.0000000000
48981  40.440  -42.558  48.167 0.0000000000
53855  33.894  -38.092  52.396 0.0000000000
53875  35.030  -38.708  51.480 0.0000000000
52669  36.411  -40.104  50.076 0.0000000000
53911  35.216  -38.827  50.037 0.0000000000
52670  35.717  -39.635  49.821 0.0000000000
50159  37.299  -42.170  49.087 0.0000000000
48942  37.563  -42.685  49.192 0.0000000000
47720  37.719  -43.654  49.266 0.0000000000
41518  36.766  -48.924  51.904 0.0000000000
42788  36.878  -48.189  51.238 0.0000000000
40307  37.716  -49.470  51.948 0.0000000000
40285  38.428  -49.892  52.138 0.0000000000
37995  39.264  -51.057  51.580 0.0000000000
39130  39.466  -50.735  50.699 0.0000000000
79360  52.605  -15.438  45.384 0.0000000000
79350  53.143  -15.474  46.146 0.0000000000
77292  52.340  -17.728  43.911 0.0000000000
74352  54.920  -20.434  42.962 0.0000000000
46387  24.023  -44.076  55.095 0.0000000000
47614  23.609  -43.918  55.150 0.0000000000
46374  22.546  -43.851  55.841 0.0000000000
46356  22.970  -43.696  56.734 0.0000000000
46304  22.430  -45.002  59.082 0.0000000000
45155  21.549  -45.441  59.376 0.0000000000
45171  21.763  -45.105  58.801 0.0000000000
46324  21.231  -44.996  57.741 0.0000000000
46341  21.013  -45.122  57.165 0.0000000000
45195  19.805  -45.419  56.460 0.0000000000
42738  19.030  -47.022  56.953 0.0000000000
42726  19.535  -46.693  58.023 0.0000000000
41484  18.641  -47.427  56.904 0.0000000000
41479  17.754  -47.740  57.020 0.0000000000
47512  29.433  -42.730  61.455 0.0000000000
47511  29.870  -42.455  61.118 0.0000000000
47534  30.964  -42.933  60.056 0.0000000000
46286  31.212  -43.507  59.983 0.0000000000
140605  30.042  -43.593  59.923 0.0000000000
140604  28.944  -44.274  60.000 0.0000000000
140611  29.194  -44.431  59.635 0.0000000000
45149  28.321  -45.360  59.020 0.0000000000
46317  28.132  -44.917  58.528 0.0000000000
42628  26.912  -45.644  62.765 0.0000000000
42685  26.763  -45.594  60.843 0.0000000000
43962  27.274  -45.501  60.189 0.0000000000
45135  27.371  -45.520  59.712 0.0000000000
45168  27.682  -45.425  58.803 0.0000000000
46318  27.677  -44.741  58.387 0.0000000000
46319  27.275  -44.577  57.997 0.0000000000
45181  26.803  -44.677  57.350 0.0000000000
45170  25.925  -44.934  58.234 0.0000000000
45193  25.920  -44.691  55.930 0.0000000000
46371  25.420  -44.388  55.467 0.0000000000
46386  24.730  -44.159  54.963 0.0000000000
66887  40.302  -27.218  43.052 0.0000000000
65727  40.475  -28.654  41.232 0.0000000000
67783  47.882  -25.917  53.795 0.0000000000
67772  46.816  -26.410  54.377 0.0000000000
67773  46.019  -26.833  54.043 0.0000000000
66772  44.799  -27.809  54.095 0.0000000000
65581  44.375  -28.289  53.949 0.0000000000
65574  44.769  -27.698  55.104 0.0000000000
65575  44.370  -28.149  54.768 0.0000000000
64354  42.728  -29.317  53.910 0.0000000000
58339  38.276  -33.864  58.275 0.0000000000
56042  39.445  -36.504  59.571 0.0000000000
57133  38.830  -35.560  59.303 0.0000000000
57162  37.906  -35.748  58.041 0.0000000000
57146  38.174  -35.466  58.477 0.0000000000
58321  38.101  -34.842  58.381 0.0000000000
58340  37.833  -34.356  57.966 0.0000000000
57188  37.103  -36.076  54.308 0.0000000000
56121  39.211  -37.504  52.922 0.0000000000
55000  39.890  -37.752  52.607 0.0000000000
54998  41.665  -38.216  52.694 0.0000000000
53828  41.803  -38.878  53.826 0.0000000000
53850  42.826  -39.000  53.250 0.0000000000
52624  42.828  -39.633  52.777 0.0000000000
51378  43.025  -40.049  52.375 0.0000000000
50104  43.571  -41.603  52.037 0.0000000000
51334  39.630  -40.528  54.288 0.0000000000
50061  40.777  -41.074  54.794 0.0000000000
51310  42.222  -41.154  55.028 0.0000000000
48845  42.194  -42.314  55.046 0.0000000000
50060  42.677  -41.804  54.648 0.0000000000
50076  42.800  -41.389  53.755 0.0000000000
50090  43.371  -41.734  53.044 0.0000000000
48902  43.472  -42.502  52.407 0.0000000000
48918  43.494  -42.456  51.490 0.0000000000
47700  42.838  -43.540  51.091 0.0000000000
46427  42.913  -44.734  50.828 0.0000000000
46426  43.248  -45.253  51.077 0.0000000000
46435  42.382  -44.685  50.117 0.0000000000
45260  42.098  -45.603  50.066 0.0000000000
53947  32.387  -38.919  47.759 0.0000000000
51445  33.271  -40.486  47.372 0.0000000000
50187  33.692  -41.598  47.231 0.0000000000
48965  34.044  -43.325  47.856 0.0000000000
49003  33.140  -42.448  46.884 0.0000000000
48986  33.476  -42.825  47.370 0.0000000000
47723  34.155  -44.357  49.011 0.0000000000
44094  35.475  -46.943  50.696 0.0000000000
46470  31.222  -44.333  47.375 0.0000000000
45279  31.964  -45.102  48.490 0.0000000000
45268  32.822  -45.560  49.191 0.0000000000
42834  32.497  -46.807  49.715 0.0000000000
44117  33.033  -46.372  49.911 0.0000000000
45267  33.491  -45.836  49.688 0.0000000000
45251  34.004  -46.278  50.224 0.0000000000
44074  34.910  -47.037  50.907 0.0000000000
76267  54.754  -18.178  47.045 0.0000000000
74294  54.241  -20.375  45.790 0.0000000000
73292  52.734  -21.562  45.335 0.0000000000
50222  23.144  -41.800  46.872 0.0000000000
49011  22.842  -42.491  46.553 0.0000000000
47674  21.751  -42.642  52.974 0.0000000000
47654  21.256  -43.430  53.634 0.0000000000
47694  21.118  -42.560  52.022 0.0000000000
47711  20.568  -42.659  51.060 0.0000000000
45218  19.284  -44.778  54.240 0.0000000000
46401  19.367  -44.362  53.791 0.0000000000
47677  19.324  -44.078  52.665 0.0000000000
45240  18.737  -44.771  52.247 0.0000000000
46413  19.142  -44.497  52.356 0.0000000000
47726  18.978  -43.160  49.174 0.0000000000
48695  35.519  -41.204  63.318 0.0000000000
51121  36.435  -40.100  63.542 0.0000000000
51149  37.141  -40.101  63.219 0.0000000000
51200  37.341  -40.341  61.758 0.0000000000
49956  36.204  -40.879  61.242 0.0000000000
51223  36.646  -40.195  61.316 0.0000000000
53693  35.501  -38.582  60.463 0.0000000000
54864  35.276  -38.035  60.153 0.0000000000
54876  34.940  -37.732  59.616 0.0000000000
54931  33.595  -37.431  56.804 0.0000000000
54910  33.165  -37.624  57.969 0.0000000000
54968  33.044  -37.669  55.082 0.0000000000
54986  33.125  -37.536  54.301 0.0000000000
49974  33.585  -41.784  59.694 0.0000000000
51239  32.554  -41.060  59.422 0.0000000000
52519  31.462  -40.082  58.351 0.0000000000
51253  31.480  -40.809  57.861 0.0000000000
52536  31.386  -39.804  57.551 0.0000000000
53754  31.354  -39.291  57.075 0.0000000000
53814  32.371  -37.968  54.375 0.0000000000
53835  32.700  -37.745  53.477 0.0000000000
53896  32.526  -37.809  50.417 0.0000000000
53914  32.071  -37.956  49.479 0.0000000000
53930  32.144  -38.280  48.309 0.0000000000
43973  31.577  -44.080  59.730 0.0000000000
45146  32.108  -44.388  58.796 0.0000000000
45164  31.672  -44.460  58.438 0.0000000000
45165  30.658  -44.936  58.314 0.0000000000
45176  31.123  -44.858  57.547 0.0000000000
46316  31.929  -44.366  57.758 0.0000000000
46349  32.158  -43.823  56.571 0.0000000000
47600  32.066  -43.632  56.200 0.0000000000
47611  31.680  -43.415  55.653 0.0000000000
45200  29.527  -44.634  55.859 0.0000000000
46366  30.492  -44.239  55.678 0.0000000000
47612  30.963  -43.650  55.254 0.0000000000
47629  31.179  -43.082  55.141 0.0000000000
48866  31.033  -42.514  54.811 0.0000000000
50068  30.877  -41.803  54.493 0.0000000000
51359  30.549  -41.106  53.291 0.0000000000
50107  30.113  -41.271  52.184 0.0000000000
51381  30.334  -40.668  51.759 0.0000000000
52642  30.624  -39.763  51.482 0.0000000000
53915  31.528  -38.626  49.269 0.0000000000
52691  31.957  -39.084  47.774 0.0000000000
52714  31.413  -39.374  47.271 0.0000000000
52737  31.604  -39.897  46.749 0.0000000000
52738  30.689  -39.714  46.783 0.0000000000
51468  31.028  -40.527  46.574 0.0000000000
50214  30.599  -41.309  46.331 0.0000000000
49007  30.276  -41.908  46.040 0.0000000000
47791  29.963  -42.722  45.800 0.0000000000
50163  27.905  -41.016  48.762 0.0000000000
51448  27.417  -40.758  47.997 0.0000000000
50190  27.179  -40.896  47.231 0.0000000000
50189  27.850  -40.541  46.729 0.0000000000
51488  28.479  -40.714  45.787 0.0000000000
49023  28.852  -42.210  45.607 0.0000000000
47792  29.462  -42.886  45.707 0.0000000000
47771  29.219  -43.617  46.116 0.0000000000
46493  28.901  -44.448  46.395 0.0000000000
46494  27.997  -44.590  46.264 0.0000000000
46495  27.116  -44.693  46.209 0.0000000000
46474  27.677  -45.260  46.705 0.0000000000
72297  46.923  -22.706  42.262 0.0000000000
71155  44.380  -23.769  42.501 0.0000000000
71183  44.901  -23.512  41.718 0.0000000000
71206  45.184  -23.702  40.833 0.0000000000
71205  46.005  -23.682  40.537 0.0000000000
67913  41.397  -26.677  41.410 0.0000000000
67922  41.787  -26.697  40.913 0.0000000000
45066  21.790  -45.384  63.985 0.0000000000
42593  20.912  -46.122  63.993 0.0000000000
43899  20.462  -45.919  63.949 0.0000000000
42615  20.638  -46.264  63.630 0.0000000000
43924  20.157  -46.346  63.205 0.0000000000
43939  19.532  -46.321  62.274 0.0000000000
43910  18.560  -45.642  63.258 0.0000000000
43952  18.862  -46.591  61.229 0.0000000000
41432  18.876  -47.153  60.020 0.0000000000
41422  16.643  -46.743  60.835 0.0000000000
41434  17.642  -47.502  59.977 0.0000000000
41448  17.974  -47.806  59.452 0.0000000000
41460  17.382  -48.247  58.647 0.0000000000
41471  16.499  -48.242  57.913 0.0000000000
42616  14.573  -46.962  63.635 0.0000000000
41403  14.971  -47.615  63.343 0.0000000000
40203  15.442  -47.947  62.687 0.0000000000
41424  15.439  -48.377  60.683 0.0000000000
40225  14.581  -48.471  61.641 0.0000000000
40234  15.063  -48.579  61.009 0.0000000000
41437  15.381  -48.470  60.320 0.0000000000
42729  16.367  -47.842  57.385 0.0000000000
42741  15.217  -47.560  56.536 0.0000000000
42742  14.281  -47.277  56.520 0.0000000000
43984  12.176  -46.688  59.026 0.0000000000
78249  54.508  -16.486  47.677 0.0000000000
72218  53.967  -21.803  46.764 0.0000000000
72219  53.366  -22.061  46.608 0.0000000000
76245  53.799  -18.396  49.430 0.0000000000
73238  53.732  -21.042  48.580 0.0000000000
72142  52.349  -22.275  50.389 0.0000000000
71132  47.205  -23.298  45.349 0.0000000000
71122  46.088  -23.672  45.236 0.0000000000
70007  45.226  -24.075  44.589 0.0000000000
68887  46.172  -25.002  47.692 0.0000000000
68923  42.896  -25.586  44.365 0.0000000000
68909  43.615  -25.578  45.518 0.0000000000
68910  43.112  -25.643  45.024 0.0000000000
68831  46.889  -25.901  51.006 0.0000000000
67898  40.844  -26.855  44.595 0.0000000000
66882  40.305  -27.193  44.047 0.0000000000
66874  39.886  -27.542  44.447 0.0000000000
65666  39.628  -28.163  45.601 0.0000000000
65681  39.395  -28.056  44.634 0.0000000000
65627  39.981  -28.766  48.091 0.0000000000
64444  39.382  -29.190  47.145 0.0000000000
64445  38.779  -29.419  46.670 0.0000000000
64318  43.536  -28.843  55.660 0.0000000000
64339  43.029  -29.511  54.742 0.0000000000
60801  37.994  -32.648  57.193 0.0000000000
60814  39.364  -31.975  57.082 0.0000000000
61975  39.982  -31.625  57.123 0.0000000000
63136  41.984  -30.655  57.256 0.0000000000
63151  41.987  -30.609  56.445 0.0000000000
63166  41.940  -30.529  55.580 0.0000000000
63179  41.903  -30.535  54.660 0.0000000000
63193  41.801  -30.500  53.718 0.0000000000
63206  41.732  -30.373  52.842 0.0000000000
63219  40.905  -30.512  51.649 0.0000000000
62083  39.825  -31.183  51.212 0.0000000000
62125  38.151  -31.876  49.274 0.0000000000
59684  37.200  -33.111  51.347 0.0000000000
59695  37.029  -33.325  50.022 0.0000000000
60961  37.349  -32.542  48.118 0.0000000000
59751  36.167  -33.366  46.893 0.0000000000
56172  40.423  -36.804  48.441 0.0000000000
53909  42.702  -38.700  50.252 0.0000000000
53890  43.045  -39.386  50.913 0.0000000000
54930  34.623  -37.809  56.551 0.0000000000
53792  34.811  -38.417  55.900 0.0000000000
53811  35.453  -39.270  55.000 0.0000000000
53812  34.916  -38.632  54.739 0.0000000000
51338  35.896  -39.706  54.155 0.0000000000
51337  36.401  -40.151  54.511 0.0000000000
50066  37.042  -40.858  53.959 0.0000000000
50092  39.086  -42.185  53.631 0.0000000000
48890  39.658  -42.560  52.891 0.0000000000
53853  35.247  -39.107  51.999 0.0000000000
51370  36.825  -40.303  52.150 0.0000000000
50106  37.708  -41.274  51.532 0.0000000000
51369  37.415  -40.812  52.078 0.0000000000
47666  40.171  -43.106  52.744 0.0000000000
46409  41.184  -44.182  52.384 0.0000000000
46418  41.779  -45.204  52.338 0.0000000000
45238  41.858  -45.796  51.836 0.0000000000
45239  41.235  -45.794  51.296 0.0000000000
44072  42.279  -46.565  51.476 0.0000000000
42805  42.550  -47.094  50.876 0.0000000000
44132  40.934  -46.709  49.089 0.0000000000
51422  34.760  -40.518  48.109 0.0000000000
47737  35.739  -43.544  48.537 0.0000000000
48962  36.221  -42.638  48.451 0.0000000000
47736  36.698  -43.574  48.735 0.0000000000
46439  37.458  -44.720  49.354 0.0000000000
42810  37.588  -47.758  50.579 0.0000000000
44092  37.072  -47.038  50.020 0.0000000000
41515  39.121  -49.120  51.067 0.0000000000
42833  38.165  -47.311  50.240 0.0000000000
44112  37.750  -46.753  49.806 0.0000000000
42832  38.427  -47.057  50.193 0.0000000000
45261  39.047  -45.582  49.752 0.0000000000
44110  39.423  -46.134  50.151 0.0000000000
41567  40.942  -48.726  49.916 0.0000000000
41538  41.284  -48.049  50.270 0.0000000000
76298  53.921  -18.145  45.033 0.0000000000
76314  52.728  -17.966  44.098 0.0000000000
39093  39.079  -50.270  52.124 0.0000000000
40211  15.597  -47.188  61.035 0.0000000000
40213  15.157  -48.342  62.263 0.0000000000
40221  16.989  -46.857  60.091 0.0000000000
40223  15.656  -47.820  60.929 0.0000000000
40232  16.609  -47.564  60.240 0.0000000000
40233  16.196  -47.985  60.349 0.0000000000
40235  14.786  -48.585  60.962 0.0000000000
40306  38.459  -49.463  51.712 0.0000000000
41387  12.619  -47.788  64.296 0.0000000000
41396  12.677  -47.736  63.903 0.0000000000
41406  12.712  -47.644  62.448 0.0000000000
41412  15.654  -46.899  61.134 0.0000000000
41415  13.273  -47.596  62.065 0.0000000000
41421  17.569  -47.134  60.488 0.0000000000
41433  18.532  -47.244  60.219 0.0000000000
41436  16.180  -48.231  60.116 0.0000000000
41446  18.976  -47.220  59.845 0.0000000000
41470  17.458  -48.209  57.783 0.0000000000
41516  38.589  -49.024  51.267 0.0000000000
41541  38.693  -48.546  50.828 0.0000000000
42578  12.328  -47.781  65.704 0.0000000000
42594  20.540  -46.149  63.823 0.0000000000
42612  22.271  -46.126  63.365 0.0000000000
42618  12.696  -47.713  63.587 0.0000000000
42632  21.698  -46.430  63.059 0.0000000000
42634  20.982  -46.403  63.273 0.0000000000
42635  15.438  -47.265  62.283 0.0000000000
42637  14.806  -46.949  63.194 0.0000000000
42639  12.483  -47.655  63.056 0.0000000000
42652  15.695  -46.717  61.769 0.0000000000
42654  13.714  -47.885  61.586 0.0000000000
42655  13.370  -47.649  61.562 0.0000000000
42671  16.211  -46.284  61.794 0.0000000000
42672  16.019  -46.295  62.010 0.0000000000
42688  18.942  -46.833  60.548 0.0000000000
42689  17.449  -47.753  59.790 0.0000000000
42701  19.287  -47.005  59.735 0.0000000000
42703  17.499  -47.906  59.614 0.0000000000
42704  17.315  -48.040  59.635 0.0000000000
42715  19.531  -46.782  58.251 0.0000000000
42716  19.388  -47.071  58.395 0.0000000000
42728  17.079  -47.934  57.380 0.0000000000
42785  42.566  -47.039  51.115 0.0000000000
42787  41.546  -47.203  51.265 0.0000000000
42789  36.115  -47.942  51.474 0.0000000000
42813  34.037  -46.830  50.668 0.0000000000
43927  15.745  -45.515  63.658 0.0000000000
43929  14.866  -46.644  63.124 0.0000000000
43941  17.553  -45.922  62.272 0.0000000000
43943  16.080  -45.917  62.334 0.0000000000
43954  16.905  -46.096  61.811 0.0000000000
43955  16.353  -46.069  62.022 0.0000000000
43956  16.133  -46.111  62.126 0.0000000000
43959  31.106  -44.004  59.942 0.0000000000
43970  19.187  -46.678  60.749 0.0000000000
43978  25.648  -45.472  59.777 0.0000000000
43983  19.544  -46.810  58.726 0.0000000000
43989  27.122  -45.686  59.232 0.0000000000
43998  31.059  -44.891  57.296 0.0000000000
43999  30.735  -45.070  57.262 0.0000000000
44000  30.303  -45.257  57.225 0.0000000000
44010  30.569  -45.005  56.994 0.0000000000
44011  29.944  -45.082  56.976 0.0000000000
44012  20.140  -45.627  57.256 0.0000000000
44033  19.128  -45.270  54.560 0.0000000000
44086  43.394  -46.075  51.015 0.0000000000
44088  42.455  -47.053  50.693 0.0000000000
44095  34.446  -46.678  50.543 0.0000000000
44097  33.368  -46.799  50.284 0.0000000000
44116  33.517  -46.234  50.017 0.0000000000
45097  19.912  -46.152  63.514 0.0000000000
45099  17.605  -45.660  63.067 0.0000000000
45101  16.106  -45.653  62.785 0.0000000000
45120  34.169  -43.740  60.917 0.0000000000
45124  22.535  -45.689  61.416 0.0000000000
45129  34.479  -44.227  60.293 0.0000000000
45132  31.350  -43.862  59.860 0.0000000000
45139  22.750  -45.604  61.204 0.0000000000
45143  34.563  -44.051  59.973 0.0000000000
45150  27.530  -45.565  59.329 0.0000000000
45153  25.327  -45.252  59.937 0.0000000000
45161  33.712  -44.065  59.508 0.0000000000
45184  20.195  -45.736  57.783 0.0000000000
45196  19.267  -45.655  56.229 0.0000000000
45209  26.756  -44.829  54.476 0.0000000000
45216  27.153  -44.853  54.337 0.0000000000
45237  42.452  -45.774  51.810 0.0000000000
45242  17.684  -45.052  51.377 0.0000000000
45248  43.286  -45.707  50.883 0.0000000000
45252  33.778  -46.166  50.026 0.0000000000
45278  32.507  -45.155  48.703 0.0000000000
45280  31.157  -45.240  48.311 0.0000000000
45297  29.093  -45.732  47.341 0.0000000000
46252  34.705  -43.453  61.727 0.0000000000
46253  34.432  -43.455  61.568 0.0000000000
46254  33.166  -42.894  61.268 0.0000000000
46269  33.972  -43.538  61.119 0.0000000000
46270  33.187  -42.988  60.934 0.0000000000
46287  24.932  -45.021  60.123 0.0000000000
46301  25.275  -44.730  59.199 0.0000000000
46335  27.831  -44.462  57.828 0.0000000000
46336  27.388  -44.567  57.591 0.0000000000
46339  22.570  -44.005  57.615 0.0000000000
46357  21.888  -43.882  56.566 0.0000000000
46369  27.475  -44.724  55.242 0.0000000000
46370  25.893  -44.582  55.094 0.0000000000
46379  42.894  -43.498  53.611 0.0000000000
46380  42.765  -43.450  53.797 0.0000000000
46392  42.517  -43.816  53.436 0.0000000000
46410  29.186  -43.848  52.272 0.0000000000
46411  28.473  -43.660  52.569 0.0000000000
46420  29.120  -43.826  51.912 0.0000000000
46430  18.756  -44.002  50.750 0.0000000000
46442  34.575  -44.666  49.277 0.0000000000
46454  35.040  -44.406  49.003 0.0000000000
46455  33.322  -44.277  48.188 0.0000000000
46456  32.598  -44.531  48.286 0.0000000000
46457  31.640  -44.532  48.123 0.0000000000
46458  30.953  -44.773  47.854 0.0000000000
47485  33.019  -42.678  61.184 0.0000000000
47505  35.781  -42.918  61.730 0.0000000000
47508  33.749  -43.272  61.555 0.0000000000
47532  34.877  -43.349  60.436 0.0000000000
47535  29.543  -43.096  60.789 0.0000000000
47555  34.677  -43.626  59.979 0.0000000000
47557  33.632  -42.998  59.550 0.0000000000
47602  21.927  -43.850  57.039 0.0000000000
47615  23.133  -43.644  55.210 0.0000000000
47627  41.855  -43.268  54.025 0.0000000000
47642  43.027  -43.236  53.626 0.0000000000
47643  42.096  -43.555  53.700 0.0000000000
47644  41.627  -43.607  53.598 0.0000000000
47664  41.321  -43.735  53.299 0.0000000000
47699  43.386  -43.035  51.260 0.0000000000
47725  22.870  -41.722  50.329 0.0000000000
47740  32.298  -44.064  48.003 0.0000000000
47751  33.510  -43.775  47.829 0.0000000000
47752  32.677  -43.706  47.598 0.0000000000
47797  25.476  -43.470  45.653 0.0000000000
48694  35.795  -41.004  63.355 0.0000000000
48766  29.749  -42.152  61.613 0.0000000000
48780  30.702  -42.678  60.432 0.0000000000
48781  30.410  -42.444  60.769 0.0000000000
48812  32.833  -43.047  58.734 0.0000000000
48838  32.097  -42.622  56.318 0.0000000000
48847  40.354  -42.120  55.271 0.0000000000
48850  38.102  -41.395  55.002 0.0000000000
48852  31.508  -42.584  55.319 0.0000000000
48860  42.688  -42.699  54.493 0.0000000000
48876  39.451  -42.405  54.124 0.0000000000
48889  40.249  -42.989  53.007 0.0000000000
48892  30.016  -42.007  53.207 0.0000000000
48939  42.683  -42.703  50.298 0.0000000000
48948  22.607  -41.708  49.630 0.0000000000
48949  21.489  -41.769  49.644 0.0000000000
48963  35.269  -42.782  48.312 0.0000000000
48969  23.941  -41.830  49.325 0.0000000000
48970  23.352  -41.833  49.098 0.0000000000
48987  32.927  -42.954  47.064 0.0000000000
48988  22.226  -42.224  47.134 0.0000000000
49008  25.744  -41.947  45.827 0.0000000000
49022  29.685  -42.124  45.763 0.0000000000
49914  38.064  -40.520  62.129 0.0000000000
49992  31.732  -41.521  58.125 0.0000000000
50032  31.959  -42.250  56.255 0.0000000000
50043  42.029  -41.713  55.342 0.0000000000
50044  41.207  -41.556  55.132 0.0000000000
50059  43.062  -42.368  54.347 0.0000000000
50063  39.421  -41.012  54.697 0.0000000000
50064  38.460  -42.015  54.767 0.0000000000
50067  31.358  -42.051  54.966 0.0000000000
50079  37.843  -41.256  53.583 0.0000000000
50094  37.888  -41.270  52.492 0.0000000000
50120  36.911  -40.954  50.466 0.0000000000
50123  27.635  -42.078  50.109 0.0000000000
50135  36.898  -41.178  49.973 0.0000000000
50142  21.373  -41.589  49.071 0.0000000000
50188  33.177  -41.070  46.998 0.0000000000
50215  29.779  -41.291  46.058 0.0000000000
50216  27.964  -40.453  46.276 0.0000000000
50235  26.741  -41.568  45.715 0.0000000000
51148  37.844  -39.719  62.588 0.0000000000
51198  38.258  -40.089  61.917 0.0000000000
51199  38.025  -40.235  61.716 0.0000000000
51313  38.414  -40.881  54.792 0.0000000000
51335  38.714  -40.228  54.156 0.0000000000
51353  40.759  -39.572  53.854 0.0000000000
51382  29.957  -40.762  51.275 0.0000000000
51390  36.895  -40.795  50.810 0.0000000000
51425  27.743  -40.760  48.371 0.0000000000
51466  32.272  -40.882  46.602 0.0000000000
51471  28.000  -40.465  45.981 0.0000000000
51487  29.180  -40.647  45.970 0.0000000000
51489  27.860  -40.899  45.710 0.0000000000
52376  36.696  -39.643  63.453 0.0000000000
52432  38.478  -39.563  61.981 0.0000000000
52477  35.287  -39.608  60.580 0.0000000000
52535  31.743  -39.402  58.158 0.0000000000
52579  41.628  -39.649  54.169 0.0000000000
52602  42.641  -39.719  53.658 0.0000000000
52604  41.138  -39.121  53.772 0.0000000000
52606  39.407  -39.284  53.575 0.0000000000
52608  35.496  -39.396  53.645 0.0000000000
52627  34.892  -39.207  53.144 0.0000000000
52637  43.461  -39.897  51.319 0.0000000000
52640  35.700  -39.443  51.888 0.0000000000
52653  36.342  -39.927  50.682 0.0000000000
52688  35.622  -39.824  48.870 0.0000000000
52695  28.675  -40.118  48.059 0.0000000000
52739  29.717  -39.610  46.894 0.0000000000
53668  39.168  -38.112  62.031 0.0000000000
53676  39.544  -37.329  61.806 0.0000000000
53677  39.283  -37.729  61.769 0.0000000000
53706  38.213  -37.894  59.946 0.0000000000
53728  32.537  -38.437  58.709 0.0000000000
53753  31.881  -38.588  57.561 0.0000000000
53808  42.014  -39.334  54.122 0.0000000000
53827  42.518  -38.909  53.725 0.0000000000
53829  40.912  -38.561  53.447 0.0000000000
53832  38.770  -38.195  53.628 0.0000000000
53851  42.254  -38.534  53.130 0.0000000000
53913  33.668  -38.006  49.293 0.0000000000
53929  33.384  -38.299  48.329 0.0000000000
53931  31.505  -38.813  48.657 0.0000000000
54852  39.731  -37.109  61.368 0.0000000000
54858  39.328  -37.385  61.184 0.0000000000
54911  32.454  -37.876  57.662 0.0000000000
54929  35.237  -38.060  56.627 0.0000000000
54984  34.133  -37.891  53.558 0.0000000000
55036  32.662  -37.722  49.635 0.0000000000
55056  32.610  -37.703  48.990 0.0000000000
55068  33.135  -37.734  48.847 0.0000000000
56021  40.027  -36.630  61.616 0.0000000000
56143  36.979  -36.501  50.407 0.0000000000
57147  37.860  -35.036  58.176 0.0000000000
58367  36.591  -34.743  55.092 0.0000000000
60941  38.228  -31.940  49.553 0.0000000000
60962  36.786  -32.903  47.993 0.0000000000
61004  36.868  -32.033  46.588 0.0000000000
64298  43.453  -28.604  55.941 0.0000000000
64446  38.159  -29.789  46.333 0.0000000000
66847  41.233  -27.578  46.689 0.0000000000
66848  40.670  -27.768  46.416 0.0000000000
66894  41.159  -27.134  41.235 0.0000000000
67914  40.975  -26.644  41.929 0.0000000000
70092  46.143  -24.701  39.792 0.0000000000
71156  43.844  -24.020  42.190 0.0000000000
72217  54.029  -21.439  46.940 0.0000000000
72259  51.544  -21.902  45.030 0.0000000000
73256  53.912  -20.802  48.319 0.0000000000
73312  54.884  -20.573  44.253 0.0000000000
74239  53.339  -20.639  49.768 0.0000000000
74282  54.097  -20.647  48.171 0.0000000000
75267  54.290  -19.691  48.687 0.0000000000
140600  22.145  -45.151  64.044 0.0000000000
140608  30.608  -43.413  59.992 0.0000000000
140609  28.831  -44.500  59.870 0.0000000000
140610  30.396  -42.911  60.364 0.0000000000
