#!ascii label  , from subject 3134 vox2ras=TkReg
908
120681  42.559  26.424  38.043 0.0000000000
123330  45.367  30.156  41.311 0.0000000000
117166  49.961  21.732  36.007 0.0000000000
117906  39.544  22.748  35.802 0.0000000000
117200  42.949  21.023  34.086 0.0000000000
122797  46.834  29.767  34.766 0.0000000000
123345  40.383  30.557  40.361 0.0000000000
125197  43.089  33.142  35.882 0.0000000000
114760  48.085  18.050  33.197 0.0000000000
115692  49.875  20.223  30.008 0.0000000000
121339  48.130  28.010  39.704 0.0000000000
118548  47.248  23.488  39.390 0.0000000000
118505  48.190  23.902  42.738 0.0000000000
115584  45.427  19.941  38.939 0.0000000000
124142  44.222  32.125  29.317 0.0000000000
124052  48.799  31.412  35.075 0.0000000000
116495  46.169  20.554  32.584 0.0000000000
119328  41.742  24.798  36.763 0.0000000000
117175  41.253  21.882  35.941 0.0000000000
117891  42.764  23.366  36.431 0.0000000000
122772  44.504  29.441  37.164 0.0000000000
121383  41.492  27.527  36.756 0.0000000000
123998  39.419  31.047  38.297 0.0000000000
112216  49.195  15.293  34.283 0.0000000000
113152  51.099  16.795  31.618 0.0000000000
112234  51.699  15.588  32.364 0.0000000000
123522  45.585  30.178  25.553 0.0000000000
122712  47.928  29.273  40.707 0.0000000000
119931  48.724  26.185  42.409 0.0000000000
120622  46.925  26.427  43.019 0.0000000000
116396  42.289  20.646  41.544 0.0000000000
117112  44.421  21.357  41.444 0.0000000000
115571  43.425  19.174  39.775 0.0000000000
114740  44.452  18.475  36.362 0.0000000000
124586  44.590  32.310  38.843 0.0000000000
124636  45.727  31.813  35.153 0.0000000000
124593  47.511  32.268  38.294 0.0000000000
123386  49.063  30.625  37.431 0.0000000000
118562  49.690  23.188  38.284 0.0000000000
117899  46.938  22.843  35.305 0.0000000000
117916  48.059  22.909  33.904 0.0000000000
115657  40.861  18.836  32.644 0.0000000000
114783  42.782  18.274  32.252 0.0000000000
122124  49.359  29.325  31.469 0.0000000000
122139  45.235  29.327  31.204 0.0000000000
123342  43.365  30.483  40.503 0.0000000000
121316  43.840  26.988  42.147 0.0000000000
125238  38.772  33.959  32.963 0.0000000000
124692  40.654  32.278  32.372 0.0000000000
123996  41.804  30.921  38.663 0.0000000000
116480  48.538  20.009  33.863 0.0000000000
117896  50.261  21.626  33.145 0.0000000000
115671  50.712  19.960  31.888 0.0000000000
115707  51.642  19.508  29.616 0.0000000000
121359  45.262  27.352  39.242 0.0000000000
119967  44.624  24.863  39.519 0.0000000000
119946  46.925  25.642  41.230 0.0000000000
119277  48.375  24.009  41.192 0.0000000000
117123  49.621  22.286  39.963 0.0000000000
119255  45.357  24.443  42.455 0.0000000000
117126  47.177  21.181  40.962 0.0000000000
116447  47.672  20.451  37.619 0.0000000000
115610  46.661  19.596  35.471 0.0000000000
113123  46.466  16.828  34.207 0.0000000000
124749  44.065  32.885  26.104 0.0000000000
123494  45.914  30.970  28.471 0.0000000000
124103  46.699  31.573  32.293 0.0000000000
124115  49.363  30.679  31.791 0.0000000000
122783  50.253  30.292  34.789 0.0000000000
122756  47.326  29.378  37.667 0.0000000000
118600  44.706  23.258  36.384 0.0000000000
116482  44.330  20.549  33.495 0.0000000000
114811  44.136  18.185  31.427 0.0000000000
116518  48.469  20.356  31.294 0.0000000000
119996  42.364  25.697  37.592 0.0000000000
119327  42.530  25.078  36.933 0.0000000000
119320  42.968  25.092  37.479 0.0000000000
121372  43.774  27.717  37.988 0.0000000000
122095  43.299  28.760  36.887 0.0000000000
121374  42.353  27.299  37.572 0.0000000000
120691  41.155  26.499  36.918 0.0000000000
111343  50.550  15.075  35.253 0.0000000000
112225  51.033  15.456  33.173 0.0000000000
112213  52.445  15.102  34.420 0.0000000000
115712  40.932  19.108  29.445 0.0000000000
122713  46.771  29.554  40.460 0.0000000000
122019  46.959  27.998  41.876 0.0000000000
122695  45.598  28.758  41.973 0.0000000000
115542  41.740  19.822  41.148 0.0000000000
115541  42.802  19.908  41.247 0.0000000000
123956  45.261  31.481  40.368 0.0000000000
124584  45.792  32.257  39.027 0.0000000000
123955  46.147  31.263  40.157 0.0000000000
123972  47.410  31.149  39.308 0.0000000000
117161  50.124  22.392  37.558 0.0000000000
118585  48.922  22.527  36.889 0.0000000000
117165  49.871  22.157  36.527 0.0000000000
117177  39.253  21.722  35.689 0.0000000000
116457  39.909  20.866  35.615 0.0000000000
117187  41.662  21.366  35.054 0.0000000000
116467  41.308  20.435  34.876 0.0000000000
116485  41.620  19.827  34.242 0.0000000000
115656  41.495  18.876  32.758 0.0000000000
115634  43.038  19.433  33.344 0.0000000000
122814  48.188  29.487  32.621 0.0000000000
122126  47.268  29.014  31.951 0.0000000000
122816  45.975  29.843  32.908 0.0000000000
119334  39.865  24.762  36.162 0.0000000000
118605  38.786  23.629  35.772 0.0000000000
123344  41.306  30.689  40.735 0.0000000000
122033  42.206  28.493  40.992 0.0000000000
122038  41.270  28.676  40.983 0.0000000000
123961  39.727  31.077  39.961 0.0000000000
123392  40.643  30.643  37.767 0.0000000000
123978  41.272  31.051  39.596 0.0000000000
123977  42.331  31.394  39.463 0.0000000000
141712  48.858  19.219  33.534 0.0000000000
115651  49.659  19.839  32.954 0.0000000000
114780  49.389  18.774  31.916 0.0000000000
113161  52.239  16.714  30.680 0.0000000000
114804  51.776  18.277  30.836 0.0000000000
114042  52.731  17.688  29.265 0.0000000000
122046  46.925  28.226  39.717 0.0000000000
120652  46.025  26.785  40.028 0.0000000000
120641  47.200  26.910  40.842 0.0000000000
119252  48.517  24.930  43.138 0.0000000000
119264  48.420  24.750  41.651 0.0000000000
118504  48.626  24.267  42.383 0.0000000000
117830  49.590  23.098  41.049 0.0000000000
117832  48.263  22.702  41.956 0.0000000000
119936  43.549  25.392  42.108 0.0000000000
119935  44.748  25.386  42.424 0.0000000000
119256  44.079  24.313  42.211 0.0000000000
116425  45.037  20.413  40.385 0.0000000000
117111  45.558  21.539  41.499 0.0000000000
116407  46.293  20.511  40.247 0.0000000000
116422  47.886  20.883  39.673 0.0000000000
116448  46.839  20.287  38.159 0.0000000000
115609  46.939  20.120  36.195 0.0000000000
115603  45.977  19.614  36.630 0.0000000000
113117  44.716  16.762  35.474 0.0000000000
113987  45.721  17.456  34.604 0.0000000000
124155  44.162  31.938  28.193 0.0000000000
124165  44.807  31.440  27.655 0.0000000000
124141  45.150  31.410  29.401 0.0000000000
124686  41.998  32.162  34.105 0.0000000000
124095  42.399  31.613  33.225 0.0000000000
124685  43.009  32.095  33.957 0.0000000000
124662  47.140  32.016  34.849 0.0000000000
124079  46.186  31.758  34.036 0.0000000000
124089  47.955  31.200  33.491 0.0000000000
124116  48.314  30.737  31.796 0.0000000000
124100  49.516  31.220  32.581 0.0000000000
123457  50.565  30.296  32.702 0.0000000000
124074  50.341  31.134  34.900 0.0000000000
122736  48.233  29.504  39.077 0.0000000000
122755  48.346  29.807  37.686 0.0000000000
122062  47.353  29.010  39.118 0.0000000000
122081  45.978  28.922  38.025 0.0000000000
118550  45.425  24.043  39.223 0.0000000000
141724  44.738  23.583  37.708 0.0000000000
118589  45.456  23.173  37.426 0.0000000000
117930  46.296  22.240  33.849 0.0000000000
117931  45.344  22.112  34.023 0.0000000000
116481  45.203  20.665  33.259 0.0000000000
115653  44.721  19.338  32.651 0.0000000000
115675  45.652  19.242  31.779 0.0000000000
117217  50.314  21.376  31.991 0.0000000000
141715  49.497  21.326  32.033 0.0000000000
116517  49.178  20.439  30.966 0.0000000000
118593  40.589  23.886  36.362 0.0000000000
117176  40.240  21.820  35.872 0.0000000000
117904  41.622  22.865  36.148 0.0000000000
117174  42.163  22.079  35.573 0.0000000000
117921  43.083  22.310  35.228 0.0000000000
122788  45.628  29.514  35.955 0.0000000000
120007  40.495  25.559  36.287 0.0000000000
113132  48.092  16.637  33.023 0.0000000000
114001  50.053  17.697  32.176 0.0000000000
112236  50.521  15.997  32.920 0.0000000000
113142  51.368  16.000  32.561 0.0000000000
122036  48.261  28.556  40.532 0.0000000000
121321  48.133  27.691  41.326 0.0000000000
121311  48.169  27.978  41.858 0.0000000000
120609  48.190  26.818  43.102 0.0000000000
119933  47.216  25.361  43.136 0.0000000000
117825  42.658  22.047  41.586 0.0000000000
117823  43.789  22.535  42.078 0.0000000000
116388  43.193  21.102  42.158 0.0000000000
115553  44.227  19.881  40.688 0.0000000000
115585  44.148  19.276  38.535 0.0000000000
115604  44.970  19.121  36.825 0.0000000000
114725  43.777  19.110  37.512 0.0000000000
113971  44.000  17.928  36.322 0.0000000000
113108  43.706  16.590  36.022 0.0000000000
124143  43.077  32.025  29.361 0.0000000000
124605  43.817  32.473  37.111 0.0000000000
124637  44.245  32.564  35.617 0.0000000000
124604  44.696  32.641  37.289 0.0000000000
124616  46.659  32.489  36.189 0.0000000000
124615  47.997  32.304  36.558 0.0000000000
124613  49.275  31.724  36.555 0.0000000000
124591  48.321  31.752  37.932 0.0000000000
123354  48.256  29.849  39.531 0.0000000000
118564  47.536  23.259  38.389 0.0000000000
118581  46.670  23.302  37.472 0.0000000000
118580  47.972  23.244  37.438 0.0000000000
117172  47.450  22.738  35.238 0.0000000000
117939  47.826  22.040  33.270 0.0000000000
115723  50.336  20.070  28.506 0.0000000000
115709  49.266  19.820  29.426 0.0000000000
114764  39.726  18.540  33.171 0.0000000000
116468  40.364  20.296  34.888 0.0000000000
115618  40.370  19.779  34.346 0.0000000000
114786  40.254  18.419  32.447 0.0000000000
114815  40.465  18.234  31.388 0.0000000000
114814  41.407  17.913  31.253 0.0000000000
114032  41.815  17.841  30.563 0.0000000000
122162  47.880  28.661  29.514 0.0000000000
122151  45.468  28.860  30.305 0.0000000000
123341  44.162  30.311  40.797 0.0000000000
122030  44.441  28.513  41.939 0.0000000000
122031  43.769  28.473  41.540 0.0000000000
120634  42.961  26.998  41.479 0.0000000000
119948  42.672  25.298  41.703 0.0000000000
118523  41.538  23.436  41.363 0.0000000000
117838  41.029  22.530  41.464 0.0000000000
124693  39.637  32.577  32.885 0.0000000000
124687  40.772  32.410  33.770 0.0000000000
124056  41.575  32.935  35.627 0.0000000000
123413  42.713  32.416  36.586 0.0000000000
123994  43.281  32.219  37.761 0.0000000000
123957  44.198  31.169  40.329 0.0000000000
116450  49.055  20.805  35.168 0.0000000000
117171  50.027  21.606  34.512 0.0000000000
116494  50.353  20.940  33.588 0.0000000000
115650  50.358  20.587  32.806 0.0000000000
115691  50.640  20.123  31.048 0.0000000000
114806  50.783  18.782  31.478 0.0000000000
115690  51.327  19.540  30.629 0.0000000000
116522  51.277  20.476  29.625 0.0000000000
121360  44.177  27.328  38.657 0.0000000000
119984  43.588  25.772  38.676 0.0000000000
120654  44.558  25.601  39.603 0.0000000000
119957  45.676  25.404  40.448 0.0000000000
118533  46.353  24.222  40.040 0.0000000000
119945  47.836  25.681  41.428 0.0000000000
119278  47.741  24.336  40.876 0.0000000000
118531  48.304  23.535  40.503 0.0000000000
118530  49.589  23.228  40.145 0.0000000000
117861  50.368  22.837  38.923 0.0000000000
117152  49.921  21.611  38.376 0.0000000000
120623  45.381  26.423  42.538 0.0000000000
119934  46.018  25.414  42.764 0.0000000000
118506  47.151  23.562  42.461 0.0000000000
117822  44.585  22.727  41.970 0.0000000000
117834  46.025  22.164  42.022 0.0000000000
117833  47.113  22.685  41.853 0.0000000000
117125  48.050  21.558  40.552 0.0000000000
116421  49.089  20.922  39.309 0.0000000000
116446  48.914  20.896  36.888 0.0000000000
116451  47.795  20.644  36.386 0.0000000000
116455  47.084  19.964  34.879 0.0000000000
115616  47.327  18.576  34.214 0.0000000000
114739  45.357  18.738  36.104 0.0000000000
114753  46.177  18.084  34.735 0.0000000000
113992  47.427  17.421  33.808 0.0000000000
112228  47.733  16.062  33.606 0.0000000000
124183  44.965  31.444  25.930 0.0000000000
141813  46.255  30.087  26.905 0.0000000000
122837  48.351  29.686  28.602 0.0000000000
124683  44.752  31.873  33.608 0.0000000000
124130  45.504  31.301  30.308 0.0000000000
124129  46.480  31.204  30.241 0.0000000000
123472  48.293  30.462  30.014 0.0000000000
123481  49.450  29.627  29.484 0.0000000000
122821  49.897  29.718  31.458 0.0000000000
122803  50.156  29.632  33.202 0.0000000000
122795  48.932  29.718  34.382 0.0000000000
123408  49.452  30.614  36.700 0.0000000000
122768  48.591  29.583  36.404 0.0000000000
122786  47.790  29.413  35.601 0.0000000000
123410  46.258  29.678  37.263 0.0000000000
122082  45.436  28.719  38.053 0.0000000000
119318  44.066  24.894  38.090 0.0000000000
117902  43.798  22.883  35.992 0.0000000000
117185  43.447  21.792  34.424 0.0000000000
117900  45.787  23.007  35.324 0.0000000000
117184  44.401  21.954  34.215 0.0000000000
116483  43.454  20.327  33.679 0.0000000000
115654  43.602  18.844  32.472 0.0000000000
114812  43.329  18.103  31.677 0.0000000000
117897  49.733  22.462  33.883 0.0000000000
116507  48.186  20.824  32.336 0.0000000000
115674  46.910  19.534  31.625 0.0000000000
114852  47.708  19.231  29.816 0.0000000000
115695  46.341  19.088  31.275 0.0000000000
111349  52.061  14.638  33.530 0.0000000000
111363  51.295  15.155  31.867 0.0000000000
119995  42.938  25.570  38.290 0.0000000000
121373  43.209  27.219  38.112 0.0000000000
122085  42.778  27.728  37.665 0.0000000000
120682  41.903  26.546  37.374 0.0000000000
112204  51.260  15.229  35.018 0.0000000000
122714  45.999  29.985  40.840 0.0000000000
122703  46.124  29.046  41.431 0.0000000000
123948  44.928  31.020  41.157 0.0000000000
123340  45.680  30.778  40.766 0.0000000000
123339  46.330  30.383  40.265 0.0000000000
117162  49.959  22.005  37.172 0.0000000000
117886  49.696  22.270  36.793 0.0000000000
117186  42.519  21.620  34.690 0.0000000000
116466  42.078  20.785  34.402 0.0000000000
116484  42.494  20.149  33.828 0.0000000000
122806  46.930  29.835  33.749 0.0000000000
122815  47.072  29.580  32.803 0.0000000000
118604  39.816  23.754  36.217 0.0000000000
117907  38.526  22.621  35.724 0.0000000000
122718  41.908  29.607  40.821 0.0000000000
122719  40.831  29.741  40.858 0.0000000000
123979  40.204  31.153  39.332 0.0000000000
123960  40.799  31.020  40.119 0.0000000000
123959  41.763  31.390  40.401 0.0000000000
115629  47.954  18.796  33.789 0.0000000000
114759  48.920  18.481  33.101 0.0000000000
114029  52.450  17.568  30.089 0.0000000000
122045  47.475  28.390  39.531 0.0000000000
121341  46.371  27.592  40.037 0.0000000000
121340  47.625  27.865  39.961 0.0000000000
117819  48.527  23.348  42.201 0.0000000000
117820  47.866  23.116  42.435 0.0000000000
119947  43.138  24.871  42.024 0.0000000000
119267  43.438  24.667  42.098 0.0000000000
119257  43.611  23.737  42.175 0.0000000000
115569  45.263  19.901  39.644 0.0000000000
117145  45.573  20.570  40.469 0.0000000000
116438  45.728  20.231  39.188 0.0000000000
116437  46.128  20.481  38.825 0.0000000000
115583  45.862  20.232  38.556 0.0000000000
115596  46.075  20.237  37.922 0.0000000000
112210  44.599  16.185  35.585 0.0000000000
124709  43.427  32.263  28.575 0.0000000000
124723  43.493  32.333  27.755 0.0000000000
124154  44.919  31.489  28.501 0.0000000000
124666  42.715  32.548  34.872 0.0000000000
124634  47.817  32.008  35.285 0.0000000000
124078  47.060  31.578  34.303 0.0000000000
123444  48.604  31.867  34.131 0.0000000000
124088  48.835  31.671  33.416 0.0000000000
124076  48.822  32.015  34.189 0.0000000000
123450  49.834  30.797  33.847 0.0000000000
124075  49.606  31.210  34.493 0.0000000000
122044  48.141  28.643  39.646 0.0000000000
122061  47.904  29.333  39.180 0.0000000000
118549  46.089  23.918  39.434 0.0000000000
141725  45.614  23.365  38.067 0.0000000000
118565  46.218  23.388  38.299 0.0000000000
117208  45.980  21.059  32.931 0.0000000000
116496  45.624  20.331  32.780 0.0000000000
115652  45.403  19.630  32.691 0.0000000000
116509  45.879  19.997  32.399 0.0000000000
116516  50.106  20.339  30.780 0.0000000000
116505  49.858  21.060  31.609 0.0000000000
115693  49.334  20.144  30.145 0.0000000000
119329  40.879  24.729  36.457 0.0000000000
117892  40.970  23.320  36.332 0.0000000000
118592  41.522  23.825  36.466 0.0000000000
118591  42.646  23.902  36.857 0.0000000000
118602  42.196  23.370  36.349 0.0000000000
118601  42.520  23.371  36.404 0.0000000000
117903  42.666  22.864  36.124 0.0000000000
122789  44.633  29.637  36.159 0.0000000000
122096  42.433  28.090  37.197 0.0000000000
122104  43.011  28.983  35.667 0.0000000000
120006  41.035  25.583  36.784 0.0000000000
119330  40.375  24.526  36.355 0.0000000000
112227  48.652  16.018  33.493 0.0000000000
113130  49.739  16.591  32.722 0.0000000000
112226  49.914  16.086  33.339 0.0000000000
112224  52.013  15.374  33.269 0.0000000000
113129  51.683  15.533  32.981 0.0000000000
113141  51.665  15.653  32.619 0.0000000000
113151  51.772  16.238  31.715 0.0000000000
124758  44.907  32.248  25.025 0.0000000000
124194  45.395  31.282  24.618 0.0000000000
122711  48.214  29.090  40.324 0.0000000000
122026  48.171  28.333  41.258 0.0000000000
122027  47.817  28.719  41.265 0.0000000000
121313  46.919  27.430  42.432 0.0000000000
121312  47.781  27.762  42.366 0.0000000000
120621  47.808  27.209  43.084 0.0000000000
120611  47.569  26.132  43.372 0.0000000000
117104  42.420  21.801  41.580 0.0000000000
117103  42.824  21.585  42.095 0.0000000000
116389  42.778  20.930  42.101 0.0000000000
115554  43.617  19.800  40.874 0.0000000000
115570  44.690  19.640  40.086 0.0000000000
114742  42.964  18.281  36.569 0.0000000000
113972  43.433  17.516  36.218 0.0000000000
113109  42.798  16.648  36.273 0.0000000000
124596  44.156  32.447  38.110 0.0000000000
124594  46.216  32.254  38.549 0.0000000000
124603  45.820  32.307  37.319 0.0000000000
124602  47.102  32.571  37.443 0.0000000000
124601  48.137  32.260  37.533 0.0000000000
122725  47.165  29.570  40.010 0.0000000000
123355  47.607  30.266  39.664 0.0000000000
123338  47.985  29.755  40.112 0.0000000000
123337  48.165  29.415  40.129 0.0000000000
118563  48.732  23.222  38.319 0.0000000000
118586  48.423  22.908  36.718 0.0000000000
117887  49.261  22.466  36.175 0.0000000000
117898  48.045  22.760  35.025 0.0000000000
117929  47.189  22.366  33.721 0.0000000000
115637  39.354  19.034  33.765 0.0000000000
116456  40.844  21.016  35.517 0.0000000000
116486  40.874  19.824  34.461 0.0000000000
115636  40.635  19.178  33.604 0.0000000000
114784  41.948  18.277  32.198 0.0000000000
114020  41.649  17.859  30.762 0.0000000000
114813  42.389  17.923  31.600 0.0000000000
122135  49.467  28.911  30.482 0.0000000000
122136  48.562  28.896  30.771 0.0000000000
122138  46.368  28.916  31.162 0.0000000000
122716  43.667  29.755  40.977 0.0000000000
122706  43.286  29.146  41.286 0.0000000000
121325  42.643  27.578  41.235 0.0000000000
120635  42.291  26.489  41.387 0.0000000000
119270  41.041  24.358  41.021 0.0000000000
125243  39.161  33.515  31.930 0.0000000000
125237  39.236  33.476  33.277 0.0000000000
124688  39.743  33.078  33.966 0.0000000000
124668  40.462  33.419  34.900 0.0000000000
124667  41.765  33.157  34.982 0.0000000000
123391  41.216  30.574  38.248 0.0000000000
124013  41.538  31.214  37.303 0.0000000000
124031  41.727  32.420  36.303 0.0000000000
124012  42.653  31.854  36.822 0.0000000000
123995  42.570  31.548  38.185 0.0000000000
123958  42.896  31.371  40.276 0.0000000000
141716  50.074  21.068  34.321 0.0000000000
141711  49.571  20.653  33.939 0.0000000000
115672  50.010  19.474  32.091 0.0000000000
116504  50.522  20.804  31.706 0.0000000000
113153  50.570  17.318  31.759 0.0000000000
114016  51.143  17.855  31.500 0.0000000000
115706  51.514  18.869  30.034 0.0000000000
114828  51.502  18.652  30.663 0.0000000000
116514  51.723  20.257  29.974 0.0000000000
116521  51.604  20.114  29.256 0.0000000000
116528  51.260  20.235  28.870 0.0000000000
116527  51.568  20.026  28.718 0.0000000000
122065  44.785  27.783  38.552 0.0000000000
120671  44.781  26.735  39.103 0.0000000000
120642  46.563  26.471  40.686 0.0000000000
120643  45.948  25.927  40.456 0.0000000000
119956  46.350  25.540  40.727 0.0000000000
119279  46.348  24.680  40.567 0.0000000000
119266  46.721  25.197  40.974 0.0000000000
120631  48.349  26.807  41.809 0.0000000000
121322  47.910  27.150  41.427 0.0000000000
118516  49.161  23.316  40.877 0.0000000000
117846  49.540  22.597  40.912 0.0000000000
117845  50.009  22.860  40.326 0.0000000000
117140  50.326  22.270  38.719 0.0000000000
117141  49.986  21.794  39.264 0.0000000000
121323  44.159  27.984  41.734 0.0000000000
122021  45.208  28.393  42.327 0.0000000000
121315  44.534  27.506  42.317 0.0000000000
119254  46.564  24.509  42.596 0.0000000000
118507  45.986  23.727  41.965 0.0000000000
117101  44.274  22.054  41.864 0.0000000000
117127  46.154  20.891  40.850 0.0000000000
117110  46.553  21.764  41.434 0.0000000000
117109  47.572  22.146  41.238 0.0000000000
116436  47.321  20.568  38.703 0.0000000000
116435  48.753  20.758  38.368 0.0000000000
116454  47.507  20.270  35.424 0.0000000000
115617  47.176  19.214  34.537 0.0000000000
113135  45.994  16.979  33.955 0.0000000000
113986  46.335  17.560  34.284 0.0000000000
113985  46.984  17.496  34.231 0.0000000000
113122  47.219  16.797  34.103 0.0000000000
125291  43.752  33.636  26.579 0.0000000000
125799  43.510  34.747  26.428 0.0000000000
125814  43.940  34.501  26.007 0.0000000000
124176  44.345  32.142  26.522 0.0000000000
123514  45.611  30.597  27.090 0.0000000000
141816  46.339  30.374  27.760 0.0000000000
141812  46.656  29.938  27.211 0.0000000000
123493  47.284  30.052  28.196 0.0000000000
124664  44.598  32.131  34.460 0.0000000000
124663  45.402  32.017  33.911 0.0000000000
123453  45.617  31.319  33.035 0.0000000000
124104  45.910  31.588  32.143 0.0000000000
124119  45.651  31.331  31.359 0.0000000000
124118  46.601  31.382  31.315 0.0000000000
124126  48.767  30.252  31.177 0.0000000000
124127  48.264  30.718  30.826 0.0000000000
123471  48.952  30.204  30.207 0.0000000000
123482  49.053  30.331  29.122 0.0000000000
123470  49.273  29.687  30.982 0.0000000000
122826  49.777  29.179  30.059 0.0000000000
123464  50.172  30.273  31.627 0.0000000000
122793  50.338  30.101  33.892 0.0000000000
122802  50.708  29.870  32.974 0.0000000000
122794  49.858  29.920  34.140 0.0000000000
122804  49.106  29.707  33.388 0.0000000000
124010  49.072  31.399  37.379 0.0000000000
124027  49.452  31.312  36.468 0.0000000000
123385  49.378  30.740  37.095 0.0000000000
122769  47.620  29.387  36.685 0.0000000000
122770  46.475  29.668  36.974 0.0000000000
121358  45.827  27.880  39.174 0.0000000000
122064  45.335  28.107  38.608 0.0000000000
119983  44.229  25.372  38.819 0.0000000000
118590  44.048  23.634  36.972 0.0000000000
117920  44.091  22.419  35.003 0.0000000000
118598  46.439  23.190  35.936 0.0000000000
118588  46.254  23.265  36.667 0.0000000000
117198  44.774  21.375  33.667 0.0000000000
117919  45.034  22.695  34.651 0.0000000000
117199  43.821  21.281  33.727 0.0000000000
115633  43.994  19.693  33.190 0.0000000000
115676  44.458  18.804  31.863 0.0000000000
115677  43.910  18.423  31.906 0.0000000000
114030  42.926  17.705  30.232 0.0000000000
114835  43.554  17.828  30.802 0.0000000000
141714  50.335  21.654  33.648 0.0000000000
141722  50.343  21.889  34.050 0.0000000000
141719  50.056  21.657  32.945 0.0000000000
116506  48.999  20.983  31.663 0.0000000000
141713  49.024  21.219  32.168 0.0000000000
115673  47.690  19.812  31.164 0.0000000000
115710  48.135  19.227  29.123 0.0000000000
120005  41.791  25.715  37.051 0.0000000000
118583  42.976  24.675  37.080 0.0000000000
122094  44.034  28.941  37.128 0.0000000000
122773  43.954  29.088  36.838 0.0000000000
122084  43.252  28.070  37.660 0.0000000000
112215  50.520  15.264  34.313 0.0000000000
112214  51.685  15.343  34.256 0.0000000000
122702  47.321  29.111  41.138 0.0000000000
122028  47.091  28.552  41.499 0.0000000000
122029  46.555  28.444  41.716 0.0000000000
122020  46.091  28.281  42.098 0.0000000000
115555  42.345  19.157  40.447 0.0000000000
115586  42.951  19.091  38.800 0.0000000000
123975  44.789  31.930  39.550 0.0000000000
124595  45.129  32.440  38.214 0.0000000000
124585  45.384  32.340  39.003 0.0000000000
123974  45.804  31.885  39.406 0.0000000000
123993  46.419  31.969  39.153 0.0000000000
123992  47.015  31.846  38.938 0.0000000000
123356  46.867  30.815  39.860 0.0000000000
122726  46.818  29.957  39.770 0.0000000000
118578  50.015  23.067  37.797 0.0000000000
118579  49.124  22.942  37.454 0.0000000000
117883  49.720  22.499  37.284 0.0000000000
115635  42.023  19.165  33.633 0.0000000000
115655  42.483  18.834  32.768 0.0000000000
122125  48.389  29.020  31.738 0.0000000000
122127  46.178  29.314  32.025 0.0000000000
122128  45.146  29.238  32.204 0.0000000000
119335  38.982  24.629  35.995 0.0000000000
117178  38.263  21.619  35.626 0.0000000000
123343  42.339  30.826  40.958 0.0000000000
122717  42.874  29.705  40.597 0.0000000000
123393  39.992  30.846  37.612 0.0000000000
123997  40.041  30.957  38.695 0.0000000000
123358  40.868  30.676  39.280 0.0000000000
114015  51.892  17.546  31.010 0.0000000000
114827  51.921  18.314  30.407 0.0000000000
114848  52.000  18.381  29.463 0.0000000000
121342  45.718  27.002  39.810 0.0000000000
121331  46.886  27.148  40.631 0.0000000000
119243  48.643  25.622  42.883 0.0000000000
119251  48.768  25.275  42.428 0.0000000000
118517  48.710  23.502  41.510 0.0000000000
117831  49.017  22.923  41.570 0.0000000000
117847  48.618  22.398  41.128 0.0000000000
120625  43.266  26.450  41.856 0.0000000000
120624  44.177  26.378  42.332 0.0000000000
118508  44.899  23.532  42.200 0.0000000000
117128  45.127  20.995  40.816 0.0000000000
116406  46.992  20.676  40.396 0.0000000000
116423  46.705  20.550  39.616 0.0000000000
115595  46.864  20.317  37.700 0.0000000000
115602  46.782  20.507  37.041 0.0000000000
113980  44.318  17.555  35.849 0.0000000000
114748  44.935  18.157  35.705 0.0000000000
113979  45.158  17.492  35.366 0.0000000000
112220  45.630  16.432  34.840 0.0000000000
125278  43.016  33.509  27.270 0.0000000000
125277  43.555  33.352  26.982 0.0000000000
124166  44.117  31.933  27.324 0.0000000000
123502  45.327  31.164  27.929 0.0000000000
124096  41.544  31.810  33.293 0.0000000000
124109  41.040  31.783  32.974 0.0000000000
124635  46.781  32.116  35.277 0.0000000000
124055  46.370  31.773  34.593 0.0000000000
124090  46.880  31.543  33.282 0.0000000000
124117  47.517  31.222  31.498 0.0000000000
124102  47.659  31.245  32.484 0.0000000000
124101  48.668  31.323  32.538 0.0000000000
123463  50.605  30.392  32.051 0.0000000000
124099  50.137  30.782  32.605 0.0000000000
123449  50.221  30.341  33.654 0.0000000000
123429  50.446  30.666  35.118 0.0000000000
123368  48.533  30.263  38.542 0.0000000000
122737  47.691  29.433  38.585 0.0000000000
122757  46.443  29.201  37.752 0.0000000000
122738  47.021  29.103  38.375 0.0000000000
122063  46.447  28.411  38.759 0.0000000000
119293  44.887  24.481  39.324 0.0000000000
119307  44.615  24.495  38.752 0.0000000000
118566  45.248  23.720  38.462 0.0000000000
117918  46.070  22.543  34.595 0.0000000000
117197  45.689  21.543  33.499 0.0000000000
115632  44.787  19.810  33.314 0.0000000000
114762  45.111  19.548  33.215 0.0000000000
114810  44.947  18.267  31.440 0.0000000000
141718  50.006  21.561  32.228 0.0000000000
118603  40.394  23.467  36.191 0.0000000000
117905  40.563  22.909  36.016 0.0000000000
122807  45.938  29.325  33.953 0.0000000000
122799  44.745  29.684  35.110 0.0000000000
122790  43.840  29.275  36.387 0.0000000000
120692  40.560  26.310  36.491 0.0000000000
119333  40.351  25.026  36.218 0.0000000000
118594  40.142  24.223  36.381 0.0000000000
123999  38.159  31.147  38.709 0.0000000000
123980  39.010  31.225  39.393 0.0000000000
113990  48.457  17.472  32.825 0.0000000000
114002  49.220  17.659  32.473 0.0000000000
113131  49.034  16.696  32.727 0.0000000000
113144  49.624  16.963  32.349 0.0000000000
113143  50.366  16.534  32.389 0.0000000000
112235  50.807  15.932  32.712 0.0000000000
121329  48.321  27.840  40.230 0.0000000000
120620  48.278  27.115  42.431 0.0000000000
122018  47.723  28.265  41.789 0.0000000000
119921  48.384  26.232  43.028 0.0000000000
119932  47.905  25.092  43.313 0.0000000000
119253  47.650  24.532  42.979 0.0000000000
118521  42.806  23.173  41.937 0.0000000000
118510  43.343  23.204  42.122 0.0000000000
117824  42.954  22.414  41.907 0.0000000000
117102  43.596  21.583  41.879 0.0000000000
117113  43.822  21.129  41.522 0.0000000000
115540  43.303  20.023  41.306 0.0000000000
116409  43.833  20.170  41.250 0.0000000000
116408  44.255  20.433  40.927 0.0000000000
115597  45.163  19.574  37.714 0.0000000000
115598  44.389  19.278  37.348 0.0000000000
115605  44.454  18.985  36.822 0.0000000000
114741  43.681  18.352  36.534 0.0000000000
113118  44.115  16.907  35.679 0.0000000000
113107  44.281  16.416  35.758 0.0000000000
125183  43.612  33.133  36.184 0.0000000000
125196  43.571  33.165  35.889 0.0000000000
124618  44.105  32.832  36.452 0.0000000000
124617  45.202  32.545  36.349 0.0000000000
124633  48.982  32.186  35.866 0.0000000000
124614  49.076  32.017  36.843 0.0000000000
124600  48.498  31.794  37.611 0.0000000000
123990  48.301  31.215  37.972 0.0000000000
123991  47.835  31.570  38.646 0.0000000000
123971  48.269  30.770  39.103 0.0000000000
122724  48.251  29.154  39.884 0.0000000000
118587  47.248  23.235  36.440 0.0000000000
118597  46.949  23.069  35.857 0.0000000000
117167  47.493  22.742  35.485 0.0000000000
117917  47.106  22.547  34.416 0.0000000000
117196  46.628  21.765  33.307 0.0000000000
117207  46.885  21.097  32.743 0.0000000000
115708  50.016  20.177  29.502 0.0000000000
114830  49.313  20.000  29.776 0.0000000000
114765  38.971  18.686  33.196 0.0000000000
114787  39.327  18.591  32.444 0.0000000000
114816  39.590  18.596  31.450 0.0000000000
114785  41.077  18.323  32.149 0.0000000000
114859  40.948  18.788  29.847 0.0000000000
122137  47.480  28.987  30.980 0.0000000000
122150  46.651  29.024  30.176 0.0000000000
122817  45.007  29.448  33.104 0.0000000000
123331  44.698  30.297  41.309 0.0000000000
122704  44.945  29.308  41.727 0.0000000000
122715  44.297  29.792  41.314 0.0000000000
122705  44.023  29.212  41.580 0.0000000000
122032  43.026  28.390  41.253 0.0000000000
121324  43.572  27.523  41.607 0.0000000000
119269  42.021  24.325  41.451 0.0000000000
118522  42.343  23.386  41.697 0.0000000000
117837  42.218  22.482  41.544 0.0000000000
117115  41.749  21.560  41.486 0.0000000000
124639  42.634  32.852  35.699 0.0000000000
124014  40.391  31.321  37.133 0.0000000000
124621  42.035  32.678  36.053 0.0000000000
124620  42.635  33.003  36.176 0.0000000000
124011  43.166  32.388  36.778 0.0000000000
123976  43.566  31.939  39.142 0.0000000000
123949  44.532  30.712  40.902 0.0000000000
141717  50.388  21.467  34.066 0.0000000000
116493  50.476  21.155  32.800 0.0000000000
116515  51.066  20.448  30.506 0.0000000000
114779  50.179  18.501  31.763 0.0000000000
114807  50.062  19.189  31.574 0.0000000000
114805  51.423  18.575  31.069 0.0000000000
115670  51.022  19.258  31.189 0.0000000000
116523  50.596  20.482  29.942 0.0000000000
116529  50.752  20.379  29.266 0.0000000000
121361  43.621  26.815  38.699 0.0000000000
120673  43.278  26.325  38.551 0.0000000000
120672  44.112  26.291  39.098 0.0000000000
120653  45.241  26.315  40.014 0.0000000000
119966  45.000  25.206  40.152 0.0000000000
119292  45.371  24.449  39.823 0.0000000000
119291  46.035  24.338  39.956 0.0000000000
118532  46.974  23.920  40.212 0.0000000000
121330  47.496  27.440  40.821 0.0000000000
120632  47.667  26.596  41.350 0.0000000000
120633  47.225  26.111  41.292 0.0000000000
119944  48.560  25.899  41.784 0.0000000000
119265  47.294  24.993  41.297 0.0000000000
118547  48.483  23.253  39.341 0.0000000000
118546  49.443  23.051  39.117 0.0000000000
118529  49.915  23.113  39.506 0.0000000000
118545  50.059  23.056  38.978 0.0000000000
117872  50.340  22.705  38.300 0.0000000000
117151  50.310  22.279  37.953 0.0000000000
117163  49.492  21.442  37.540 0.0000000000
121314  45.829  27.427  42.532 0.0000000000
118509  44.045  23.325  42.197 0.0000000000
117835  45.058  22.069  41.846 0.0000000000
118520  45.484  22.851  41.836 0.0000000000
118519  46.451  22.996  41.930 0.0000000000
118518  46.995  23.065  42.131 0.0000000000
117124  49.011  21.951  40.390 0.0000000000
116405  47.520  21.015  40.447 0.0000000000
117143  48.687  21.342  39.924 0.0000000000
117142  49.380  21.519  39.663 0.0000000000
116434  49.483  20.994  38.737 0.0000000000
117153  49.412  21.222  38.306 0.0000000000
116465  47.754  20.103  34.574 0.0000000000
115630  47.849  19.516  34.209 0.0000000000
114761  47.601  17.989  33.475 0.0000000000
114738  46.083  18.892  35.791 0.0000000000
114747  45.698  18.217  35.341 0.0000000000
114746  46.434  18.705  35.067 0.0000000000
114752  46.809  18.260  34.430 0.0000000000
114751  47.291  18.106  33.947 0.0000000000
113991  47.846  17.386  33.273 0.0000000000
124175  44.681  31.438  26.894 0.0000000000
141814  48.680  29.362  27.636 0.0000000000
124132  43.368  31.497  30.191 0.0000000000
124131  44.444  31.483  30.332 0.0000000000
124665  43.615  32.317  34.735 0.0000000000
124684  43.942  32.053  33.772 0.0000000000
123485  45.931  31.319  29.481 0.0000000000
123484  46.674  31.045  29.438 0.0000000000
124128  47.456  31.032  30.423 0.0000000000
123483  47.733  30.466  29.406 0.0000000000
123492  49.224  29.296  28.141 0.0000000000
122811  50.735  29.956  32.125 0.0000000000
122812  50.236  29.588  32.253 0.0000000000
122813  49.292  29.490  32.423 0.0000000000
122805  48.015  29.653  33.594 0.0000000000
122796  47.887  29.717  34.583 0.0000000000
124051  49.627  31.242  35.484 0.0000000000
123430  49.920  30.633  35.591 0.0000000000
123409  49.004  30.125  36.862 0.0000000000
122767  49.398  29.954  36.071 0.0000000000
122784  49.668  29.927  35.110 0.0000000000
122785  48.780  29.636  35.381 0.0000000000
122787  46.707  29.543  35.800 0.0000000000
122771  45.446  29.824  36.906 0.0000000000
122758  45.591  29.410  37.572 0.0000000000
122759  44.936  29.095  37.686 0.0000000000
122083  44.355  28.400  37.813 0.0000000000
119319  43.390  25.053  37.964 0.0000000000
118582  43.466  24.420  37.514 0.0000000000
118567  44.303  24.032  37.966 0.0000000000
117890  43.181  23.339  36.437 0.0000000000
141723  46.085  23.180  37.739 0.0000000000
118599  45.554  23.332  36.155 0.0000000000
117901  44.787  23.124  35.488 0.0000000000
114018  42.752  17.675  30.962 0.0000000000
141721  49.487  21.505  32.653 0.0000000000
116508  46.614  20.166  32.252 0.0000000000
115694  48.386  19.744  30.303 0.0000000000
114853  46.998  18.810  29.402 0.0000000000
114831  47.408  19.172  30.428 0.0000000000
114808  47.123  19.083  31.108 0.0000000000
111348  52.489  14.877  33.804 0.0000000000
111355  52.109  15.085  32.894 0.0000000000
111356  51.568  14.779  32.623 0.0000000000
111362  51.478  15.332  31.986 0.0000000000
112229  47.473  16.381  33.995 0.0000000000
113116  45.378  16.817  35.008 0.0000000000
113124  45.787  16.774  34.378 0.0000000000
113128  51.853  15.575  33.000 0.0000000000
113133  47.638  16.762  33.640 0.0000000000
113134  46.196  17.138  34.078 0.0000000000
113981  43.838  17.160  35.850 0.0000000000
113993  45.984  17.268  34.077 0.0000000000
113994  45.792  17.108  34.127 0.0000000000
114017  50.606  18.041  31.805 0.0000000000
114019  42.036  17.792  30.922 0.0000000000
114732  43.991  18.907  36.882 0.0000000000
114733  43.266  18.900  36.953 0.0000000000
114763  44.880  19.388  33.127 0.0000000000
114781  45.255  19.585  32.990 0.0000000000
114782  45.112  19.363  32.959 0.0000000000
114829  49.492  20.119  29.886 0.0000000000
114850  49.696  20.144  29.758 0.0000000000
114851  49.501  20.049  29.649 0.0000000000
114867  52.495  18.115  28.906 0.0000000000
115631  45.246  19.932  33.050 0.0000000000
115689  51.459  18.805  30.417 0.0000000000
115696  45.950  18.969  31.061 0.0000000000
115721  51.567  19.625  28.848 0.0000000000
116394  43.929  20.935  41.276 0.0000000000
116395  43.410  20.577  41.528 0.0000000000
116420  49.751  21.157  39.143 0.0000000000
116424  45.668  20.261  39.790 0.0000000000
117114  42.387  21.284  41.758 0.0000000000
117144  45.926  20.505  40.375 0.0000000000
117168  47.157  22.865  35.552 0.0000000000
117173  47.256  22.772  35.350 0.0000000000
117216  50.312  21.411  32.538 0.0000000000
117821  47.304  23.077  42.259 0.0000000000
117836  42.566  22.847  41.776 0.0000000000
117844  50.122  23.002  39.601 0.0000000000
117862  50.093  22.554  39.456 0.0000000000
117882  50.202  22.716  37.817 0.0000000000
117884  49.244  22.441  37.008 0.0000000000
117888  47.912  22.635  35.975 0.0000000000
117889  47.259  22.905  35.767 0.0000000000
117893  40.621  23.373  36.234 0.0000000000
118561  50.216  23.051  38.359 0.0000000000
118577  50.279  22.989  38.080 0.0000000000
119244  48.444  25.605  43.172 0.0000000000
119280  45.521  24.890  40.350 0.0000000000
119306  45.094  24.218  39.118 0.0000000000
119922  47.972  25.707  43.393 0.0000000000
119923  47.418  25.902  43.362 0.0000000000
119937  43.020  25.795  41.954 0.0000000000
119994  43.620  25.343  38.377 0.0000000000
120610  47.878  26.480  43.352 0.0000000000
120626  42.775  26.020  41.777 0.0000000000
122017  48.069  28.368  41.590 0.0000000000
122037  48.127  28.724  40.958 0.0000000000
122149  47.715  28.860  30.113 0.0000000000
122694  45.872  28.663  41.828 0.0000000000
122701  47.757  29.054  41.032 0.0000000000
122707  42.630  29.089  41.057 0.0000000000
122820  50.522  30.103  31.792 0.0000000000
123357  41.118  30.710  39.370 0.0000000000
123369  41.190  30.513  39.043 0.0000000000
123370  40.597  30.636  38.673 0.0000000000
123371  40.105  30.713  38.206 0.0000000000
123387  46.385  29.498  37.348 0.0000000000
123388  46.138  29.546  37.445 0.0000000000
123389  43.000  32.266  36.980 0.0000000000
123390  42.900  32.193  36.725 0.0000000000
123411  46.003  29.816  37.308 0.0000000000
123412  43.041  32.546  36.634 0.0000000000
123441  50.287  30.630  34.673 0.0000000000
123442  50.080  30.789  34.405 0.0000000000
123443  48.673  32.029  34.036 0.0000000000
123451  48.681  32.021  33.917 0.0000000000
123452  48.512  31.389  33.929 0.0000000000
123454  45.418  31.187  32.998 0.0000000000
123458  45.596  31.289  32.694 0.0000000000
123465  45.483  31.208  32.151 0.0000000000
123473  46.454  31.173  29.836 0.0000000000
123474  46.201  31.159  29.865 0.0000000000
123973  46.577  31.455  39.428 0.0000000000
124009  49.459  31.013  37.087 0.0000000000
124028  49.377  31.492  36.991 0.0000000000
124029  42.845  32.686  36.557 0.0000000000
124030  41.881  32.829  36.186 0.0000000000
124050  50.494  30.965  35.227 0.0000000000
124053  48.339  31.438  34.765 0.0000000000
124054  46.600  31.870  34.854 0.0000000000
124077  48.060  31.341  34.422 0.0000000000
124086  50.121  30.718  33.209 0.0000000000
124087  49.503  31.233  33.454 0.0000000000
124091  45.827  31.417  33.177 0.0000000000
124114  50.126  30.755  32.046 0.0000000000
124139  47.052  31.077  29.839 0.0000000000
124140  46.743  31.146  29.830 0.0000000000
124592  48.288  31.985  38.148 0.0000000000
124619  43.317  32.908  36.516 0.0000000000
124632  49.261  31.724  36.263 0.0000000000
124638  43.289  32.700  35.517 0.0000000000
124640  42.088  32.814  35.853 0.0000000000
124661  47.481  31.698  34.753 0.0000000000
124682  45.259  31.575  33.550 0.0000000000
124736  43.831  32.900  27.080 0.0000000000
124737  43.331  32.920  27.558 0.0000000000
125184  43.162  33.229  36.116 0.0000000000
125185  42.867  33.198  35.998 0.0000000000
125195  43.954  33.199  36.020 0.0000000000
125815  43.630  34.278  26.564 0.0000000000
141720  50.340  21.458  32.842 0.0000000000
141810  47.752  28.545  29.295 0.0000000000
