#!ascii label  , from subject 3134 vox2ras=TkReg
235
98762  31.019  1.548  -14.398 0.0000000000
87985  28.884  -8.335  -12.089 0.0000000000
103911  29.594  6.257  -16.519 0.0000000000
114359  29.311  17.650  -15.231 0.0000000000
85785  27.424  -9.873  -11.500 0.0000000000
105908  30.968  9.349  -13.510 0.0000000000
109077  30.754  11.641  -13.529 0.0000000000
95493  29.713  -1.189  -15.798 0.0000000000
92296  30.671  -4.373  -14.572 0.0000000000
95460  31.570  -1.698  -13.754 0.0000000000
100872  32.245  3.613  -12.913 0.0000000000
97657  32.654  0.648  -12.726 0.0000000000
101929  31.058  4.028  -15.513 0.0000000000
103868  31.522  6.486  -13.622 0.0000000000
111825  29.089  14.523  -16.122 0.0000000000
111805  30.403  14.449  -13.399 0.0000000000
90111  30.270  -6.625  -12.066 0.0000000000
108078  30.054  10.767  -14.702 0.0000000000
109090  29.696  11.645  -14.821 0.0000000000
97681  30.297  0.285  -15.537 0.0000000000
95474  30.661  -1.947  -14.929 0.0000000000
96559  31.227  -0.730  -14.208 0.0000000000
86841  27.945  -9.572  -11.794 0.0000000000
102927  30.053  5.421  -16.210 0.0000000000
102912  31.343  5.717  -14.397 0.0000000000
103898  30.684  6.582  -15.266 0.0000000000
108062  31.802  10.246  -12.395 0.0000000000
106975  31.954  9.280  -12.398 0.0000000000
114398  27.382  17.224  -16.570 0.0000000000
112741  27.921  15.470  -17.299 0.0000000000
113622  28.660  16.063  -16.569 0.0000000000
115204  32.912  18.741  -14.260 0.0000000000
141515  33.622  17.821  -13.725 0.0000000000
113567  31.783  16.895  -13.149 0.0000000000
112693  32.734  16.172  -12.991 0.0000000000
111785  31.985  14.526  -12.425 0.0000000000
92281  31.536  -4.497  -13.752 0.0000000000
90136  30.161  -5.859  -13.423 0.0000000000
85771  26.580  -10.739  -11.087 0.0000000000
105939  29.755  7.905  -14.665 0.0000000000
105925  29.688  9.247  -14.556 0.0000000000
108064  30.940  10.741  -13.429 0.0000000000
109986  31.840  12.209  -12.512 0.0000000000
93424  28.698  -3.249  -14.600 0.0000000000
94454  30.325  -2.582  -14.780 0.0000000000
93421  31.216  -3.539  -14.717 0.0000000000
93403  32.197  -3.331  -13.463 0.0000000000
99818  31.361  2.835  -14.192 0.0000000000
97667  31.956  0.627  -13.107 0.0000000000
98750  32.200  1.628  -12.827 0.0000000000
98772  30.126  1.431  -16.338 0.0000000000
99839  29.958  2.619  -16.406 0.0000000000
99819  30.860  2.562  -15.086 0.0000000000
100884  31.607  3.884  -14.522 0.0000000000
101914  32.132  4.533  -13.343 0.0000000000
103853  32.843  6.051  -12.606 0.0000000000
104871  31.289  7.442  -13.746 0.0000000000
104853  32.849  7.078  -12.394 0.0000000000
110930  28.838  13.369  -16.120 0.0000000000
114358  29.945  17.609  -14.560 0.0000000000
112696  29.661  16.076  -14.435 0.0000000000
112716  29.482  14.962  -14.431 0.0000000000
110920  29.565  13.448  -14.603 0.0000000000
110910  30.637  13.480  -13.158 0.0000000000
109975  31.768  13.022  -12.267 0.0000000000
89091  28.410  -7.636  -13.105 0.0000000000
92284  28.954  -4.941  -14.006 0.0000000000
96558  32.010  -0.569  -13.348 0.0000000000
94436  32.568  -2.233  -13.185 0.0000000000
109099  29.150  11.686  -15.422 0.0000000000
110012  28.962  12.559  -15.747 0.0000000000
97680  30.757  0.313  -14.684 0.0000000000
83585  26.168  -12.361  -10.461 0.0000000000
84641  26.661  -12.018  -10.527 0.0000000000
86840  28.428  -9.009  -11.819 0.0000000000
103899  29.890  6.328  -15.748 0.0000000000
102926  30.571  5.585  -15.687 0.0000000000
109059  32.352  10.769  -12.259 0.0000000000
108049  32.360  9.975  -11.970 0.0000000000
114397  27.851  17.160  -16.437 0.0000000000
113611  28.671  16.770  -15.831 0.0000000000
141516  33.307  16.060  -13.374 0.0000000000
92268  32.013  -4.456  -13.066 0.0000000000
91186  31.563  -5.134  -13.194 0.0000000000
87987  27.323  -8.787  -12.049 0.0000000000
105940  29.190  8.622  -15.253 0.0000000000
105941  28.816  9.459  -15.814 0.0000000000
109089  30.159  11.628  -14.131 0.0000000000
108077  30.498  10.755  -14.048 0.0000000000
109076  31.303  11.516  -12.939 0.0000000000
115229  28.322  18.967  -16.161 0.0000000000
94455  29.509  -2.575  -14.866 0.0000000000
95475  30.155  -1.699  -15.363 0.0000000000
95461  31.038  -1.803  -14.482 0.0000000000
94453  30.940  -2.696  -14.827 0.0000000000
94438  31.433  -2.688  -14.283 0.0000000000
93404  31.780  -3.571  -14.093 0.0000000000
94437  32.053  -2.595  -13.614 0.0000000000
84656  27.008  -11.350  -10.772 0.0000000000
99806  31.945  2.684  -13.287 0.0000000000
99805  32.572  2.609  -12.600 0.0000000000
97692  29.794  0.349  -16.037 0.0000000000
101949  30.348  3.972  -16.559 0.0000000000
100904  30.478  3.395  -16.269 0.0000000000
99829  30.699  2.418  -16.007 0.0000000000
100895  31.007  3.380  -15.768 0.0000000000
100885  31.113  3.588  -15.001 0.0000000000
101915  31.768  4.645  -14.185 0.0000000000
102893  31.794  5.474  -13.519 0.0000000000
102892  32.467  5.353  -12.942 0.0000000000
103867  32.245  6.308  -13.061 0.0000000000
105924  30.306  8.608  -14.128 0.0000000000
105923  30.954  8.019  -13.856 0.0000000000
105907  31.521  8.540  -13.409 0.0000000000
105906  32.466  8.285  -12.563 0.0000000000
111831  28.261  14.875  -16.607 0.0000000000
111839  27.527  14.589  -16.903 0.0000000000
111832  28.258  14.089  -16.531 0.0000000000
115177  32.792  18.125  -13.407 0.0000000000
116077  32.522  19.172  -14.066 0.0000000000
114337  30.528  17.686  -13.888 0.0000000000
113568  30.698  16.719  -13.591 0.0000000000
112694  31.279  15.561  -13.027 0.0000000000
112695  29.924  15.536  -13.882 0.0000000000
111816  29.886  14.364  -14.243 0.0000000000
110919  30.201  13.470  -13.950 0.0000000000
111804  31.246  14.292  -12.898 0.0000000000
111784  33.077  15.022  -12.322 0.0000000000
110896  32.344  13.791  -12.222 0.0000000000
110895  33.260  13.611  -12.158 0.0000000000
89092  27.590  -7.444  -12.906 0.0000000000
92297  29.767  -4.387  -14.503 0.0000000000
92298  28.876  -4.042  -14.242 0.0000000000
90124  30.333  -6.055  -12.756 0.0000000000
90137  29.578  -6.380  -13.329 0.0000000000
90125  29.856  -6.830  -12.601 0.0000000000
89090  29.225  -7.466  -12.947 0.0000000000
96545  32.444  0.062  -13.072 0.0000000000
107003  29.013  9.997  -15.487 0.0000000000
108089  29.442  10.821  -15.214 0.0000000000
96572  30.227  -0.680  -15.920 0.0000000000
96571  30.862  -0.952  -15.277 0.0000000000
85770  27.698  -10.426  -11.057 0.0000000000
85769  28.360  -10.034  -10.971 0.0000000000
85756  28.689  -10.421  -10.384 0.0000000000
101895  32.758  4.462  -12.742 0.0000000000
100856  33.076  3.514  -12.532 0.0000000000
101940  30.447  5.039  -16.701 0.0000000000
101939  30.687  4.500  -16.066 0.0000000000
101928  31.279  4.661  -15.105 0.0000000000
101938  30.979  5.122  -15.548 0.0000000000
102925  31.215  5.747  -15.300 0.0000000000
103885  31.088  6.726  -14.236 0.0000000000
106976  31.390  9.668  -12.942 0.0000000000
106962  32.819  9.142  -11.823 0.0000000000
112734  28.354  15.858  -17.108 0.0000000000
112728  29.174  15.701  -16.201 0.0000000000
112672  31.655  14.922  -12.697 0.0000000000
112671  32.159  15.298  -12.548 0.0000000000
141510  33.506  15.406  -12.630 0.0000000000
92282  30.980  -4.704  -14.144 0.0000000000
91202  30.141  -5.006  -14.459 0.0000000000
91187  30.811  -5.374  -13.571 0.0000000000
91171  31.120  -5.562  -12.664 0.0000000000
84657  26.135  -11.624  -10.770 0.0000000000
85787  25.976  -10.077  -11.295 0.0000000000
86842  27.051  -9.356  -11.657 0.0000000000
87986  28.081  -8.755  -12.290 0.0000000000
104902  29.210  7.179  -15.964 0.0000000000
104901  29.829  7.324  -15.247 0.0000000000
107002  29.464  9.903  -14.820 0.0000000000
106992  30.165  9.867  -14.401 0.0000000000
106977  31.094  10.053  -13.351 0.0000000000
108063  31.337  10.578  -12.857 0.0000000000
109075  31.926  11.253  -12.480 0.0000000000
109985  32.476  11.991  -12.386 0.0000000000
114380  27.229  17.910  -15.627 0.0000000000
114379  28.005  17.838  -16.312 0.0000000000
114378  28.638  17.974  -15.745 0.0000000000
93423  29.638  -3.394  -14.511 0.0000000000
93405  30.343  -3.262  -14.654 0.0000000000
92295  31.334  -4.193  -14.423 0.0000000000
93390  32.067  -3.912  -13.502 0.0000000000
97668  31.385  0.462  -13.837 0.0000000000
98751  31.592  1.636  -13.565 0.0000000000
98741  32.994  1.586  -12.367 0.0000000000
97656  33.520  0.584  -12.510 0.0000000000
98763  30.497  1.446  -15.292 0.0000000000
98783  29.755  2.108  -16.749 0.0000000000
100873  31.989  3.689  -13.849 0.0000000000
102874  33.186  5.301  -12.463 0.0000000000
104888  30.344  7.426  -14.661 0.0000000000
103886  30.816  6.912  -14.672 0.0000000000
104870  32.066  7.388  -13.235 0.0000000000
115206  29.615  18.221  -14.824 0.0000000000
113593  29.601  16.732  -14.796 0.0000000000
112717  29.268  15.585  -15.022 0.0000000000
111817  29.243  14.382  -14.889 0.0000000000
110929  29.137  13.463  -15.411 0.0000000000
110001  29.298  12.532  -14.990 0.0000000000
110000  29.839  12.529  -14.310 0.0000000000
109988  30.341  12.548  -13.562 0.0000000000
110909  31.141  13.516  -12.876 0.0000000000
109987  31.164  12.687  -12.928 0.0000000000
109974  32.444  12.802  -12.056 0.0000000000
88002  28.190  -8.022  -12.558 0.0000000000
88001  28.707  -7.925  -12.726 0.0000000000
91190  28.218  -5.701  -13.466 0.0000000000
91188  30.023  -5.617  -13.997 0.0000000000
91189  29.202  -5.732  -13.776 0.0000000000
90138  28.824  -6.442  -13.535 0.0000000000
89102  28.656  -7.118  -13.413 0.0000000000
96557  32.534  -1.078  -13.088 0.0000000000
95459  32.273  -1.640  -13.306 0.0000000000
94425  32.508  -2.862  -13.186 0.0000000000
86826  28.248  -9.915  -11.316 0.0000000000
89101  29.119  -6.943  -13.431 0.0000000000
91201  30.533  -5.051  -14.222 0.0000000000
92283  29.623  -5.200  -14.254 0.0000000000
93406  30.141  -3.205  -14.517 0.0000000000
93422  30.455  -3.474  -14.725 0.0000000000
94439  30.289  -3.033  -14.585 0.0000000000
94440  29.993  -2.888  -14.432 0.0000000000
103897  31.194  6.406  -14.899 0.0000000000
104887  30.774  7.508  -14.204 0.0000000000
106991  30.670  9.898  -13.831 0.0000000000
109074  32.627  11.451  -12.252 0.0000000000
110897  31.563  13.645  -12.547 0.0000000000
111826  28.625  13.816  -16.287 0.0000000000
111838  27.911  15.146  -16.842 0.0000000000
112733  28.689  15.429  -16.597 0.0000000000
112740  28.216  15.393  -16.874 0.0000000000
113569  30.028  16.425  -14.191 0.0000000000
141512  33.393  15.687  -13.064 0.0000000000
141519  33.434  18.141  -13.757 0.0000000000
