#!ascii label  , from subject 3462 vox2ras=TkReg
1531
58857  -46.175  -30.213  54.004 0.0000000000
50690  -34.618  -36.679  63.293 0.0000000000
67075  -46.469  -22.988  41.652 0.0000000000
56685  -42.008  -32.533  43.802 0.0000000000
63627  -50.166  -26.914  48.892 0.0000000000
50795  -42.852  -37.487  58.131 0.0000000000
51995  -33.093  -37.054  52.059 0.0000000000
53191  -37.288  -34.429  45.282 0.0000000000
48479  -26.548  -39.268  64.874 0.0000000000
72782  -55.779  -18.407  43.810 0.0000000000
49732  -24.527  -38.471  53.696 0.0000000000
61337  -44.094  -28.736  49.432 0.0000000000
57797  -46.662  -32.012  47.608 0.0000000000
62420  -48.792  -27.623  52.178 0.0000000000
53075  -46.187  -34.989  55.087 0.0000000000
50907  -41.571  -36.710  51.608 0.0000000000
56624  -41.602  -32.848  50.255 0.0000000000
57825  -39.223  -31.089  44.746 0.0000000000
70421  -58.322  -20.529  42.304 0.0000000000
51827  -30.011  -36.133  64.413 0.0000000000
48527  -25.088  -39.235  59.797 0.0000000000
49671  -30.153  -37.833  58.059 0.0000000000
65860  -44.787  -24.651  46.997 0.0000000000
48517  -37.985  -38.850  61.245 0.0000000000
49698  -33.597  -38.609  57.390 0.0000000000
51958  -37.991  -36.490  55.570 0.0000000000
53117  -36.219  -35.335  49.235 0.0000000000
46521  -22.851  -41.436  65.961 0.0000000000
71477  -49.500  -19.799  54.144 0.0000000000
69186  -49.781  -21.612  48.943 0.0000000000
71556  -54.752  -19.118  48.537 0.0000000000
68125  -51.218  -21.726  44.362 0.0000000000
64757  -54.758  -25.608  43.911 0.0000000000
45541  -21.917  -41.837  60.509 0.0000000000
48637  -29.595  -39.150  53.128 0.0000000000
60055  -45.243  -29.343  52.126 0.0000000000
61311  -46.279  -28.018  50.080 0.0000000000
62389  -46.781  -27.740  53.353 0.0000000000
56562  -46.487  -32.696  54.547 0.0000000000
54199  -44.064  -34.435  52.926 0.0000000000
57728  -44.405  -31.510  52.457 0.0000000000
58905  -42.411  -30.546  49.718 0.0000000000
64821  -46.446  -25.084  38.217 0.0000000000
65953  -48.203  -24.572  39.441 0.0000000000
51846  -32.320  -36.006  63.464 0.0000000000
51896  -29.552  -36.599  60.866 0.0000000000
50758  -31.796  -37.068  60.478 0.0000000000
53209  -42.237  -35.185  44.509 0.0000000000
58924  -48.617  -30.208  47.931 0.0000000000
55456  -46.694  -33.156  46.159 0.0000000000
61400  -47.963  -28.633  46.377 0.0000000000
63678  -45.490  -27.030  44.981 0.0000000000
64717  -47.938  -26.231  47.951 0.0000000000
49631  -40.669  -38.508  60.538 0.0000000000
50791  -38.713  -37.662  58.176 0.0000000000
50840  -40.161  -37.276  56.673 0.0000000000
52066  -39.512  -36.064  48.824 0.0000000000
52028  -38.774  -36.144  50.505 0.0000000000
53156  -36.687  -34.967  47.357 0.0000000000
58989  -40.930  -30.806  43.886 0.0000000000
70287  -49.098  -20.553  51.183 0.0000000000
70334  -53.289  -20.743  46.806 0.0000000000
70384  -53.084  -20.140  44.209 0.0000000000
67044  -53.386  -23.683  43.526 0.0000000000
69249  -55.309  -21.495  43.269 0.0000000000
67064  -57.661  -23.573  42.610 0.0000000000
46532  -24.470  -40.776  65.428 0.0000000000
45515  -22.502  -41.948  63.761 0.0000000000
46548  -24.199  -40.954  63.295 0.0000000000
49693  -25.422  -38.463  57.265 0.0000000000
47596  -23.037  -39.929  57.124 0.0000000000
48604  -22.658  -39.732  54.610 0.0000000000
50855  -33.827  -37.607  55.280 0.0000000000
48620  -31.519  -38.929  55.486 0.0000000000
50881  -31.754  -38.382  53.260 0.0000000000
58956  -43.024  -30.236  45.943 0.0000000000
56659  -43.486  -33.024  45.857 0.0000000000
61386  -45.814  -29.373  47.703 0.0000000000
61369  -47.809  -29.319  48.596 0.0000000000
61286  -50.296  -28.156  50.832 0.0000000000
50845  -44.364  -36.316  57.028 0.0000000000
50864  -42.525  -37.253  55.545 0.0000000000
50888  -43.799  -36.685  53.663 0.0000000000
52031  -42.126  -35.555  51.096 0.0000000000
54232  -39.948  -34.142  47.768 0.0000000000
55467  -38.231  -33.151  45.099 0.0000000000
57795  -40.226  -31.857  47.533 0.0000000000
58955  -41.049  -30.097  46.532 0.0000000000
71655  -57.240  -19.400  42.615 0.0000000000
75177  -57.615  -16.557  42.378 0.0000000000
49541  -28.230  -37.589  64.034 0.0000000000
48497  -25.906  -39.512  62.142 0.0000000000
49582  -28.218  -37.502  62.049 0.0000000000
50770  -27.257  -37.606  58.986 0.0000000000
49713  -27.455  -38.253  56.571 0.0000000000
53178  -44.963  -35.430  45.913 0.0000000000
64754  -43.469  -25.797  43.731 0.0000000000
67028  -45.309  -23.249  44.447 0.0000000000
49586  -36.243  -37.967  62.299 0.0000000000
48531  -33.775  -38.779  60.220 0.0000000000
48576  -35.761  -38.547  59.465 0.0000000000
50836  -36.108  -37.083  56.597 0.0000000000
51972  -35.796  -36.385  53.976 0.0000000000
51990  -39.919  -36.280  53.283 0.0000000000
51999  -37.014  -35.932  52.530 0.0000000000
52010  -34.922  -35.850  51.275 0.0000000000
62367  -47.373  -27.624  56.581 0.0000000000
50653  -35.796  -36.444  64.405 0.0000000000
49566  -40.683  -37.854  62.834 0.0000000000
49593  -42.780  -37.702  61.585 0.0000000000
64626  -47.846  -25.686  55.453 0.0000000000
63538  -50.498  -26.113  54.159 0.0000000000
65791  -51.746  -24.996  53.326 0.0000000000
69107  -50.282  -21.844  55.142 0.0000000000
65798  -49.933  -24.040  52.178 0.0000000000
66953  -46.831  -23.040  51.186 0.0000000000
68071  -46.952  -22.417  48.053 0.0000000000
68100  -47.783  -22.422  46.335 0.0000000000
69172  -52.914  -21.186  48.965 0.0000000000
68103  -50.522  -21.832  46.562 0.0000000000
68155  -49.081  -22.861  43.004 0.0000000000
65901  -50.948  -24.190  41.958 0.0000000000
68127  -57.348  -23.279  44.291 0.0000000000
44425  -21.305  -42.772  64.214 0.0000000000
44446  -20.025  -43.655  58.788 0.0000000000
47568  -23.626  -40.078  60.019 0.0000000000
46593  -21.433  -41.477  57.955 0.0000000000
48572  -32.156  -38.882  58.244 0.0000000000
48597  -29.621  -38.967  56.311 0.0000000000
49746  -26.984  -38.612  53.782 0.0000000000
48650  -27.049  -39.550  51.442 0.0000000000
58856  -45.621  -30.422  53.322 0.0000000000
61247  -45.726  -28.807  52.343 0.0000000000
61234  -46.512  -28.520  53.907 0.0000000000
57700  -46.522  -31.663  54.662 0.0000000000
56586  -45.062  -32.632  53.453 0.0000000000
57713  -45.427  -31.545  53.422 0.0000000000
58873  -44.570  -30.710  52.163 0.0000000000
67094  -45.070  -23.526  41.031 0.0000000000
65935  -46.590  -23.773  40.067 0.0000000000
65952  -47.121  -24.419  39.184 0.0000000000
67096  -47.098  -23.320  40.780 0.0000000000
51864  -33.397  -36.557  62.786 0.0000000000
50713  -32.319  -36.521  62.054 0.0000000000
50737  -33.047  -37.108  61.313 0.0000000000
54343  -41.486  -34.333  42.951 0.0000000000
55488  -41.865  -34.113  44.039 0.0000000000
60159  -49.687  -28.676  48.250 0.0000000000
58961  -48.161  -30.034  46.650 0.0000000000
62514  -49.257  -27.875  47.793 0.0000000000
63656  -47.951  -27.267  47.076 0.0000000000
64718  -48.688  -26.610  48.019 0.0000000000
49680  -41.787  -38.226  58.619 0.0000000000
50793  -40.556  -38.063  58.259 0.0000000000
50819  -41.468  -37.918  57.668 0.0000000000
53158  -38.428  -35.196  47.251 0.0000000000
52075  -38.663  -35.684  48.095 0.0000000000
53174  -37.504  -34.900  46.337 0.0000000000
53172  -36.182  -34.706  46.021 0.0000000000
57839  -41.785  -31.965  43.650 0.0000000000
57851  -40.737  -31.411  42.814 0.0000000000
56701  -41.170  -32.571  42.595 0.0000000000
71615  -54.261  -19.443  45.326 0.0000000000
71635  -54.713  -18.931  44.655 0.0000000000
69268  -53.956  -20.915  42.866 0.0000000000
71653  -54.858  -19.125  43.376 0.0000000000
47521  -25.379  -40.354  64.999 0.0000000000
46541  -24.788  -40.763  64.263 0.0000000000
47528  -25.456  -40.275  63.956 0.0000000000
49710  -24.756  -38.573  55.732 0.0000000000
48594  -23.553  -39.252  55.915 0.0000000000
49721  -23.778  -38.644  54.108 0.0000000000
48622  -22.960  -40.317  53.279 0.0000000000
49731  -23.768  -38.798  53.265 0.0000000000
50883  -33.429  -37.250  53.290 0.0000000000
50870  -32.466  -38.168  54.149 0.0000000000
50892  -31.970  -37.716  52.317 0.0000000000
60152  -43.681  -29.191  47.284 0.0000000000
60173  -44.040  -30.492  46.526 0.0000000000
61366  -44.823  -28.427  48.635 0.0000000000
62436  -47.471  -27.907  50.979 0.0000000000
61312  -47.288  -28.077  50.115 0.0000000000
61313  -48.318  -28.247  50.280 0.0000000000
61314  -49.198  -28.549  50.147 0.0000000000
62438  -49.344  -27.987  51.489 0.0000000000
51963  -45.594  -35.595  56.108 0.0000000000
51961  -44.274  -36.468  55.057 0.0000000000
51978  -44.902  -36.022  54.702 0.0000000000
55422  -42.940  -33.490  51.972 0.0000000000
53096  -42.786  -35.194  51.712 0.0000000000
54207  -41.484  -34.436  50.326 0.0000000000
53119  -40.680  -34.922  49.199 0.0000000000
55436  -40.806  -33.645  49.346 0.0000000000
56640  -40.028  -32.783  47.600 0.0000000000
56631  -41.108  -32.728  49.359 0.0000000000
58906  -43.050  -29.936  49.926 0.0000000000
60135  -42.068  -29.931  48.594 0.0000000000
60136  -42.589  -29.483  48.637 0.0000000000
60183  -41.703  -29.782  46.212 0.0000000000
50667  -28.842  -37.009  64.375 0.0000000000
49558  -28.239  -37.705  63.028 0.0000000000
50711  -28.839  -37.138  62.512 0.0000000000
50773  -29.784  -36.914  59.407 0.0000000000
50772  -28.773  -36.999  59.419 0.0000000000
50788  -28.650  -37.223  58.528 0.0000000000
49695  -27.628  -37.886  57.513 0.0000000000
49696  -28.696  -37.970  57.215 0.0000000000
56651  -45.264  -33.219  47.234 0.0000000000
55453  -44.757  -34.314  46.608 0.0000000000
55454  -46.013  -33.945  47.021 0.0000000000
57818  -46.152  -31.528  45.318 0.0000000000
55470  -45.990  -33.124  45.326 0.0000000000
57828  -45.141  -31.660  44.262 0.0000000000
64737  -45.402  -26.362  46.035 0.0000000000
63676  -44.057  -26.340  44.141 0.0000000000
64747  -44.152  -25.721  44.876 0.0000000000
65877  -43.953  -24.444  44.615 0.0000000000
67023  -44.481  -23.975  45.920 0.0000000000
48502  -37.074  -38.621  61.924 0.0000000000
48533  -35.706  -38.770  60.783 0.0000000000
48535  -37.464  -38.846  60.718 0.0000000000
50816  -38.490  -37.265  57.422 0.0000000000
50815  -37.390  -37.312  57.540 0.0000000000
50837  -37.096  -36.981  56.600 0.0000000000
50857  -36.000  -36.881  55.766 0.0000000000
51957  -36.909  -36.449  55.326 0.0000000000
50886  -42.278  -37.061  53.634 0.0000000000
50885  -41.448  -36.995  53.777 0.0000000000
50894  -40.790  -36.603  52.913 0.0000000000
53106  -36.968  -35.591  50.146 0.0000000000
52013  -38.549  -36.000  51.497 0.0000000000
53094  -36.409  -35.651  51.107 0.0000000000
53087  -35.649  -35.756  51.580 0.0000000000
57824  -38.478  -31.857  44.950 0.0000000000
49592  -41.955  -38.120  61.889 0.0000000000
51923  -45.484  -35.763  58.503 0.0000000000
63521  -47.405  -26.446  55.713 0.0000000000
65760  -49.642  -23.990  55.954 0.0000000000
65761  -50.487  -23.958  55.675 0.0000000000
63540  -51.312  -25.811  53.699 0.0000000000
66910  -51.232  -23.717  55.057 0.0000000000
70236  -49.729  -20.674  54.907 0.0000000000
68013  -50.321  -22.716  54.188 0.0000000000
68024  -49.005  -22.560  53.309 0.0000000000
66955  -48.340  -23.693  52.028 0.0000000000
69126  -47.992  -21.380  52.610 0.0000000000
69156  -50.063  -20.993  50.194 0.0000000000
69166  -47.733  -21.459  50.287 0.0000000000
69185  -48.827  -21.631  49.090 0.0000000000
68083  -46.896  -22.437  47.054 0.0000000000
68085  -49.036  -21.976  47.750 0.0000000000
70306  -54.330  -19.748  49.251 0.0000000000
69227  -52.122  -20.954  45.389 0.0000000000
69221  -51.658  -21.496  46.808 0.0000000000
69235  -50.938  -21.599  45.593 0.0000000000
68123  -49.505  -22.387  44.678 0.0000000000
68136  -50.330  -22.488  43.734 0.0000000000
67059  -49.775  -23.292  42.497 0.0000000000
67042  -51.151  -23.283  43.033 0.0000000000
65889  -53.988  -24.709  43.661 0.0000000000
65888  -52.846  -24.626  43.054 0.0000000000
64770  -53.578  -26.007  42.586 0.0000000000
71656  -57.816  -19.916  42.520 0.0000000000
69251  -57.407  -21.527  43.388 0.0000000000
69252  -58.143  -21.715  43.258 0.0000000000
46556  -22.403  -41.799  62.307 0.0000000000
45524  -21.211  -42.832  62.408 0.0000000000
45540  -21.282  -42.619  60.842 0.0000000000
44443  -19.995  -43.604  59.704 0.0000000000
45544  -21.127  -42.315  59.602 0.0000000000
48528  -25.551  -39.203  60.516 0.0000000000
47554  -24.616  -40.014  61.067 0.0000000000
47569  -24.555  -39.695  60.202 0.0000000000
47594  -21.735  -41.063  57.397 0.0000000000
44502  -22.658  -43.428  54.428 0.0000000000
48574  -33.793  -38.827  58.867 0.0000000000
48551  -32.606  -38.598  58.981 0.0000000000
48589  -32.613  -38.997  57.791 0.0000000000
48628  -30.621  -39.094  54.262 0.0000000000
48609  -30.328  -39.191  55.664 0.0000000000
48617  -29.338  -39.204  54.511 0.0000000000
48607  -28.743  -38.989  55.194 0.0000000000
48625  -28.337  -39.043  53.364 0.0000000000
48633  -26.232  -39.326  51.997 0.0000000000
60106  -44.116  -29.165  50.338 0.0000000000
61338  -44.666  -28.465  49.520 0.0000000000
61280  -45.186  -28.628  50.933 0.0000000000
61261  -46.195  -28.240  52.030 0.0000000000
62401  -47.915  -27.261  53.100 0.0000000000
54180  -46.514  -34.207  54.870 0.0000000000
53083  -45.446  -34.981  54.228 0.0000000000
55401  -45.772  -33.368  53.994 0.0000000000
56585  -44.465  -33.273  53.225 0.0000000000
57744  -42.840  -32.162  51.569 0.0000000000
57773  -41.696  -31.985  50.014 0.0000000000
57761  -42.925  -31.141  51.022 0.0000000000
60082  -43.648  -30.179  51.046 0.0000000000
64810  -49.235  -25.241  39.468 0.0000000000
51845  -31.347  -35.928  63.402 0.0000000000
51860  -29.957  -36.305  62.348 0.0000000000
51861  -30.897  -36.142  62.530 0.0000000000
50735  -31.263  -36.618  61.012 0.0000000000
49648  -31.323  -37.790  58.988 0.0000000000
57798  -47.386  -31.607  47.580 0.0000000000
55446  -46.777  -33.272  47.083 0.0000000000
56644  -47.488  -31.804  46.859 0.0000000000
58959  -47.181  -30.694  46.289 0.0000000000
60189  -46.353  -29.376  45.014 0.0000000000
61425  -45.791  -28.923  44.066 0.0000000000
62544  -46.613  -28.152  45.164 0.0000000000
63667  -46.556  -27.168  45.960 0.0000000000
64716  -46.686  -25.882  47.836 0.0000000000
49630  -39.316  -38.616  60.631 0.0000000000
49651  -38.124  -38.364  59.773 0.0000000000
49678  -39.859  -38.237  58.946 0.0000000000
50817  -39.461  -37.394  57.472 0.0000000000
50839  -39.216  -37.062  56.661 0.0000000000
50935  -40.493  -36.379  49.717 0.0000000000
50917  -40.167  -36.646  50.803 0.0000000000
52048  -39.475  -36.340  49.447 0.0000000000
52064  -38.094  -35.831  48.941 0.0000000000
53137  -36.514  -35.129  48.339 0.0000000000
53154  -34.799  -34.939  47.659 0.0000000000
54228  -35.133  -34.679  46.865 0.0000000000
58987  -39.908  -30.744  44.621 0.0000000000
57850  -39.973  -30.958  42.798 0.0000000000
72593  -50.631  -18.695  53.151 0.0000000000
70254  -48.990  -19.990  52.736 0.0000000000
71487  -51.065  -19.201  52.340 0.0000000000
70268  -50.758  -20.117  51.304 0.0000000000
70289  -51.080  -20.738  50.337 0.0000000000
71575  -55.270  -19.181  47.680 0.0000000000
70336  -54.806  -19.918  47.673 0.0000000000
70353  -54.595  -20.038  47.026 0.0000000000
70369  -53.416  -19.962  45.099 0.0000000000
69237  -52.103  -21.116  44.485 0.0000000000
67043  -52.249  -23.433  43.204 0.0000000000
69247  -53.226  -21.575  43.198 0.0000000000
68139  -53.875  -22.686  43.440 0.0000000000
67045  -54.735  -23.917  44.062 0.0000000000
70439  -58.530  -20.253  41.625 0.0000000000
69269  -58.363  -21.720  42.714 0.0000000000
68171  -58.103  -22.276  42.006 0.0000000000
46522  -23.827  -40.928  66.417 0.0000000000
46530  -22.783  -41.598  65.144 0.0000000000
46540  -23.909  -41.165  64.398 0.0000000000
46547  -23.283  -41.483  63.577 0.0000000000
46569  -22.583  -41.482  61.486 0.0000000000
48569  -25.106  -38.762  58.329 0.0000000000
47591  -23.906  -39.760  58.619 0.0000000000
48583  -23.680  -39.395  56.771 0.0000000000
47601  -23.079  -39.665  56.353 0.0000000000
47607  -21.872  -40.974  55.015 0.0000000000
45577  -22.333  -42.464  54.233 0.0000000000
47610  -22.740  -40.809  53.556 0.0000000000
49729  -33.626  -38.016  56.178 0.0000000000
49717  -33.131  -38.584  56.693 0.0000000000
49728  -32.897  -38.185  55.730 0.0000000000
49749  -31.550  -38.766  53.910 0.0000000000
49748  -30.900  -38.956  53.497 0.0000000000
57816  -42.716  -31.774  44.895 0.0000000000
56658  -42.849  -32.821  45.073 0.0000000000
58957  -43.494  -30.933  45.932 0.0000000000
58958  -44.414  -31.134  46.641 0.0000000000
58940  -46.385  -31.221  47.612 0.0000000000
61367  -45.792  -28.535  48.358 0.0000000000
61368  -46.881  -29.146  48.270 0.0000000000
60156  -47.497  -30.601  48.128 0.0000000000
60140  -48.631  -29.583  48.475 0.0000000000
60125  -49.444  -29.120  48.935 0.0000000000
61345  -50.714  -28.128  49.601 0.0000000000
50822  -43.925  -36.741  57.700 0.0000000000
50843  -42.917  -37.172  56.540 0.0000000000
50865  -43.472  -36.828  55.507 0.0000000000
50877  -43.670  -36.801  54.405 0.0000000000
50896  -42.397  -36.869  52.723 0.0000000000
52004  -44.033  -35.859  53.055 0.0000000000
50909  -43.047  -36.400  52.302 0.0000000000
52016  -41.926  -36.501  51.252 0.0000000000
52050  -41.046  -35.943  49.757 0.0000000000
52077  -39.639  -35.359  48.063 0.0000000000
53176  -38.885  -34.454  46.528 0.0000000000
54273  -37.960  -33.766  45.014 0.0000000000
54251  -39.013  -33.879  46.305 0.0000000000
57804  -39.191  -32.402  46.204 0.0000000000
58953  -39.946  -31.369  46.682 0.0000000000
58919  -41.139  -31.266  48.524 0.0000000000
58954  -40.371  -30.917  46.957 0.0000000000
58966  -40.423  -30.526  45.945 0.0000000000
58967  -41.292  -30.113  45.512 0.0000000000
58979  -41.874  -30.911  44.433 0.0000000000
72783  -56.576  -18.143  43.206 0.0000000000
73962  -56.874  -17.554  43.271 0.0000000000
72797  -57.436  -18.269  42.412 0.0000000000
72798  -57.982  -18.495  42.010 0.0000000000
72806  -58.297  -18.593  41.351 0.0000000000
72824  -58.399  -18.675  40.502 0.0000000000
48480  -27.165  -38.787  64.268 0.0000000000
48487  -26.553  -39.343  63.783 0.0000000000
48488  -27.075  -38.845  63.206 0.0000000000
49601  -26.949  -38.517  61.742 0.0000000000
49623  -26.906  -38.153  60.641 0.0000000000
50733  -28.905  -36.882  61.505 0.0000000000
49624  -27.469  -37.622  60.340 0.0000000000
49645  -26.628  -38.002  59.477 0.0000000000
49668  -25.865  -38.269  58.274 0.0000000000
49694  -26.558  -38.119  57.402 0.0000000000
49724  -26.402  -38.348  55.401 0.0000000000
55468  -42.951  -33.895  45.353 0.0000000000
53193  -43.558  -35.886  45.491 0.0000000000
54254  -46.184  -34.650  46.142 0.0000000000
67054  -44.643  -23.412  42.867 0.0000000000
67038  -45.414  -23.169  43.539 0.0000000000
49560  -35.407  -37.218  62.696 0.0000000000
49606  -34.517  -38.134  61.262 0.0000000000
48513  -34.930  -38.442  61.257 0.0000000000
48554  -35.172  -38.807  59.969 0.0000000000
48575  -34.747  -38.626  58.959 0.0000000000
49675  -36.688  -38.105  59.174 0.0000000000
49700  -35.487  -37.750  58.086 0.0000000000
50812  -34.638  -37.722  56.942 0.0000000000
50835  -35.242  -37.289  56.363 0.0000000000
50872  -34.422  -37.051  54.443 0.0000000000
51985  -34.540  -36.592  52.882 0.0000000000
50863  -41.637  -37.424  55.639 0.0000000000
50873  -40.239  -36.975  55.050 0.0000000000
51976  -39.527  -36.516  54.500 0.0000000000
52002  -40.152  -36.399  52.152 0.0000000000
51989  -38.690  -36.093  53.647 0.0000000000
51974  -37.742  -36.181  54.527 0.0000000000
51987  -36.424  -36.081  53.295 0.0000000000
51997  -34.957  -36.122  52.074 0.0000000000
54319  -36.743  -33.474  43.609 0.0000000000
58838  -46.997  -30.419  55.484 0.0000000000
61221  -46.955  -28.963  55.594 0.0000000000
47504  -24.228  -40.323  67.073 0.0000000000
48471  -27.134  -38.548  65.425 0.0000000000
49520  -28.040  -37.516  65.835 0.0000000000
50650  -28.914  -36.691  65.157 0.0000000000
52958  -31.752  -35.508  64.807 0.0000000000
51830  -32.912  -35.811  64.420 0.0000000000
51831  -34.040  -36.386  64.166 0.0000000000
50691  -35.365  -36.792  63.269 0.0000000000
49561  -36.128  -37.272  62.875 0.0000000000
49562  -36.942  -37.537  62.738 0.0000000000
49588  -37.847  -38.253  62.279 0.0000000000
49546  -39.509  -37.456  63.246 0.0000000000
49608  -39.215  -38.540  61.572 0.0000000000
49609  -40.240  -38.470  61.432 0.0000000000
49632  -41.752  -38.421  60.429 0.0000000000
49656  -43.028  -37.924  59.575 0.0000000000
50775  -43.874  -37.052  58.989 0.0000000000
50823  -44.524  -36.389  57.927 0.0000000000
51933  -45.450  -35.648  57.751 0.0000000000
57689  -47.561  -31.594  55.847 0.0000000000
62378  -47.088  -27.796  55.461 0.0000000000
63535  -47.529  -26.685  54.739 0.0000000000
63554  -48.902  -26.847  53.815 0.0000000000
65759  -48.418  -23.941  56.438 0.0000000000
63523  -49.127  -25.800  54.798 0.0000000000
63555  -49.917  -26.745  53.684 0.0000000000
62404  -50.734  -26.779  52.902 0.0000000000
63589  -51.229  -26.348  51.850 0.0000000000
64686  -51.068  -26.274  50.886 0.0000000000
66933  -51.015  -23.629  53.842 0.0000000000
65799  -50.726  -24.344  52.282 0.0000000000
64696  -49.686  -25.904  49.531 0.0000000000
64683  -48.798  -24.901  50.272 0.0000000000
65832  -47.407  -24.663  49.908 0.0000000000
65830  -45.919  -24.090  49.160 0.0000000000
69138  -47.834  -21.234  51.782 0.0000000000
68049  -46.697  -22.577  50.120 0.0000000000
67001  -45.595  -23.488  47.828 0.0000000000
68082  -45.948  -22.827  46.853 0.0000000000
68112  -45.882  -22.958  44.863 0.0000000000
68120  -46.606  -22.840  44.085 0.0000000000
70291  -53.213  -20.382  50.168 0.0000000000
69170  -51.329  -21.416  49.234 0.0000000000
69190  -53.245  -21.043  48.321 0.0000000000
69205  -51.645  -21.618  47.702 0.0000000000
69219  -50.262  -21.892  47.505 0.0000000000
68101  -48.823  -22.229  46.605 0.0000000000
68122  -48.535  -22.633  44.560 0.0000000000
67057  -48.002  -22.817  42.222 0.0000000000
67077  -48.614  -23.393  41.420 0.0000000000
65938  -49.738  -24.621  40.707 0.0000000000
64780  -50.608  -25.008  41.054 0.0000000000
65887  -51.899  -24.171  42.784 0.0000000000
64768  -51.875  -25.125  41.958 0.0000000000
64796  -50.995  -25.711  40.285 0.0000000000
69250  -56.416  -21.441  43.399 0.0000000000
68141  -55.987  -22.429  43.784 0.0000000000
65879  -56.224  -24.902  44.733 0.0000000000
67047  -58.182  -23.784  43.775 0.0000000000
65880  -57.139  -24.840  44.593 0.0000000000
64758  -55.452  -26.234  43.982 0.0000000000
45514  -21.896  -42.445  63.973 0.0000000000
47535  -25.421  -40.083  63.121 0.0000000000
46571  -24.149  -40.347  61.466 0.0000000000
46581  -22.685  -41.067  60.563 0.0000000000
47581  -23.325  -40.132  59.182 0.0000000000
47580  -22.581  -40.615  58.948 0.0000000000
46585  -21.605  -41.774  59.491 0.0000000000
45552  -20.581  -42.853  57.655 0.0000000000
49627  -33.637  -38.203  60.574 0.0000000000
49649  -32.197  -38.069  59.391 0.0000000000
49672  -30.895  -38.263  58.373 0.0000000000
48599  -31.400  -39.212  56.753 0.0000000000
48587  -30.894  -39.155  57.319 0.0000000000
49715  -29.318  -38.531  56.930 0.0000000000
49714  -28.565  -38.441  56.589 0.0000000000
49725  -27.324  -38.425  55.677 0.0000000000
49734  -26.288  -38.404  54.435 0.0000000000
50890  -30.248  -38.543  52.101 0.0000000000
49758  -29.657  -38.935  52.389 0.0000000000
48635  -28.127  -39.042  52.536 0.0000000000
48624  -27.549  -38.826  53.139 0.0000000000
49755  -26.185  -38.760  52.726 0.0000000000
49744  -25.366  -38.522  53.192 0.0000000000
60028  -46.075  -29.421  53.583 0.0000000000
60000  -46.458  -29.496  54.387 0.0000000000
58837  -46.539  -30.552  54.766 0.0000000000
57714  -46.051  -31.110  54.026 0.0000000000
67074  -45.376  -23.229  41.777 0.0000000000
65934  -45.492  -23.751  40.290 0.0000000000
67095  -46.014  -23.350  40.891 0.0000000000
51848  -33.855  -36.557  63.270 0.0000000000
49583  -33.883  -37.069  61.934 0.0000000000
55511  -41.770  -33.538  43.600 0.0000000000
55512  -42.125  -33.087  44.050 0.0000000000
62497  -50.011  -27.843  48.584 0.0000000000
61388  -49.124  -28.460  47.574 0.0000000000
62515  -49.566  -27.601  48.233 0.0000000000
63642  -48.975  -27.237  47.839 0.0000000000
63643  -49.437  -27.189  48.272 0.0000000000
49681  -42.757  -37.877  58.807 0.0000000000
49704  -42.397  -37.841  58.215 0.0000000000
53175  -38.227  -34.653  46.285 0.0000000000
56684  -41.540  -32.479  43.209 0.0000000000
55537  -41.298  -33.419  42.594 0.0000000000
72763  -55.790  -18.325  44.878 0.0000000000
72762  -55.366  -18.716  45.145 0.0000000000
72781  -55.270  -18.587  44.342 0.0000000000
47522  -25.948  -39.775  65.454 0.0000000000
47529  -26.056  -39.899  64.424 0.0000000000
49722  -24.442  -38.472  54.763 0.0000000000
51983  -33.150  -37.268  52.757 0.0000000000
50882  -32.714  -37.662  53.196 0.0000000000
50893  -32.688  -37.411  52.453 0.0000000000
60137  -43.334  -28.852  48.322 0.0000000000
61384  -44.122  -28.659  48.134 0.0000000000
61365  -44.046  -28.595  48.920 0.0000000000
62419  -47.738  -27.668  51.914 0.0000000000
62459  -48.020  -28.010  50.737 0.0000000000
62437  -48.432  -27.970  51.150 0.0000000000
61284  -48.960  -28.247  50.803 0.0000000000
51979  -45.621  -35.561  55.323 0.0000000000
53074  -45.557  -35.377  54.692 0.0000000000
55421  -42.280  -33.518  51.285 0.0000000000
54208  -41.983  -34.151  50.993 0.0000000000
55430  -41.746  -33.571  50.641 0.0000000000
54214  -40.971  -34.265  49.691 0.0000000000
55429  -41.252  -33.588  49.960 0.0000000000
56630  -40.715  -33.177  48.986 0.0000000000
60122  -43.495  -29.187  49.482 0.0000000000
60151  -42.581  -29.257  47.583 0.0000000000
50668  -29.437  -36.597  63.868 0.0000000000
50688  -28.852  -37.158  63.465 0.0000000000
50689  -29.407  -36.645  62.947 0.0000000000
50789  -29.581  -37.227  58.618 0.0000000000
50811  -29.411  -37.467  57.965 0.0000000000
50810  -28.738  -37.525  57.741 0.0000000000
57796  -45.781  -32.189  47.442 0.0000000000
56641  -46.189  -32.965  47.476 0.0000000000
58981  -45.766  -30.476  44.724 0.0000000000
57829  -45.667  -31.588  44.807 0.0000000000
64727  -45.326  -25.640  46.956 0.0000000000
64736  -44.640  -25.647  46.009 0.0000000000
64726  -44.742  -25.363  46.511 0.0000000000
65869  -44.183  -24.700  45.527 0.0000000000
65859  -44.509  -24.722  46.444 0.0000000000
48503  -37.862  -38.670  61.839 0.0000000000
48516  -37.201  -38.871  61.381 0.0000000000
50838  -38.188  -36.887  56.477 0.0000000000
51943  -37.649  -36.750  56.154 0.0000000000
50895  -41.561  -36.824  52.693 0.0000000000
53105  -35.846  -35.448  50.108 0.0000000000
57835  -38.582  -31.264  43.946 0.0000000000
66900  -50.819  -23.367  55.611 0.0000000000
71469  -49.832  -19.700  54.645 0.0000000000
71468  -49.648  -20.095  54.612 0.0000000000
69105  -49.437  -21.222  54.596 0.0000000000
69116  -49.054  -21.695  54.087 0.0000000000
68011  -48.856  -22.126  53.588 0.0000000000
70245  -48.566  -20.809  53.485 0.0000000000
69168  -49.496  -21.297  49.700 0.0000000000
68073  -48.759  -21.850  48.474 0.0000000000
69202  -49.265  -21.788  48.468 0.0000000000
72661  -54.558  -18.702  48.966 0.0000000000
71540  -54.458  -19.232  49.204 0.0000000000
70307  -54.560  -19.423  48.883 0.0000000000
69236  -51.404  -21.418  44.953 0.0000000000
68124  -50.535  -21.855  44.795 0.0000000000
68137  -51.469  -22.233  43.670 0.0000000000
64756  -53.578  -25.411  43.079 0.0000000000
63685  -54.270  -26.234  43.087 0.0000000000
70420  -58.047  -20.135  42.493 0.0000000000
70401  -57.824  -20.622  42.785 0.0000000000
70402  -58.233  -21.171  42.772 0.0000000000
45498  -22.224  -41.878  65.416 0.0000000000
45537  -21.873  -42.160  61.646 0.0000000000
44501  -21.856  -43.189  54.626 0.0000000000
48591  -34.098  -38.718  58.450 0.0000000000
48590  -33.496  -38.819  58.051 0.0000000000
48627  -29.996  -39.217  53.820 0.0000000000
48618  -30.130  -39.165  54.766 0.0000000000
48626  -29.122  -39.242  53.631 0.0000000000
60084  -44.890  -29.181  51.444 0.0000000000
61279  -44.604  -29.038  50.839 0.0000000000
61248  -46.199  -28.504  52.956 0.0000000000
62400  -46.882  -27.732  52.486 0.0000000000
55387  -46.996  -33.173  55.059 0.0000000000
55386  -46.387  -33.563  54.531 0.0000000000
56607  -44.810  -31.836  52.985 0.0000000000
56606  -44.125  -32.522  52.772 0.0000000000
56618  -43.263  -32.491  52.063 0.0000000000
56619  -43.792  -31.831  52.195 0.0000000000
57745  -43.238  -31.625  51.590 0.0000000000
57746  -43.960  -31.152  51.877 0.0000000000
60054  -44.653  -29.882  51.864 0.0000000000
58886  -44.071  -30.385  51.597 0.0000000000
60083  -44.192  -29.622  51.116 0.0000000000
64820  -45.441  -25.049  38.165 0.0000000000
65954  -48.743  -24.879  39.502 0.0000000000
51862  -31.846  -36.175  62.647 0.0000000000
50736  -32.368  -36.883  61.196 0.0000000000
50757  -30.989  -36.831  60.236 0.0000000000
49625  -31.622  -37.452  59.798 0.0000000000
53225  -41.925  -35.502  44.056 0.0000000000
57787  -48.078  -31.103  47.790 0.0000000000
57799  -47.855  -31.425  47.230 0.0000000000
57788  -48.375  -30.759  47.461 0.0000000000
60175  -48.429  -29.299  46.762 0.0000000000
57811  -47.903  -30.520  46.631 0.0000000000
58960  -47.462  -30.131  46.261 0.0000000000
58971  -46.659  -30.323  45.633 0.0000000000
60185  -46.862  -29.337  45.381 0.0000000000
61419  -46.504  -28.630  44.989 0.0000000000
61412  -47.504  -28.626  45.858 0.0000000000
63640  -47.431  -26.636  47.282 0.0000000000
63655  -47.093  -27.166  46.466 0.0000000000
64728  -46.528  -26.434  46.973 0.0000000000
49653  -40.164  -38.459  59.725 0.0000000000
49652  -39.167  -38.419  59.689 0.0000000000
50818  -40.418  -37.665  57.496 0.0000000000
50792  -39.651  -37.849  58.218 0.0000000000
50945  -40.062  -36.235  49.176 0.0000000000
50934  -40.074  -36.601  49.993 0.0000000000
53157  -37.672  -35.273  47.400 0.0000000000
52074  -38.158  -35.713  48.267 0.0000000000
53138  -37.434  -35.406  48.224 0.0000000000
53118  -37.227  -35.523  49.105 0.0000000000
53155  -35.796  -34.859  47.599 0.0000000000
54229  -36.025  -34.709  46.853 0.0000000000
58988  -40.462  -30.707  44.198 0.0000000000
57836  -39.635  -30.852  43.807 0.0000000000
57837  -40.536  -30.876  43.464 0.0000000000
72594  -51.240  -18.088  53.316 0.0000000000
72602  -50.834  -18.907  52.698 0.0000000000
71489  -52.646  -19.063  52.038 0.0000000000
71488  -51.884  -19.164  52.195 0.0000000000
71503  -52.356  -19.618  51.598 0.0000000000
70269  -51.837  -20.179  51.087 0.0000000000
72729  -56.037  -18.199  46.487 0.0000000000
72708  -55.840  -18.171  46.802 0.0000000000
71576  -55.761  -18.578  47.093 0.0000000000
71574  -55.111  -19.532  47.440 0.0000000000
71594  -55.083  -19.496  46.796 0.0000000000
71634  -53.789  -19.451  44.116 0.0000000000
70368  -52.684  -20.552  44.813 0.0000000000
70383  -52.661  -20.760  43.946 0.0000000000
69246  -52.305  -21.518  43.685 0.0000000000
70396  -52.794  -21.031  43.417 0.0000000000
69248  -54.210  -21.587  43.070 0.0000000000
68140  -54.967  -22.589  43.627 0.0000000000
70458  -58.529  -20.338  41.049 0.0000000000
69289  -58.430  -21.288  41.805 0.0000000000
46523  -24.489  -40.583  66.180 0.0000000000
46531  -23.483  -41.225  65.303 0.0000000000
46557  -23.235  -41.277  62.473 0.0000000000
48585  -24.837  -38.841  57.750 0.0000000000
48568  -24.432  -39.192  58.138 0.0000000000
48584  -24.453  -39.006  57.215 0.0000000000
48605  -23.410  -38.996  54.938 0.0000000000
48593  -22.829  -39.636  55.579 0.0000000000
47605  -22.231  -40.306  55.263 0.0000000000
47608  -22.300  -40.682  54.338 0.0000000000
48613  -22.707  -40.016  53.721 0.0000000000
47622  -23.757  -40.334  52.741 0.0000000000
47611  -23.403  -40.763  53.137 0.0000000000
50854  -33.005  -37.926  54.867 0.0000000000
50869  -31.957  -38.587  53.967 0.0000000000
50880  -31.103  -38.651  52.904 0.0000000000
58969  -42.966  -31.290  45.372 0.0000000000
60153  -44.773  -29.986  46.982 0.0000000000
58939  -45.378  -31.189  47.180 0.0000000000
60154  -46.003  -30.285  47.466 0.0000000000
61310  -45.387  -28.269  50.210 0.0000000000
61339  -45.577  -28.213  49.316 0.0000000000
61341  -47.645  -28.559  49.194 0.0000000000
60138  -47.424  -29.713  48.238 0.0000000000
60155  -47.037  -30.253  47.898 0.0000000000
58942  -47.677  -30.700  48.179 0.0000000000
61370  -48.247  -29.477  48.584 0.0000000000
61315  -49.943  -28.529  50.189 0.0000000000
61343  -49.436  -28.858  49.502 0.0000000000
61344  -50.103  -28.650  49.435 0.0000000000
61316  -50.581  -28.215  50.269 0.0000000000
50844  -43.686  -36.704  56.700 0.0000000000
50866  -44.258  -36.343  56.031 0.0000000000
51977  -44.249  -36.505  54.303 0.0000000000
50887  -43.092  -36.944  53.601 0.0000000000
50897  -43.219  -36.714  52.862 0.0000000000
54189  -44.627  -34.491  53.388 0.0000000000
53082  -44.768  -35.276  53.645 0.0000000000
53089  -44.225  -35.111  53.069 0.0000000000
52018  -43.328  -35.827  52.357 0.0000000000
52017  -42.502  -36.088  51.632 0.0000000000
52030  -41.722  -36.056  50.751 0.0000000000
50919  -41.237  -36.491  50.445 0.0000000000
54219  -40.284  -34.330  48.424 0.0000000000
53139  -40.509  -35.087  48.942 0.0000000000
53160  -39.904  -34.911  48.036 0.0000000000
53159  -39.143  -34.980  47.300 0.0000000000
54231  -39.473  -34.243  47.105 0.0000000000
56639  -39.658  -32.790  46.980 0.0000000000
57794  -39.880  -32.336  47.168 0.0000000000
57805  -39.573  -31.948  46.599 0.0000000000
57806  -40.019  -31.507  46.947 0.0000000000
57774  -42.178  -31.331  50.138 0.0000000000
58904  -41.799  -31.196  49.548 0.0000000000
58938  -41.225  -30.296  47.534 0.0000000000
60171  -42.578  -29.729  46.394 0.0000000000
60184  -41.990  -29.925  45.758 0.0000000000
58968  -42.380  -30.595  45.189 0.0000000000
75176  -57.446  -16.802  42.972 0.0000000000
73981  -57.533  -17.495  42.397 0.0000000000
73982  -57.873  -17.582  41.716 0.0000000000
74000  -58.152  -17.581  40.891 0.0000000000
49540  -27.672  -38.067  64.648 0.0000000000
49557  -27.651  -38.236  63.615 0.0000000000
49581  -27.465  -38.271  62.487 0.0000000000
49602  -27.684  -37.693  61.268 0.0000000000
51879  -29.607  -36.514  61.527 0.0000000000
50712  -29.304  -36.677  62.090 0.0000000000
51878  -29.286  -36.654  61.222 0.0000000000
50771  -27.686  -37.428  59.425 0.0000000000
50754  -28.119  -37.215  60.320 0.0000000000
49646  -27.144  -37.782  59.983 0.0000000000
49644  -26.148  -38.156  58.876 0.0000000000
50786  -27.091  -37.710  58.681 0.0000000000
49712  -26.443  -38.249  56.408 0.0000000000
54252  -44.709  -35.235  46.166 0.0000000000
54275  -44.019  -35.125  46.045 0.0000000000
53194  -44.420  -35.738  45.691 0.0000000000
55447  -46.983  -33.051  46.720 0.0000000000
55455  -46.655  -33.782  46.578 0.0000000000
54255  -46.527  -33.921  45.994 0.0000000000
55491  -45.523  -33.340  44.843 0.0000000000
62543  -45.916  -27.694  44.734 0.0000000000
62542  -45.233  -27.389  44.310 0.0000000000
65885  -43.104  -24.834  43.362 0.0000000000
67027  -44.522  -23.826  45.000 0.0000000000
65886  -43.768  -24.114  43.681 0.0000000000
67037  -44.579  -23.667  44.029 0.0000000000
49585  -35.384  -37.953  62.080 0.0000000000
48500  -35.839  -38.262  61.956 0.0000000000
48555  -36.085  -38.748  60.120 0.0000000000
49676  -37.849  -37.949  58.861 0.0000000000
49650  -37.403  -38.224  59.476 0.0000000000
50814  -36.303  -37.319  57.427 0.0000000000
49701  -36.454  -37.682  58.266 0.0000000000
50813  -35.332  -37.488  57.260 0.0000000000
51956  -35.960  -36.608  54.874 0.0000000000
50856  -35.025  -37.111  55.348 0.0000000000
51955  -35.246  -36.757  54.484 0.0000000000
51971  -34.943  -36.665  53.743 0.0000000000
50842  -42.061  -37.577  56.572 0.0000000000
50884  -40.568  -36.762  54.056 0.0000000000
50874  -41.144  -37.186  54.803 0.0000000000
52029  -39.535  -36.464  50.238 0.0000000000
52014  -39.759  -36.427  51.304 0.0000000000
52012  -37.390  -35.841  51.603 0.0000000000
52000  -38.079  -35.961  52.526 0.0000000000
51988  -37.458  -36.040  53.477 0.0000000000
51998  -36.046  -35.877  52.341 0.0000000000
52009  -34.095  -36.114  51.203 0.0000000000
54295  -37.629  -33.516  44.488 0.0000000000
50640  -28.054  -37.316  66.360 0.0000000000
52957  -31.129  -35.444  65.030 0.0000000000
50692  -35.751  -36.960  63.099 0.0000000000
50671  -35.974  -36.782  63.679 0.0000000000
49563  -37.808  -37.705  62.697 0.0000000000
49547  -40.193  -37.547  63.210 0.0000000000
49565  -39.646  -37.871  62.826 0.0000000000
49590  -39.924  -38.233  62.222 0.0000000000
49591  -40.989  -38.214  62.101 0.0000000000
49610  -41.326  -38.365  61.294 0.0000000000
49611  -42.281  -38.123  61.122 0.0000000000
49633  -42.661  -38.130  60.322 0.0000000000
49658  -43.980  -37.210  59.718 0.0000000000
50776  -44.224  -36.894  59.356 0.0000000000
50797  -44.151  -36.798  58.536 0.0000000000
50798  -44.686  -36.471  58.718 0.0000000000
53030  -45.936  -35.383  58.108 0.0000000000
53043  -46.020  -35.257  57.359 0.0000000000
58818  -47.474  -30.725  56.033 0.0000000000
61202  -47.295  -28.930  56.446 0.0000000000
61235  -46.750  -28.632  54.809 0.0000000000
63553  -47.931  -26.792  53.996 0.0000000000
63536  -48.529  -26.376  54.428 0.0000000000
65769  -50.129  -24.442  55.558 0.0000000000
64628  -49.817  -25.084  55.215 0.0000000000
63524  -50.042  -25.773  54.650 0.0000000000
63537  -49.558  -26.310  54.289 0.0000000000
62403  -50.204  -27.091  52.985 0.0000000000
63556  -50.614  -26.520  53.514 0.0000000000
64650  -51.620  -25.506  53.184 0.0000000000
63574  -51.232  -26.322  52.756 0.0000000000
63590  -51.492  -25.873  52.376 0.0000000000
64673  -51.477  -25.710  52.171 0.0000000000
70227  -50.223  -20.552  55.625 0.0000000000
67993  -50.816  -22.729  55.326 0.0000000000
68003  -50.660  -22.646  54.756 0.0000000000
66932  -50.123  -23.099  53.434 0.0000000000
66944  -50.436  -23.731  52.901 0.0000000000
65810  -50.290  -24.563  51.647 0.0000000000
64671  -50.461  -25.037  51.150 0.0000000000
64670  -49.966  -24.753  51.176 0.0000000000
64684  -49.473  -24.986  50.550 0.0000000000
65822  -49.076  -24.543  50.961 0.0000000000
66954  -47.295  -23.139  51.645 0.0000000000
65820  -47.612  -24.384  50.550 0.0000000000
66968  -47.195  -23.866  50.948 0.0000000000
65831  -46.509  -24.546  49.455 0.0000000000
66967  -46.699  -23.288  50.728 0.0000000000
70267  -49.624  -20.052  51.760 0.0000000000
70266  -48.511  -20.574  52.005 0.0000000000
68060  -47.312  -21.951  49.688 0.0000000000
68059  -46.807  -22.492  49.086 0.0000000000
66989  -46.174  -22.961  48.516 0.0000000000
67002  -46.253  -22.751  47.664 0.0000000000
68099  -46.774  -22.550  46.069 0.0000000000
68113  -46.709  -22.713  45.086 0.0000000000
68114  -47.670  -22.564  45.329 0.0000000000
70292  -53.792  -19.866  49.973 0.0000000000
70304  -52.762  -20.970  49.635 0.0000000000
70303  -51.838  -21.082  49.737 0.0000000000
69171  -52.160  -21.379  49.104 0.0000000000
70335  -54.130  -20.453  47.271 0.0000000000
70320  -54.072  -20.565  48.141 0.0000000000
69207  -53.501  -20.853  47.621 0.0000000000
69225  -50.967  -21.655  46.327 0.0000000000
69220  -50.829  -21.794  47.097 0.0000000000
69204  -50.816  -21.788  47.945 0.0000000000
68102  -49.918  -22.000  46.847 0.0000000000
68135  -49.369  -22.709  43.674 0.0000000000
68134  -48.403  -22.769  43.692 0.0000000000
68154  -48.263  -22.752  42.932 0.0000000000
67058  -48.934  -23.043  42.255 0.0000000000
67079  -50.316  -23.799  41.931 0.0000000000
67078  -49.603  -23.658  41.689 0.0000000000
65918  -50.365  -24.516  41.306 0.0000000000
64769  -52.569  -25.351  42.337 0.0000000000
64781  -51.347  -25.264  41.384 0.0000000000
71654  -56.138  -19.228  42.969 0.0000000000
70400  -56.835  -20.429  42.985 0.0000000000
68142  -56.965  -22.403  43.902 0.0000000000
68126  -56.444  -23.257  44.301 0.0000000000
67032  -56.801  -24.085  44.582 0.0000000000
68157  -58.211  -22.623  42.605 0.0000000000
68144  -58.236  -22.886  43.465 0.0000000000
67065  -58.125  -23.745  43.272 0.0000000000
64751  -57.267  -25.397  44.309 0.0000000000
64750  -56.631  -25.634  44.468 0.0000000000
45506  -22.355  -41.961  64.593 0.0000000000
44438  -20.852  -43.122  62.047 0.0000000000
44431  -21.036  -42.997  62.835 0.0000000000
44440  -20.224  -43.610  60.469 0.0000000000
43335  -20.099  -44.488  58.140 0.0000000000
47545  -25.832  -39.763  62.827 0.0000000000
47544  -25.517  -39.802  62.272 0.0000000000
47553  -23.923  -40.200  60.795 0.0000000000
46570  -23.425  -40.794  61.364 0.0000000000
46582  -23.300  -40.528  60.525 0.0000000000
48567  -23.752  -39.575  57.683 0.0000000000
47590  -23.027  -40.160  58.179 0.0000000000
47589  -22.351  -40.657  58.219 0.0000000000
46590  -21.967  -41.093  58.604 0.0000000000
46586  -22.096  -41.296  59.594 0.0000000000
46589  -21.505  -41.668  58.946 0.0000000000
45549  -20.995  -42.217  58.363 0.0000000000
45599  -22.965  -42.159  53.800 0.0000000000
45578  -23.295  -42.814  54.183 0.0000000000
49628  -34.143  -38.509  60.674 0.0000000000
48550  -31.751  -38.452  58.627 0.0000000000
48571  -31.278  -38.910  58.032 0.0000000000
49716  -32.417  -38.682  56.265 0.0000000000
48600  -32.317  -39.061  56.949 0.0000000000
48611  -31.784  -38.979  56.188 0.0000000000
48598  -30.574  -39.179  56.525 0.0000000000
48586  -30.068  -38.865  57.075 0.0000000000
48596  -28.932  -38.896  55.882 0.0000000000
48616  -28.374  -39.039  54.342 0.0000000000
49736  -28.001  -38.771  55.158 0.0000000000
49735  -27.321  -38.600  54.665 0.0000000000
49766  -29.711  -38.572  51.716 0.0000000000
49765  -28.916  -38.899  51.481 0.0000000000
48651  -27.991  -39.208  51.661 0.0000000000
48652  -28.629  -39.079  52.111 0.0000000000
48634  -27.140  -39.020  52.335 0.0000000000
49754  -25.400  -38.973  52.434 0.0000000000
58874  -45.104  -30.143  52.528 0.0000000000
60027  -45.629  -29.426  52.828 0.0000000000
56587  -45.923  -32.185  54.002 0.0000000000
57729  -45.028  -31.049  52.773 0.0000000000
67093  -44.501  -23.711  41.037 0.0000000000
65933  -44.716  -23.774  40.588 0.0000000000
65951  -45.861  -24.168  39.463 0.0000000000
65961  -46.143  -24.651  38.725 0.0000000000
65962  -46.815  -24.796  38.629 0.0000000000
65936  -47.857  -23.938  40.086 0.0000000000
51847  -33.209  -36.275  63.479 0.0000000000
51863  -32.711  -36.369  62.719 0.0000000000
50714  -33.182  -36.823  61.941 0.0000000000
49604  -32.945  -37.272  60.996 0.0000000000
54296  -42.021  -34.639  44.295 0.0000000000
58925  -49.055  -29.637  47.830 0.0000000000
58943  -48.646  -29.946  47.329 0.0000000000
58944  -49.039  -29.464  47.626 0.0000000000
60157  -48.906  -29.146  47.359 0.0000000000
61401  -48.510  -28.529  46.954 0.0000000000
62524  -47.762  -27.851  46.488 0.0000000000
62525  -48.594  -27.788  47.307 0.0000000000
63641  -48.277  -26.859  47.554 0.0000000000
49654  -41.234  -38.447  59.630 0.0000000000
49679  -40.787  -38.327  58.913 0.0000000000
50794  -41.154  -38.174  58.360 0.0000000000
52076  -39.277  -35.540  48.075 0.0000000000
54230  -36.430  -34.802  46.750 0.0000000000
53173  -36.612  -34.845  46.382 0.0000000000
53189  -36.154  -34.668  45.672 0.0000000000
57838  -41.350  -31.368  43.577 0.0000000000
57852  -41.182  -31.962  42.858 0.0000000000
56700  -40.863  -32.091  42.318 0.0000000000
72728  -56.017  -18.403  46.216 0.0000000000
71617  -55.531  -19.042  46.273 0.0000000000
72744  -55.450  -18.833  45.543 0.0000000000
70397  -53.388  -20.463  43.243 0.0000000000
71652  -53.994  -19.714  43.220 0.0000000000
70398  -54.416  -20.499  42.932 0.0000000000
70399  -55.685  -20.357  42.997 0.0000000000
46549  -24.940  -40.491  63.478 0.0000000000
49692  -24.870  -38.658  56.530 0.0000000000
48595  -24.235  -38.962  56.289 0.0000000000
48606  -24.052  -38.796  55.547 0.0000000000
48614  -23.094  -39.166  53.894 0.0000000000
48623  -23.320  -39.741  53.008 0.0000000000
48630  -23.985  -39.826  52.480 0.0000000000
50871  -33.407  -37.465  54.133 0.0000000000
60172  -43.600  -30.025  46.465 0.0000000000
61385  -44.850  -28.842  47.708 0.0000000000
61282  -46.787  -27.957  50.666 0.0000000000
62458  -47.787  -28.038  50.530 0.0000000000
61342  -48.591  -28.957  49.206 0.0000000000
61285  -49.692  -28.267  50.843 0.0000000000
51944  -44.911  -35.955  56.495 0.0000000000
51962  -44.938  -36.017  55.598 0.0000000000
51991  -44.423  -36.142  53.806 0.0000000000
54198  -43.672  -34.184  52.594 0.0000000000
54204  -43.662  -34.635  52.570 0.0000000000
54203  -43.221  -34.397  52.173 0.0000000000
53108  -42.065  -34.858  51.020 0.0000000000
53107  -41.555  -35.365  50.404 0.0000000000
54213  -40.628  -34.457  49.137 0.0000000000
55435  -40.496  -33.649  48.740 0.0000000000
55440  -40.182  -33.534  48.051 0.0000000000
56635  -40.564  -32.712  48.435 0.0000000000
56636  -40.976  -32.225  48.791 0.0000000000
58921  -42.258  -30.041  49.014 0.0000000000
60150  -41.890  -29.741  48.029 0.0000000000
60170  -41.741  -29.590  47.023 0.0000000000
50756  -30.056  -36.694  60.175 0.0000000000
50755  -29.023  -36.735  60.441 0.0000000000
50787  -27.789  -37.534  58.331 0.0000000000
49670  -27.272  -37.730  58.220 0.0000000000
50809  -28.203  -37.692  57.666 0.0000000000
56650  -44.285  -33.196  46.621 0.0000000000
54253  -45.362  -34.839  46.308 0.0000000000
56661  -46.533  -32.302  45.792 0.0000000000
55471  -46.376  -32.925  45.657 0.0000000000
56660  -46.057  -32.339  45.292 0.0000000000
56672  -45.573  -32.450  44.801 0.0000000000
63677  -44.879  -26.921  44.513 0.0000000000
63665  -45.046  -26.521  45.340 0.0000000000
64746  -43.766  -25.748  44.252 0.0000000000
65876  -43.548  -25.097  44.177 0.0000000000
48501  -36.316  -38.418  61.915 0.0000000000
48515  -36.374  -38.738  61.440 0.0000000000
48534  -36.618  -38.877  60.764 0.0000000000
48577  -36.361  -38.528  59.708 0.0000000000
50790  -37.937  -37.569  58.081 0.0000000000
50858  -36.691  -36.818  56.048 0.0000000000
50875  -42.025  -37.297  54.624 0.0000000000
52046  -37.991  -35.816  49.818 0.0000000000
52027  -37.824  -35.839  50.740 0.0000000000
53095  -37.160  -35.711  50.904 0.0000000000
52011  -36.619  -35.798  51.878 0.0000000000
53093  -35.372  -35.632  50.801 0.0000000000
56669  -38.166  -32.622  44.823 0.0000000000
50654  -36.486  -36.501  64.207 0.0000000000
51815  -36.979  -36.139  64.409 0.0000000000
49567  -41.639  -37.824  62.457 0.0000000000
51911  -45.116  -36.119  58.843 0.0000000000
63513  -47.383  -26.481  56.894 0.0000000000
64612  -47.421  -25.502  57.360 0.0000000000
64617  -47.687  -25.200  56.076 0.0000000000
65770  -50.663  -24.577  55.201 0.0000000000
64640  -50.959  -25.785  54.204 0.0000000000
65771  -51.256  -24.502  54.739 0.0000000000
64631  -51.700  -24.937  54.089 0.0000000000
65781  -51.726  -24.760  53.924 0.0000000000
71470  -50.112  -19.394  55.096 0.0000000000
70237  -50.013  -20.836  55.265 0.0000000000
68002  -50.484  -22.598  54.561 0.0000000000
69106  -50.087  -21.912  54.857 0.0000000000
68012  -49.538  -22.571  53.659 0.0000000000
66943  -49.278  -23.178  52.831 0.0000000000
66956  -49.175  -23.918  51.965 0.0000000000
66942  -47.998  -22.963  52.439 0.0000000000
68022  -47.580  -22.270  52.245 0.0000000000
70288  -49.972  -20.532  50.850 0.0000000000
69154  -48.269  -20.921  50.933 0.0000000000
69167  -48.585  -21.284  49.983 0.0000000000
69184  -48.041  -21.606  49.507 0.0000000000
68072  -47.933  -21.997  48.620 0.0000000000
68084  -47.897  -22.254  47.400 0.0000000000
71524  -54.242  -19.129  49.638 0.0000000000
70293  -54.060  -19.587  49.736 0.0000000000
70305  -53.726  -20.590  49.195 0.0000000000
69222  -52.339  -21.039  46.372 0.0000000000
69226  -51.536  -21.332  45.912 0.0000000000
68117  -50.403  -21.841  45.980 0.0000000000
67040  -49.603  -22.988  43.066 0.0000000000
67041  -50.149  -23.070  43.079 0.0000000000
67060  -50.625  -23.603  42.483 0.0000000000
64755  -53.012  -25.144  42.820 0.0000000000
63698  -53.209  -26.244  42.003 0.0000000000
71669  -57.499  -18.896  42.457 0.0000000000
68143  -57.791  -22.524  43.812 0.0000000000
65906  -57.686  -24.470  43.200 0.0000000000
45526  -22.626  -41.761  63.014 0.0000000000
45525  -21.788  -42.395  62.836 0.0000000000
45536  -21.265  -42.746  61.840 0.0000000000
44441  -20.725  -43.283  61.170 0.0000000000
44444  -20.613  -43.100  60.240 0.0000000000
45543  -20.353  -43.068  59.426 0.0000000000
48511  -25.817  -39.420  61.669 0.0000000000
47555  -25.220  -39.751  61.356 0.0000000000
47570  -25.013  -39.723  60.774 0.0000000000
47600  -22.386  -40.223  56.322 0.0000000000
47595  -22.312  -40.549  57.409 0.0000000000
45553  -20.945  -42.128  57.379 0.0000000000
43380  -21.267  -44.242  55.257 0.0000000000
43404  -21.581  -43.650  54.897 0.0000000000
43405  -22.034  -43.945  54.699 0.0000000000
48553  -34.219  -38.922  59.711 0.0000000000
48552  -33.383  -38.798  59.385 0.0000000000
48573  -32.999  -38.824  58.553 0.0000000000
48619  -30.941  -39.073  55.008 0.0000000000
48610  -31.096  -39.215  55.945 0.0000000000
48608  -29.540  -39.088  55.379 0.0000000000
48615  -27.719  -38.862  53.858 0.0000000000
60123  -44.200  -28.819  49.816 0.0000000000
61309  -44.677  -28.689  50.289 0.0000000000
61281  -46.095  -28.103  51.051 0.0000000000
61260  -45.533  -28.683  51.675 0.0000000000
62418  -46.859  -27.874  51.593 0.0000000000
54173  -46.673  -34.500  55.394 0.0000000000
53084  -45.950  -34.790  54.637 0.0000000000
54191  -45.933  -34.246  54.329 0.0000000000
54190  -45.285  -34.373  53.841 0.0000000000
55400  -44.938  -33.689  53.550 0.0000000000
55414  -43.944  -33.619  52.830 0.0000000000
56605  -43.526  -33.181  52.449 0.0000000000
56617  -42.587  -32.725  51.501 0.0000000000
56625  -42.042  -32.822  50.900 0.0000000000
57759  -41.915  -32.385  50.541 0.0000000000
57760  -42.424  -31.904  50.892 0.0000000000
58885  -43.499  -30.824  51.293 0.0000000000
58895  -43.087  -30.474  50.576 0.0000000000
60105  -43.585  -29.745  50.428 0.0000000000
64822  -47.479  -25.050  38.481 0.0000000000
51844  -30.251  -36.144  63.392 0.0000000000
51880  -30.574  -36.344  61.668 0.0000000000
51881  -31.535  -36.402  61.830 0.0000000000
51897  -30.322  -36.522  60.885 0.0000000000
50774  -30.729  -37.157  59.497 0.0000000000
49647  -30.446  -37.525  58.771 0.0000000000
56642  -46.815  -32.647  47.387 0.0000000000
56643  -47.342  -32.412  47.108 0.0000000000
56652  -47.008  -32.182  46.499 0.0000000000
57800  -48.239  -30.719  46.935 0.0000000000
57810  -47.612  -31.065  46.662 0.0000000000
57809  -47.035  -31.239  46.357 0.0000000000
57819  -46.605  -31.442  45.865 0.0000000000
58970  -46.276  -30.945  45.404 0.0000000000
60188  -45.963  -29.471  44.537 0.0000000000
60195  -45.595  -29.521  44.022 0.0000000000
61418  -46.094  -28.710  44.503 0.0000000000
62532  -46.297  -27.500  45.274 0.0000000000
62523  -47.280  -27.584  46.185 0.0000000000
63666  -46.008  -27.063  45.492 0.0000000000
63654  -46.145  -26.672  46.308 0.0000000000
64715  -45.788  -25.142  48.065 0.0000000000
48518  -38.666  -38.742  61.098 0.0000000000
48536  -38.329  -38.708  60.591 0.0000000000
49629  -38.722  -38.575  60.161 0.0000000000
49677  -38.884  -38.104  58.932 0.0000000000
50860  -39.044  -36.846  55.922 0.0000000000
50918  -40.711  -36.661  50.655 0.0000000000
50906  -40.596  -36.645  51.624 0.0000000000
52047  -38.798  -36.184  49.591 0.0000000000
52065  -38.804  -36.047  48.824 0.0000000000
53136  -35.508  -35.127  48.428 0.0000000000
54248  -35.664  -34.641  46.053 0.0000000000
57849  -38.950  -30.997  42.917 0.0000000000
57865  -39.516  -31.194  42.033 0.0000000000
57866  -40.312  -31.565  42.133 0.0000000000
72584  -50.251  -18.695  54.049 0.0000000000
71478  -49.970  -19.178  53.667 0.0000000000
71485  -49.507  -19.588  53.280 0.0000000000
71500  -49.764  -19.622  52.497 0.0000000000
71501  -50.502  -19.626  52.062 0.0000000000
69169  -50.517  -21.288  49.548 0.0000000000
72683  -54.969  -18.595  48.023 0.0000000000
70337  -54.851  -19.660  48.113 0.0000000000
70352  -54.074  -20.054  46.277 0.0000000000
71593  -54.656  -19.523  46.039 0.0000000000
70351  -52.974  -20.554  45.796 0.0000000000
69245  -51.675  -21.604  44.219 0.0000000000
68138  -52.729  -22.538  43.385 0.0000000000
69267  -53.640  -21.079  42.939 0.0000000000
65890  -54.649  -24.815  44.122 0.0000000000
68156  -57.914  -22.788  42.325 0.0000000000
46539  -23.064  -41.576  64.469 0.0000000000
48548  -25.578  -38.641  59.320 0.0000000000
48547  -24.661  -39.307  59.131 0.0000000000
46602  -21.921  -41.588  54.542 0.0000000000
46611  -22.478  -41.545  53.890 0.0000000000
46612  -23.203  -41.541  53.516 0.0000000000
49718  -33.949  -38.144  56.897 0.0000000000
49727  -32.106  -38.610  55.569 0.0000000000
49739  -32.432  -38.294  55.000 0.0000000000
49738  -31.783  -38.706  54.656 0.0000000000
49737  -31.171  -38.951  54.255 0.0000000000
49747  -30.163  -39.090  53.082 0.0000000000
56670  -42.373  -32.575  44.388 0.0000000000
57817  -43.260  -31.975  45.551 0.0000000000
57807  -43.926  -32.080  46.315 0.0000000000
57808  -44.825  -32.195  46.975 0.0000000000
61340  -46.605  -28.288  49.167 0.0000000000
61387  -46.472  -29.727  47.762 0.0000000000
58941  -47.305  -31.112  47.963 0.0000000000
58923  -47.986  -30.766  48.216 0.0000000000
60124  -49.074  -29.207  49.067 0.0000000000
60141  -49.306  -29.362  48.327 0.0000000000
60126  -49.800  -28.863  48.777 0.0000000000
61372  -50.202  -28.301  48.794 0.0000000000
62498  -50.503  -27.493  49.032 0.0000000000
50821  -43.227  -37.122  57.513 0.0000000000
50820  -42.461  -37.618  57.510 0.0000000000
50876  -42.880  -37.073  54.523 0.0000000000
51992  -45.032  -35.604  54.222 0.0000000000
50898  -43.824  -36.419  53.214 0.0000000000
52019  -43.797  -35.415  52.723 0.0000000000
52003  -43.521  -36.322  52.743 0.0000000000
50908  -42.464  -36.621  52.050 0.0000000000
50936  -40.888  -36.335  49.821 0.0000000000
52067  -40.209  -35.801  48.896 0.0000000000
52068  -40.666  -35.531  49.269 0.0000000000
53192  -37.899  -34.272  45.472 0.0000000000
54250  -38.447  -34.140  45.850 0.0000000000
55451  -38.597  -33.407  45.682 0.0000000000
55444  -39.807  -33.508  47.349 0.0000000000
55452  -39.062  -33.267  46.207 0.0000000000
56648  -38.930  -32.774  45.965 0.0000000000
57814  -38.938  -32.157  45.834 0.0000000000
57815  -39.269  -31.473  45.647 0.0000000000
57785  -41.308  -31.675  49.044 0.0000000000
57784  -40.850  -31.793  48.375 0.0000000000
58920  -41.595  -30.583  48.697 0.0000000000
58937  -40.846  -31.076  47.965 0.0000000000
58965  -39.857  -31.146  46.220 0.0000000000
58976  -39.820  -30.856  45.378 0.0000000000
58977  -40.501  -30.493  44.998 0.0000000000
58978  -41.307  -30.678  44.451 0.0000000000
57826  -41.653  -31.097  44.138 0.0000000000
57827  -42.064  -31.569  44.208 0.0000000000
73942  -56.745  -17.212  44.012 0.0000000000
72784  -57.018  -17.881  42.834 0.0000000000
73963  -57.166  -17.270  43.149 0.0000000000
72796  -57.138  -18.504  42.589 0.0000000000
71670  -57.937  -19.401  42.347 0.0000000000
71671  -58.395  -19.486  41.818 0.0000000000
71680  -58.560  -19.507  41.176 0.0000000000
71698  -58.526  -19.527  40.739 0.0000000000
72823  -58.294  -18.978  40.225 0.0000000000
48498  -26.352  -39.235  62.483 0.0000000000
48499  -26.966  -38.795  62.629 0.0000000000
49580  -26.935  -38.724  62.337 0.0000000000
48512  -26.325  -38.888  61.233 0.0000000000
48529  -26.255  -38.556  60.375 0.0000000000
49603  -28.261  -37.285  61.467 0.0000000000
50732  -28.343  -37.105  61.011 0.0000000000
48549  -26.006  -38.623  59.925 0.0000000000
49669  -26.692  -37.907  58.354 0.0000000000
49711  -25.546  -38.392  56.086 0.0000000000
49723  -25.460  -38.363  55.098 0.0000000000
51994  -32.400  -37.304  51.949 0.0000000000
55489  -42.256  -33.670  44.482 0.0000000000
54297  -42.504  -34.711  44.848 0.0000000000
55469  -43.742  -34.120  46.073 0.0000000000
54274  -43.150  -34.973  45.533 0.0000000000
53210  -42.587  -35.823  44.808 0.0000000000
55445  -46.467  -33.262  47.294 0.0000000000
53179  -45.457  -35.202  45.844 0.0000000000
54276  -46.004  -34.013  45.453 0.0000000000
53196  -45.549  -34.935  45.280 0.0000000000
63684  -44.431  -26.898  43.935 0.0000000000
65900  -43.613  -23.998  42.656 0.0000000000
67073  -44.347  -23.648  41.711 0.0000000000
67055  -45.839  -22.982  42.614 0.0000000000
49559  -35.056  -36.935  62.805 0.0000000000
49584  -34.595  -37.284  62.196 0.0000000000
48532  -34.695  -38.690  60.705 0.0000000000
48514  -35.508  -38.480  61.486 0.0000000000
48557  -37.717  -38.642  60.282 0.0000000000
48556  -37.036  -38.585  60.006 0.0000000000
49702  -37.258  -37.716  58.388 0.0000000000
49674  -35.661  -38.139  58.787 0.0000000000
49673  -35.028  -38.172  58.480 0.0000000000
49699  -34.432  -38.227  57.876 0.0000000000
50834  -34.388  -37.646  56.175 0.0000000000
51970  -34.087  -36.974  53.555 0.0000000000
51984  -33.743  -36.985  52.760 0.0000000000
50841  -41.104  -37.563  56.630 0.0000000000
50862  -40.726  -37.243  55.780 0.0000000000
50861  -39.834  -37.049  55.900 0.0000000000
51960  -39.521  -36.811  55.335 0.0000000000
51959  -38.889  -36.593  55.323 0.0000000000
52001  -39.257  -36.065  52.383 0.0000000000
51975  -38.595  -36.319  54.731 0.0000000000
51973  -36.717  -36.207  54.272 0.0000000000
51986  -35.456  -36.250  53.071 0.0000000000
51996  -33.971  -36.612  52.030 0.0000000000
60001  -46.786  -29.657  55.182 0.0000000000
59980  -47.175  -29.821  55.919 0.0000000000
47512  -24.429  -40.474  66.501 0.0000000000
47513  -25.121  -40.047  66.344 0.0000000000
47514  -25.852  -39.528  66.093 0.0000000000
48470  -26.370  -39.142  65.849 0.0000000000
49529  -27.729  -37.896  65.464 0.0000000000
49530  -28.236  -37.361  65.061 0.0000000000
50641  -28.501  -36.917  65.896 0.0000000000
50651  -29.353  -36.503  64.614 0.0000000000
51809  -30.436  -35.664  65.022 0.0000000000
51828  -30.945  -35.681  64.293 0.0000000000
51829  -31.920  -35.705  64.164 0.0000000000
50669  -34.639  -36.512  64.015 0.0000000000
49542  -36.408  -36.949  63.407 0.0000000000
49543  -36.884  -37.078  63.277 0.0000000000
49587  -37.022  -38.124  62.274 0.0000000000
49564  -38.715  -37.787  62.726 0.0000000000
49589  -38.778  -38.300  62.195 0.0000000000
48504  -38.473  -38.655  61.623 0.0000000000
49655  -42.245  -38.330  59.553 0.0000000000
49612  -43.081  -37.765  60.907 0.0000000000
49634  -43.386  -37.723  60.195 0.0000000000
49657  -43.650  -37.398  59.460 0.0000000000
50796  -43.461  -37.226  58.542 0.0000000000
51922  -45.008  -36.041  58.204 0.0000000000
51932  -44.916  -35.948  57.384 0.0000000000
51945  -45.468  -35.569  56.932 0.0000000000
53053  -46.158  -35.197  56.589 0.0000000000
53063  -46.369  -35.047  55.809 0.0000000000
53054  -46.605  -34.691  57.040 0.0000000000
53064  -46.732  -34.680  56.397 0.0000000000
54181  -47.019  -33.885  55.365 0.0000000000
56563  -47.041  -32.131  55.171 0.0000000000
57701  -47.015  -31.204  55.370 0.0000000000
62390  -47.058  -27.503  54.202 0.0000000000
62402  -49.305  -27.217  53.034 0.0000000000
65758  -47.597  -24.555  56.892 0.0000000000
64627  -48.573  -25.352  55.324 0.0000000000
64618  -48.974  -24.639  55.712 0.0000000000
62421  -49.779  -27.627  52.293 0.0000000000
62439  -50.139  -27.912  51.527 0.0000000000
62422  -50.500  -27.360  52.248 0.0000000000
63557  -51.081  -26.289  53.310 0.0000000000
62423  -50.934  -26.827  52.329 0.0000000000
62440  -50.767  -27.484  51.232 0.0000000000
62460  -50.960  -27.756  50.273 0.0000000000
63617  -51.022  -27.102  49.792 0.0000000000
63616  -50.693  -26.928  49.400 0.0000000000
66921  -51.161  -23.559  54.628 0.0000000000
66934  -51.588  -24.463  53.717 0.0000000000
68014  -50.684  -22.926  54.366 0.0000000000
65800  -51.317  -24.804  52.384 0.0000000000
64672  -51.196  -25.501  51.576 0.0000000000
64685  -50.534  -25.808  50.467 0.0000000000
63615  -50.170  -26.636  49.147 0.0000000000
64705  -48.785  -26.050  48.654 0.0000000000
64695  -48.378  -25.164  49.732 0.0000000000
65821  -48.492  -24.637  50.614 0.0000000000
65833  -47.968  -24.728  50.203 0.0000000000
64704  -47.559  -25.581  48.693 0.0000000000
64693  -46.651  -24.924  49.198 0.0000000000
64702  -45.893  -24.935  48.492 0.0000000000
65840  -45.688  -24.462  48.526 0.0000000000
70253  -48.497  -20.707  53.052 0.0000000000
69125  -47.676  -21.638  52.127 0.0000000000
68035  -47.160  -22.177  51.465 0.0000000000
68050  -47.078  -21.974  50.622 0.0000000000
68034  -46.771  -22.657  51.028 0.0000000000
66977  -46.216  -23.457  49.545 0.0000000000
66988  -45.783  -23.655  48.830 0.0000000000
65851  -45.146  -24.522  47.605 0.0000000000
67013  -44.945  -23.712  46.634 0.0000000000
67024  -45.062  -23.314  45.448 0.0000000000
68098  -45.801  -22.857  45.820 0.0000000000
68119  -45.925  -23.015  44.331 0.0000000000
67039  -46.290  -22.905  43.324 0.0000000000
68132  -47.021  -22.788  43.215 0.0000000000
70290  -52.306  -20.599  50.334 0.0000000000
70302  -51.204  -21.147  49.708 0.0000000000
70321  -54.527  -20.063  48.532 0.0000000000
69206  -52.600  -21.232  47.441 0.0000000000
69189  -52.373  -21.409  48.364 0.0000000000
69188  -51.513  -21.615  48.522 0.0000000000
69187  -50.654  -21.647  48.723 0.0000000000
69203  -49.943  -21.816  48.117 0.0000000000
68086  -49.792  -21.949  47.549 0.0000000000
68116  -49.641  -22.154  45.747 0.0000000000
68115  -48.660  -22.425  45.548 0.0000000000
68121  -47.582  -22.730  44.386 0.0000000000
68133  -47.565  -22.774  43.539 0.0000000000
67056  -46.981  -22.817  42.540 0.0000000000
67076  -47.550  -23.016  41.528 0.0000000000
67097  -47.983  -23.461  40.851 0.0000000000
65916  -48.613  -23.888  40.657 0.0000000000
65917  -49.365  -24.113  40.960 0.0000000000
65937  -49.051  -24.635  40.139 0.0000000000
64794  -49.459  -25.063  40.024 0.0000000000
64795  -50.101  -25.138  40.440 0.0000000000
67061  -51.282  -23.998  42.472 0.0000000000
65903  -52.244  -24.746  42.601 0.0000000000
65902  -51.666  -24.716  42.157 0.0000000000
65919  -51.107  -24.681  41.687 0.0000000000
67046  -55.591  -23.271  44.121 0.0000000000
67030  -55.264  -24.334  44.370 0.0000000000
65878  -55.258  -24.875  44.440 0.0000000000
68128  -58.025  -23.360  44.124 0.0000000000
65892  -58.064  -24.303  43.747 0.0000000000
65881  -57.800  -24.713  44.150 0.0000000000
67033  -57.612  -24.059  44.403 0.0000000000
64749  -55.664  -25.625  44.420 0.0000000000
64748  -55.221  -25.408  44.326 0.0000000000
45505  -21.740  -42.337  64.818 0.0000000000
42156  -19.391  -44.970  59.236 0.0000000000
43311  -19.684  -44.117  59.994 0.0000000000
47536  -25.986  -39.825  63.428 0.0000000000
47534  -24.807  -40.344  62.713 0.0000000000
47543  -24.739  -40.165  61.847 0.0000000000
46558  -24.103  -40.666  62.194 0.0000000000
47582  -24.025  -39.816  59.434 0.0000000000
47567  -22.899  -40.575  59.824 0.0000000000
45545  -21.691  -41.811  59.804 0.0000000000
45548  -20.450  -42.903  58.622 0.0000000000
44452  -20.292  -43.665  57.886 0.0000000000
49605  -33.603  -37.438  61.264 0.0000000000
49626  -32.662  -37.635  60.402 0.0000000000
48530  -33.017  -38.450  59.844 0.0000000000
48601  -33.029  -38.899  57.386 0.0000000000
48588  -31.762  -39.119  57.525 0.0000000000
48570  -30.477  -38.606  57.730 0.0000000000
49697  -29.599  -38.114  57.455 0.0000000000
49726  -28.185  -38.650  55.854 0.0000000000
49733  -25.368  -38.357  54.116 0.0000000000
50891  -30.995  -38.215  52.335 0.0000000000
50902  -30.190  -38.029  51.472 0.0000000000
49759  -30.547  -38.793  52.688 0.0000000000
49757  -29.052  -39.037  52.174 0.0000000000
48636  -28.958  -39.118  52.746 0.0000000000
49756  -26.812  -38.681  53.079 0.0000000000
49745  -26.169  -38.475  53.538 0.0000000000
49743  -24.600  -38.736  52.846 0.0000000000
49752  -24.311  -39.511  52.399 0.0000000000
46594  -21.951  -40.959  57.920 0.0000000000
48537  -38.758  -38.725  60.781 0.0000000000
49607  -35.060  -38.302  61.537 0.0000000000
49635  -43.875  -37.364  60.070 0.0000000000
49682  -43.230  -37.615  59.107 0.0000000000
49703  -42.048  -37.941  57.998 0.0000000000
49742  -24.045  -39.215  52.621 0.0000000000
50672  -36.741  -36.776  63.741 0.0000000000
50715  -33.966  -36.791  62.539 0.0000000000
50734  -29.257  -36.686  61.705 0.0000000000
50859  -38.539  -36.702  55.826 0.0000000000
50905  -40.213  -36.628  51.200 0.0000000000
50944  -39.948  -36.386  49.396 0.0000000000
51895  -29.158  -36.665  61.006 0.0000000000
51942  -37.278  -36.685  55.946 0.0000000000
52015  -40.202  -36.529  51.652 0.0000000000
52049  -40.672  -36.184  49.526 0.0000000000
53088  -36.189  -35.725  51.746 0.0000000000
53097  -43.464  -35.103  52.371 0.0000000000
53098  -43.860  -34.967  52.734 0.0000000000
53120  -40.915  -35.076  49.536 0.0000000000
53140  -40.682  -35.279  49.242 0.0000000000
53177  -44.698  -35.486  45.931 0.0000000000
53206  -36.110  -34.612  45.040 0.0000000000
54202  -42.549  -34.286  51.526 0.0000000000
54249  -36.223  -34.734  46.488 0.0000000000
54277  -46.383  -33.483  45.713 0.0000000000
55399  -44.403  -33.915  53.213 0.0000000000
55413  -43.461  -33.782  52.413 0.0000000000
55443  -39.409  -33.431  46.709 0.0000000000
55487  -37.901  -33.170  44.619 0.0000000000
56649  -39.295  -32.763  46.447 0.0000000000
56653  -47.335  -31.622  46.618 0.0000000000
56657  -38.528  -32.659  45.409 0.0000000000
57786  -47.766  -31.243  47.955 0.0000000000
58894  -42.616  -31.079  50.466 0.0000000000
58922  -47.554  -31.251  48.008 0.0000000000
58972  -47.092  -29.770  45.760 0.0000000000
58982  -46.125  -29.885  45.019 0.0000000000
60121  -42.740  -29.811  49.368 0.0000000000
60139  -47.817  -30.091  48.281 0.0000000000
60142  -49.713  -28.802  48.439 0.0000000000
60158  -49.477  -29.046  47.889 0.0000000000
60174  -47.821  -29.348  46.282 0.0000000000
60186  -47.348  -29.312  45.768 0.0000000000
61283  -48.595  -28.178  50.760 0.0000000000
61371  -49.977  -28.163  48.561 0.0000000000
61373  -50.718  -27.830  49.271 0.0000000000
61389  -49.694  -28.297  48.251 0.0000000000
61390  -49.818  -28.534  48.458 0.0000000000
61411  -47.028  -28.614  45.385 0.0000000000
62405  -50.996  -26.549  52.853 0.0000000000
62435  -46.804  -27.931  51.080 0.0000000000
62476  -50.844  -27.347  49.446 0.0000000000
62477  -51.130  -27.711  49.909 0.0000000000
62499  -50.795  -27.567  49.363 0.0000000000
62533  -46.932  -27.745  45.665 0.0000000000
62534  -47.558  -28.200  46.071 0.0000000000
62549  -45.649  -28.285  44.061 0.0000000000
63522  -48.077  -25.956  54.971 0.0000000000
63539  -50.993  -26.020  53.867 0.0000000000
63558  -51.447  -25.878  53.276 0.0000000000
63575  -51.501  -25.923  52.712 0.0000000000
63604  -50.891  -26.595  50.095 0.0000000000
63605  -51.071  -27.046  50.536 0.0000000000
63625  -49.272  -26.768  48.336 0.0000000000
63626  -49.895  -27.129  48.669 0.0000000000
63657  -48.463  -27.288  47.436 0.0000000000
64619  -49.692  -24.537  55.613 0.0000000000
64629  -50.844  -25.354  54.608 0.0000000000
64630  -51.487  -25.061  54.280 0.0000000000
64641  -51.265  -25.579  54.105 0.0000000000
64642  -51.619  -25.311  53.773 0.0000000000
64660  -51.524  -25.299  52.319 0.0000000000
64661  -51.616  -25.467  52.705 0.0000000000
64694  -47.128  -25.046  49.318 0.0000000000
64697  -50.456  -26.384  49.696 0.0000000000
64703  -46.386  -25.087  48.776 0.0000000000
64706  -49.617  -26.478  48.816 0.0000000000
65762  -50.990  -24.050  55.302 0.0000000000
65772  -51.574  -24.614  54.259 0.0000000000
65790  -51.499  -24.527  53.158 0.0000000000
65801  -51.656  -25.007  52.766 0.0000000000
65807  -47.877  -24.117  51.290 0.0000000000
65808  -48.746  -24.236  51.382 0.0000000000
65809  -49.539  -24.429  51.398 0.0000000000
65811  -50.874  -24.828  51.779 0.0000000000
65819  -46.852  -24.100  50.244 0.0000000000
65841  -46.057  -24.582  49.015 0.0000000000
65882  -58.135  -24.218  43.987 0.0000000000
65907  -57.970  -24.364  43.490 0.0000000000
66911  -51.431  -24.130  54.548 0.0000000000
66922  -51.509  -24.232  54.177 0.0000000000
66931  -49.688  -22.939  53.303 0.0000000000
66941  -47.586  -22.806  52.146 0.0000000000
66945  -51.089  -24.210  52.911 0.0000000000
66976  -45.934  -23.723  49.186 0.0000000000
67012  -44.543  -24.090  46.362 0.0000000000
67029  -45.907  -23.027  43.943 0.0000000000
67031  -55.768  -24.107  44.473 0.0000000000
67034  -58.085  -23.962  44.113 0.0000000000
68023  -48.353  -22.308  53.050 0.0000000000
68129  -58.196  -23.517  43.897 0.0000000000
68152  -47.172  -22.778  42.888 0.0000000000
68153  -47.503  -22.759  42.894 0.0000000000
69115  -48.466  -21.344  53.496 0.0000000000
69117  -49.712  -22.090  54.367 0.0000000000
69137  -47.494  -21.742  51.774 0.0000000000
69153  -47.500  -21.505  51.147 0.0000000000
69155  -49.239  -20.929  50.468 0.0000000000
69304  -58.431  -20.861  41.351 0.0000000000
70235  -49.441  -20.412  54.486 0.0000000000
70246  -48.903  -20.502  53.831 0.0000000000
70322  -54.714  -19.544  48.493 0.0000000000
70418  -53.660  -20.773  42.930 0.0000000000
70419  -53.847  -20.627  42.926 0.0000000000
71486  -50.302  -19.188  52.773 0.0000000000
71502  -51.440  -19.691  51.799 0.0000000000
71539  -54.204  -19.408  49.596 0.0000000000
71596  -55.946  -18.414  46.860 0.0000000000
71616  -55.130  -19.087  45.698 0.0000000000
71697  -58.167  -19.449  40.392 0.0000000000
72745  -55.728  -18.655  45.789 0.0000000000
