#!ascii label  , from subject 3462 vox2ras=TkReg
850
44376  -18.984  -42.960  68.433 0.0000000000
59878  -44.778  -28.864  60.649 0.0000000000
73682  -44.247  -18.643  57.155 0.0000000000
73808  -52.521  -16.685  51.777 0.0000000000
55288  -43.883  -33.467  59.179 0.0000000000
74981  -47.702  -16.848  54.084 0.0000000000
76206  -53.854  -16.114  44.302 0.0000000000
78411  -56.146  -13.846  43.070 0.0000000000
59914  -48.072  -29.440  59.262 0.0000000000
65747  -47.313  -24.559  58.823 0.0000000000
67934  -44.644  -22.721  60.545 0.0000000000
48413  -20.570  -39.711  70.802 0.0000000000
50600  -24.079  -37.828  68.686 0.0000000000
52902  -27.886  -35.330  67.164 0.0000000000
55173  -32.826  -33.933  66.192 0.0000000000
52947  -37.869  -35.451  64.305 0.0000000000
51835  -41.636  -36.499  62.957 0.0000000000
54104  -45.883  -34.281  60.202 0.0000000000
69072  -50.143  -21.398  56.602 0.0000000000
78426  -57.383  -13.752  41.922 0.0000000000
59882  -46.755  -29.246  60.408 0.0000000000
63473  -46.993  -26.485  60.954 0.0000000000
63472  -44.745  -25.775  61.082 0.0000000000
49496  -20.505  -38.771  68.725 0.0000000000
49477  -22.456  -38.678  69.336 0.0000000000
55219  -38.333  -34.448  63.228 0.0000000000
51818  -39.836  -36.301  63.941 0.0000000000
54086  -41.109  -34.902  62.131 0.0000000000
57595  -44.262  -30.938  59.911 0.0000000000
55252  -44.594  -33.611  60.326 0.0000000000
57573  -45.721  -30.864  60.406 0.0000000000
57613  -47.358  -32.019  59.066 0.0000000000
70168  -46.905  -21.527  59.583 0.0000000000
66881  -48.208  -22.562  57.636 0.0000000000
72529  -47.875  -19.953  58.072 0.0000000000
75014  -50.465  -16.304  52.896 0.0000000000
74972  -50.636  -17.517  54.944 0.0000000000
73769  -51.807  -17.474  53.558 0.0000000000
71503  -52.356  -19.618  51.598 0.0000000000
75117  -55.856  -16.556  45.669 0.0000000000
75071  -55.014  -17.554  47.117 0.0000000000
54114  -41.776  -34.889  60.174 0.0000000000
73851  -48.759  -17.753  49.795 0.0000000000
77304  -55.351  -14.917  43.966 0.0000000000
76210  -56.996  -15.954  44.245 0.0000000000
76252  -58.163  -15.459  41.173 0.0000000000
59964  -47.950  -30.376  57.091 0.0000000000
63490  -47.997  -27.063  59.617 0.0000000000
67924  -46.453  -23.365  61.134 0.0000000000
45452  -20.193  -41.545  70.353 0.0000000000
48452  -25.732  -38.623  67.510 0.0000000000
50612  -26.496  -36.854  67.905 0.0000000000
50630  -27.750  -37.292  66.964 0.0000000000
51792  -29.517  -35.711  65.998 0.0000000000
52928  -31.445  -34.853  65.976 0.0000000000
51794  -33.999  -35.389  65.535 0.0000000000
55188  -35.472  -34.265  65.392 0.0000000000
50674  -38.478  -36.889  63.540 0.0000000000
54088  -42.903  -35.285  61.516 0.0000000000
51850  -43.785  -36.305  61.266 0.0000000000
50777  -44.799  -36.335  59.419 0.0000000000
53044  -46.467  -34.855  57.806 0.0000000000
56517  -48.004  -32.184  56.834 0.0000000000
73707  -49.341  -18.398  56.462 0.0000000000
73890  -53.215  -18.012  48.133 0.0000000000
73833  -53.597  -18.140  50.360 0.0000000000
45450  -18.452  -42.523  70.258 0.0000000000
59880  -45.573  -29.006  60.825 0.0000000000
62279  -45.225  -27.416  61.122 0.0000000000
62277  -44.725  -27.500  60.888 0.0000000000
55248  -38.843  -33.940  61.664 0.0000000000
55221  -39.836  -34.982  62.882 0.0000000000
55250  -40.329  -34.675  61.846 0.0000000000
58726  -44.107  -29.883  60.207 0.0000000000
57584  -44.954  -31.099  60.248 0.0000000000
58693  -45.127  -29.650  60.657 0.0000000000
58695  -46.274  -30.112  60.450 0.0000000000
71400  -47.564  -20.558  58.685 0.0000000000
73668  -46.398  -19.301  57.736 0.0000000000
75032  -51.225  -16.358  52.216 0.0000000000
75000  -52.152  -17.031  53.573 0.0000000000
75017  -52.824  -16.841  52.923 0.0000000000
72604  -52.151  -18.525  52.525 0.0000000000
73787  -53.402  -17.687  52.007 0.0000000000
73926  -56.580  -17.342  45.166 0.0000000000
73911  -56.072  -17.509  46.173 0.0000000000
72745  -55.728  -18.655  45.789 0.0000000000
77327  -54.406  -13.905  42.954 0.0000000000
77316  -55.787  -14.360  43.532 0.0000000000
76209  -56.361  -15.701  44.480 0.0000000000
77306  -56.690  -15.312  43.867 0.0000000000
76224  -57.304  -15.777  43.540 0.0000000000
77318  -57.107  -14.957  43.245 0.0000000000
77328  -57.787  -14.540  41.751 0.0000000000
61186  -48.244  -29.725  58.215 0.0000000000
61185  -47.961  -29.224  57.875 0.0000000000
62324  -48.048  -28.552  59.136 0.0000000000
65719  -45.396  -24.510  61.279 0.0000000000
65721  -46.578  -24.620  61.258 0.0000000000
67922  -45.513  -23.156  61.296 0.0000000000
69030  -45.631  -22.137  60.757 0.0000000000
69028  -44.622  -21.924  60.329 0.0000000000
46486  -21.177  -40.948  69.923 0.0000000000
47464  -21.362  -39.911  70.217 0.0000000000
49478  -23.120  -38.362  68.909 0.0000000000
54008  -26.980  -34.983  67.425 0.0000000000
51772  -27.357  -35.997  67.634 0.0000000000
50621  -27.228  -36.915  67.647 0.0000000000
50622  -27.987  -36.623  67.147 0.0000000000
50631  -28.287  -36.778  66.634 0.0000000000
51774  -28.650  -35.554  66.781 0.0000000000
54041  -32.230  -34.520  66.031 0.0000000000
52945  -32.591  -35.416  65.185 0.0000000000
52915  -33.581  -34.588  65.918 0.0000000000
55208  -37.028  -33.761  64.257 0.0000000000
56415  -35.715  -33.678  64.577 0.0000000000
54045  -36.300  -34.672  65.014 0.0000000000
52933  -35.799  -35.184  65.210 0.0000000000
51798  -36.674  -35.754  64.691 0.0000000000
50672  -36.741  -36.776  63.741 0.0000000000
51816  -37.926  -36.015  64.185 0.0000000000
51834  -40.910  -36.451  63.413 0.0000000000
50676  -40.258  -37.071  63.540 0.0000000000
50694  -41.391  -37.399  62.868 0.0000000000
50695  -42.227  -37.292  62.352 0.0000000000
54101  -42.964  -34.985  60.931 0.0000000000
54102  -43.950  -34.313  60.578 0.0000000000
54091  -45.005  -34.361  60.578 0.0000000000
52981  -44.460  -35.059  60.814 0.0000000000
51867  -45.105  -35.411  60.392 0.0000000000
50719  -44.366  -36.342  60.621 0.0000000000
50741  -45.066  -36.051  60.109 0.0000000000
53006  -46.038  -35.044  59.621 0.0000000000
58745  -48.094  -30.572  59.110 0.0000000000
56485  -47.836  -32.026  58.300 0.0000000000
58763  -48.431  -30.883  58.235 0.0000000000
58800  -48.235  -31.156  57.159 0.0000000000
49473  -19.557  -38.917  70.284 0.0000000000
48402  -19.828  -39.808  71.341 0.0000000000
46456  -19.315  -40.512  71.594 0.0000000000
63504  -47.646  -26.582  58.018 0.0000000000
65758  -47.597  -24.555  56.892 0.0000000000
67975  -49.647  -22.078  56.963 0.0000000000
74955  -47.381  -17.408  55.663 0.0000000000
73705  -47.813  -18.111  56.663 0.0000000000
74957  -49.154  -17.272  56.031 0.0000000000
72585  -50.512  -18.212  54.419 0.0000000000
72575  -50.244  -18.613  55.332 0.0000000000
73893  -55.102  -17.968  47.415 0.0000000000
73909  -54.255  -17.600  47.085 0.0000000000
73878  -54.400  -17.897  48.629 0.0000000000
73877  -53.718  -17.866  48.863 0.0000000000
72639  -54.381  -18.955  49.414 0.0000000000
70292  -53.792  -19.866  49.973 0.0000000000
79573  -56.020  -12.832  42.265 0.0000000000
78425  -56.906  -13.590  42.382 0.0000000000
79585  -56.894  -12.561  41.654 0.0000000000
80647  -57.182  -12.089  41.206 0.0000000000
61132  -47.461  -29.040  59.881 0.0000000000
61145  -47.607  -28.167  59.885 0.0000000000
62281  -46.501  -27.327  60.920 0.0000000000
63465  -45.914  -25.966  61.357 0.0000000000
65731  -44.638  -24.436  60.640 0.0000000000
50595  -20.754  -38.757  69.969 0.0000000000
49476  -21.716  -39.004  70.040 0.0000000000
51757  -23.644  -37.354  68.586 0.0000000000
54064  -38.244  -34.876  63.915 0.0000000000
52948  -38.705  -35.679  64.034 0.0000000000
54065  -38.981  -35.166  63.599 0.0000000000
54067  -40.581  -35.554  63.299 0.0000000000
52970  -41.605  -35.663  62.866 0.0000000000
56457  -44.533  -32.047  59.669 0.0000000000
56444  -44.926  -32.278  60.156 0.0000000000
55235  -45.291  -33.248  60.334 0.0000000000
55236  -45.688  -33.353  60.286 0.0000000000
55254  -46.340  -33.368  59.918 0.0000000000
57585  -46.458  -31.330  60.119 0.0000000000
58710  -46.957  -30.281  60.042 0.0000000000
49495  -19.563  -39.073  68.829 0.0000000000
67958  -47.233  -22.787  59.382 0.0000000000
66880  -47.514  -23.322  58.113 0.0000000000
69044  -47.521  -21.536  59.063 0.0000000000
70186  -48.129  -20.746  58.205 0.0000000000
70207  -49.225  -20.657  57.336 0.0000000000
74996  -48.571  -16.642  53.329 0.0000000000
74970  -49.874  -16.971  55.447 0.0000000000
74984  -50.666  -16.747  54.695 0.0000000000
73768  -51.097  -17.647  53.994 0.0000000000
76193  -55.378  -16.220  45.363 0.0000000000
75116  -54.566  -16.680  45.784 0.0000000000
75093  -55.490  -16.869  46.103 0.0000000000
73894  -55.597  -17.786  46.792 0.0000000000
59911  -43.783  -28.714  59.732 0.0000000000
58743  -43.369  -29.904  59.098 0.0000000000
73703  -45.704  -18.499  56.521 0.0000000000
74995  -47.428  -17.012  52.906 0.0000000000
75012  -48.426  -16.786  52.280 0.0000000000
75030  -49.242  -16.813  51.469 0.0000000000
73829  -50.003  -17.092  50.447 0.0000000000
76207  -54.782  -15.559  44.460 0.0000000000
76208  -55.693  -15.586  44.605 0.0000000000
76195  -56.482  -16.218  44.788 0.0000000000
75138  -56.794  -16.836  44.785 0.0000000000
77319  -57.448  -14.846  42.480 0.0000000000
76239  -57.691  -15.585  42.021 0.0000000000
62368  -47.635  -28.553  57.337 0.0000000000
63505  -47.846  -27.510  58.297 0.0000000000
64602  -47.761  -25.510  59.354 0.0000000000
63481  -47.477  -26.648  60.478 0.0000000000
65738  -47.376  -24.691  60.462 0.0000000000
66868  -47.209  -23.699  59.970 0.0000000000
69032  -46.721  -22.252  60.089 0.0000000000
71379  -45.910  -20.915  59.879 0.0000000000
63489  -43.845  -26.093  59.387 0.0000000000
65742  -44.200  -24.426  59.363 0.0000000000
69054  -44.059  -21.775  58.544 0.0000000000
44365  -19.692  -42.622  69.299 0.0000000000
45474  -20.920  -42.267  68.576 0.0000000000
47514  -25.852  -39.528  66.093 0.0000000000
51768  -23.796  -36.916  68.038 0.0000000000
51758  -24.359  -36.983  68.497 0.0000000000
50611  -25.702  -37.190  68.063 0.0000000000
49509  -27.051  -37.949  67.235 0.0000000000
51808  -29.639  -36.097  65.239 0.0000000000
52957  -31.129  -35.444  65.030 0.0000000000
56386  -33.067  -32.930  65.373 0.0000000000
56400  -34.531  -33.277  64.765 0.0000000000
55186  -34.045  -33.920  65.793 0.0000000000
52917  -34.553  -34.712  65.671 0.0000000000
51812  -34.808  -36.161  64.794 0.0000000000
50657  -39.175  -36.596  63.844 0.0000000000
54099  -41.040  -34.843  61.087 0.0000000000
54077  -42.125  -35.499  62.407 0.0000000000
52972  -42.650  -35.949  62.304 0.0000000000
54103  -44.172  -34.446  60.649 0.0000000000
54079  -43.360  -35.451  61.402 0.0000000000
51849  -43.008  -36.364  61.940 0.0000000000
50717  -43.392  -37.163  61.420 0.0000000000
49613  -43.764  -37.360  60.675 0.0000000000
53053  -46.158  -35.197  56.589 0.0000000000
55289  -47.095  -33.397  58.870 0.0000000000
54158  -47.362  -33.513  57.349 0.0000000000
54174  -47.128  -34.192  55.925 0.0000000000
56538  -47.409  -32.430  55.594 0.0000000000
45439  -19.259  -41.548  71.236 0.0000000000
73685  -47.038  -18.918  57.088 0.0000000000
73687  -48.563  -19.126  57.143 0.0000000000
71445  -50.018  -20.226  56.804 0.0000000000
73725  -49.835  -18.174  55.872 0.0000000000
71454  -50.227  -19.529  56.122 0.0000000000
69085  -50.545  -21.496  55.948 0.0000000000
73873  -49.989  -17.874  49.186 0.0000000000
73854  -51.533  -17.363  49.962 0.0000000000
75091  -53.757  -17.431  46.313 0.0000000000
73907  -52.417  -18.114  46.273 0.0000000000
72681  -52.277  -18.164  48.380 0.0000000000
73855  -52.550  -17.528  49.974 0.0000000000
73832  -53.087  -17.521  50.802 0.0000000000
71505  -53.437  -19.057  50.766 0.0000000000
44363  -18.190  -42.792  69.416 0.0000000000
59879  -45.115  -28.867  60.761 0.0000000000
61113  -45.016  -28.132  60.903 0.0000000000
61112  -44.682  -28.097  60.700 0.0000000000
55267  -38.651  -33.803  60.666 0.0000000000
55249  -39.605  -34.344  61.723 0.0000000000
55268  -39.498  -34.104  60.813 0.0000000000
58707  -44.635  -29.660  60.551 0.0000000000
58692  -44.890  -29.283  60.644 0.0000000000
72526  -45.909  -19.533  58.351 0.0000000000
73667  -45.544  -19.196  57.753 0.0000000000
75045  -51.710  -16.468  51.740 0.0000000000
75034  -52.617  -16.673  52.568 0.0000000000
73786  -53.062  -17.434  52.630 0.0000000000
73809  -53.033  -16.932  51.949 0.0000000000
72764  -56.232  -17.797  44.463 0.0000000000
72746  -56.197  -18.039  45.649 0.0000000000
77317  -56.469  -14.586  43.464 0.0000000000
78412  -56.745  -14.060  42.926 0.0000000000
61171  -48.222  -29.457  58.754 0.0000000000
62342  -48.125  -28.853  58.904 0.0000000000
61157  -48.076  -29.084  59.176 0.0000000000
66858  -44.926  -23.621  61.044 0.0000000000
66844  -45.715  -23.796  61.280 0.0000000000
67935  -44.926  -22.864  60.986 0.0000000000
47452  -20.366  -40.008  71.002 0.0000000000
48414  -21.111  -39.654  70.395 0.0000000000
49479  -23.759  -38.216  68.705 0.0000000000
52901  -27.232  -35.451  67.561 0.0000000000
51773  -28.005  -35.936  67.173 0.0000000000
51782  -28.469  -36.129  66.825 0.0000000000
52903  -28.691  -35.077  66.789 0.0000000000
55172  -31.947  -33.779  66.337 0.0000000000
54026  -32.135  -34.158  66.233 0.0000000000
54027  -33.056  -34.380  66.039 0.0000000000
55174  -33.564  -34.052  66.032 0.0000000000
54055  -37.568  -34.853  64.374 0.0000000000
54054  -36.869  -34.554  64.670 0.0000000000
54046  -36.837  -35.172  64.831 0.0000000000
52934  -36.453  -35.269  64.884 0.0000000000
51799  -37.316  -35.757  64.465 0.0000000000
50677  -41.158  -36.994  63.218 0.0000000000
50678  -41.875  -36.912  62.754 0.0000000000
54116  -43.625  -34.300  60.012 0.0000000000
54092  -45.434  -34.346  60.414 0.0000000000
52983  -45.228  -34.786  60.539 0.0000000000
52993  -45.761  -35.019  60.123 0.0000000000
51899  -45.834  -35.326  59.535 0.0000000000
52994  -46.166  -34.687  59.745 0.0000000000
59926  -48.086  -30.131  59.282 0.0000000000
58746  -48.277  -30.706  58.732 0.0000000000
59939  -48.350  -30.188  58.507 0.0000000000
59951  -48.381  -30.434  57.944 0.0000000000
49464  -20.334  -39.332  70.832 0.0000000000
49455  -19.727  -39.529  71.198 0.0000000000
48412  -20.196  -39.661  71.053 0.0000000000
47451  -19.855  -40.219  71.298 0.0000000000
64607  -47.625  -25.748  58.504 0.0000000000
64612  -47.421  -25.502  57.360 0.0000000000
65752  -47.432  -24.448  57.756 0.0000000000
66899  -50.223  -23.210  56.234 0.0000000000
67982  -50.216  -22.324  56.505 0.0000000000
67983  -50.653  -22.515  56.030 0.0000000000
74968  -47.934  -16.802  55.171 0.0000000000
74956  -48.185  -17.210  56.107 0.0000000000
74969  -48.999  -16.784  55.386 0.0000000000
75137  -53.734  -16.497  44.859 0.0000000000
72683  -54.969  -18.595  48.023 0.0000000000
73879  -54.717  -18.204  48.317 0.0000000000
73858  -54.481  -18.287  48.972 0.0000000000
59896  -47.167  -29.414  60.083 0.0000000000
61131  -47.287  -28.513  60.146 0.0000000000
61116  -46.649  -28.333  60.621 0.0000000000
63455  -45.018  -27.133  61.353 0.0000000000
63457  -45.389  -26.571  61.361 0.0000000000
63464  -45.276  -26.082  61.431 0.0000000000
64574  -45.057  -25.290  61.314 0.0000000000
64586  -44.513  -25.311  60.641 0.0000000000
51756  -23.086  -37.660  68.651 0.0000000000
55230  -38.150  -33.982  62.545 0.0000000000
55209  -37.791  -34.450  64.002 0.0000000000
55210  -38.463  -34.796  63.579 0.0000000000
55220  -39.108  -34.859  63.078 0.0000000000
55233  -40.280  -34.891  62.486 0.0000000000
54075  -40.414  -35.118  62.851 0.0000000000
52961  -41.008  -35.842  63.327 0.0000000000
54076  -41.309  -35.416  62.800 0.0000000000
56443  -44.717  -31.601  60.000 0.0000000000
56428  -45.274  -31.587  60.281 0.0000000000
56429  -45.590  -31.991  60.269 0.0000000000
56430  -45.934  -32.243  60.259 0.0000000000
56445  -46.293  -32.363  60.104 0.0000000000
57574  -46.111  -31.173  60.312 0.0000000000
59881  -46.185  -29.157  60.730 0.0000000000
58709  -46.534  -30.553  60.221 0.0000000000
58696  -46.778  -29.920  60.259 0.0000000000
49487  -20.128  -38.757  69.645 0.0000000000
69043  -47.120  -21.885  59.543 0.0000000000
67948  -47.292  -22.155  59.386 0.0000000000
70169  -47.353  -21.166  59.174 0.0000000000
70185  -47.740  -20.916  58.685 0.0000000000
71417  -47.985  -20.363  58.231 0.0000000000
70197  -48.602  -20.654  57.698 0.0000000000
71418  -48.427  -20.195  57.767 0.0000000000
74997  -49.641  -16.420  53.643 0.0000000000
74998  -50.636  -16.396  53.843 0.0000000000
74986  -51.637  -17.205  53.919 0.0000000000
72603  -51.325  -18.712  52.661 0.0000000000
72707  -55.435  -18.408  47.239 0.0000000000
58725  -43.718  -29.512  59.723 0.0000000000
75011  -47.695  -17.123  51.928 0.0000000000
73827  -48.327  -17.561  50.515 0.0000000000
73828  -49.163  -17.260  50.558 0.0000000000
75042  -49.643  -16.940  50.875 0.0000000000
77315  -54.949  -14.180  43.346 0.0000000000
77314  -54.169  -14.348  43.231 0.0000000000
76222  -53.912  -15.083  43.710 0.0000000000
76223  -54.646  -14.799  43.753 0.0000000000
75119  -56.717  -16.458  44.712 0.0000000000
75139  -56.996  -16.611  44.254 0.0000000000
73942  -56.745  -17.212  44.012 0.0000000000
73943  -57.077  -16.862  43.797 0.0000000000
75159  -57.476  -16.245  43.130 0.0000000000
79575  -57.004  -13.214  41.828 0.0000000000
78413  -57.165  -14.223  42.558 0.0000000000
78414  -57.417  -14.313  42.201 0.0000000000
59963  -47.562  -30.069  56.614 0.0000000000
59980  -47.175  -29.821  55.919 0.0000000000
61203  -47.753  -29.563  57.228 0.0000000000
62341  -48.022  -28.165  58.771 0.0000000000
62356  -47.848  -28.349  58.099 0.0000000000
63497  -48.002  -26.862  58.868 0.0000000000
63496  -47.808  -26.390  58.474 0.0000000000
64603  -48.026  -26.298  59.544 0.0000000000
62291  -47.098  -27.490  60.563 0.0000000000
62305  -47.540  -27.590  60.149 0.0000000000
66846  -46.769  -23.839  61.140 0.0000000000
65733  -47.076  -24.648  61.034 0.0000000000
66859  -47.069  -23.756  60.658 0.0000000000
67947  -46.960  -22.793  59.983 0.0000000000
67937  -46.679  -23.044  60.755 0.0000000000
70149  -44.881  -21.260  60.216 0.0000000000
70150  -45.454  -21.409  60.353 0.0000000000
45464  -20.164  -42.297  69.464 0.0000000000
46487  -21.718  -40.755  69.675 0.0000000000
48423  -22.287  -39.316  69.646 0.0000000000
48461  -25.278  -39.257  67.172 0.0000000000
48462  -25.977  -39.141  66.704 0.0000000000
51780  -23.810  -36.960  67.129 0.0000000000
50620  -26.377  -37.305  67.863 0.0000000000
48463  -26.773  -38.563  66.473 0.0000000000
49519  -27.558  -37.926  66.293 0.0000000000
51791  -28.821  -36.263  66.310 0.0000000000
50641  -28.501  -36.917  65.896 0.0000000000
51807  -29.066  -36.335  65.738 0.0000000000
50650  -28.914  -36.691  65.157 0.0000000000
52914  -30.940  -34.604  66.258 0.0000000000
52943  -30.868  -35.277  65.555 0.0000000000
52944  -31.693  -35.225  65.425 0.0000000000
52946  -33.218  -35.471  65.314 0.0000000000
51810  -33.116  -35.628  65.057 0.0000000000
51811  -33.750  -35.748  65.136 0.0000000000
51831  -34.040  -36.386  64.166 0.0000000000
55198  -35.807  -34.083  65.205 0.0000000000
56401  -35.137  -33.577  64.919 0.0000000000
56389  -35.060  -33.872  65.329 0.0000000000
56378  -34.465  -33.830  65.537 0.0000000000
55187  -34.755  -34.083  65.600 0.0000000000
54029  -34.387  -34.354  65.764 0.0000000000
54043  -34.988  -34.461  65.564 0.0000000000
51797  -36.010  -35.731  64.971 0.0000000000
51796  -35.305  -35.671  65.175 0.0000000000
51813  -35.584  -36.109  64.810 0.0000000000
50670  -35.165  -36.524  64.094 0.0000000000
50673  -37.546  -36.794  63.605 0.0000000000
49543  -36.884  -37.078  63.277 0.0000000000
49544  -37.706  -37.202  63.171 0.0000000000
52949  -39.631  -35.844  63.875 0.0000000000
51817  -38.974  -36.152  64.074 0.0000000000
54087  -42.101  -35.167  61.929 0.0000000000
54078  -42.768  -35.549  61.983 0.0000000000
54090  -44.398  -34.514  60.668 0.0000000000
52974  -44.046  -35.887  61.056 0.0000000000
52973  -43.781  -35.703  61.241 0.0000000000
50696  -43.033  -36.881  61.779 0.0000000000
50697  -43.691  -36.767  61.327 0.0000000000
50760  -44.675  -36.294  59.965 0.0000000000
50739  -44.267  -36.761  60.558 0.0000000000
50759  -44.370  -36.749  59.964 0.0000000000
53018  -45.866  -35.480  58.717 0.0000000000
56458  -47.029  -32.569  59.349 0.0000000000
55272  -46.975  -33.405  59.121 0.0000000000
56470  -47.284  -32.352  59.085 0.0000000000
56499  -48.024  -32.123  57.745 0.0000000000
55331  -47.506  -33.016  57.582 0.0000000000
55354  -47.626  -33.036  56.873 0.0000000000
54166  -47.211  -33.988  56.719 0.0000000000
55353  -47.465  -33.441  56.314 0.0000000000
55372  -47.425  -33.157  55.797 0.0000000000
55373  -47.667  -32.766  56.387 0.0000000000
58799  -48.070  -30.998  56.806 0.0000000000
57690  -47.881  -31.461  56.394 0.0000000000
58798  -47.802  -30.697  56.610 0.0000000000
46474  -19.660  -41.168  71.036 0.0000000000
46464  -19.377  -41.047  71.409 0.0000000000
45451  -19.356  -42.155  70.439 0.0000000000
67968  -47.837  -22.324  58.252 0.0000000000
65753  -47.729  -23.914  57.096 0.0000000000
66888  -48.085  -23.239  57.161 0.0000000000
73706  -48.603  -18.312  56.692 0.0000000000
73688  -49.217  -18.807  56.936 0.0000000000
72547  -49.445  -19.427  57.079 0.0000000000
73689  -49.698  -19.112  56.832 0.0000000000
74971  -50.306  -17.443  55.239 0.0000000000
74959  -49.887  -17.758  55.638 0.0000000000
73739  -50.266  -17.969  55.333 0.0000000000
71461  -50.223  -19.548  55.740 0.0000000000
70227  -50.223  -20.552  55.625 0.0000000000
70219  -50.317  -20.303  56.079 0.0000000000
69097  -50.384  -21.734  55.383 0.0000000000
73853  -50.508  -17.431  49.858 0.0000000000
73874  -50.973  -17.852  49.158 0.0000000000
75092  -54.776  -17.070  46.394 0.0000000000
75115  -53.940  -16.790  45.518 0.0000000000
73891  -53.936  -17.714  47.941 0.0000000000
73908  -53.055  -17.924  46.863 0.0000000000
72726  -51.829  -18.405  46.665 0.0000000000
72727  -52.374  -18.267  47.227 0.0000000000
72705  -51.937  -18.374  47.663 0.0000000000
72682  -52.772  -18.119  48.318 0.0000000000
73856  -53.393  -17.861  49.781 0.0000000000
72620  -53.497  -18.510  50.899 0.0000000000
61115  -46.031  -28.206  60.924 0.0000000000
61114  -45.443  -28.142  60.942 0.0000000000
62278  -44.956  -27.298  61.141 0.0000000000
63471  -44.463  -26.564  60.769 0.0000000000
55231  -38.974  -34.356  62.472 0.0000000000
55232  -39.676  -34.707  62.424 0.0000000000
57583  -44.571  -30.546  60.256 0.0000000000
57572  -45.277  -30.535  60.460 0.0000000000
58694  -45.690  -29.887  60.625 0.0000000000
71398  -46.386  -20.514  59.340 0.0000000000
71399  -47.011  -20.780  59.247 0.0000000000
72508  -46.854  -20.119  58.814 0.0000000000
72509  -47.352  -20.234  58.629 0.0000000000
72528  -47.317  -19.794  58.229 0.0000000000
75015  -51.424  -16.335  53.051 0.0000000000
75016  -52.190  -16.593  53.077 0.0000000000
73770  -52.571  -17.446  53.120 0.0000000000
72596  -52.881  -17.784  52.747 0.0000000000
72605  -53.155  -18.348  52.095 0.0000000000
75118  -56.342  -16.714  45.372 0.0000000000
75094  -55.904  -16.954  46.013 0.0000000000
72728  -56.017  -18.403  46.216 0.0000000000
77305  -56.090  -15.074  44.008 0.0000000000
75158  -57.257  -16.486  43.631 0.0000000000
77307  -57.035  -15.507  43.739 0.0000000000
76225  -57.495  -15.644  42.858 0.0000000000
79586  -57.525  -12.826  41.382 0.0000000000
78437  -58.026  -13.614  41.343 0.0000000000
77338  -58.295  -14.450  40.896 0.0000000000
75200  -58.430  -16.394  40.487 0.0000000000
61204  -48.147  -30.016  57.642 0.0000000000
61170  -48.055  -28.985  58.479 0.0000000000
62323  -47.977  -27.979  59.328 0.0000000000
64576  -46.227  -25.398  61.323 0.0000000000
64577  -46.828  -25.508  61.202 0.0000000000
65720  -45.974  -24.572  61.287 0.0000000000
66845  -46.290  -23.867  61.248 0.0000000000
67923  -46.040  -23.216  61.243 0.0000000000
69014  -46.104  -22.842  61.068 0.0000000000
69012  -45.340  -22.650  61.110 0.0000000000
69029  -45.092  -21.969  60.770 0.0000000000
70166  -44.602  -21.159  59.649 0.0000000000
46475  -20.199  -40.911  70.688 0.0000000000
46485  -20.609  -41.186  70.259 0.0000000000
46476  -20.817  -40.652  70.319 0.0000000000
47473  -21.146  -40.510  70.119 0.0000000000
47474  -21.885  -40.246  69.760 0.0000000000
48443  -25.153  -38.355  67.865 0.0000000000
50640  -28.054  -37.316  66.360 0.0000000000
51783  -29.068  -35.657  66.538 0.0000000000
52929  -32.365  -34.951  65.768 0.0000000000
54042  -32.776  -34.702  65.926 0.0000000000
52930  -33.380  -35.057  65.707 0.0000000000
55217  -36.290  -33.685  63.771 0.0000000000
55207  -36.194  -33.909  64.742 0.0000000000
55199  -36.492  -34.251  64.883 0.0000000000
55189  -35.947  -34.297  65.196 0.0000000000
54044  -35.606  -34.603  65.342 0.0000000000
51814  -36.240  -36.151  64.637 0.0000000000
50655  -37.305  -36.458  64.022 0.0000000000
50656  -38.256  -36.451  63.848 0.0000000000
51819  -40.421  -36.185  63.690 0.0000000000
51833  -40.237  -36.556  63.744 0.0000000000
50693  -40.737  -37.396  63.204 0.0000000000
49568  -42.307  -37.712  62.103 0.0000000000
49593  -42.780  -37.702  61.585 0.0000000000
54115  -42.724  -34.839  60.137 0.0000000000
54100  -41.971  -34.960  61.117 0.0000000000
52982  -44.578  -35.356  60.736 0.0000000000
51851  -44.239  -35.960  60.920 0.0000000000
51865  -44.019  -36.517  61.069 0.0000000000
51866  -44.469  -35.966  60.719 0.0000000000
50740  -44.704  -36.097  60.243 0.0000000000
50778  -44.982  -36.037  59.669 0.0000000000
51912  -45.427  -35.775  59.299 0.0000000000
53019  -46.094  -35.196  59.108 0.0000000000
53031  -46.245  -35.100  58.447 0.0000000000
57597  -47.915  -31.005  59.109 0.0000000000
56472  -47.820  -31.739  58.589 0.0000000000
57614  -47.835  -31.375  58.901 0.0000000000
57635  -48.320  -31.515  58.017 0.0000000000
57653  -48.272  -31.614  57.596 0.0000000000
57676  -48.221  -31.555  57.218 0.0000000000
58780  -48.382  -31.104  57.649 0.0000000000
59965  -48.238  -30.684  57.390 0.0000000000
49462  -19.017  -39.143  70.803 0.0000000000
49454  -19.133  -39.435  71.343 0.0000000000
48401  -19.262  -39.773  71.635 0.0000000000
46465  -19.594  -40.661  71.321 0.0000000000
66882  -48.651  -22.247  57.505 0.0000000000
66897  -48.712  -23.274  56.816 0.0000000000
66898  -49.309  -23.299  56.544 0.0000000000
73722  -46.472  -18.036  55.817 0.0000000000
73723  -47.394  -17.861  56.156 0.0000000000
74943  -48.627  -17.701  56.392 0.0000000000
74944  -49.167  -17.861  56.286 0.0000000000
73910  -54.774  -17.501  47.121 0.0000000000
73892  -54.677  -17.741  47.731 0.0000000000
73857  -54.127  -18.131  49.454 0.0000000000
72638  -54.099  -18.683  49.770 0.0000000000
71523  -53.886  -19.236  50.113 0.0000000000
78424  -56.414  -13.360  42.630 0.0000000000
79574  -56.573  -13.040  42.084 0.0000000000
61147  -47.962  -29.221  59.350 0.0000000000
61146  -47.759  -28.756  59.584 0.0000000000
62280  -45.956  -27.135  61.121 0.0000000000
63466  -46.403  -26.319  61.239 0.0000000000
64575  -45.596  -25.325  61.343 0.0000000000
65718  -45.135  -24.473  61.250 0.0000000000
66857  -44.640  -23.570  60.585 0.0000000000
49465  -21.002  -39.331  70.437 0.0000000000
49475  -20.937  -38.984  70.307 0.0000000000
50598  -22.824  -38.210  69.063 0.0000000000
50599  -23.592  -38.118  69.027 0.0000000000
50609  -23.966  -37.548  68.756 0.0000000000
56375  -32.303  -33.250  65.994 0.0000000000
55218  -37.500  -33.989  63.488 0.0000000000
54056  -38.432  -35.221  63.994 0.0000000000
54057  -39.150  -35.492  63.797 0.0000000000
54074  -39.647  -35.169  63.254 0.0000000000
54066  -39.837  -35.481  63.516 0.0000000000
52950  -40.212  -36.097  63.847 0.0000000000
52962  -41.670  -36.075  62.958 0.0000000000
55270  -44.260  -33.277  59.825 0.0000000000
55251  -44.661  -32.913  60.024 0.0000000000
55234  -45.040  -32.883  60.283 0.0000000000
55253  -46.076  -33.389  60.161 0.0000000000
54105  -46.253  -34.231  59.824 0.0000000000
56446  -46.629  -32.423  59.777 0.0000000000
57586  -46.830  -31.413  59.817 0.0000000000
58727  -47.329  -30.720  59.640 0.0000000000
58711  -47.575  -30.111  59.679 0.0000000000
59897  -47.517  -29.524  59.773 0.0000000000
49486  -19.307  -38.941  69.609 0.0000000000
49474  -20.261  -38.921  70.386 0.0000000000
66875  -47.225  -23.600  59.173 0.0000000000
67967  -47.454  -22.755  58.770 0.0000000000
67959  -47.602  -22.038  58.830 0.0000000000
67960  -47.999  -21.722  58.335 0.0000000000
69055  -47.872  -21.326  58.560 0.0000000000
67969  -48.395  -21.873  57.840 0.0000000000
69064  -48.801  -21.258  57.574 0.0000000000
69071  -49.469  -21.324  57.168 0.0000000000
70208  -49.778  -20.661  56.947 0.0000000000
74982  -48.792  -16.606  54.407 0.0000000000
74983  -49.814  -16.595  54.621 0.0000000000
74999  -51.451  -16.653  53.833 0.0000000000
74985  -51.150  -17.181  54.396 0.0000000000
73752  -50.728  -17.699  54.668 0.0000000000
76192  -54.549  -16.325  45.327 0.0000000000
76191  -53.998  -16.398  45.031 0.0000000000
76180  -55.048  -16.599  45.853 0.0000000000
76179  -54.804  -16.652  45.853 0.0000000000
75072  -55.345  -17.425  46.725 0.0000000000
75073  -55.700  -17.274  46.410 0.0000000000
59912  -44.003  -28.992  60.142 0.0000000000
61130  -44.264  -28.270  60.371 0.0000000000
61143  -43.840  -28.025  59.813 0.0000000000
57612  -44.056  -31.321  59.405 0.0000000000
58744  -43.780  -30.392  59.625 0.0000000000
73701  -43.817  -18.244  56.655 0.0000000000
73683  -45.128  -18.778  57.169 0.0000000000
73721  -45.214  -18.032  55.992 0.0000000000
74967  -46.849  -17.393  54.847 0.0000000000
74980  -46.804  -17.290  53.719 0.0000000000
75013  -49.440  -16.505  52.594 0.0000000000
75029  -48.288  -17.075  51.537 0.0000000000
75031  -50.286  -16.484  51.947 0.0000000000
75044  -51.105  -16.567  51.446 0.0000000000
76194  -56.028  -16.170  45.082 0.0000000000
62355  -47.614  -27.527  57.558 0.0000000000
62306  -47.782  -27.752  59.757 0.0000000000
64588  -47.316  -25.622  60.781 0.0000000000
64595  -47.844  -25.829  60.147 0.0000000000
65743  -47.499  -24.637  59.726 0.0000000000
70152  -46.519  -21.724  59.989 0.0000000000
69031  -46.229  -22.429  60.673 0.0000000000
70151  -46.042  -21.606  60.279 0.0000000000
71380  -46.452  -21.139  59.721 0.0000000000
73666  -44.688  -19.085  57.719 0.0000000000
62304  -44.016  -27.481  60.143 0.0000000000
63480  -44.046  -26.272  60.124 0.0000000000
64601  -43.973  -25.287  58.968 0.0000000000
64594  -44.112  -25.302  59.825 0.0000000000
65737  -44.405  -24.430  60.175 0.0000000000
66867  -44.308  -23.536  59.747 0.0000000000
67946  -44.392  -22.667  60.050 0.0000000000
69042  -44.301  -21.785  59.459 0.0000000000
73681  -43.515  -18.606  57.035 0.0000000000
44377  -19.975  -42.744  68.660 0.0000000000
44378  -20.533  -42.569  68.474 0.0000000000
48422  -21.656  -39.564  70.105 0.0000000000
50610  -24.689  -37.434  68.414 0.0000000000
49508  -26.328  -38.127  67.546 0.0000000000
49500  -26.580  -37.648  67.697 0.0000000000
48453  -26.385  -38.487  67.128 0.0000000000
52912  -29.263  -35.103  66.585 0.0000000000
52926  -29.658  -35.206  66.353 0.0000000000
51793  -30.137  -35.511  65.581 0.0000000000
52959  -32.287  -35.603  64.657 0.0000000000
56385  -32.125  -32.809  65.305 0.0000000000
56376  -33.243  -33.343  65.830 0.0000000000
56413  -34.504  -33.099  63.954 0.0000000000
56387  -33.857  -33.257  65.323 0.0000000000
56377  -33.917  -33.613  65.640 0.0000000000
55185  -33.395  -33.748  65.966 0.0000000000
54028  -33.803  -34.326  65.935 0.0000000000
52916  -34.015  -34.674  65.813 0.0000000000
52931  -34.269  -35.086  65.643 0.0000000000
52932  -35.032  -35.055  65.500 0.0000000000
51795  -34.539  -35.559  65.377 0.0000000000
50658  -39.811  -36.732  63.823 0.0000000000
50675  -39.360  -37.035  63.601 0.0000000000
49545  -38.635  -37.330  63.169 0.0000000000
55269  -40.208  -34.583  60.949 0.0000000000
52971  -41.957  -35.750  62.712 0.0000000000
52963  -42.056  -36.218  62.744 0.0000000000
54089  -43.592  -35.048  61.100 0.0000000000
51836  -42.292  -36.450  62.547 0.0000000000
50679  -42.501  -36.792  62.305 0.0000000000
50716  -42.743  -37.368  61.871 0.0000000000
49594  -43.399  -37.416  61.182 0.0000000000
50718  -44.069  -36.744  61.021 0.0000000000
50738  -43.859  -37.134  61.068 0.0000000000
54117  -46.551  -34.188  59.346 0.0000000000
54130  -46.537  -34.519  59.062 0.0000000000
54144  -46.745  -34.364  58.393 0.0000000000
56484  -47.508  -32.498  58.461 0.0000000000
55308  -47.197  -33.641  57.897 0.0000000000
54157  -47.092  -34.053  57.486 0.0000000000
56539  -47.782  -32.140  56.200 0.0000000000
45463  -19.307  -42.535  69.754 0.0000000000
73684  -46.085  -18.942  57.103 0.0000000000
73669  -47.187  -19.372  57.693 0.0000000000
73670  -47.832  -19.511  57.605 0.0000000000
73686  -47.850  -18.938  57.065 0.0000000000
72545  -48.359  -19.684  57.549 0.0000000000
72546  -48.778  -19.603  57.358 0.0000000000
71444  -49.564  -20.190  57.143 0.0000000000
74958  -49.650  -17.689  55.839 0.0000000000
73724  -49.575  -18.067  56.072 0.0000000000
73726  -50.122  -18.609  55.884 0.0000000000
73708  -49.870  -18.831  56.433 0.0000000000
71446  -50.126  -19.780  56.433 0.0000000000
69073  -50.331  -20.909  56.278 0.0000000000
69084  -50.474  -21.937  56.296 0.0000000000
73852  -49.611  -17.544  49.850 0.0000000000
73830  -50.932  -16.923  50.620 0.0000000000
73831  -52.160  -16.792  51.122 0.0000000000
75114  -52.982  -17.551  45.688 0.0000000000
75090  -53.283  -17.654  46.288 0.0000000000
73924  -52.112  -18.092  45.510 0.0000000000
72704  -51.016  -18.529  47.567 0.0000000000
72680  -51.431  -18.223  48.394 0.0000000000
73876  -52.873  -17.948  48.968 0.0000000000
73875  -51.953  -17.864  49.146 0.0000000000
73810  -53.419  -17.807  51.330 0.0000000000
72606  -53.489  -18.077  51.640 0.0000000000
71504  -53.121  -19.289  51.241 0.0000000000
71522  -53.515  -19.474  50.510 0.0000000000
70271  -53.332  -19.822  50.571 0.0000000000
70270  -52.783  -20.042  50.902 0.0000000000
45440  -19.823  -41.272  70.830 0.0000000000
45453  -20.771  -41.324  70.041 0.0000000000
45473  -20.435  -42.505  68.806 0.0000000000
48403  -20.182  -39.893  71.139 0.0000000000
49456  -20.008  -39.573  71.111 0.0000000000
49463  -19.694  -39.187  70.852 0.0000000000
49466  -21.375  -39.353  70.258 0.0000000000
49614  -44.114  -37.104  60.287 0.0000000000
49636  -44.122  -37.089  59.910 0.0000000000
50652  -35.350  -36.321  64.576 0.0000000000
50761  -45.061  -35.862  59.926 0.0000000000
51815  -36.979  -36.139  64.409 0.0000000000
51832  -34.673  -36.419  64.319 0.0000000000
51882  -44.602  -36.013  60.452 0.0000000000
51883  -45.084  -35.694  60.183 0.0000000000
51898  -45.485  -35.562  59.787 0.0000000000
51913  -45.707  -35.471  59.469 0.0000000000
52935  -37.136  -35.327  64.607 0.0000000000
52960  -40.285  -35.773  63.617 0.0000000000
53005  -45.607  -35.369  59.952 0.0000000000
54118  -46.918  -33.770  58.902 0.0000000000
54131  -46.841  -33.988  58.977 0.0000000000
54145  -46.858  -34.057  58.739 0.0000000000
54167  -47.390  -33.520  57.116 0.0000000000
55175  -34.130  -34.146  65.854 0.0000000000
55184  -32.750  -33.615  66.111 0.0000000000
55197  -35.315  -34.072  65.380 0.0000000000
55200  -37.130  -34.428  64.481 0.0000000000
55271  -46.690  -33.475  59.461 0.0000000000
55309  -47.251  -33.232  58.426 0.0000000000
55310  -47.586  -32.501  58.277 0.0000000000
55330  -47.306  -33.549  57.575 0.0000000000
55332  -47.652  -32.518  58.066 0.0000000000
56388  -34.504  -33.573  65.288 0.0000000000
56390  -35.503  -33.986  65.258 0.0000000000
56402  -35.591  -33.855  65.066 0.0000000000
56459  -47.069  -32.978  59.218 0.0000000000
56471  -47.374  -32.479  58.846 0.0000000000
56498  -47.915  -32.432  57.265 0.0000000000
56518  -48.168  -31.953  57.327 0.0000000000
57596  -47.344  -31.464  59.366 0.0000000000
57615  -48.181  -31.355  58.470 0.0000000000
57675  -48.071  -31.549  56.754 0.0000000000
58708  -44.891  -30.280  60.488 0.0000000000
58728  -47.804  -30.486  59.393 0.0000000000
58819  -47.799  -31.109  56.349 0.0000000000
59895  -44.385  -28.995  60.464 0.0000000000
59913  -47.924  -29.666  59.435 0.0000000000
59927  -48.246  -29.891  59.081 0.0000000000
61144  -43.961  -28.333  60.069 0.0000000000
61156  -47.943  -28.616  59.331 0.0000000000
62270  -44.816  -27.300  61.430 0.0000000000
62271  -45.045  -27.188  61.590 0.0000000000
62272  -45.207  -26.950  61.309 0.0000000000
62290  -44.484  -27.513  60.657 0.0000000000
63456  -45.097  -26.700  61.387 0.0000000000
63462  -44.688  -27.073  61.007 0.0000000000
63463  -44.910  -26.473  61.274 0.0000000000
63482  -47.832  -26.908  60.057 0.0000000000
64587  -44.820  -25.215  61.066 0.0000000000
64596  -48.010  -26.526  59.906 0.0000000000
64608  -47.965  -26.077  59.090 0.0000000000
65732  -44.882  -24.443  61.044 0.0000000000
66843  -45.207  -23.701  61.237 0.0000000000
66887  -47.614  -23.679  57.512 0.0000000000
66889  -48.964  -22.687  57.138 0.0000000000
66890  -49.710  -22.724  56.680 0.0000000000
67921  -45.230  -23.062  61.270 0.0000000000
67936  -46.327  -22.976  61.041 0.0000000000
67974  -49.022  -21.918  57.409 0.0000000000
69013  -45.794  -22.734  61.099 0.0000000000
69056  -48.269  -21.231  58.054 0.0000000000
70148  -44.685  -21.434  60.117 0.0000000000
70209  -50.135  -20.491  56.520 0.0000000000
71381  -46.740  -21.299  59.614 0.0000000000
71434  -49.092  -20.027  57.354 0.0000000000
71435  -49.631  -19.763  57.072 0.0000000000
72527  -46.657  -19.647  58.330 0.0000000000
72530  -48.256  -19.949  57.792 0.0000000000
72559  -49.905  -19.397  56.762 0.0000000000
72560  -50.124  -19.208  56.332 0.0000000000
72567  -50.223  -19.051  55.980 0.0000000000
72595  -52.377  -17.933  52.925 0.0000000000
72619  -53.303  -18.792  51.252 0.0000000000
72660  -54.355  -18.474  49.310 0.0000000000
72706  -52.633  -18.220  47.761 0.0000000000
73671  -48.169  -19.610  57.565 0.0000000000
73709  -50.122  -18.920  56.180 0.0000000000
73738  -50.054  -17.830  55.483 0.0000000000
73753  -51.305  -17.368  54.110 0.0000000000
73850  -47.844  -17.874  49.927 0.0000000000
73872  -49.277  -17.906  49.328 0.0000000000
73925  -52.652  -17.941  46.078 0.0000000000
74945  -49.388  -17.984  56.192 0.0000000000
75001  -52.752  -17.159  53.128 0.0000000000
75033  -52.185  -16.484  52.202 0.0000000000
75043  -50.201  -16.754  51.114 0.0000000000
