#!ascii label  , from subject 3462 vox2ras=TkReg
1171
48465  -8.239  -38.495  66.071 0.0000000000
61274  -35.144  -29.038  50.748 0.0000000000
70261  -31.838  -21.203  52.608 0.0000000000
62349  -27.250  -25.243  57.597 0.0000000000
75195  -39.820  -15.509  41.225 0.0000000000
76169  -33.163  -13.578  45.901 0.0000000000
58794  -36.417  -29.939  57.097 0.0000000000
59974  -30.923  -28.910  55.134 0.0000000000
77310  -45.050  -13.317  43.764 0.0000000000
79615  -47.805  -12.019  40.114 0.0000000000
82786  -49.658  -8.649  37.334 0.0000000000
77196  -34.263  -14.832  55.664 0.0000000000
75053  -30.076  -15.505  50.199 0.0000000000
79416  -35.902  -11.048  52.745 0.0000000000
79516  -39.687  -10.807  49.343 0.0000000000
56489  -19.750  -31.009  57.810 0.0000000000
46459  -6.358  -39.614  70.094 0.0000000000
65804  -36.724  -24.827  51.480 0.0000000000
71458  -34.156  -19.503  57.310 0.0000000000
61212  -21.395  -28.689  54.952 0.0000000000
64655  -25.221  -25.420  51.290 0.0000000000
84841  -46.447  -7.838  33.645 0.0000000000
88082  -49.229  -4.356  37.345 0.0000000000
75129  -36.914  -14.753  43.372 0.0000000000
75067  -42.537  -14.616  45.893 0.0000000000
49596  -9.230  -37.793  61.693 0.0000000000
42038  -3.949  -43.875  65.972 0.0000000000
79579  -46.409  -11.829  42.409 0.0000000000
79398  -33.966  -11.918  54.202 0.0000000000
54161  -17.287  -33.023  56.045 0.0000000000
47490  -7.607  -38.965  68.336 0.0000000000
62493  -35.612  -27.235  47.773 0.0000000000
62455  -37.027  -27.264  50.547 0.0000000000
63516  -23.107  -25.733  56.423 0.0000000000
63564  -22.885  -25.969  52.843 0.0000000000
62372  -26.810  -25.692  54.886 0.0000000000
58848  -32.461  -30.204  53.211 0.0000000000
61273  -29.559  -28.730  51.334 0.0000000000
60117  -31.827  -29.196  49.734 0.0000000000
62315  -26.198  -26.102  60.204 0.0000000000
61178  -22.362  -27.466  58.484 0.0000000000
81755  -43.456  -10.504  37.278 0.0000000000
83772  -45.781  -9.051  34.639 0.0000000000
85915  -49.474  -6.391  37.237 0.0000000000
76140  -31.225  -13.648  48.615 0.0000000000
76185  -35.075  -13.461  44.341 0.0000000000
78368  -41.880  -11.806  47.330 0.0000000000
51905  -14.050  -34.546  59.583 0.0000000000
50724  -12.620  -35.164  61.936 0.0000000000
49552  -11.771  -36.226  63.653 0.0000000000
50745  -9.897  -37.348  60.140 0.0000000000
42051  -5.522  -44.754  65.704 0.0000000000
58851  -35.338  -30.311  53.978 0.0000000000
62397  -37.937  -27.557  53.615 0.0000000000
62376  -36.827  -27.624  56.409 0.0000000000
61137  -30.465  -26.609  59.768 0.0000000000
61180  -30.042  -26.313  56.569 0.0000000000
59932  -32.205  -27.370  57.567 0.0000000000
58790  -33.002  -30.187  56.194 0.0000000000
76243  -41.968  -14.694  42.808 0.0000000000
79593  -43.105  -11.619  41.630 0.0000000000
80669  -44.799  -10.971  39.538 0.0000000000
80698  -46.400  -11.158  37.728 0.0000000000
81777  -46.810  -9.821  36.569 0.0000000000
80701  -49.058  -10.229  38.260 0.0000000000
73756  -32.795  -17.506  54.292 0.0000000000
72612  -30.833  -18.562  52.354 0.0000000000
76106  -32.192  -14.915  52.821 0.0000000000
78302  -32.723  -12.656  51.054 0.0000000000
78322  -34.744  -11.408  49.680 0.0000000000
78363  -35.791  -11.945  47.261 0.0000000000
79494  -38.049  -10.813  50.306 0.0000000000
54134  -18.269  -32.256  59.017 0.0000000000
53038  -16.393  -33.252  57.476 0.0000000000
90335  -47.864  -2.160  32.774 0.0000000000
47454  -4.641  -39.545  70.057 0.0000000000
65837  -36.071  -24.831  48.144 0.0000000000
68029  -34.320  -23.497  51.856 0.0000000000
66927  -36.478  -25.029  54.458 0.0000000000
68007  -35.078  -23.535  54.419 0.0000000000
70231  -33.145  -21.017  55.514 0.0000000000
73743  -34.220  -17.235  56.070 0.0000000000
62395  -28.354  -27.114  53.290 0.0000000000
58735  -22.242  -29.333  60.527 0.0000000000
58784  -20.335  -29.678  56.526 0.0000000000
84827  -47.459  -7.438  36.031 0.0000000000
86994  -47.278  -5.745  35.882 0.0000000000
89179  -47.571  -3.538  35.264 0.0000000000
91430  -49.381  -1.043  36.027 0.0000000000
46543  -7.775  -41.259  63.148 0.0000000000
45493  -6.556  -41.691  65.316 0.0000000000
73971  -38.758  -16.100  42.152 0.0000000000
77269  -38.001  -13.269  46.150 0.0000000000
75082  -39.466  -15.285  45.327 0.0000000000
72774  -41.151  -16.061  43.829 0.0000000000
75132  -43.886  -15.297  44.475 0.0000000000
49532  -8.735  -37.921  64.766 0.0000000000
44383  -5.742  -41.756  67.058 0.0000000000
44356  -4.929  -41.879  67.939 0.0000000000
45468  -3.181  -41.668  67.747 0.0000000000
47499  -7.620  -39.052  67.463 0.0000000000
61303  -33.982  -28.972  49.690 0.0000000000
61334  -35.109  -28.155  48.770 0.0000000000
61275  -36.032  -28.573  50.850 0.0000000000
62348  -25.392  -25.322  57.926 0.0000000000
63509  -25.413  -25.162  56.188 0.0000000000
62362  -26.575  -25.231  56.244 0.0000000000
60049  -33.913  -30.104  52.075 0.0000000000
60075  -32.334  -29.905  51.296 0.0000000000
60100  -33.719  -29.396  50.423 0.0000000000
61332  -33.048  -28.794  48.933 0.0000000000
62299  -28.385  -26.014  60.442 0.0000000000
62298  -27.262  -26.188  60.869 0.0000000000
62334  -26.559  -25.592  58.967 0.0000000000
63499  -23.709  -25.800  58.129 0.0000000000
81788  -45.104  -9.875  34.713 0.0000000000
69149  -33.222  -22.757  51.144 0.0000000000
69147  -31.753  -21.822  50.929 0.0000000000
76152  -31.854  -13.651  47.307 0.0000000000
76182  -31.908  -14.745  45.930 0.0000000000
77281  -34.246  -13.310  45.575 0.0000000000
51904  -13.141  -35.184  58.837 0.0000000000
51888  -14.114  -34.500  60.684 0.0000000000
51886  -12.142  -35.441  59.573 0.0000000000
50723  -11.495  -35.732  61.582 0.0000000000
51902  -11.311  -36.679  58.586 0.0000000000
58833  -36.129  -30.027  55.250 0.0000000000
59996  -37.185  -29.064  55.129 0.0000000000
59958  -36.547  -29.169  56.900 0.0000000000
61138  -31.396  -26.752  60.331 0.0000000000
61152  -31.364  -26.858  59.218 0.0000000000
59920  -33.253  -27.296  59.108 0.0000000000
58774  -34.882  -30.333  57.992 0.0000000000
58772  -33.182  -29.986  57.250 0.0000000000
58792  -34.985  -30.593  56.903 0.0000000000
58831  -34.500  -30.554  54.638 0.0000000000
76232  -43.770  -14.573  43.679 0.0000000000
77343  -41.825  -13.375  42.130 0.0000000000
77331  -44.098  -12.996  42.843 0.0000000000
79597  -47.560  -11.747  41.002 0.0000000000
79613  -45.912  -11.598  40.473 0.0000000000
79625  -46.091  -11.714  39.449 0.0000000000
80682  -45.217  -11.095  38.738 0.0000000000
80684  -47.243  -11.723  38.365 0.0000000000
80699  -47.429  -11.146  37.678 0.0000000000
79628  -48.513  -11.167  39.429 0.0000000000
76103  -33.577  -16.165  54.963 0.0000000000
73775  -32.678  -16.763  53.738 0.0000000000
76102  -33.161  -15.378  54.564 0.0000000000
79415  -34.521  -11.365  52.969 0.0000000000
78294  -32.830  -12.766  52.394 0.0000000000
79438  -34.681  -11.581  51.705 0.0000000000
78321  -33.384  -12.168  49.702 0.0000000000
78304  -35.132  -11.380  50.570 0.0000000000
78323  -36.072  -10.754  49.924 0.0000000000
79440  -36.640  -10.918  51.859 0.0000000000
56476  -20.447  -30.721  59.502 0.0000000000
54123  -19.660  -31.860  60.652 0.0000000000
55291  -19.350  -31.739  58.801 0.0000000000
54147  -16.900  -33.323  56.563 0.0000000000
91440  -49.177  -0.357  34.229 0.0000000000
91445  -49.919  -0.202  32.578 0.0000000000
46457  -5.198  -39.939  70.245 0.0000000000
64689  -36.640  -25.650  49.748 0.0000000000
63638  -35.995  -26.262  47.229 0.0000000000
65826  -36.299  -24.763  49.491 0.0000000000
66973  -35.721  -24.043  49.897 0.0000000000
66963  -35.271  -24.072  51.093 0.0000000000
64637  -36.832  -26.329  55.570 0.0000000000
64648  -37.383  -26.164  53.780 0.0000000000
65778  -36.619  -25.472  55.053 0.0000000000
70215  -34.755  -20.959  57.560 0.0000000000
67989  -34.677  -23.119  56.134 0.0000000000
69091  -33.802  -21.867  56.002 0.0000000000
69100  -33.789  -22.311  54.916 0.0000000000
70222  -33.572  -20.737  56.393 0.0000000000
72580  -33.883  -18.155  55.965 0.0000000000
72572  -34.490  -18.324  56.858 0.0000000000
63565  -24.036  -25.314  52.284 0.0000000000
61196  -30.580  -26.957  55.838 0.0000000000
62384  -28.469  -26.875  54.450 0.0000000000
61228  -29.790  -28.308  54.213 0.0000000000
62452  -28.828  -27.565  50.387 0.0000000000
59919  -23.026  -28.765  60.545 0.0000000000
61194  -21.429  -27.665  57.168 0.0000000000
59955  -21.005  -28.484  57.306 0.0000000000
59972  -20.846  -29.128  55.659 0.0000000000
58802  -19.917  -30.324  54.675 0.0000000000
82784  -48.140  -9.244  36.264 0.0000000000
83752  -47.467  -8.645  36.056 0.0000000000
83753  -48.293  -8.467  36.128 0.0000000000
86986  -49.712  -5.569  37.647 0.0000000000
85913  -48.186  -6.439  36.458 0.0000000000
88081  -48.660  -4.588  36.852 0.0000000000
88088  -47.430  -4.589  35.741 0.0000000000
89175  -48.718  -3.607  36.670 0.0000000000
90323  -48.580  -1.984  35.854 0.0000000000
90319  -49.806  -2.069  37.209 0.0000000000
73817  -30.607  -17.420  51.384 0.0000000000
71515  -30.035  -19.698  50.923 0.0000000000
73970  -37.906  -15.985  41.543 0.0000000000
75150  -38.059  -15.841  42.747 0.0000000000
78365  -38.215  -11.282  48.061 0.0000000000
78377  -37.058  -12.394  46.781 0.0000000000
78379  -39.360  -11.971  47.236 0.0000000000
76142  -42.013  -13.347  46.750 0.0000000000
76157  -41.248  -13.705  46.400 0.0000000000
75084  -41.104  -15.440  45.400 0.0000000000
73918  -40.202  -16.401  44.787 0.0000000000
73920  -41.695  -15.949  44.732 0.0000000000
73938  -43.081  -16.289  44.358 0.0000000000
75109  -43.245  -15.329  45.130 0.0000000000
49573  -10.958  -36.226  63.021 0.0000000000
49534  -10.405  -36.566  64.594 0.0000000000
49523  -10.176  -36.744  65.484 0.0000000000
49571  -9.072  -37.890  62.962 0.0000000000
48483  -8.402  -38.754  63.380 0.0000000000
48492  -8.549  -39.026  62.061 0.0000000000
44413  -6.582  -42.789  64.638 0.0000000000
45486  -6.225  -41.414  66.372 0.0000000000
44404  -6.004  -43.315  64.952 0.0000000000
42040  -5.014  -44.001  66.109 0.0000000000
43220  -5.212  -42.993  66.722 0.0000000000
43218  -4.588  -43.070  66.863 0.0000000000
45455  -3.820  -41.174  68.259 0.0000000000
43216  -3.524  -42.602  67.073 0.0000000000
59921  -34.103  -27.812  59.120 0.0000000000
77312  -46.304  -12.494  44.302 0.0000000000
77333  -45.164  -12.643  43.139 0.0000000000
78420  -46.843  -11.856  43.440 0.0000000000
78285  -33.531  -13.027  54.803 0.0000000000
55359  -19.106  -31.336  56.457 0.0000000000
55336  -18.711  -31.755  56.804 0.0000000000
48417  -8.066  -38.174  69.680 0.0000000000
47467  -7.183  -39.044  69.266 0.0000000000
61362  -35.132  -27.779  48.113 0.0000000000
62472  -36.218  -27.280  49.070 0.0000000000
64681  -37.107  -25.563  50.667 0.0000000000
73715  -35.232  -17.757  57.439 0.0000000000
62370  -22.037  -26.688  56.218 0.0000000000
62381  -21.964  -27.316  54.652 0.0000000000
63528  -23.486  -25.361  55.066 0.0000000000
63529  -24.828  -25.255  54.615 0.0000000000
63548  -26.208  -25.517  53.042 0.0000000000
59994  -31.383  -29.553  54.489 0.0000000000
60017  -29.786  -29.037  53.095 0.0000000000
60046  -30.918  -29.740  52.284 0.0000000000
60097  -30.730  -29.299  50.667 0.0000000000
61358  -31.156  -28.556  48.147 0.0000000000
62314  -24.877  -27.004  60.691 0.0000000000
61149  -23.985  -27.823  60.619 0.0000000000
62332  -24.187  -27.126  59.891 0.0000000000
62346  -22.718  -26.686  58.081 0.0000000000
81739  -42.393  -10.546  38.279 0.0000000000
83773  -46.069  -8.805  34.061 0.0000000000
82771  -50.540  -7.963  38.339 0.0000000000
83755  -49.574  -7.710  36.996 0.0000000000
76139  -30.025  -14.483  49.177 0.0000000000
76214  -34.751  -14.573  42.712 0.0000000000
76186  -36.454  -14.060  43.987 0.0000000000
79517  -41.016  -10.791  49.131 0.0000000000
79528  -41.240  -11.391  48.012 0.0000000000
78347  -42.118  -11.194  48.290 0.0000000000
51907  -15.340  -33.845  60.572 0.0000000000
51889  -15.062  -34.262  61.155 0.0000000000
50682  -14.170  -35.190  63.247 0.0000000000
50702  -12.097  -35.643  62.545 0.0000000000
50701  -11.173  -36.076  62.394 0.0000000000
50721  -9.735  -37.259  61.556 0.0000000000
49617  -9.336  -38.188  60.528 0.0000000000
49618  -9.809  -38.476  59.703 0.0000000000
60050  -34.960  -29.887  52.087 0.0000000000
61256  -36.412  -28.855  51.847 0.0000000000
60024  -37.088  -29.187  54.221 0.0000000000
62386  -36.954  -27.494  55.515 0.0000000000
62317  -28.740  -25.802  59.385 0.0000000000
62350  -28.566  -25.708  57.444 0.0000000000
62337  -29.908  -26.510  58.103 0.0000000000
61181  -30.737  -26.625  56.790 0.0000000000
59944  -32.000  -27.779  56.542 0.0000000000
59934  -33.525  -28.387  58.389 0.0000000000
58771  -32.599  -29.407  56.765 0.0000000000
59975  -31.647  -29.270  55.451 0.0000000000
58829  -32.711  -30.203  54.160 0.0000000000
58850  -34.349  -30.455  53.532 0.0000000000
62288  -29.130  -26.118  61.062 0.0000000000
75196  -40.661  -15.077  41.634 0.0000000000
76256  -40.342  -14.900  40.854 0.0000000000
76257  -41.216  -14.344  41.805 0.0000000000
78441  -41.537  -12.690  41.604 0.0000000000
79609  -41.758  -11.390  40.826 0.0000000000
78444  -44.605  -11.993  42.304 0.0000000000
79611  -43.672  -11.029  40.764 0.0000000000
80667  -42.989  -10.686  39.844 0.0000000000
81740  -43.318  -10.521  38.291 0.0000000000
81756  -44.330  -10.395  37.145 0.0000000000
81775  -44.513  -10.008  36.163 0.0000000000
81776  -45.629  -9.776  36.367 0.0000000000
81758  -46.543  -10.495  37.081 0.0000000000
81759  -47.640  -10.576  37.041 0.0000000000
81761  -49.301  -9.860  37.677 0.0000000000
80671  -49.332  -9.948  40.049 0.0000000000
81763  -50.150  -8.757  38.534 0.0000000000
71482  -31.796  -19.508  53.737 0.0000000000
70260  -31.077  -20.638  52.271 0.0000000000
72599  -31.488  -18.523  53.267 0.0000000000
73793  -31.354  -17.470  52.683 0.0000000000
76112  -31.364  -15.431  51.768 0.0000000000
77199  -32.630  -13.906  53.691 0.0000000000
77210  -32.138  -13.739  52.095 0.0000000000
76121  -31.196  -14.077  50.768 0.0000000000
77228  -31.807  -13.255  49.531 0.0000000000
77229  -32.857  -12.549  48.789 0.0000000000
77230  -33.526  -12.103  48.095 0.0000000000
77249  -35.045  -12.318  46.894 0.0000000000
78344  -35.829  -11.261  48.598 0.0000000000
78345  -37.104  -11.038  48.993 0.0000000000
79515  -38.641  -10.845  49.506 0.0000000000
79470  -39.400  -10.691  51.327 0.0000000000
79496  -40.136  -10.641  50.385 0.0000000000
53015  -17.962  -32.601  60.676 0.0000000000
54149  -18.156  -32.546  57.999 0.0000000000
53027  -17.018  -32.769  58.866 0.0000000000
53013  -16.619  -33.124  59.799 0.0000000000
53025  -15.625  -33.634  58.302 0.0000000000
68056  -34.199  -23.322  50.323 0.0000000000
69119  -33.214  -22.292  52.774 0.0000000000
62414  -37.564  -27.361  52.186 0.0000000000
64667  -37.492  -25.756  52.393 0.0000000000
65794  -36.690  -24.898  52.571 0.0000000000
68008  -35.599  -23.993  54.144 0.0000000000
66937  -35.520  -24.002  52.985 0.0000000000
69121  -34.379  -23.117  53.436 0.0000000000
69120  -33.812  -22.767  53.130 0.0000000000
70241  -32.564  -20.855  54.442 0.0000000000
71474  -32.555  -19.430  55.083 0.0000000000
73757  -33.487  -17.375  55.147 0.0000000000
76099  -34.313  -16.272  55.882 0.0000000000
74953  -35.087  -16.664  57.065 0.0000000000
76084  -35.217  -15.643  57.140 0.0000000000
62363  -28.087  -25.672  56.348 0.0000000000
62383  -27.533  -26.251  53.940 0.0000000000
63549  -27.038  -26.090  52.902 0.0000000000
61253  -28.716  -27.833  52.147 0.0000000000
63584  -28.089  -26.888  51.304 0.0000000000
57602  -21.510  -30.222  60.522 0.0000000000
57621  -20.839  -30.041  58.880 0.0000000000
59930  -22.404  -28.534  59.405 0.0000000000
58770  -21.193  -29.330  58.505 0.0000000000
57662  -20.064  -30.294  56.988 0.0000000000
56527  -19.263  -31.176  55.647 0.0000000000
82782  -46.040  -9.137  35.836 0.0000000000
83763  -45.996  -8.591  35.150 0.0000000000
84836  -46.055  -7.760  34.642 0.0000000000
84829  -48.942  -7.003  36.414 0.0000000000
85912  -47.468  -6.711  36.062 0.0000000000
85921  -46.407  -6.934  35.142 0.0000000000
87004  -46.409  -5.925  34.881 0.0000000000
88096  -46.298  -4.899  34.259 0.0000000000
89197  -46.564  -4.011  32.585 0.0000000000
89199  -47.404  -2.425  33.734 0.0000000000
91434  -48.605  -0.903  34.644 0.0000000000
47525  -7.789  -39.599  64.765 0.0000000000
47507  -7.114  -39.900  65.719 0.0000000000
46534  -7.439  -41.133  64.090 0.0000000000
70281  -30.355  -20.602  50.846 0.0000000000
73993  -39.104  -15.919  41.681 0.0000000000
77267  -35.803  -12.514  46.157 0.0000000000
77283  -36.451  -12.939  45.240 0.0000000000
76187  -37.417  -14.421  44.522 0.0000000000
77271  -40.486  -12.825  46.696 0.0000000000
76174  -39.195  -14.537  45.527 0.0000000000
75105  -38.749  -15.414  44.694 0.0000000000
73933  -39.240  -16.741  43.843 0.0000000000
73972  -39.807  -16.329  42.766 0.0000000000
73994  -40.035  -15.745  42.137 0.0000000000
73996  -41.558  -15.377  43.005 0.0000000000
75170  -42.918  -15.712  43.568 0.0000000000
75153  -44.069  -14.950  44.080 0.0000000000
48457  -9.398  -37.187  66.807 0.0000000000
49522  -9.594  -37.253  65.816 0.0000000000
48466  -8.911  -37.801  65.731 0.0000000000
48473  -8.033  -39.486  64.174 0.0000000000
47531  -8.076  -40.422  62.928 0.0000000000
47498  -7.038  -39.781  66.783 0.0000000000
46500  -6.430  -40.398  68.052 0.0000000000
45459  -6.111  -40.816  68.673 0.0000000000
43232  -5.452  -43.451  65.967 0.0000000000
44371  -5.619  -41.561  67.926 0.0000000000
45445  -5.719  -40.858  69.120 0.0000000000
45430  -4.744  -40.520  69.353 0.0000000000
46477  -4.237  -40.253  69.004 0.0000000000
43239  -3.370  -43.858  65.815 0.0000000000
44366  -2.784  -42.300  66.796 0.0000000000
48446  -8.560  -37.749  67.717 0.0000000000
48455  -8.123  -38.361  67.115 0.0000000000
60101  -34.506  -29.128  50.377 0.0000000000
61304  -35.152  -28.604  49.821 0.0000000000
62361  -25.513  -25.113  56.821 0.0000000000
60077  -34.458  -29.533  51.198 0.0000000000
60076  -33.357  -29.801  51.214 0.0000000000
62316  -27.511  -25.814  59.759 0.0000000000
82792  -45.022  -9.665  35.118 0.0000000000
69131  -32.389  -21.940  51.991 0.0000000000
69148  -32.342  -22.144  51.120 0.0000000000
70283  -31.983  -21.708  51.787 0.0000000000
76153  -32.677  -13.430  46.638 0.0000000000
76168  -32.277  -14.035  46.322 0.0000000000
76184  -33.728  -13.693  44.826 0.0000000000
51903  -12.100  -35.876  58.512 0.0000000000
51885  -11.571  -35.963  59.153 0.0000000000
58814  -36.260  -29.781  56.174 0.0000000000
58815  -36.503  -29.367  56.729 0.0000000000
58795  -36.635  -29.309  57.393 0.0000000000
61139  -32.354  -26.858  60.711 0.0000000000
61153  -32.273  -26.831  59.672 0.0000000000
59905  -33.027  -26.963  60.188 0.0000000000
57649  -35.993  -30.325  57.883 0.0000000000
57669  -35.557  -30.475  57.134 0.0000000000
58813  -35.573  -30.353  55.941 0.0000000000
61125  -31.728  -26.823  61.454 0.0000000000
76233  -44.403  -13.718  43.618 0.0000000000
76245  -43.821  -13.766  43.330 0.0000000000
76246  -44.419  -13.285  43.253 0.0000000000
79614  -46.817  -12.020  40.250 0.0000000000
79626  -47.029  -12.101  39.241 0.0000000000
79627  -48.023  -11.835  39.236 0.0000000000
76098  -34.016  -15.502  55.411 0.0000000000
76097  -33.446  -14.845  54.950 0.0000000000
79465  -34.817  -11.625  51.086 0.0000000000
79439  -35.598  -11.288  51.863 0.0000000000
79467  -36.281  -10.895  50.883 0.0000000000
56475  -19.886  -30.989  58.708 0.0000000000
55292  -19.706  -31.393  59.616 0.0000000000
55313  -19.543  -31.456  58.350 0.0000000000
92474  -49.695  0.006  33.860 0.0000000000
91444  -49.302  -0.485  33.002 0.0000000000
92479  -50.087  0.129  33.213 0.0000000000
47456  -6.920  -39.017  69.858 0.0000000000
47445  -6.089  -39.330  70.485 0.0000000000
46458  -5.772  -39.927  70.303 0.0000000000
64690  -36.575  -25.118  50.178 0.0000000000
65827  -36.311  -24.831  50.232 0.0000000000
65816  -36.019  -24.531  50.454 0.0000000000
66964  -35.985  -24.747  51.191 0.0000000000
65766  -36.429  -25.279  56.243 0.0000000000
71450  -34.648  -20.162  57.860 0.0000000000
70223  -34.170  -20.982  57.042 0.0000000000
71457  -33.627  -19.967  56.895 0.0000000000
72571  -33.928  -19.054  56.640 0.0000000000
59988  -21.073  -29.316  54.399 0.0000000000
61225  -21.504  -28.499  54.032 0.0000000000
61216  -30.850  -27.954  55.445 0.0000000000
61215  -30.219  -27.552  55.030 0.0000000000
61229  -30.435  -28.423  54.826 0.0000000000
61213  -21.563  -28.083  55.713 0.0000000000
59973  -21.039  -28.426  56.514 0.0000000000
58822  -20.405  -29.789  54.654 0.0000000000
82785  -49.043  -9.037  36.598 0.0000000000
86985  -48.946  -5.139  37.124 0.0000000000
88089  -48.111  -4.062  36.230 0.0000000000
89181  -48.799  -2.680  36.415 0.0000000000
89176  -49.388  -3.064  37.212 0.0000000000
73842  -30.308  -16.502  50.557 0.0000000000
73841  -30.112  -17.440  50.331 0.0000000000
75149  -37.090  -15.427  42.448 0.0000000000
73948  -37.584  -15.859  42.005 0.0000000000
75130  -38.097  -15.563  43.517 0.0000000000
79526  -39.091  -11.031  48.490 0.0000000000
79531  -39.563  -11.398  47.775 0.0000000000
76158  -42.264  -14.044  46.457 0.0000000000
75066  -41.641  -14.661  45.838 0.0000000000
75085  -41.974  -15.267  45.464 0.0000000000
73905  -42.226  -15.715  45.121 0.0000000000
75068  -43.388  -14.436  45.931 0.0000000000
49572  -10.061  -37.003  62.638 0.0000000000
49551  -10.711  -36.424  63.704 0.0000000000
49550  -9.705  -37.129  63.844 0.0000000000
42039  -4.617  -43.843  66.158 0.0000000000
43229  -4.920  -43.567  66.472 0.0000000000
42031  -4.310  -43.320  66.602 0.0000000000
43217  -4.173  -42.893  67.083 0.0000000000
43228  -3.820  -43.362  66.416 0.0000000000
79382  -34.543  -12.129  55.738 0.0000000000
55358  -18.740  -31.750  55.495 0.0000000000
48436  -8.214  -38.409  68.781 0.0000000000
48428  -8.176  -38.304  69.319 0.0000000000
47480  -7.570  -38.867  68.875 0.0000000000
47468  -7.718  -38.584  69.483 0.0000000000
47479  -6.882  -39.480  68.654 0.0000000000
61361  -34.376  -28.056  48.047 0.0000000000
61305  -36.135  -28.073  50.083 0.0000000000
62453  -35.879  -27.881  49.351 0.0000000000
62454  -36.616  -27.224  49.904 0.0000000000
63601  -36.887  -26.217  50.001 0.0000000000
63602  -37.208  -26.649  50.630 0.0000000000
63515  -22.465  -26.093  56.074 0.0000000000
63527  -22.454  -26.076  55.438 0.0000000000
63518  -25.753  -25.318  55.327 0.0000000000
63547  -25.076  -25.296  53.357 0.0000000000
63530  -26.102  -25.405  54.197 0.0000000000
58847  -31.896  -30.136  53.396 0.0000000000
60019  -31.301  -29.876  53.344 0.0000000000
60047  -31.973  -30.085  52.396 0.0000000000
60098  -31.673  -29.545  50.546 0.0000000000
60116  -31.151  -29.133  50.006 0.0000000000
61301  -30.532  -28.888  49.898 0.0000000000
61330  -30.957  -28.784  49.178 0.0000000000
61331  -31.948  -28.841  48.906 0.0000000000
61359  -32.162  -28.394  48.035 0.0000000000
62286  -27.184  -26.306  62.175 0.0000000000
62297  -26.065  -26.381  61.322 0.0000000000
62296  -25.287  -26.905  61.765 0.0000000000
62313  -24.350  -27.344  60.385 0.0000000000
63500  -24.142  -25.491  57.948 0.0000000000
62360  -22.899  -26.205  57.566 0.0000000000
62371  -22.434  -26.217  56.943 0.0000000000
81754  -42.582  -10.752  37.353 0.0000000000
76138  -29.896  -14.893  48.733 0.0000000000
76151  -30.814  -14.242  47.857 0.0000000000
76199  -34.223  -14.208  43.748 0.0000000000
76200  -35.542  -14.249  43.312 0.0000000000
76171  -36.028  -13.051  44.407 0.0000000000
79518  -42.304  -10.741  49.419 0.0000000000
77253  -43.674  -12.395  47.560 0.0000000000
51906  -14.830  -34.060  60.176 0.0000000000
50748  -13.309  -34.740  61.261 0.0000000000
50749  -14.284  -34.599  61.538 0.0000000000
50725  -13.699  -34.841  62.125 0.0000000000
50703  -13.154  -35.380  62.888 0.0000000000
50746  -10.973  -36.113  60.020 0.0000000000
50722  -10.346  -36.714  61.534 0.0000000000
60022  -35.280  -30.131  52.984 0.0000000000
60023  -36.311  -29.597  53.574 0.0000000000
61217  -36.737  -28.102  56.093 0.0000000000
61231  -37.423  -28.265  55.180 0.0000000000
62318  -29.782  -26.177  59.046 0.0000000000
62336  -29.126  -25.934  58.310 0.0000000000
61166  -31.470  -26.752  58.176 0.0000000000
61182  -31.474  -26.906  57.128 0.0000000000
61197  -31.236  -27.383  56.199 0.0000000000
59922  -34.703  -28.114  59.627 0.0000000000
59957  -32.011  -28.884  56.315 0.0000000000
58789  -32.290  -29.733  55.834 0.0000000000
58809  -32.101  -29.898  54.855 0.0000000000
58810  -32.854  -30.242  55.149 0.0000000000
60021  -34.492  -30.258  52.672 0.0000000000
61124  -30.369  -26.390  61.232 0.0000000000
62300  -29.511  -26.123  60.145 0.0000000000
76242  -41.263  -14.973  42.278 0.0000000000
78442  -42.469  -12.491  42.056 0.0000000000
79591  -41.109  -11.992  41.054 0.0000000000
79592  -42.077  -11.832  41.430 0.0000000000
78432  -46.093  -12.046  42.796 0.0000000000
78445  -45.118  -12.000  42.411 0.0000000000
79578  -45.817  -11.858  42.311 0.0000000000
79612  -44.848  -11.197  40.534 0.0000000000
80668  -44.040  -10.836  39.794 0.0000000000
80680  -43.513  -10.647  39.162 0.0000000000
80681  -44.202  -10.767  38.930 0.0000000000
80697  -45.614  -11.089  37.950 0.0000000000
81742  -44.960  -10.691  37.834 0.0000000000
81757  -45.417  -10.428  37.234 0.0000000000
80700  -48.447  -10.916  37.898 0.0000000000
81760  -48.691  -10.450  37.221 0.0000000000
81744  -50.210  -9.009  39.191 0.0000000000
72588  -32.326  -18.485  54.301 0.0000000000
71481  -31.483  -19.264  53.352 0.0000000000
72600  -31.919  -18.488  53.759 0.0000000000
75005  -32.285  -16.081  53.011 0.0000000000
73794  -31.805  -16.623  52.707 0.0000000000
75023  -31.216  -16.084  52.005 0.0000000000
75024  -31.777  -15.943  52.420 0.0000000000
77200  -32.933  -14.043  54.273 0.0000000000
78289  -33.173  -12.437  53.546 0.0000000000
76113  -31.711  -14.992  51.897 0.0000000000
77217  -31.998  -13.361  50.814 0.0000000000
78342  -33.510  -12.078  48.711 0.0000000000
77247  -33.065  -12.511  47.618 0.0000000000
78343  -34.404  -11.733  48.292 0.0000000000
79493  -37.039  -10.720  50.169 0.0000000000
78324  -36.882  -10.783  49.663 0.0000000000
79513  -37.226  -10.825  49.581 0.0000000000
79514  -37.744  -10.872  49.497 0.0000000000
79443  -39.648  -10.791  52.336 0.0000000000
79471  -40.404  -10.679  51.507 0.0000000000
79497  -41.305  -10.551  50.520 0.0000000000
54136  -19.236  -31.701  60.047 0.0000000000
54122  -18.969  -31.963  60.487 0.0000000000
54107  -18.750  -32.314  60.898 0.0000000000
54121  -18.240  -32.099  60.229 0.0000000000
54162  -17.902  -32.218  56.740 0.0000000000
54163  -18.599  -32.226  57.563 0.0000000000
54148  -17.270  -32.742  57.572 0.0000000000
53039  -16.742  -32.837  58.169 0.0000000000
53026  -16.318  -33.071  58.751 0.0000000000
53012  -15.716  -33.582  59.777 0.0000000000
48405  -4.444  -38.983  70.225 0.0000000000
63637  -35.604  -26.274  46.597 0.0000000000
65825  -35.600  -24.144  48.768 0.0000000000
68045  -34.725  -23.805  51.517 0.0000000000
66962  -34.822  -23.724  50.569 0.0000000000
68044  -34.463  -23.534  50.901 0.0000000000
68028  -33.756  -23.108  51.469 0.0000000000
69133  -33.749  -22.967  52.308 0.0000000000
61257  -37.203  -28.372  52.367 0.0000000000
62396  -37.666  -27.882  52.859 0.0000000000
65787  -36.818  -25.600  53.958 0.0000000000
64657  -37.325  -25.832  53.054 0.0000000000
65795  -36.869  -25.343  53.147 0.0000000000
64656  -37.165  -25.409  52.617 0.0000000000
65786  -36.480  -24.915  53.623 0.0000000000
67997  -34.767  -23.313  55.590 0.0000000000
67998  -35.304  -23.911  55.070 0.0000000000
66938  -35.849  -24.264  53.241 0.0000000000
68019  -35.486  -23.849  53.737 0.0000000000
68018  -35.134  -23.661  53.249 0.0000000000
69112  -34.490  -23.044  54.184 0.0000000000
69111  -33.849  -22.576  53.964 0.0000000000
70242  -33.306  -21.826  54.501 0.0000000000
69110  -33.229  -22.025  53.664 0.0000000000
70230  -32.700  -20.322  55.238 0.0000000000
72590  -33.440  -18.108  55.425 0.0000000000
73742  -33.911  -17.347  55.648 0.0000000000
74976  -33.950  -16.674  55.484 0.0000000000
74977  -34.240  -16.719  55.955 0.0000000000
74954  -35.635  -17.116  57.689 0.0000000000
76085  -35.678  -16.411  57.722 0.0000000000
77192  -34.941  -15.037  56.686 0.0000000000
63545  -22.601  -26.002  54.183 0.0000000000
62380  -21.767  -27.806  53.425 0.0000000000
62393  -22.190  -26.936  53.261 0.0000000000
62351  -29.505  -26.189  57.401 0.0000000000
62364  -29.165  -26.045  56.443 0.0000000000
62394  -27.775  -26.664  52.714 0.0000000000
61255  -29.684  -29.032  52.267 0.0000000000
61240  -29.446  -28.568  53.059 0.0000000000
61254  -29.017  -28.324  51.997 0.0000000000
57601  -21.003  -30.321  59.897 0.0000000000
57622  -21.217  -29.976  59.688 0.0000000000
61164  -23.184  -27.796  59.661 0.0000000000
59931  -22.786  -28.455  59.955 0.0000000000
61163  -22.813  -27.898  59.089 0.0000000000
59954  -20.754  -29.009  56.901 0.0000000000
59942  -20.903  -28.898  57.591 0.0000000000
58769  -20.688  -29.485  57.822 0.0000000000
57642  -20.276  -30.144  57.900 0.0000000000
57661  -19.649  -30.670  56.220 0.0000000000
57681  -19.910  -30.266  56.145 0.0000000000
84815  -47.050  -8.253  36.004 0.0000000000
83751  -46.708  -8.584  35.895 0.0000000000
84826  -46.676  -7.799  35.673 0.0000000000
84818  -49.828  -7.035  37.302 0.0000000000
83766  -49.306  -7.349  36.564 0.0000000000
84830  -49.370  -7.015  36.831 0.0000000000
86993  -46.823  -6.433  35.597 0.0000000000
87005  -46.748  -5.003  35.182 0.0000000000
88097  -46.824  -4.105  34.806 0.0000000000
89187  -46.407  -3.882  33.705 0.0000000000
89188  -47.072  -3.170  34.255 0.0000000000
89189  -47.694  -2.537  34.668 0.0000000000
90322  -48.187  -1.640  34.931 0.0000000000
91435  -48.967  -1.050  35.366 0.0000000000
91441  -49.460  -0.485  34.901 0.0000000000
47524  -7.874  -40.082  64.064 0.0000000000
47516  -7.455  -40.154  64.822 0.0000000000
71516  -30.372  -19.798  51.819 0.0000000000
73992  -38.214  -16.019  40.928 0.0000000000
77268  -36.932  -12.949  46.025 0.0000000000
77285  -37.570  -13.498  45.763 0.0000000000
76172  -37.000  -13.641  44.764 0.0000000000
76154  -38.295  -13.785  45.797 0.0000000000
78367  -40.830  -12.067  47.280 0.0000000000
78380  -40.201  -12.149  47.126 0.0000000000
77250  -40.932  -12.617  46.943 0.0000000000
76175  -39.915  -14.848  45.527 0.0000000000
76156  -39.952  -13.886  45.855 0.0000000000
75081  -38.945  -14.870  45.176 0.0000000000
75131  -38.907  -16.120  43.975 0.0000000000
73917  -39.424  -16.381  44.542 0.0000000000
73935  -40.630  -16.449  44.287 0.0000000000
73951  -39.957  -16.812  43.523 0.0000000000
72789  -40.282  -16.562  43.292 0.0000000000
73973  -40.642  -15.922  42.963 0.0000000000
73995  -41.038  -15.584  42.823 0.0000000000
73974  -41.374  -15.645  43.275 0.0000000000
73939  -43.570  -15.915  44.353 0.0000000000
73955  -43.061  -16.229  43.773 0.0000000000
75152  -43.674  -15.655  43.952 0.0000000000
76216  -43.915  -15.041  43.891 0.0000000000
75133  -44.343  -14.675  44.422 0.0000000000
49533  -9.358  -37.330  64.983 0.0000000000
48475  -8.751  -37.902  65.110 0.0000000000
48474  -8.202  -38.756  64.686 0.0000000000
48491  -8.236  -39.644  62.746 0.0000000000
47538  -8.371  -40.469  61.669 0.0000000000
46525  -6.933  -40.891  64.968 0.0000000000
46517  -6.598  -40.643  66.018 0.0000000000
44394  -5.838  -41.960  66.604 0.0000000000
46508  -6.473  -40.510  67.096 0.0000000000
45478  -6.002  -41.302  67.382 0.0000000000
45470  -6.081  -40.942  68.274 0.0000000000
45469  -5.787  -41.446  67.783 0.0000000000
43241  -5.528  -44.350  65.726 0.0000000000
43242  -5.705  -43.903  65.438 0.0000000000
44369  -5.086  -42.356  67.354 0.0000000000
44370  -5.303  -42.218  67.358 0.0000000000
44358  -5.733  -41.234  68.392 0.0000000000
44345  -5.410  -41.064  68.869 0.0000000000
45444  -5.237  -40.884  69.165 0.0000000000
45443  -4.912  -41.044  68.913 0.0000000000
45454  -3.588  -41.330  68.127 0.0000000000
45441  -4.033  -40.770  68.572 0.0000000000
46489  -3.785  -40.611  68.506 0.0000000000
47478  -4.141  -40.103  68.899 0.0000000000
43238  -3.174  -43.646  65.793 0.0000000000
43226  -3.148  -43.117  66.248 0.0000000000
62431  -36.714  -27.787  50.643 0.0000000000
63508  -24.521  -25.257  56.947 0.0000000000
60048  -32.920  -30.125  52.028 0.0000000000
58866  -32.650  -30.198  52.581 0.0000000000
60099  -32.681  -29.526  50.332 0.0000000000
60118  -32.550  -29.143  49.524 0.0000000000
61302  -33.212  -29.210  49.767 0.0000000000
62333  -25.091  -26.191  59.436 0.0000000000
81774  -43.605  -10.597  36.262 0.0000000000
82793  -45.412  -9.326  34.884 0.0000000000
68055  -33.742  -23.142  49.989 0.0000000000
76167  -31.429  -14.639  46.810 0.0000000000
75080  -31.396  -15.119  46.228 0.0000000000
77294  -34.756  -13.296  44.999 0.0000000000
51887  -13.144  -34.871  60.150 0.0000000000
50747  -12.144  -35.089  60.792 0.0000000000
50765  -10.498  -37.487  59.066 0.0000000000
58852  -36.007  -30.086  54.444 0.0000000000
59995  -36.579  -29.587  54.657 0.0000000000
59976  -36.617  -29.514  55.440 0.0000000000
59978  -36.704  -28.394  56.522 0.0000000000
61198  -36.757  -28.179  56.865 0.0000000000
61151  -30.586  -26.629  58.684 0.0000000000
61167  -32.270  -27.078  58.609 0.0000000000
58756  -34.353  -29.793  58.550 0.0000000000
58773  -34.075  -30.229  57.595 0.0000000000
58791  -33.921  -30.369  56.506 0.0000000000
58811  -33.719  -30.503  55.426 0.0000000000
58812  -34.672  -30.599  55.714 0.0000000000
58832  -35.374  -30.365  54.970 0.0000000000
75187  -42.651  -14.851  43.209 0.0000000000
76258  -42.214  -13.995  42.653 0.0000000000
76259  -42.813  -13.823  42.910 0.0000000000
77344  -42.825  -13.270  42.556 0.0000000000
78443  -43.639  -12.391  42.353 0.0000000000
79596  -46.618  -11.760  41.287 0.0000000000
79595  -45.482  -11.693  41.794 0.0000000000
79624  -45.425  -11.291  39.723 0.0000000000
80683  -46.231  -11.626  38.504 0.0000000000
80685  -48.189  -11.358  38.556 0.0000000000
80686  -48.840  -10.574  39.087 0.0000000000
74989  -33.113  -16.460  54.369 0.0000000000
75006  -32.673  -16.221  53.708 0.0000000000
76107  -32.564  -15.483  53.724 0.0000000000
80554  -34.610  -11.437  53.960 0.0000000000
78295  -33.778  -11.916  52.296 0.0000000000
78320  -32.616  -12.701  50.331 0.0000000000
78303  -33.960  -11.840  51.043 0.0000000000
78305  -35.705  -11.056  50.634 0.0000000000
79468  -37.360  -10.703  51.055 0.0000000000
55256  -20.724  -31.671  61.175 0.0000000000
55293  -20.510  -31.195  60.281 0.0000000000
54135  -18.978  -32.002  59.307 0.0000000000
53037  -15.792  -34.231  57.085 0.0000000000
91439  -48.436  -0.904  33.891 0.0000000000
91443  -48.564  -1.358  32.911 0.0000000000
91448  -49.266  -1.162  32.062 0.0000000000
91449  -49.884  -0.541  32.063 0.0000000000
47443  -5.091  -39.555  70.398 0.0000000000
62494  -36.158  -27.073  48.456 0.0000000000
63622  -36.230  -26.460  47.905 0.0000000000
64699  -36.403  -25.612  48.591 0.0000000000
68030  -34.886  -23.831  52.175 0.0000000000
63532  -37.276  -26.856  54.807 0.0000000000
63550  -37.729  -26.711  54.181 0.0000000000
64636  -37.001  -26.255  54.794 0.0000000000
69093  -34.804  -22.464  56.946 0.0000000000
69092  -34.451  -22.525  56.385 0.0000000000
69101  -34.304  -22.928  55.253 0.0000000000
71464  -32.814  -19.832  55.721 0.0000000000
71465  -33.322  -19.599  56.240 0.0000000000
72581  -34.362  -17.754  56.373 0.0000000000
77174  -35.900  -15.621  58.578 0.0000000000
63546  -23.775  -25.349  53.758 0.0000000000
61195  -29.772  -26.585  55.558 0.0000000000
62374  -28.788  -26.420  55.446 0.0000000000
61214  -29.381  -27.242  54.739 0.0000000000
61227  -29.050  -27.689  53.769 0.0000000000
61300  -29.890  -28.708  50.380 0.0000000000
61272  -29.135  -28.288  51.335 0.0000000000
58803  -20.059  -29.915  55.528 0.0000000000
81778  -47.889  -9.931  36.557 0.0000000000
82783  -47.163  -9.203  36.266 0.0000000000
84817  -48.024  -7.830  36.133 0.0000000000
85914  -48.916  -6.386  36.803 0.0000000000
86996  -49.138  -5.848  37.147 0.0000000000
86995  -48.329  -5.320  36.655 0.0000000000
89180  -48.276  -2.890  35.712 0.0000000000
90318  -49.203  -1.816  36.445 0.0000000000
72629  -30.439  -18.564  51.638 0.0000000000
72628  -30.084  -18.569  50.885 0.0000000000
72648  -29.801  -18.359  49.731 0.0000000000
73969  -37.077  -16.013  41.109 0.0000000000
73949  -38.403  -16.070  42.512 0.0000000000
78364  -37.022  -11.631  47.747 0.0000000000
78378  -38.135  -12.246  47.034 0.0000000000
76141  -41.578  -13.352  46.685 0.0000000000
77272  -41.070  -13.174  46.662 0.0000000000
75065  -40.696  -14.711  45.685 0.0000000000
75083  -40.242  -15.476  45.440 0.0000000000
75106  -39.751  -15.968  45.141 0.0000000000
75107  -40.544  -15.960  45.158 0.0000000000
73919  -40.893  -16.111  44.741 0.0000000000
73936  -41.331  -16.147  44.382 0.0000000000
72775  -41.931  -16.164  44.221 0.0000000000
73937  -42.224  -16.142  44.208 0.0000000000
73906  -42.812  -15.680  45.064 0.0000000000
75110  -43.753  -15.066  44.925 0.0000000000
49549  -8.825  -37.885  64.118 0.0000000000
44405  -6.124  -42.318  65.649 0.0000000000
43240  -5.291  -44.223  65.860 0.0000000000
43230  -5.091  -43.741  66.290 0.0000000000
43219  -5.085  -42.994  66.935 0.0000000000
43209  -4.866  -42.506  67.306 0.0000000000
44355  -4.330  -41.684  68.076 0.0000000000
43207  -4.032  -42.036  67.556 0.0000000000
44354  -3.910  -42.099  67.753 0.0000000000
44353  -3.365  -41.944  67.640 0.0000000000
59906  -33.897  -27.463  60.511 0.0000000000
58757  -35.135  -29.968  58.864 0.0000000000
76218  -45.320  -13.422  44.225 0.0000000000
77322  -44.885  -13.068  43.374 0.0000000000
77311  -45.758  -12.756  43.906 0.0000000000
78418  -45.940  -12.283  43.025 0.0000000000
79569  -46.738  -11.756  42.848 0.0000000000
79598  -48.247  -11.489  40.787 0.0000000000
79616  -48.421  -11.330  40.121 0.0000000000
77190  -34.219  -14.056  55.667 0.0000000000
77195  -33.868  -14.293  55.338 0.0000000000
78279  -34.112  -13.493  55.563 0.0000000000
79381  -34.225  -12.237  55.186 0.0000000000
80537  -34.609  -11.653  54.874 0.0000000000
80547  -34.938  -11.358  54.455 0.0000000000
80555  -35.346  -11.161  53.664 0.0000000000
79417  -36.982  -10.910  52.723 0.0000000000
55337  -19.400  -31.492  57.342 0.0000000000
55335  -18.205  -32.054  55.787 0.0000000000
47457  -7.334  -38.749  69.709 0.0000000000
46470  -6.628  -39.549  69.641 0.0000000000
62492  -34.721  -27.589  47.449 0.0000000000
62471  -35.699  -27.583  48.595 0.0000000000
63612  -36.464  -26.498  49.098 0.0000000000
64680  -36.924  -25.788  50.118 0.0000000000
72563  -34.916  -18.905  57.716 0.0000000000
61226  -21.661  -28.189  54.853 0.0000000000
63517  -24.542  -25.191  55.771 0.0000000000
59993  -30.483  -29.166  54.126 0.0000000000
60018  -30.245  -29.318  52.947 0.0000000000
60045  -30.275  -29.374  52.125 0.0000000000
60074  -31.352  -29.748  51.432 0.0000000000
60073  -30.561  -29.447  51.527 0.0000000000
60096  -30.118  -29.135  51.085 0.0000000000
61135  -24.164  -28.026  61.272 0.0000000000
61179  -23.020  -27.461  58.959 0.0000000000
62347  -23.580  -26.391  58.640 0.0000000000
62359  -22.158  -26.728  57.484 0.0000000000
81738  -41.635  -10.841  38.365 0.0000000000
82770  -50.128  -8.489  38.074 0.0000000000
82787  -50.036  -8.049  37.724 0.0000000000
83756  -50.088  -7.509  37.649 0.0000000000
89177  -50.147  -2.830  37.752 0.0000000000
75052  -29.904  -16.268  49.776 0.0000000000
75061  -29.822  -15.410  49.543 0.0000000000
79527  -40.232  -11.202  48.146 0.0000000000
78369  -42.884  -11.725  47.673 0.0000000000
77252  -42.523  -12.530  47.046 0.0000000000
76143  -42.944  -13.276  46.832 0.0000000000
76159  -43.180  -13.971  46.440 0.0000000000
50750  -14.874  -34.560  61.686 0.0000000000
49574  -11.828  -35.951  63.091 0.0000000000
50700  -10.614  -36.513  62.404 0.0000000000
49597  -9.826  -37.185  61.873 0.0000000000
50744  -9.611  -37.388  61.075 0.0000000000
42049  -4.380  -44.659  65.537 0.0000000000
60078  -35.500  -29.259  51.505 0.0000000000
60051  -35.884  -29.503  52.415 0.0000000000
61242  -36.699  -29.061  52.687 0.0000000000
61243  -37.357  -28.609  53.473 0.0000000000
61230  -37.465  -28.678  54.452 0.0000000000
62385  -37.553  -27.448  54.877 0.0000000000
63533  -36.907  -26.919  55.587 0.0000000000
61199  -36.872  -27.992  57.300 0.0000000000
62335  -27.981  -25.572  58.588 0.0000000000
61165  -30.710  -26.533  57.732 0.0000000000
59956  -31.445  -28.390  55.839 0.0000000000
59933  -32.830  -27.926  58.042 0.0000000000
58755  -33.630  -29.440  58.100 0.0000000000
59946  -32.902  -29.020  57.707 0.0000000000
59945  -32.523  -28.388  57.106 0.0000000000
58828  -31.957  -30.035  53.921 0.0000000000
58830  -33.560  -30.470  54.378 0.0000000000
58849  -33.358  -30.346  53.463 0.0000000000
58868  -33.867  -30.338  52.866 0.0000000000
76255  -39.510  -15.274  40.230 0.0000000000
77342  -41.141  -13.493  41.473 0.0000000000
78440  -40.744  -12.945  41.068 0.0000000000
77332  -44.810  -12.749  43.033 0.0000000000
78429  -44.297  -12.442  42.558 0.0000000000
79594  -44.247  -11.492  41.656 0.0000000000
79610  -42.576  -11.114  40.846 0.0000000000
81728  -42.161  -10.482  39.135 0.0000000000
81741  -44.244  -10.586  38.052 0.0000000000
82780  -44.945  -9.714  35.636 0.0000000000
81779  -48.889  -9.789  36.775 0.0000000000
81780  -49.465  -9.327  37.338 0.0000000000
80670  -48.873  -10.616  40.136 0.0000000000
80702  -49.439  -9.671  38.425 0.0000000000
81762  -49.745  -9.240  38.175 0.0000000000
82769  -49.891  -8.876  37.927 0.0000000000
81764  -50.501  -8.375  38.656 0.0000000000
70248  -32.058  -20.687  53.625 0.0000000000
71497  -31.659  -20.356  53.292 0.0000000000
71496  -31.228  -19.764  52.921 0.0000000000
73774  -32.108  -17.534  53.512 0.0000000000
73773  -31.636  -17.805  53.205 0.0000000000
75041  -30.621  -15.894  51.040 0.0000000000
77204  -32.622  -14.812  54.049 0.0000000000
77203  -32.462  -14.152  53.324 0.0000000000
78288  -32.677  -13.445  53.455 0.0000000000
76120  -31.077  -15.183  51.381 0.0000000000
76129  -30.503  -14.731  50.501 0.0000000000
76130  -30.764  -13.769  49.795 0.0000000000
77218  -32.509  -12.771  49.822 0.0000000000
77246  -32.168  -12.981  48.131 0.0000000000
77264  -32.568  -12.971  47.154 0.0000000000
77265  -33.513  -12.983  46.640 0.0000000000
77248  -34.150  -12.351  47.318 0.0000000000
78362  -34.836  -12.064  47.431 0.0000000000
78346  -37.818  -10.970  48.866 0.0000000000
79525  -38.288  -10.926  48.891 0.0000000000
79441  -37.678  -10.668  51.962 0.0000000000
79469  -38.390  -10.678  51.179 0.0000000000
79495  -39.047  -10.737  50.356 0.0000000000
55312  -19.194  -32.028  58.029 0.0000000000
54150  -18.706  -32.334  58.369 0.0000000000
54133  -17.651  -32.439  58.819 0.0000000000
53014  -17.379  -32.490  60.039 0.0000000000
52997  -16.230  -33.335  60.398 0.0000000000
53011  -14.840  -34.035  59.022 0.0000000000
53024  -15.003  -34.468  57.838 0.0000000000
53010  -14.226  -34.852  58.459 0.0000000000
92482  -50.413  -0.024  32.196 0.0000000000
66972  -34.645  -23.608  49.691 0.0000000000
68043  -33.773  -23.126  50.715 0.0000000000
69132  -33.058  -22.477  51.901 0.0000000000
70262  -32.661  -21.908  52.496 0.0000000000
61276  -36.956  -28.104  51.459 0.0000000000
62432  -37.278  -27.284  51.173 0.0000000000
63571  -37.781  -26.641  52.912 0.0000000000
63570  -37.678  -26.783  52.292 0.0000000000
63585  -37.549  -26.370  51.824 0.0000000000
64666  -37.291  -25.368  51.906 0.0000000000
66926  -35.989  -24.454  54.464 0.0000000000
66950  -35.975  -24.553  52.028 0.0000000000
66949  -35.466  -24.080  52.472 0.0000000000
68017  -34.399  -23.355  52.700 0.0000000000
70249  -32.624  -21.531  53.257 0.0000000000
70240  -32.149  -20.217  54.087 0.0000000000
71473  -32.176  -19.717  54.441 0.0000000000
72589  -32.960  -18.225  55.032 0.0000000000
72579  -33.153  -18.812  55.636 0.0000000000
74990  -33.535  -16.672  55.002 0.0000000000
73730  -34.668  -17.383  56.694 0.0000000000
76072  -35.623  -15.528  57.913 0.0000000000
74966  -34.509  -16.664  56.355 0.0000000000
76094  -34.646  -15.676  56.317 0.0000000000
76093  -34.426  -15.109  55.856 0.0000000000
77191  -34.591  -14.315  56.150 0.0000000000
62373  -27.740  -26.089  55.239 0.0000000000
63531  -26.820  -25.735  53.665 0.0000000000
63567  -26.500  -25.756  51.979 0.0000000000
61239  -28.824  -27.823  52.720 0.0000000000
62430  -28.812  -27.815  51.322 0.0000000000
62412  -28.367  -27.272  52.017 0.0000000000
62411  -27.860  -26.793  52.103 0.0000000000
63568  -27.391  -26.378  51.954 0.0000000000
56462  -21.418  -30.761  60.986 0.0000000000
56461  -21.098  -30.911  60.609 0.0000000000
56490  -20.145  -30.530  58.367 0.0000000000
59918  -22.611  -28.767  60.125 0.0000000000
59943  -21.374  -28.642  58.258 0.0000000000
58754  -21.554  -29.517  59.281 0.0000000000
56508  -19.938  -30.584  57.534 0.0000000000
56507  -19.604  -30.954  56.847 0.0000000000
57680  -19.641  -30.686  55.261 0.0000000000
82781  -45.367  -9.458  35.589 0.0000000000
82794  -45.753  -8.994  35.225 0.0000000000
83754  -49.151  -8.279  36.472 0.0000000000
83764  -48.606  -7.910  36.137 0.0000000000
84828  -48.284  -7.275  36.214 0.0000000000
85911  -46.904  -7.034  35.765 0.0000000000
85926  -46.144  -6.857  34.146 0.0000000000
87010  -46.235  -5.895  33.657 0.0000000000
88102  -46.298  -4.903  33.134 0.0000000000
89198  -47.076  -3.051  33.026 0.0000000000
90327  -47.887  -1.729  33.821 0.0000000000
92475  -50.028  0.007  34.472 0.0000000000
47508  -7.636  -39.133  66.468 0.0000000000
47517  -7.700  -39.317  65.438 0.0000000000
45500  -6.961  -42.040  64.257 0.0000000000
70282  -31.284  -21.360  51.411 0.0000000000
73865  -29.703  -17.244  48.940 0.0000000000
74010  -39.362  -15.740  41.381 0.0000000000
77266  -34.681  -12.768  46.306 0.0000000000
77282  -35.308  -13.033  45.170 0.0000000000
78376  -36.408  -12.422  46.547 0.0000000000
75103  -37.170  -14.567  44.004 0.0000000000
75104  -37.757  -14.960  44.155 0.0000000000
79532  -40.058  -11.713  47.443 0.0000000000
77270  -39.130  -12.987  46.409 0.0000000000
76155  -38.778  -13.814  45.860 0.0000000000
76173  -38.101  -14.196  45.358 0.0000000000
76188  -38.042  -14.781  44.697 0.0000000000
73932  -38.660  -16.246  43.305 0.0000000000
73950  -39.113  -16.534  43.046 0.0000000000
75185  -40.659  -15.390  42.166 0.0000000000
75186  -42.042  -15.080  43.026 0.0000000000
73954  -42.310  -16.244  43.892 0.0000000000
75169  -42.413  -15.540  43.414 0.0000000000
76231  -43.188  -15.114  43.552 0.0000000000
76217  -44.511  -14.195  44.132 0.0000000000
48456  -8.836  -37.714  66.763 0.0000000000
49511  -9.379  -37.377  66.319 0.0000000000
48482  -8.107  -39.543  63.683 0.0000000000
48507  -8.833  -39.092  60.874 0.0000000000
47539  -8.618  -39.815  61.194 0.0000000000
47489  -6.950  -39.631  67.768 0.0000000000
46491  -6.361  -40.400  68.754 0.0000000000
46480  -6.254  -40.469  69.193 0.0000000000
44393  -5.666  -42.833  65.945 0.0000000000
44382  -5.496  -42.260  66.936 0.0000000000
43231  -5.275  -43.410  66.359 0.0000000000
45477  -5.702  -41.694  67.304 0.0000000000
45458  -5.994  -41.022  68.564 0.0000000000
45446  -6.014  -40.807  69.094 0.0000000000
46469  -6.060  -40.392  69.757 0.0000000000
46468  -5.490  -40.388  69.982 0.0000000000
46467  -5.068  -40.302  69.916 0.0000000000
46466  -4.731  -40.146  69.781 0.0000000000
45456  -4.457  -41.131  68.618 0.0000000000
46478  -4.505  -40.243  69.372 0.0000000000
47466  -4.417  -39.917  69.968 0.0000000000
47465  -4.404  -39.851  69.458 0.0000000000
42048  -3.853  -44.516  65.397 0.0000000000
43227  -3.422  -43.227  66.353 0.0000000000
44367  -3.201  -42.347  67.097 0.0000000000
42030  -4.151  -43.479  66.399 0.0000000000
42037  -3.567  -44.002  65.765 0.0000000000
43208  -4.445  -42.320  67.459 0.0000000000
44343  -4.736  -41.362  68.529 0.0000000000
44344  -5.138  -41.294  68.821 0.0000000000
44357  -5.480  -41.368  68.383 0.0000000000
44368  -3.480  -42.323  67.296 0.0000000000
44380  -3.130  -42.720  66.557 0.0000000000
44381  -5.321  -42.689  66.812 0.0000000000
45431  -5.054  -40.606  69.530 0.0000000000
45432  -5.348  -40.630  69.582 0.0000000000
45433  -5.664  -40.627  69.646 0.0000000000
45442  -4.416  -40.657  68.892 0.0000000000
45457  -5.746  -41.095  68.633 0.0000000000
46460  -6.677  -39.284  69.946 0.0000000000
46471  -6.925  -39.209  69.451 0.0000000000
46479  -6.035  -40.705  69.333 0.0000000000
46481  -6.649  -39.667  69.180 0.0000000000
46490  -6.158  -40.707  68.877 0.0000000000
47432  -5.912  -39.102  70.671 0.0000000000
47442  -4.911  -39.366  70.409 0.0000000000
47453  -4.468  -39.453  69.840 0.0000000000
47455  -4.965  -40.054  70.131 0.0000000000
49553  -12.571  -35.927  63.440 0.0000000000
49575  -12.419  -35.736  63.050 0.0000000000
50726  -14.646  -34.685  62.091 0.0000000000
54120  -17.831  -32.174  59.514 0.0000000000
55274  -20.325  -31.606  60.700 0.0000000000
55275  -20.820  -31.392  60.880 0.0000000000
56448  -21.377  -31.032  61.185 0.0000000000
56449  -21.599  -30.922  61.532 0.0000000000
57648  -35.477  -30.455  57.586 0.0000000000
57670  -35.939  -30.322  57.335 0.0000000000
58736  -22.617  -29.191  60.813 0.0000000000
58753  -21.077  -29.586  58.637 0.0000000000
58758  -35.841  -30.039  59.013 0.0000000000
58793  -35.823  -30.310  56.750 0.0000000000
58867  -33.203  -30.256  52.696 0.0000000000
59977  -36.674  -29.025  56.056 0.0000000000
59992  -29.865  -28.987  53.525 0.0000000000
59997  -36.884  -28.463  55.707 0.0000000000
60020  -31.899  -30.152  53.082 0.0000000000
60072  -30.014  -29.191  51.650 0.0000000000
61150  -24.385  -27.623  61.033 0.0000000000
61218  -36.856  -27.852  56.623 0.0000000000
61241  -29.744  -29.050  52.837 0.0000000000
61244  -37.797  -28.159  54.319 0.0000000000
61299  -29.249  -28.185  50.747 0.0000000000
62352  -30.155  -26.456  57.362 0.0000000000
62375  -36.970  -27.876  55.505 0.0000000000
62382  -26.897  -25.694  54.200 0.0000000000
62413  -28.712  -27.829  51.862 0.0000000000
62415  -37.794  -27.354  52.863 0.0000000000
63507  -23.578  -25.689  57.623 0.0000000000
63569  -27.879  -26.782  51.712 0.0000000000
63586  -37.644  -26.095  52.548 0.0000000000
63621  -35.807  -26.710  47.222 0.0000000000
65817  -36.471  -24.885  50.708 0.0000000000
72756  -40.734  -16.405  44.062 0.0000000000
72757  -40.981  -16.250  44.110 0.0000000000
72758  -41.539  -16.090  44.148 0.0000000000
72772  -40.099  -16.827  43.525 0.0000000000
72773  -40.561  -16.477  43.763 0.0000000000
72790  -40.567  -16.198  43.341 0.0000000000
72791  -40.883  -15.922  43.488 0.0000000000
73755  -32.460  -17.818  54.041 0.0000000000
73816  -30.319  -17.795  50.869 0.0000000000
73904  -41.606  -15.703  45.152 0.0000000000
73921  -42.546  -15.970  44.685 0.0000000000
73922  -43.258  -15.773  44.748 0.0000000000
73923  -43.638  -15.589  44.613 0.0000000000
73934  -39.954  -16.782  44.241 0.0000000000
73952  -40.186  -16.878  44.079 0.0000000000
73953  -41.701  -15.790  43.646 0.0000000000
73956  -43.457  -16.187  44.065 0.0000000000
73975  -42.189  -15.642  43.494 0.0000000000
73976  -42.706  -15.979  43.625 0.0000000000
75086  -42.812  -15.147  45.425 0.0000000000
75087  -43.617  -14.709  45.448 0.0000000000
75108  -41.123  -15.827  45.011 0.0000000000
75151  -43.315  -16.003  43.699 0.0000000000
75171  -43.548  -15.327  43.723 0.0000000000
75184  -40.144  -15.552  41.845 0.0000000000
76150  -30.133  -14.859  48.240 0.0000000000
76170  -35.472  -13.158  44.589 0.0000000000
76244  -42.937  -14.364  43.258 0.0000000000
77251  -41.421  -12.849  46.846 0.0000000000
77284  -37.220  -13.456  45.431 0.0000000000
77293  -34.437  -13.432  44.937 0.0000000000
77323  -45.455  -12.629  43.346 0.0000000000
77330  -43.339  -13.582  42.950 0.0000000000
77345  -43.487  -13.085  42.681 0.0000000000
78366  -39.049  -11.362  47.837 0.0000000000
78407  -46.014  -12.365  43.396 0.0000000000
78419  -46.487  -11.986  43.069 0.0000000000
78430  -44.766  -12.393  42.657 0.0000000000
78431  -45.524  -12.203  42.694 0.0000000000
79466  -35.407  -11.395  51.103 0.0000000000
79492  -36.475  -10.708  50.350 0.0000000000
80546  -34.449  -11.699  54.538 0.0000000000
81729  -42.897  -10.517  38.950 0.0000000000
81781  -49.713  -9.053  37.673 0.0000000000
82788  -50.273  -7.760  37.979 0.0000000000
83762  -45.716  -8.987  34.972 0.0000000000
83765  -49.072  -7.602  36.332 0.0000000000
84816  -47.475  -8.063  36.063 0.0000000000
86984  -48.646  -5.019  36.905 0.0000000000
92478  -49.531  -0.113  33.542 0.0000000000
