#!ascii label  , from subject 3462 vox2ras=TkReg
1228
57249  20.731  -25.994  57.439 0.0000000000
57155  35.060  -25.069  62.413 0.0000000000
79046  37.943  -7.649  40.067 0.0000000000
71037  30.622  -15.447  50.141 0.0000000000
64132  35.708  -21.470  54.874 0.0000000000
90791  47.564  3.533  31.122 0.0000000000
74795  39.334  -9.943  42.971 0.0000000000
74821  33.814  -10.847  41.701 0.0000000000
53746  15.792  -29.233  56.716 0.0000000000
60768  28.266  -22.968  60.644 0.0000000000
58483  31.124  -24.457  56.688 0.0000000000
61958  23.023  -22.649  53.540 0.0000000000
85463  42.789  -1.559  36.750 0.0000000000
55965  24.299  -26.317  62.518 0.0000000000
55987  19.253  -26.944  61.654 0.0000000000
83091  42.944  -3.510  39.903 0.0000000000
52500  13.387  -30.097  61.687 0.0000000000
50181  9.458  -33.060  62.258 0.0000000000
76796  33.262  -8.974  47.976 0.0000000000
67574  33.356  -19.144  52.940 0.0000000000
60932  34.003  -24.049  48.150 0.0000000000
58559  32.078  -27.183  52.326 0.0000000000
75781  39.335  -9.076  44.742 0.0000000000
74818  36.705  -10.519  42.584 0.0000000000
75784  36.385  -8.935  44.403 0.0000000000
76823  42.107  -9.146  45.616 0.0000000000
56064  18.791  -26.935  54.837 0.0000000000
53786  16.458  -29.781  54.405 0.0000000000
54829  17.987  -27.706  56.685 0.0000000000
59660  24.470  -24.406  58.851 0.0000000000
61916  26.342  -22.674  57.266 0.0000000000
59688  21.966  -24.684  55.611 0.0000000000
58547  19.647  -26.049  53.235 0.0000000000
82043  37.529  -5.285  38.258 0.0000000000
79978  40.411  -6.689  41.727 0.0000000000
83094  40.064  -4.796  40.221 0.0000000000
83128  40.221  -3.679  38.586 0.0000000000
55944  18.133  -27.120  64.021 0.0000000000
54736  15.850  -27.749  61.268 0.0000000000
55947  14.767  -27.854  63.928 0.0000000000
50123  10.439  -32.364  66.701 0.0000000000
50145  11.218  -31.643  64.366 0.0000000000
49060  8.903  -33.705  65.011 0.0000000000
46852  7.039  -36.301  64.718 0.0000000000
46825  6.560  -36.031  66.435 0.0000000000
69863  34.578  -16.495  54.638 0.0000000000
66397  34.753  -20.136  53.786 0.0000000000
64166  34.409  -21.888  50.800 0.0000000000
61988  34.854  -22.899  51.802 0.0000000000
58526  28.612  -23.768  53.387 0.0000000000
57282  31.729  -26.434  54.411 0.0000000000
57319  29.164  -25.382  51.499 0.0000000000
58614  29.274  -26.586  49.457 0.0000000000
73529  31.562  -12.623  49.768 0.0000000000
74754  30.697  -11.265  46.537 0.0000000000
72230  29.304  -14.558  47.230 0.0000000000
91810  49.594  4.012  28.217 0.0000000000
89745  47.883  2.582  29.322 0.0000000000
75870  38.891  -9.198  40.879 0.0000000000
74864  36.359  -10.944  40.216 0.0000000000
76857  41.960  -8.471  43.336 0.0000000000
59607  32.265  -23.850  61.147 0.0000000000
58452  33.048  -24.761  59.638 0.0000000000
60780  29.898  -23.395  58.578 0.0000000000
60814  27.507  -23.317  55.496 0.0000000000
61973  24.808  -22.581  51.752 0.0000000000
85445  45.792  -1.675  38.283 0.0000000000
87551  45.622  0.376  36.043 0.0000000000
88592  45.522  1.610  34.729 0.0000000000
88612  45.642  2.291  31.876 0.0000000000
56009  22.639  -26.252  60.131 0.0000000000
54783  19.405  -26.948  59.577 0.0000000000
54748  22.207  -26.873  62.231 0.0000000000
59611  25.912  -24.879  61.732 0.0000000000
83125  43.157  -2.628  38.500 0.0000000000
54785  17.222  -27.542  59.072 0.0000000000
52531  15.065  -28.926  59.420 0.0000000000
51341  12.219  -31.160  59.356 0.0000000000
52451  12.517  -30.465  64.576 0.0000000000
51291  12.082  -31.342  62.513 0.0000000000
44650  4.294  -37.735  67.283 0.0000000000
77896  36.392  -7.983  47.850 0.0000000000
73491  33.192  -13.283  51.684 0.0000000000
72164  33.970  -14.260  53.231 0.0000000000
69903  31.607  -16.760  51.946 0.0000000000
66441  32.656  -20.266  50.296 0.0000000000
63116  33.671  -22.385  46.801 0.0000000000
62070  31.305  -23.550  45.829 0.0000000000
57227  33.947  -25.318  57.579 0.0000000000
58508  34.234  -24.949  55.797 0.0000000000
59711  34.255  -24.256  53.485 0.0000000000
59754  33.508  -25.719  50.285 0.0000000000
59813  30.525  -25.158  47.483 0.0000000000
75808  33.252  -9.483  44.076 0.0000000000
74824  30.576  -12.018  42.248 0.0000000000
76807  39.633  -8.241  46.217 0.0000000000
75782  38.487  -8.675  44.757 0.0000000000
76825  37.207  -8.132  45.041 0.0000000000
76806  40.456  -8.548  46.249 0.0000000000
56049  19.769  -26.405  56.266 0.0000000000
54848  18.109  -27.577  55.637 0.0000000000
56037  19.515  -26.908  57.162 0.0000000000
58486  22.167  -25.348  58.026 0.0000000000
59675  23.083  -24.308  57.107 0.0000000000
57267  21.095  -25.498  57.107 0.0000000000
57286  19.996  -25.863  55.413 0.0000000000
80987  37.326  -6.536  38.955 0.0000000000
79991  39.410  -6.713  41.038 0.0000000000
82004  40.633  -5.573  41.338 0.0000000000
82020  38.949  -5.670  40.346 0.0000000000
82030  38.614  -5.410  39.739 0.0000000000
49038  9.403  -33.384  66.595 0.0000000000
49037  9.961  -32.796  66.268 0.0000000000
49049  8.746  -34.054  66.013 0.0000000000
47971  7.658  -34.804  64.705 0.0000000000
47955  7.755  -34.843  65.691 0.0000000000
46838  6.733  -36.351  65.617 0.0000000000
67551  35.290  -19.516  54.678 0.0000000000
65179  35.228  -20.939  54.035 0.0000000000
64149  34.963  -21.642  52.980 0.0000000000
63063  35.082  -22.304  53.093 0.0000000000
57162  35.565  -24.984  61.052 0.0000000000
58562  27.673  -24.029  51.692 0.0000000000
58543  28.940  -24.568  52.390 0.0000000000
58579  27.626  -24.447  50.875 0.0000000000
58594  27.883  -25.550  50.355 0.0000000000
73512  31.175  -13.758  50.022 0.0000000000
73531  30.460  -13.285  48.838 0.0000000000
90783  47.243  3.746  32.358 0.0000000000
91795  48.318  4.464  32.527 0.0000000000
91799  48.968  4.478  31.266 0.0000000000
90806  48.652  3.430  29.795 0.0000000000
89733  48.130  3.212  30.144 0.0000000000
74839  39.043  -9.908  41.677 0.0000000000
74862  37.920  -10.020  40.652 0.0000000000
74841  37.796  -10.486  41.998 0.0000000000
74820  34.929  -10.652  42.068 0.0000000000
73634  35.480  -11.131  41.326 0.0000000000
73635  34.558  -11.397  40.926 0.0000000000
75800  40.509  -9.630  44.053 0.0000000000
75836  40.269  -9.472  42.771 0.0000000000
76883  40.382  -8.646  41.887 0.0000000000
53766  16.402  -29.090  55.533 0.0000000000
52571  15.012  -29.546  57.151 0.0000000000
60748  30.412  -23.331  61.683 0.0000000000
59621  31.621  -23.547  59.838 0.0000000000
60767  29.850  -23.172  59.783 0.0000000000
61935  23.943  -22.770  55.590 0.0000000000
61925  26.641  -22.931  55.826 0.0000000000
61934  25.363  -22.535  55.122 0.0000000000
60835  26.744  -22.844  53.530 0.0000000000
61974  23.446  -22.312  52.226 0.0000000000
60879  21.758  -23.367  51.924 0.0000000000
66459  32.018  -20.388  48.607 0.0000000000
85454  44.514  -1.368  37.431 0.0000000000
86543  45.846  -0.693  37.342 0.0000000000
86555  44.163  -0.581  36.289 0.0000000000
88594  44.188  0.887  33.970 0.0000000000
88604  44.633  1.357  33.257 0.0000000000
89706  45.575  2.327  32.751 0.0000000000
57181  23.851  -26.164  61.456 0.0000000000
56000  22.273  -26.690  61.333 0.0000000000
55983  22.921  -26.544  62.135 0.0000000000
57166  25.165  -25.732  62.221 0.0000000000
57196  24.384  -25.709  60.897 0.0000000000
83104  44.702  -2.582  39.094 0.0000000000
83106  43.066  -3.117  39.115 0.0000000000
83140  40.526  -2.948  38.048 0.0000000000
54766  20.031  -26.713  60.685 0.0000000000
54784  18.108  -27.252  59.051 0.0000000000
54768  17.505  -27.147  59.755 0.0000000000
53641  14.298  -28.980  61.776 0.0000000000
52515  14.869  -29.049  60.314 0.0000000000
51300  13.783  -29.729  60.521 0.0000000000
51339  13.759  -29.874  59.591 0.0000000000
51301  13.217  -30.150  61.134 0.0000000000
52440  12.194  -30.767  65.514 0.0000000000
50170  10.218  -32.590  63.023 0.0000000000
50156  11.476  -31.646  63.498 0.0000000000
50180  10.458  -32.543  61.908 0.0000000000
51343  10.610  -32.171  60.451 0.0000000000
74686  33.446  -12.086  51.318 0.0000000000
68678  33.827  -17.687  54.087 0.0000000000
70997  34.541  -15.726  54.300 0.0000000000
69886  33.085  -16.473  53.370 0.0000000000
71014  32.934  -15.326  52.805 0.0000000000
68708  32.464  -18.244  52.736 0.0000000000
67592  32.006  -19.149  51.357 0.0000000000
66423  33.076  -20.193  51.662 0.0000000000
63094  35.049  -22.576  49.095 0.0000000000
64175  34.421  -21.659  48.969 0.0000000000
62050  34.376  -22.874  47.903 0.0000000000
62068  32.553  -23.238  46.208 0.0000000000
60948  32.472  -24.101  46.787 0.0000000000
58481  32.359  -24.693  57.689 0.0000000000
57211  33.519  -24.958  58.291 0.0000000000
57229  32.507  -25.156  57.012 0.0000000000
57300  32.064  -27.078  54.042 0.0000000000
57280  32.593  -25.980  54.973 0.0000000000
58541  33.305  -26.129  53.820 0.0000000000
58521  34.217  -24.499  55.013 0.0000000000
58557  33.884  -25.916  52.374 0.0000000000
59738  34.219  -25.395  51.419 0.0000000000
58574  33.176  -26.339  51.196 0.0000000000
59798  28.893  -26.291  48.291 0.0000000000
58636  29.892  -26.198  48.541 0.0000000000
77907  34.276  -8.319  47.434 0.0000000000
76811  34.582  -8.340  46.385 0.0000000000
76829  32.830  -9.171  46.431 0.0000000000
74768  29.885  -12.567  44.899 0.0000000000
74785  30.721  -11.630  43.981 0.0000000000
91817  49.702  3.785  27.167 0.0000000000
75802  39.113  -9.555  44.141 0.0000000000
74797  38.049  -10.221  43.116 0.0000000000
74782  37.499  -10.029  43.612 0.0000000000
74783  36.741  -10.043  43.589 0.0000000000
75822  35.536  -9.898  43.282 0.0000000000
76804  41.967  -8.966  46.126 0.0000000000
75765  40.951  -9.234  45.502 0.0000000000
54867  17.490  -28.372  54.788 0.0000000000
54849  17.507  -28.120  55.860 0.0000000000
53728  16.927  -28.399  57.198 0.0000000000
60794  25.881  -23.612  59.276 0.0000000000
61894  27.208  -22.982  59.444 0.0000000000
60804  24.781  -23.910  58.167 0.0000000000
60826  23.704  -23.425  56.189 0.0000000000
60836  22.746  -23.697  54.934 0.0000000000
59716  21.283  -24.692  53.380 0.0000000000
58528  20.349  -25.538  54.353 0.0000000000
57305  19.022  -26.652  53.652 0.0000000000
86558  41.308  -1.273  35.542 0.0000000000
55953  24.021  -26.571  63.325 0.0000000000
81994  41.931  -5.030  42.443 0.0000000000
82017  40.926  -4.641  40.728 0.0000000000
83092  41.714  -4.090  40.404 0.0000000000
83107  42.096  -3.569  39.226 0.0000000000
83109  39.815  -4.422  39.504 0.0000000000
83129  39.012  -4.023  38.449 0.0000000000
55959  18.546  -27.055  63.078 0.0000000000
54753  16.775  -27.177  60.608 0.0000000000
55973  16.556  -27.159  62.108 0.0000000000
55962  15.270  -27.634  62.936 0.0000000000
53621  13.986  -29.016  62.563 0.0000000000
50121  11.401  -31.416  65.668 0.0000000000
50135  10.420  -32.135  65.860 0.0000000000
50147  9.885  -32.390  64.632 0.0000000000
50171  9.486  -33.040  63.302 0.0000000000
49079  8.098  -34.149  63.259 0.0000000000
68677  34.300  -18.209  54.417 0.0000000000
67559  34.077  -19.152  53.743 0.0000000000
66422  33.550  -20.563  52.078 0.0000000000
65196  34.458  -21.307  52.378 0.0000000000
63092  34.716  -22.236  51.145 0.0000000000
62019  35.251  -23.255  50.072 0.0000000000
58497  29.928  -24.326  55.287 0.0000000000
57246  31.708  -25.132  55.553 0.0000000000
58524  30.126  -24.667  54.176 0.0000000000
57303  30.084  -25.605  52.681 0.0000000000
57317  30.256  -26.522  52.379 0.0000000000
58576  31.248  -27.182  51.153 0.0000000000
57354  28.917  -26.113  50.975 0.0000000000
58615  28.520  -26.366  49.575 0.0000000000
75751  32.145  -10.890  49.336 0.0000000000
75770  31.192  -10.767  47.193 0.0000000000
74738  30.732  -11.800  47.941 0.0000000000
73563  30.036  -12.808  47.110 0.0000000000
91805  49.921  4.654  29.749 0.0000000000
90813  48.816  3.519  28.896 0.0000000000
77993  38.250  -8.210  40.393 0.0000000000
77995  36.975  -8.708  39.297 0.0000000000
76906  37.546  -9.173  39.908 0.0000000000
73633  36.274  -10.904  41.651 0.0000000000
73665  35.479  -11.357  40.263 0.0000000000
76821  43.455  -8.368  45.775 0.0000000000
77947  43.542  -7.999  44.083 0.0000000000
79001  42.729  -7.519  43.447 0.0000000000
79012  41.191  -7.389  42.557 0.0000000000
77980  39.531  -8.087  41.199 0.0000000000
58423  33.936  -24.466  61.927 0.0000000000
57179  33.956  -24.517  60.752 0.0000000000
58439  32.664  -24.364  60.178 0.0000000000
58454  32.062  -24.100  58.923 0.0000000000
59658  30.696  -24.079  57.167 0.0000000000
61905  27.420  -22.724  58.020 0.0000000000
60802  29.061  -23.579  56.753 0.0000000000
59672  29.711  -23.984  55.966 0.0000000000
59686  27.929  -23.243  54.160 0.0000000000
59714  26.899  -23.264  52.206 0.0000000000
60895  25.971  -23.305  50.543 0.0000000000
88582  47.075  1.492  36.144 0.0000000000
87553  43.780  -0.083  35.435 0.0000000000
87563  45.211  0.828  35.202 0.0000000000
88590  46.692  1.922  35.538 0.0000000000
89697  46.192  2.531  34.312 0.0000000000
89715  46.580  3.224  32.433 0.0000000000
89724  46.534  2.706  31.201 0.0000000000
89735  46.910  2.561  30.630 0.0000000000
56028  21.356  -26.034  58.607 0.0000000000
54813  19.818  -26.906  58.126 0.0000000000
56010  21.710  -26.340  60.322 0.0000000000
54765  21.053  -26.797  61.185 0.0000000000
55985  20.704  -27.162  62.013 0.0000000000
55968  22.877  -26.756  63.197 0.0000000000
55970  20.014  -26.973  62.429 0.0000000000
55943  19.262  -26.781  63.964 0.0000000000
58403  34.262  -25.065  63.331 0.0000000000
59586  32.877  -24.879  63.223 0.0000000000
59588  31.299  -23.997  63.042 0.0000000000
60749  29.157  -23.411  62.392 0.0000000000
60750  28.178  -23.914  62.908 0.0000000000
60758  26.693  -23.862  61.694 0.0000000000
59638  25.173  -24.949  60.104 0.0000000000
58470  23.206  -25.455  59.255 0.0000000000
84240  45.709  -1.974  38.659 0.0000000000
84242  44.287  -2.326  38.463 0.0000000000
84263  42.754  -2.052  37.394 0.0000000000
83139  41.557  -2.769  38.115 0.0000000000
84255  41.821  -2.355  37.586 0.0000000000
84265  41.201  -1.839  36.881 0.0000000000
54799  18.773  -27.293  58.493 0.0000000000
53709  17.418  -27.934  57.751 0.0000000000
53710  16.755  -28.209  58.015 0.0000000000
53674  16.222  -28.049  59.833 0.0000000000
53691  15.842  -28.397  59.189 0.0000000000
52570  15.563  -28.821  57.909 0.0000000000
52552  14.167  -29.738  58.093 0.0000000000
52534  13.048  -30.913  58.665 0.0000000000
53604  13.123  -29.595  64.091 0.0000000000
52467  12.842  -30.190  63.338 0.0000000000
51278  12.317  -31.123  63.463 0.0000000000
51289  12.952  -30.527  62.061 0.0000000000
51321  11.953  -31.304  60.625 0.0000000000
45796  5.288  -36.843  67.791 0.0000000000
76795  37.975  -7.840  47.103 0.0000000000
76773  33.312  -10.172  50.067 0.0000000000
75748  32.649  -11.047  50.044 0.0000000000
73492  32.368  -13.359  50.994 0.0000000000
72182  31.676  -14.472  51.116 0.0000000000
73470  33.408  -13.767  52.256 0.0000000000
71027  32.024  -15.488  51.923 0.0000000000
71028  31.430  -15.868  51.293 0.0000000000
68720  31.111  -17.845  51.160 0.0000000000
66442  31.999  -20.073  49.846 0.0000000000
65224  32.819  -20.725  48.407 0.0000000000
65208  33.665  -21.086  50.539 0.0000000000
65236  33.861  -21.346  48.701 0.0000000000
64196  33.325  -21.671  46.574 0.0000000000
63133  32.876  -22.388  45.950 0.0000000000
63153  31.375  -23.079  44.795 0.0000000000
63037  36.120  -21.923  55.866 0.0000000000
57193  34.595  -24.958  59.578 0.0000000000
57209  34.674  -24.945  58.828 0.0000000000
57240  34.869  -25.016  57.751 0.0000000000
57263  32.608  -25.802  55.389 0.0000000000
57261  33.590  -25.468  56.268 0.0000000000
58506  35.459  -24.715  57.005 0.0000000000
59683  35.047  -24.397  55.617 0.0000000000
59709  35.213  -23.715  54.823 0.0000000000
60858  35.097  -22.996  53.799 0.0000000000
60860  34.561  -23.630  52.553 0.0000000000
59752  34.972  -24.354  50.710 0.0000000000
59770  33.726  -24.913  49.074 0.0000000000
58612  31.292  -26.462  49.427 0.0000000000
59771  32.504  -25.739  49.191 0.0000000000
59794  32.770  -25.050  48.221 0.0000000000
60950  30.542  -24.634  47.002 0.0000000000
76826  36.112  -8.314  45.221 0.0000000000
75785  35.299  -9.025  44.528 0.0000000000
75824  33.850  -9.805  43.085 0.0000000000
75788  31.303  -10.440  45.794 0.0000000000
75826  31.535  -10.842  43.605 0.0000000000
74822  32.498  -11.436  41.381 0.0000000000
88642  47.235  1.575  29.270 0.0000000000
76793  39.614  -7.999  47.213 0.0000000000
76808  38.482  -7.973  45.811 0.0000000000
56036  19.964  -26.433  56.909 0.0000000000
57248  21.507  -25.670  57.795 0.0000000000
58499  21.812  -25.186  57.349 0.0000000000
57268  20.355  -25.860  56.379 0.0000000000
80006  37.637  -7.089  39.558 0.0000000000
80007  36.895  -7.348  38.905 0.0000000000
79992  38.881  -6.790  40.678 0.0000000000
80977  39.152  -6.057  40.707 0.0000000000
79993  38.290  -6.895  40.193 0.0000000000
80986  38.014  -6.254  39.667 0.0000000000
49039  8.720  -33.803  67.025 0.0000000000
47954  8.210  -34.435  66.040 0.0000000000
49050  8.232  -34.391  65.784 0.0000000000
47938  8.009  -34.442  66.618 0.0000000000
47939  7.199  -35.270  66.416 0.0000000000
65161  35.766  -20.537  55.347 0.0000000000
66381  35.713  -20.109  55.104 0.0000000000
64133  35.413  -21.505  54.232 0.0000000000
64141  35.159  -21.574  53.580 0.0000000000
63062  35.291  -22.084  53.738 0.0000000000
57146  35.551  -25.461  62.709 0.0000000000
57154  35.529  -25.139  61.981 0.0000000000
59740  27.167  -23.956  50.937 0.0000000000
59756  27.037  -24.438  49.884 0.0000000000
58595  27.505  -25.020  50.088 0.0000000000
72197  30.635  -14.617  49.835 0.0000000000
90782  47.785  4.110  32.232 0.0000000000
90790  47.969  4.032  31.630 0.0000000000
90798  48.207  3.611  30.609 0.0000000000
90799  47.734  3.351  30.638 0.0000000000
74814  39.345  -9.934  42.391 0.0000000000
74840  38.420  -10.246  41.818 0.0000000000
74815  38.582  -10.243  42.465 0.0000000000
73614  34.261  -11.142  41.305 0.0000000000
73636  33.588  -11.837  40.603 0.0000000000
73615  33.366  -11.465  41.077 0.0000000000
74778  39.941  -9.693  43.408 0.0000000000
75821  40.527  -9.511  43.487 0.0000000000
74794  39.875  -9.721  42.959 0.0000000000
75837  39.789  -9.697  42.467 0.0000000000
53745  16.390  -28.849  56.519 0.0000000000
53767  15.915  -29.488  55.809 0.0000000000
52589  15.389  -29.996  55.966 0.0000000000
60756  29.352  -23.093  61.218 0.0000000000
60755  30.653  -23.166  60.572 0.0000000000
61882  28.497  -22.957  59.632 0.0000000000
61946  23.256  -22.893  54.687 0.0000000000
61945  24.297  -22.368  54.319 0.0000000000
61957  24.517  -22.208  53.021 0.0000000000
61975  22.348  -22.728  52.555 0.0000000000
61959  22.241  -23.032  53.185 0.0000000000
65238  32.514  -20.721  47.415 0.0000000000
85455  43.530  -1.769  37.386 0.0000000000
85461  44.361  -0.916  36.859 0.0000000000
85462  43.765  -1.206  36.799 0.0000000000
88614  44.381  1.057  32.204 0.0000000000
55981  24.156  -26.286  62.179 0.0000000000
55982  23.687  -26.370  61.978 0.0000000000
55966  23.827  -26.484  62.693 0.0000000000
57167  24.641  -26.015  62.044 0.0000000000
83090  43.856  -3.108  39.693 0.0000000000
54751  19.587  -26.864  61.123 0.0000000000
54767  18.866  -27.065  60.134 0.0000000000
54752  18.379  -26.907  60.738 0.0000000000
52483  13.808  -29.584  61.806 0.0000000000
53659  14.603  -29.068  61.053 0.0000000000
52499  14.025  -29.523  61.142 0.0000000000
52426  12.082  -30.725  66.270 0.0000000000
67560  33.603  -18.447  53.630 0.0000000000
69872  33.667  -16.461  53.798 0.0000000000
68693  33.306  -17.683  53.609 0.0000000000
68694  32.757  -17.766  53.192 0.0000000000
67575  32.831  -18.619  52.785 0.0000000000
67591  32.690  -19.170  52.189 0.0000000000
67590  33.177  -19.784  52.212 0.0000000000
60931  34.606  -23.746  48.928 0.0000000000
62035  34.627  -23.162  48.500 0.0000000000
62036  34.273  -23.345  47.922 0.0000000000
60947  33.396  -23.973  47.240 0.0000000000
60933  33.094  -24.535  47.622 0.0000000000
58482  31.845  -24.698  57.064 0.0000000000
57230  32.017  -25.043  56.379 0.0000000000
57315  31.913  -27.235  53.039 0.0000000000
57299  32.747  -26.672  54.232 0.0000000000
58542  32.969  -26.817  53.570 0.0000000000
58558  32.824  -26.859  52.646 0.0000000000
58575  31.918  -27.083  51.429 0.0000000000
76812  33.502  -8.798  46.871 0.0000000000
76813  32.518  -9.400  47.474 0.0000000000
74781  38.210  -9.943  43.612 0.0000000000
75803  38.362  -9.527  44.140 0.0000000000
75783  37.361  -8.843  44.414 0.0000000000
75804  37.527  -9.542  44.067 0.0000000000
75805  36.672  -9.601  43.961 0.0000000000
74800  35.736  -10.160  43.028 0.0000000000
75806  35.709  -9.672  43.729 0.0000000000
76789  42.934  -8.770  46.940 0.0000000000
75766  40.276  -8.929  45.484 0.0000000000
75780  40.056  -9.302  44.774 0.0000000000
54830  17.533  -28.065  56.403 0.0000000000
53744  17.115  -28.435  56.324 0.0000000000
53727  17.543  -28.069  57.048 0.0000000000
60795  25.277  -23.974  59.057 0.0000000000
61907  25.355  -23.459  58.413 0.0000000000
59687  22.540  -24.403  56.224 0.0000000000
60817  23.321  -23.938  56.405 0.0000000000
60827  23.142  -23.670  55.730 0.0000000000
59698  22.513  -24.235  55.457 0.0000000000
59700  21.384  -24.889  54.385 0.0000000000
58527  21.254  -24.989  55.205 0.0000000000
57287  19.376  -26.389  54.821 0.0000000000
56078  18.816  -26.804  54.318 0.0000000000
79968  40.977  -6.700  42.255 0.0000000000
80963  40.812  -6.001  41.760 0.0000000000
82018  40.339  -5.196  40.842 0.0000000000
82003  41.184  -5.043  41.491 0.0000000000
83093  40.645  -4.491  40.152 0.0000000000
83108  40.994  -3.933  39.352 0.0000000000
83111  38.285  -5.105  39.036 0.0000000000
83110  38.818  -4.720  39.165 0.0000000000
83130  37.932  -4.735  38.332 0.0000000000
55960  17.397  -27.137  63.031 0.0000000000
54723  14.361  -28.467  62.895 0.0000000000
54715  14.275  -28.388  63.659 0.0000000000
50111  10.777  -31.904  67.207 0.0000000000
50122  10.898  -31.814  66.224 0.0000000000
49048  9.444  -33.268  65.714 0.0000000000
49047  9.895  -32.531  65.471 0.0000000000
49059  9.524  -32.873  64.761 0.0000000000
49069  9.483  -32.930  64.138 0.0000000000
49070  8.948  -33.352  63.933 0.0000000000
49071  8.177  -34.123  64.328 0.0000000000
47987  7.286  -35.560  64.176 0.0000000000
47986  7.594  -34.858  63.724 0.0000000000
45820  6.225  -37.020  65.891 0.0000000000
45808  5.984  -36.625  66.702 0.0000000000
66389  35.130  -19.848  54.309 0.0000000000
67552  34.869  -19.030  54.543 0.0000000000
66406  34.255  -20.415  53.064 0.0000000000
63075  34.922  -22.206  52.502 0.0000000000
64150  34.727  -21.740  52.308 0.0000000000
62003  34.886  -22.754  51.337 0.0000000000
63083  34.855  -22.553  51.047 0.0000000000
62004  35.170  -23.047  50.890 0.0000000000
58510  29.527  -24.179  54.553 0.0000000000
58509  30.372  -24.668  54.896 0.0000000000
58525  29.347  -24.307  53.430 0.0000000000
58560  28.744  -24.885  51.589 0.0000000000
57285  29.701  -24.889  52.831 0.0000000000
57302  30.658  -26.260  53.208 0.0000000000
57318  29.699  -25.826  51.979 0.0000000000
57335  29.851  -26.607  51.623 0.0000000000
57337  28.891  -25.706  51.063 0.0000000000
58616  27.807  -26.047  49.594 0.0000000000
74720  31.392  -11.791  49.049 0.0000000000
74737  31.214  -11.270  48.296 0.0000000000
72229  29.680  -14.141  47.894 0.0000000000
73550  30.230  -13.025  48.008 0.0000000000
73551  29.850  -13.468  47.332 0.0000000000
90807  48.355  3.086  29.334 0.0000000000
90814  48.276  2.931  28.604 0.0000000000
89755  47.851  2.075  28.371 0.0000000000
76893  38.421  -8.910  40.533 0.0000000000
76905  37.965  -8.666  40.237 0.0000000000
76894  37.969  -9.410  40.365 0.0000000000
74863  37.387  -10.369  40.565 0.0000000000
75873  36.822  -10.491  39.977 0.0000000000
74817  37.320  -10.469  42.675 0.0000000000
73610  37.221  -10.554  42.339 0.0000000000
73611  36.741  -10.639  42.199 0.0000000000
73652  34.929  -11.470  40.534 0.0000000000
73651  35.845  -11.240  41.035 0.0000000000
74865  35.290  -11.629  39.353 0.0000000000
76822  42.637  -9.031  45.481 0.0000000000
76858  41.575  -8.890  43.332 0.0000000000
76846  42.490  -8.806  44.015 0.0000000000
77959  42.117  -8.013  43.197 0.0000000000
79011  41.874  -7.450  43.038 0.0000000000
77960  41.437  -7.962  42.789 0.0000000000
76884  39.795  -8.730  41.374 0.0000000000
77971  40.014  -8.267  41.526 0.0000000000
76892  39.206  -8.770  40.966 0.0000000000
77981  38.886  -8.160  40.778 0.0000000000
58416  32.971  -24.363  61.990 0.0000000000
58424  33.509  -24.331  61.415 0.0000000000
58425  32.890  -24.197  61.188 0.0000000000
59622  30.994  -23.318  59.471 0.0000000000
58440  32.274  -24.158  59.654 0.0000000000
59646  31.543  -23.780  58.519 0.0000000000
58466  31.901  -24.204  57.941 0.0000000000
59647  30.896  -23.709  57.943 0.0000000000
61915  27.666  -23.067  56.679 0.0000000000
60813  28.148  -23.565  55.741 0.0000000000
60812  28.933  -23.575  56.003 0.0000000000
60824  27.921  -23.441  55.188 0.0000000000
59685  28.540  -23.596  54.764 0.0000000000
60825  27.467  -23.219  54.848 0.0000000000
61956  25.638  -22.579  52.547 0.0000000000
60847  26.631  -22.930  52.839 0.0000000000
60861  26.251  -22.914  52.009 0.0000000000
59728  26.694  -23.279  51.693 0.0000000000
60878  25.393  -22.935  50.987 0.0000000000
58546  20.344  -25.462  52.898 0.0000000000
59729  20.789  -25.057  52.091 0.0000000000
58563  20.365  -25.561  52.238 0.0000000000
85444  46.537  -1.270  38.148 0.0000000000
86553  46.117  -0.036  36.753 0.0000000000
86552  46.685  0.244  36.776 0.0000000000
87549  47.217  0.596  36.749 0.0000000000
87550  46.469  0.750  36.247 0.0000000000
87554  42.958  -0.341  35.171 0.0000000000
88593  44.838  1.285  34.319 0.0000000000
87562  45.968  1.114  35.478 0.0000000000
88591  46.163  1.946  35.063 0.0000000000
89696  46.757  2.622  34.888 0.0000000000
88602  45.796  2.189  34.262 0.0000000000
88613  45.277  1.977  32.296 0.0000000000
89705  45.936  2.616  33.334 0.0000000000
89716  45.860  2.554  32.109 0.0000000000
89725  46.085  2.555  31.511 0.0000000000
56019  22.558  -26.042  59.652 0.0000000000
56020  21.782  -26.036  59.325 0.0000000000
55984  22.341  -26.757  61.832 0.0000000000
54781  21.537  -26.658  60.963 0.0000000000
54764  21.853  -26.878  61.577 0.0000000000
54750  20.628  -26.972  61.582 0.0000000000
54749  21.460  -27.043  61.879 0.0000000000
55954  23.355  -26.688  63.442 0.0000000000
55956  21.898  -26.927  63.391 0.0000000000
55957  20.963  -26.944  63.089 0.0000000000
55942  20.443  -26.742  63.835 0.0000000000
55958  19.732  -26.900  63.127 0.0000000000
58404  33.578  -24.997  63.231 0.0000000000
60741  30.289  -23.536  62.785 0.0000000000
58426  26.124  -24.931  62.948 0.0000000000
59610  26.457  -24.375  62.325 0.0000000000
60757  27.714  -23.518  61.926 0.0000000000
59623  26.250  -24.317  61.513 0.0000000000
60770  26.028  -24.386  60.533 0.0000000000
59624  25.983  -24.920  61.005 0.0000000000
57213  23.633  -25.764  60.244 0.0000000000
58456  24.074  -25.510  60.304 0.0000000000
57214  23.108  -25.927  59.733 0.0000000000
57231  22.764  -25.650  59.142 0.0000000000
76907  36.673  -9.530  39.169 0.0000000000
83124  44.022  -2.557  38.738 0.0000000000
83123  44.473  -2.480  38.781 0.0000000000
84243  43.690  -2.371  38.331 0.0000000000
84253  43.174  -2.221  37.865 0.0000000000
83137  42.806  -2.433  38.073 0.0000000000
83127  41.326  -3.374  38.591 0.0000000000
84257  39.726  -2.497  37.190 0.0000000000
84256  40.828  -2.288  37.533 0.0000000000
84266  40.161  -2.049  36.438 0.0000000000
54798  19.984  -26.750  58.922 0.0000000000
54800  17.921  -27.548  58.244 0.0000000000
53689  17.309  -27.739  58.473 0.0000000000
53690  16.629  -28.067  58.906 0.0000000000
54735  16.614  -27.109  61.412 0.0000000000
54754  15.987  -27.932  60.658 0.0000000000
53675  15.521  -28.653  59.813 0.0000000000
52530  15.484  -28.615  59.208 0.0000000000
52550  15.502  -28.666  58.760 0.0000000000
52551  14.915  -29.096  58.436 0.0000000000
52532  14.257  -29.528  59.263 0.0000000000
51340  13.183  -30.471  59.569 0.0000000000
53594  13.179  -29.878  65.237 0.0000000000
50133  11.588  -31.365  64.799 0.0000000000
50168  11.712  -31.582  62.661 0.0000000000
50155  12.061  -31.394  63.195 0.0000000000
50167  12.126  -31.343  62.784 0.0000000000
51277  12.694  -30.653  62.904 0.0000000000
51290  12.376  -31.092  62.582 0.0000000000
51302  12.485  -30.802  61.510 0.0000000000
51303  11.887  -31.450  61.854 0.0000000000
45795  5.785  -36.340  67.579 0.0000000000
44649  4.798  -37.100  68.035 0.0000000000
77884  34.834  -8.161  49.141 0.0000000000
76774  32.930  -10.627  49.978 0.0000000000
75747  32.995  -10.881  50.333 0.0000000000
74687  32.821  -12.474  51.001 0.0000000000
71006  34.166  -15.323  53.849 0.0000000000
72171  33.451  -14.321  52.739 0.0000000000
69888  32.020  -16.596  52.510 0.0000000000
71026  32.567  -14.974  52.264 0.0000000000
69904  31.287  -16.989  51.445 0.0000000000
68710  31.469  -17.901  51.704 0.0000000000
66424  32.693  -19.928  51.291 0.0000000000
67604  32.028  -19.711  50.571 0.0000000000
66458  32.607  -20.500  49.249 0.0000000000
65223  33.276  -20.879  49.138 0.0000000000
65207  33.945  -21.354  51.181 0.0000000000
66439  33.416  -20.842  51.266 0.0000000000
65221  34.062  -21.532  50.380 0.0000000000
64184  34.119  -21.724  48.088 0.0000000000
65237  33.393  -21.187  47.726 0.0000000000
64185  33.867  -21.790  47.283 0.0000000000
60962  32.124  -23.668  46.319 0.0000000000
62088  32.136  -23.035  45.641 0.0000000000
62090  30.954  -23.432  45.191 0.0000000000
60982  30.306  -24.006  45.104 0.0000000000
57178  34.540  -24.776  60.495 0.0000000000
57194  33.750  -24.867  59.565 0.0000000000
57210  34.228  -25.013  58.514 0.0000000000
57226  34.307  -25.403  57.918 0.0000000000
57225  34.600  -25.019  58.312 0.0000000000
57241  34.318  -25.357  57.474 0.0000000000
57265  31.535  -25.596  54.704 0.0000000000
57245  32.388  -25.417  55.930 0.0000000000
57264  32.190  -25.855  55.021 0.0000000000
57279  33.017  -25.534  55.341 0.0000000000
57278  33.590  -25.365  55.853 0.0000000000
57260  34.156  -25.421  56.570 0.0000000000
58507  34.778  -24.879  56.358 0.0000000000
58539  34.135  -24.328  54.068 0.0000000000
59695  34.921  -24.092  55.029 0.0000000000
59710  34.640  -23.872  54.243 0.0000000000
60844  35.276  -23.283  54.367 0.0000000000
60845  34.839  -23.384  53.764 0.0000000000
60859  34.805  -23.155  53.117 0.0000000000
59724  34.506  -23.767  53.257 0.0000000000
59737  34.833  -24.492  51.270 0.0000000000
59753  34.476  -24.712  50.281 0.0000000000
58591  29.811  -26.945  50.199 0.0000000000
58590  30.986  -27.001  50.459 0.0000000000
58613  30.252  -26.542  49.188 0.0000000000
59796  30.443  -25.845  48.268 0.0000000000
59772  31.434  -26.004  48.795 0.0000000000
59795  31.535  -25.274  47.939 0.0000000000
60949  31.395  -24.461  47.043 0.0000000000
59812  30.968  -24.851  47.381 0.0000000000
77905  36.622  -7.887  46.949 0.0000000000
76809  37.269  -7.837  46.366 0.0000000000
76810  35.829  -8.088  46.178 0.0000000000
76828  33.765  -8.903  45.841 0.0000000000
76827  34.932  -8.628  45.435 0.0000000000
75786  34.085  -9.112  44.827 0.0000000000
75807  34.563  -9.372  43.839 0.0000000000
75769  31.902  -9.808  46.740 0.0000000000
74804  30.960  -11.467  42.782 0.0000000000
74803  31.955  -10.918  42.416 0.0000000000
91823  49.754  3.559  26.155 0.0000000000
91822  50.593  3.982  26.424 0.0000000000
88631  47.130  2.187  29.995 0.0000000000
75767  39.567  -8.573  45.460 0.0000000000
76824  37.904  -8.226  44.854 0.0000000000
56050  19.204  -26.947  55.906 0.0000000000
56051  18.599  -27.277  55.671 0.0000000000
54847  18.656  -27.284  55.955 0.0000000000
54828  18.760  -27.308  56.510 0.0000000000
58485  22.897  -25.143  58.550 0.0000000000
59662  23.221  -24.581  57.881 0.0000000000
58498  22.549  -24.850  57.693 0.0000000000
58512  22.255  -24.727  56.968 0.0000000000
58513  21.433  -25.050  56.329 0.0000000000
58514  20.625  -25.436  55.562 0.0000000000
57269  19.699  -26.307  55.782 0.0000000000
82032  37.172  -6.167  38.464 0.0000000000
79979  39.913  -6.683  41.345 0.0000000000
80964  40.276  -6.017  41.341 0.0000000000
80976  39.722  -5.955  41.005 0.0000000000
82019  39.461  -5.239  40.328 0.0000000000
82029  39.176  -4.879  39.737 0.0000000000
55929  17.590  -27.202  64.973 0.0000000000
55945  17.000  -27.153  63.975 0.0000000000
55930  16.540  -27.249  64.773 0.0000000000
49061  8.227  -34.283  65.274 0.0000000000
47972  7.346  -35.429  64.981 0.0000000000
47956  7.163  -35.684  65.592 0.0000000000
46824  6.799  -35.385  67.117 0.0000000000
66388  35.425  -20.104  54.581 0.0000000000
66396  35.117  -20.385  54.064 0.0000000000
65189  34.743  -21.079  53.077 0.0000000000
65188  35.002  -21.231  53.450 0.0000000000
63074  35.127  -21.957  53.150 0.0000000000
58544  28.231  -23.978  52.581 0.0000000000
58561  28.193  -24.451  51.685 0.0000000000
58577  28.549  -25.353  50.985 0.0000000000
58578  28.089  -24.905  50.903 0.0000000000
58617  27.394  -25.534  49.540 0.0000000000
73530  31.014  -13.090  49.429 0.0000000000
72211  30.420  -14.030  49.279 0.0000000000
72212  29.939  -14.461  48.717 0.0000000000
90775  47.260  3.718  33.712 0.0000000000
91793  47.709  4.195  33.256 0.0000000000
91803  49.137  4.120  30.209 0.0000000000
89744  48.100  3.043  29.809 0.0000000000
75862  39.350  -9.408  41.363 0.0000000000
75871  38.408  -9.602  40.780 0.0000000000
74852  38.297  -10.069  41.149 0.0000000000
74853  37.354  -10.613  41.230 0.0000000000
74819  35.917  -10.555  42.381 0.0000000000
73612  36.063  -10.781  41.969 0.0000000000
73613  35.213  -10.929  41.654 0.0000000000
73653  33.950  -12.075  40.030 0.0000000000
75778  41.580  -9.434  44.867 0.0000000000
75777  42.083  -9.306  44.666 0.0000000000
75820  41.294  -9.251  43.530 0.0000000000
75835  40.881  -9.086  42.781 0.0000000000
76872  41.054  -8.558  42.624 0.0000000000
75852  40.328  -9.227  42.074 0.0000000000
75853  39.719  -9.654  42.105 0.0000000000
52590  14.636  -30.817  55.889 0.0000000000
52572  13.970  -30.388  56.986 0.0000000000
59608  31.521  -23.437  60.953 0.0000000000
60766  30.832  -23.226  59.907 0.0000000000
61881  29.278  -23.057  59.061 0.0000000000
61926  24.979  -22.697  56.583 0.0000000000
61933  26.518  -22.807  54.588 0.0000000000
61943  26.615  -22.730  53.957 0.0000000000
61944  25.822  -22.490  53.745 0.0000000000
61991  23.594  -22.618  51.080 0.0000000000
61992  22.527  -22.738  51.464 0.0000000000
66443  31.356  -19.802  49.505 0.0000000000
85453  45.550  -1.406  37.846 0.0000000000
85452  46.212  -0.951  37.687 0.0000000000
86544  45.243  -0.995  37.387 0.0000000000
86554  45.076  -0.510  36.762 0.0000000000
87565  43.329  0.232  34.214 0.0000000000
88603  45.323  1.979  33.594 0.0000000000
57198  23.385  -26.181  60.669 0.0000000000
55999  22.973  -26.487  61.156 0.0000000000
58441  25.587  -25.312  61.603 0.0000000000
58442  25.173  -25.546  61.275 0.0000000000
57197  24.022  -25.790  60.805 0.0000000000
83089  44.586  -2.814  39.633 0.0000000000
83105  43.916  -2.812  39.111 0.0000000000
53640  15.143  -28.414  61.345 0.0000000000
53658  15.374  -28.586  60.692 0.0000000000
52498  14.712  -29.063  60.772 0.0000000000
52516  14.353  -29.413  60.098 0.0000000000
51338  14.014  -29.659  59.601 0.0000000000
51318  13.939  -29.669  59.898 0.0000000000
51319  13.391  -29.999  60.219 0.0000000000
51320  12.668  -30.547  60.439 0.0000000000
52439  12.737  -30.428  65.551 0.0000000000
50157  10.698  -32.008  63.766 0.0000000000
50169  11.027  -32.092  62.866 0.0000000000
50179  11.270  -32.091  62.188 0.0000000000
51304  11.423  -32.054  61.678 0.0000000000
51305  11.035  -32.289  61.751 0.0000000000
75742  33.340  -11.055  50.825 0.0000000000
75741  33.946  -11.262  51.392 0.0000000000
68669  34.244  -17.298  54.522 0.0000000000
69864  34.163  -16.467  54.223 0.0000000000
71013  33.552  -15.321  53.322 0.0000000000
69887  32.519  -16.507  52.970 0.0000000000
68695  32.247  -17.421  52.864 0.0000000000
68709  31.934  -17.955  52.317 0.0000000000
64174  34.492  -21.776  49.867 0.0000000000
63101  34.950  -21.989  49.275 0.0000000000
63102  34.628  -22.293  48.432 0.0000000000
63115  34.177  -22.356  47.580 0.0000000000
62067  33.274  -22.959  46.569 0.0000000000
62051  33.904  -23.223  47.275 0.0000000000
62052  33.179  -23.551  46.739 0.0000000000
60963  31.605  -23.848  46.371 0.0000000000
57195  33.138  -24.822  58.936 0.0000000000
57212  32.875  -24.799  58.075 0.0000000000
57228  33.215  -25.304  57.343 0.0000000000
57281  32.308  -26.528  54.759 0.0000000000
57298  32.910  -26.052  54.585 0.0000000000
58522  33.322  -25.168  54.873 0.0000000000
58540  33.819  -24.956  53.532 0.0000000000
58556  34.088  -25.197  52.595 0.0000000000
59725  34.404  -24.540  52.436 0.0000000000
58573  33.835  -25.959  51.497 0.0000000000
58588  32.993  -26.229  50.341 0.0000000000
58637  29.409  -26.347  48.716 0.0000000000
59797  29.502  -26.009  48.116 0.0000000000
59814  29.684  -25.451  47.294 0.0000000000
60951  30.137  -24.975  47.089 0.0000000000
77906  35.463  -7.929  47.088 0.0000000000
75787  32.648  -9.383  45.397 0.0000000000
74767  30.271  -11.770  45.435 0.0000000000
75789  30.789  -10.992  45.452 0.0000000000
74786  30.041  -12.419  44.190 0.0000000000
90820  48.860  3.438  27.908 0.0000000000
74779  39.518  -9.773  43.533 0.0000000000
74796  38.701  -10.121  43.045 0.0000000000
74780  38.888  -9.864  43.590 0.0000000000
74798  37.419  -10.318  43.139 0.0000000000
74799  36.695  -10.346  43.082 0.0000000000
74801  34.464  -10.274  42.499 0.0000000000
76803  42.794  -8.766  46.263 0.0000000000
76805  41.220  -8.821  46.232 0.0000000000
75764  41.480  -9.305  45.377 0.0000000000
75779  40.739  -9.479  44.790 0.0000000000
75801  39.811  -9.597  44.138 0.0000000000
53765  16.927  -28.751  55.154 0.0000000000
60782  26.510  -23.506  59.912 0.0000000000
61895  26.290  -23.392  59.472 0.0000000000
61906  26.077  -23.023  58.651 0.0000000000
61917  25.337  -23.092  57.764 0.0000000000
60805  24.265  -24.079  57.602 0.0000000000
60816  24.094  -23.797  56.796 0.0000000000
61927  24.166  -23.109  56.306 0.0000000000
61936  23.232  -23.201  55.263 0.0000000000
60848  22.623  -23.320  54.257 0.0000000000
60849  22.053  -23.649  53.619 0.0000000000
59715  21.850  -24.378  54.101 0.0000000000
58529  19.527  -26.123  54.045 0.0000000000
85464  41.683  -1.492  36.282 0.0000000000
86556  43.240  -0.759  36.032 0.0000000000
86557  42.073  -0.872  35.470 0.0000000000
55952  24.650  -26.348  63.200 0.0000000000
55937  24.899  -26.366  63.803 0.0000000000
81986  42.447  -5.111  43.198 0.0000000000
83071  42.624  -4.509  42.703 0.0000000000
83077  42.925  -3.747  40.966 0.0000000000
55971  18.927  -27.002  62.288 0.0000000000
55988  18.202  -26.876  61.438 0.0000000000
55972  17.590  -26.915  61.981 0.0000000000
55961  16.309  -27.228  63.008 0.0000000000
55974  15.762  -27.507  62.182 0.0000000000
54737  15.041  -28.094  61.967 0.0000000000
53642  13.736  -29.597  62.125 0.0000000000
51237  11.262  -31.449  66.442 0.0000000000
50134  11.022  -31.697  65.310 0.0000000000
50146  10.363  -32.045  64.816 0.0000000000
50158  9.890  -32.567  64.024 0.0000000000
49087  8.193  -34.365  62.322 0.0000000000
68668  34.661  -17.680  54.907 0.0000000000
66407  33.820  -20.183  52.732 0.0000000000
66421  34.065  -20.845  52.438 0.0000000000
65197  34.191  -21.397  51.854 0.0000000000
64157  34.581  -21.852  51.553 0.0000000000
64165  34.587  -22.073  50.979 0.0000000000
63093  35.010  -22.379  50.256 0.0000000000
62020  35.075  -23.204  49.353 0.0000000000
58496  30.764  -24.554  55.764 0.0000000000
58495  31.516  -24.771  56.285 0.0000000000
57247  31.071  -25.010  55.058 0.0000000000
57266  30.800  -25.189  54.403 0.0000000000
57284  30.331  -25.239  53.531 0.0000000000
57283  31.125  -25.948  53.976 0.0000000000
57316  30.987  -27.083  52.744 0.0000000000
57333  31.550  -27.211  52.229 0.0000000000
57334  30.831  -27.142  51.623 0.0000000000
57352  30.160  -27.006  50.975 0.0000000000
58592  29.004  -26.575  50.339 0.0000000000
58593  28.441  -26.082  50.614 0.0000000000
58638  28.737  -26.381  48.842 0.0000000000
76797  32.538  -9.867  48.617 0.0000000000
75756  31.646  -10.500  48.141 0.0000000000
75757  31.177  -11.067  47.904 0.0000000000
73549  30.642  -12.665  48.656 0.0000000000
74739  30.304  -12.403  47.509 0.0000000000
74755  30.247  -12.044  46.851 0.0000000000
73575  29.965  -12.591  46.297 0.0000000000
91806  49.378  4.094  29.264 0.0000000000
90821  48.245  2.698  27.612 0.0000000000
79047  37.285  -7.889  39.423 0.0000000000
77994  37.678  -8.380  39.902 0.0000000000
75872  37.489  -9.934  40.121 0.0000000000
75884  37.067  -9.762  39.604 0.0000000000
74816  37.810  -10.427  42.534 0.0000000000
73649  37.200  -10.648  41.743 0.0000000000
74854  36.645  -10.935  40.918 0.0000000000
73664  36.203  -11.132  40.785 0.0000000000
76838  42.736  -9.015  44.797 0.0000000000
76837  43.340  -8.568  44.843 0.0000000000
79957  42.311  -6.862  43.243 0.0000000000
79967  41.598  -6.805  42.816 0.0000000000
79021  40.590  -7.349  42.078 0.0000000000
76882  40.638  -8.302  42.169 0.0000000000
77970  40.339  -7.970  41.862 0.0000000000
79022  40.116  -7.324  41.623 0.0000000000
79032  39.663  -7.352  41.293 0.0000000000
79034  38.587  -7.518  40.551 0.0000000000
57156  34.614  -24.829  62.386 0.0000000000
57164  34.495  -24.621  61.651 0.0000000000
57165  34.016  -24.391  61.400 0.0000000000
58438  33.291  -24.556  60.413 0.0000000000
59620  32.177  -23.850  60.315 0.0000000000
58453  32.660  -24.554  59.104 0.0000000000
58465  32.434  -24.493  58.348 0.0000000000
61893  28.673  -22.915  58.563 0.0000000000
60781  29.389  -23.186  58.387 0.0000000000
61904  28.473  -23.108  57.431 0.0000000000
60793  29.488  -23.467  57.794 0.0000000000
59659  29.961  -23.890  56.958 0.0000000000
59671  30.469  -24.218  56.499 0.0000000000
59684  29.366  -23.958  55.188 0.0000000000
59696  28.361  -23.466  53.808 0.0000000000
60834  27.233  -22.985  53.963 0.0000000000
59697  27.736  -23.314  53.483 0.0000000000
59712  28.084  -23.586  53.175 0.0000000000
59727  27.201  -23.625  51.803 0.0000000000
59741  26.661  -23.508  51.098 0.0000000000
59757  26.548  -23.757  50.060 0.0000000000
60864  21.439  -24.136  52.465 0.0000000000
69916  30.643  -16.495  50.449 0.0000000000
87552  44.718  0.103  35.778 0.0000000000
87564  44.338  0.591  34.859 0.0000000000
88583  46.478  1.426  35.711 0.0000000000
89690  47.112  2.173  35.665 0.0000000000
89695  47.384  2.662  35.451 0.0000000000
90771  46.914  3.244  34.085 0.0000000000
89704  46.468  3.030  33.736 0.0000000000
90776  46.814  3.485  33.160 0.0000000000
90784  46.856  3.506  32.633 0.0000000000
89714  46.943  3.434  32.069 0.0000000000
89723  47.044  3.279  31.547 0.0000000000
57233  21.210  -26.008  58.147 0.0000000000
56029  20.467  -26.420  58.188 0.0000000000
56021  20.904  -26.213  59.334 0.0000000000
56011  20.761  -26.251  59.758 0.0000000000
54782  20.611  -26.425  60.276 0.0000000000
55986  20.199  -27.011  61.885 0.0000000000
55967  23.241  -26.673  62.937 0.0000000000
54732  22.335  -26.896  62.922 0.0000000000
55955  22.594  -26.796  63.415 0.0000000000
54720  22.129  -26.925  63.195 0.0000000000
54733  21.701  -27.059  62.495 0.0000000000
54722  21.276  -27.098  62.649 0.0000000000
55969  20.747  -27.108  62.397 0.0000000000
55927  19.916  -26.700  64.597 0.0000000000
55928  18.799  -27.066  64.892 0.0000000000
58401  35.497  -25.543  63.324 0.0000000000
58413  34.626  -25.000  62.819 0.0000000000
58414  34.136  -24.787  62.566 0.0000000000
58415  33.387  -24.651  62.438 0.0000000000
59598  32.253  -24.199  62.188 0.0000000000
59587  32.167  -24.496  63.228 0.0000000000
59599  31.329  -23.791  61.971 0.0000000000
60769  26.694  -23.610  60.747 0.0000000000
60783  25.881  -24.116  59.908 0.0000000000
59649  24.611  -24.773  59.514 0.0000000000
58468  24.462  -25.261  60.040 0.0000000000
58484  23.469  -25.014  59.055 0.0000000000
57232  22.036  -25.746  58.642 0.0000000000
79048  36.551  -8.194  38.789 0.0000000000
85433  46.904  -1.536  38.755 0.0000000000
84227  45.266  -2.345  38.935 0.0000000000
84241  44.936  -2.296  38.645 0.0000000000
84251  44.763  -1.954  38.131 0.0000000000
84252  43.972  -2.051  37.951 0.0000000000
85456  43.056  -1.947  37.378 0.0000000000
83126  42.277  -3.013  38.589 0.0000000000
83138  42.377  -2.601  38.106 0.0000000000
84254  42.537  -2.316  37.709 0.0000000000
84264  42.158  -1.984  37.125 0.0000000000
56030  19.709  -26.916  57.777 0.0000000000
54814  19.081  -27.226  57.653 0.0000000000
54815  18.105  -27.619  57.627 0.0000000000
53729  16.178  -28.669  57.436 0.0000000000
54769  16.786  -27.525  59.832 0.0000000000
53673  16.832  -27.680  59.432 0.0000000000
53657  16.048  -27.976  60.389 0.0000000000
53711  16.082  -28.439  58.367 0.0000000000
53730  15.658  -29.000  57.306 0.0000000000
52553  13.487  -30.541  57.902 0.0000000000
52533  13.718  -30.190  58.874 0.0000000000
52554  12.806  -31.193  57.758 0.0000000000
55948  14.229  -28.352  64.165 0.0000000000
54716  13.828  -28.857  63.729 0.0000000000
53622  13.572  -29.453  62.805 0.0000000000
52484  13.370  -30.033  62.233 0.0000000000
51236  11.709  -31.084  65.954 0.0000000000
52452  12.105  -30.884  64.891 0.0000000000
51266  12.116  -31.083  64.354 0.0000000000
50144  11.874  -31.422  63.959 0.0000000000
51265  12.466  -30.766  63.703 0.0000000000
51322  11.423  -32.029  60.876 0.0000000000
46811  6.301  -35.826  67.350 0.0000000000
45809  5.546  -37.190  66.790 0.0000000000
76794  38.505  -7.864  46.942 0.0000000000
77898  34.038  -8.554  48.511 0.0000000000
76783  33.253  -9.464  49.035 0.0000000000
76784  32.811  -10.353  49.510 0.0000000000
74704  32.162  -12.135  50.198 0.0000000000
74703  32.890  -11.587  50.661 0.0000000000
73511  31.591  -13.497  50.340 0.0000000000
72195  31.465  -14.131  50.653 0.0000000000
72183  31.274  -15.103  50.937 0.0000000000
73469  33.848  -13.278  52.391 0.0000000000
72172  33.009  -14.278  52.264 0.0000000000
72181  32.500  -14.287  51.704 0.0000000000
71036  31.030  -15.681  50.702 0.0000000000
69915  31.036  -16.744  50.934 0.0000000000
68721  30.681  -17.764  50.547 0.0000000000
67593  31.480  -18.524  51.259 0.0000000000
67605  31.337  -19.074  50.583 0.0000000000
65209  33.379  -20.814  50.065 0.0000000000
65222  33.925  -21.287  49.642 0.0000000000
65252  32.872  -21.005  46.401 0.0000000000
64212  32.845  -21.567  45.502 0.0000000000
63151  32.681  -22.111  45.276 0.0000000000
63152  32.178  -22.585  44.958 0.0000000000
63134  32.431  -22.789  45.695 0.0000000000
63171  31.446  -22.966  44.205 0.0000000000
63048  35.886  -21.952  55.076 0.0000000000
57163  35.115  -24.826  61.311 0.0000000000
57177  35.127  -25.012  60.386 0.0000000000
57192  35.167  -25.074  59.746 0.0000000000
57191  35.538  -25.315  59.910 0.0000000000
58480  35.407  -24.823  57.986 0.0000000000
57244  32.948  -25.460  56.347 0.0000000000
57243  33.541  -25.501  56.720 0.0000000000
57262  32.789  -25.730  55.839 0.0000000000
57242  34.020  -25.533  57.101 0.0000000000
58494  35.134  -24.974  57.307 0.0000000000
58493  35.706  -24.716  57.703 0.0000000000
59670  35.991  -24.412  57.318 0.0000000000
59694  35.437  -23.939  55.431 0.0000000000
60832  36.048  -23.114  55.787 0.0000000000
61942  35.654  -22.966  54.702 0.0000000000
61954  35.752  -22.288  54.726 0.0000000000
63049  35.614  -21.993  54.461 0.0000000000
61970  35.100  -22.626  53.453 0.0000000000
61971  34.889  -22.692  52.702 0.0000000000
60875  34.713  -23.164  52.351 0.0000000000
60876  34.762  -23.682  51.764 0.0000000000
61989  34.996  -23.337  51.314 0.0000000000
60894  35.047  -24.167  50.378 0.0000000000
59769  34.384  -24.496  49.504 0.0000000000
60912  34.344  -24.263  49.048 0.0000000000
58589  32.228  -26.453  50.128 0.0000000000
58611  31.876  -26.184  49.361 0.0000000000
59793  33.415  -24.683  48.245 0.0000000000
60934  32.253  -24.751  47.473 0.0000000000
60964  30.634  -24.045  46.161 0.0000000000
60965  29.957  -24.761  46.619 0.0000000000
60983  29.782  -24.584  45.788 0.0000000000
75823  35.031  -9.756  43.139 0.0000000000
74802  33.214  -10.537  42.335 0.0000000000
75810  31.015  -10.873  44.756 0.0000000000
75809  31.982  -10.084  44.439 0.0000000000
75825  32.605  -10.203  43.277 0.0000000000
89734  47.436  2.833  30.364 0.0000000000
47940  6.954  -35.870  66.036 0.0000000000
49058  9.882  -32.372  64.968 0.0000000000
50159  9.478  -32.980  63.851 0.0000000000
50178  11.587  -31.752  62.118 0.0000000000
51323  10.843  -32.279  61.234 0.0000000000
52425  12.587  -30.593  66.073 0.0000000000
53692  15.487  -28.617  59.440 0.0000000000
53743  17.547  -28.066  56.655 0.0000000000
54724  13.873  -28.968  62.956 0.0000000000
54731  22.793  -26.770  62.963 0.0000000000
54734  21.116  -27.148  62.182 0.0000000000
54747  22.704  -26.725  62.673 0.0000000000
55933  14.013  -28.599  64.478 0.0000000000
55998  23.448  -26.357  61.490 0.0000000000
56065  18.487  -27.317  55.074 0.0000000000
57147  35.295  -25.404  62.957 0.0000000000
57168  24.061  -26.259  61.955 0.0000000000
57176  35.544  -25.240  60.331 0.0000000000
57180  24.461  -25.810  61.204 0.0000000000
57182  23.397  -26.332  61.218 0.0000000000
57215  22.488  -25.887  59.335 0.0000000000
57259  34.695  -25.290  57.067 0.0000000000
57301  31.269  -26.883  53.683 0.0000000000
57304  29.446  -25.119  52.155 0.0000000000
57314  32.558  -27.070  53.520 0.0000000000
57336  29.265  -26.008  51.420 0.0000000000
57353  29.429  -26.612  50.981 0.0000000000
57355  28.804  -25.875  50.873 0.0000000000
58402  34.963  -25.237  63.278 0.0000000000
58427  25.619  -25.291  62.311 0.0000000000
58428  25.234  -25.617  61.865 0.0000000000
58455  24.664  -25.523  60.650 0.0000000000
58467  31.343  -24.240  57.348 0.0000000000
58469  23.784  -25.333  59.677 0.0000000000
58511  28.939  -23.774  53.994 0.0000000000
58523  33.062  -25.724  54.618 0.0000000000
58545  27.639  -23.770  52.192 0.0000000000
59597  32.718  -24.587  62.619 0.0000000000
59609  27.357  -24.173  62.751 0.0000000000
59625  25.374  -25.192  60.675 0.0000000000
59635  31.494  -23.636  59.100 0.0000000000
59636  30.825  -23.438  58.868 0.0000000000
59637  25.729  -24.792  60.418 0.0000000000
59648  30.254  -23.772  57.575 0.0000000000
59650  23.947  -24.744  59.161 0.0000000000
59661  23.855  -24.565  58.337 0.0000000000
59673  28.985  -23.699  55.479 0.0000000000
59674  23.768  -24.378  57.492 0.0000000000
59699  22.050  -24.493  54.840 0.0000000000
59713  27.459  -23.482  52.693 0.0000000000
59726  34.196  -25.295  52.204 0.0000000000
59739  33.765  -25.932  51.076 0.0000000000
59755  32.853  -26.103  49.929 0.0000000000
59773  30.867  -26.280  48.858 0.0000000000
59799  28.486  -26.383  48.452 0.0000000000
60784  25.253  -24.510  59.632 0.0000000000
60792  30.145  -23.600  57.984 0.0000000000
60803  28.437  -23.472  56.393 0.0000000000
60815  24.655  -23.460  57.393 0.0000000000
60833  35.687  -23.343  55.119 0.0000000000
60837  22.287  -23.938  54.336 0.0000000000
60846  27.189  -23.157  53.283 0.0000000000
60850  21.672  -23.991  53.080 0.0000000000
60862  25.671  -22.828  51.603 0.0000000000
60863  21.841  -23.438  52.833 0.0000000000
60877  26.147  -23.121  51.328 0.0000000000
60893  35.156  -23.840  50.966 0.0000000000
60910  35.197  -23.669  50.377 0.0000000000
60911  34.967  -24.031  49.663 0.0000000000
61883  27.660  -23.062  60.148 0.0000000000
61892  29.347  -23.099  58.649 0.0000000000
61914  28.402  -23.316  56.816 0.0000000000
61924  27.443  -23.282  55.959 0.0000000000
61941  35.929  -22.596  55.207 0.0000000000
61955  35.466  -22.599  54.297 0.0000000000
61972  25.607  -22.723  51.979 0.0000000000
62069  31.878  -23.411  45.968 0.0000000000
62089  31.628  -23.176  45.389 0.0000000000
63082  34.740  -22.278  51.646 0.0000000000
63154  31.046  -23.238  44.681 0.0000000000
64158  34.365  -21.736  51.370 0.0000000000
65170  35.585  -20.831  54.760 0.0000000000
65180  34.971  -20.784  53.669 0.0000000000
66440  33.112  -20.596  50.848 0.0000000000
67573  33.871  -19.760  53.133 0.0000000000
71015  32.416  -15.739  52.498 0.0000000000
72196  31.127  -14.496  50.438 0.0000000000
72210  30.862  -13.976  49.841 0.0000000000
72228  30.139  -13.771  48.575 0.0000000000
72246  29.590  -14.008  47.072 0.0000000000
73490  33.674  -12.720  51.792 0.0000000000
73576  29.767  -13.037  45.468 0.0000000000
73609  37.470  -10.521  42.379 0.0000000000
73631  37.382  -10.564  42.150 0.0000000000
73632  36.895  -10.692  41.918 0.0000000000
73650  36.630  -10.900  41.350 0.0000000000
74721  30.918  -12.293  48.827 0.0000000000
74766  30.738  -11.083  45.822 0.0000000000
74784  36.236  -9.972  43.606 0.0000000000
74813  39.832  -9.718  42.710 0.0000000000
74851  38.887  -9.797  41.361 0.0000000000
74877  36.373  -10.758  39.629 0.0000000000
75768  39.067  -8.258  45.505 0.0000000000
75851  40.745  -8.965  42.396 0.0000000000
75861  40.037  -9.051  41.593 0.0000000000
75863  38.751  -9.731  41.168 0.0000000000
76845  43.188  -8.492  44.422 0.0000000000
76847  41.832  -9.064  43.677 0.0000000000
76871  41.614  -8.265  43.011 0.0000000000
76873  40.635  -8.868  42.195 0.0000000000
77904  37.157  -7.856  46.912 0.0000000000
77938  43.117  -8.414  44.195 0.0000000000
77948  42.970  -8.167  43.805 0.0000000000
77969  40.848  -7.944  42.342 0.0000000000
77979  39.926  -7.815  41.488 0.0000000000
79033  39.176  -7.440  40.944 0.0000000000
80978  38.633  -6.152  40.302 0.0000000000
82031  37.716  -5.623  38.828 0.0000000000
84239  46.321  -1.806  38.826 0.0000000000
84250  45.353  -1.915  38.342 0.0000000000
89717  45.573  2.304  32.393 0.0000000000
91796  47.719  4.163  32.568 0.0000000000
