#!ascii label  , from subject 3462 vox2ras=TkReg
1097
59506  10.595  -25.748  69.877 0.0000000000
50257  5.987  -33.288  54.867 0.0000000000
51176  3.843  -32.594  71.338 0.0000000000
59538  3.997  -25.419  68.191 0.0000000000
67449  3.816  -19.464  62.994 0.0000000000
53548  7.211  -30.231  72.909 0.0000000000
58312  5.768  -26.226  72.491 0.0000000000
58334  14.810  -26.249  69.133 0.0000000000
52348  10.633  -30.995  71.373 0.0000000000
46766  6.442  -35.162  71.323 0.0000000000
67336  5.893  -19.094  70.912 0.0000000000
62961  3.697  -22.759  65.636 0.0000000000
71978  6.406  -15.947  69.222 0.0000000000
49040  1.803  -34.888  66.495 0.0000000000
53606  2.828  -31.485  63.807 0.0000000000
54694  3.934  -29.557  69.787 0.0000000000
63955  5.148  -22.127  72.039 0.0000000000
56002  5.463  -28.961  61.292 0.0000000000
58472  5.128  -25.698  58.596 0.0000000000
60819  4.270  -23.886  57.303 0.0000000000
68565  6.700  -17.359  61.100 0.0000000000
57071  9.007  -27.820  72.332 0.0000000000
59483  8.079  -26.055  72.052 0.0000000000
60657  12.954  -25.391  70.120 0.0000000000
54684  12.691  -28.340  70.666 0.0000000000
55883  10.915  -28.629  72.043 0.0000000000
53552  8.748  -30.757  72.649 0.0000000000
69651  5.663  -17.109  70.050 0.0000000000
50104  1.917  -33.832  68.750 0.0000000000
52414  2.645  -32.302  67.802 0.0000000000
53567  3.961  -30.560  70.967 0.0000000000
62870  7.407  -21.890  72.366 0.0000000000
61774  5.403  -23.590  72.356 0.0000000000
47849  4.514  -34.318  71.663 0.0000000000
45761  4.298  -36.395  70.366 0.0000000000
47875  2.727  -35.355  70.229 0.0000000000
46797  2.527  -36.473  67.686 0.0000000000
55921  4.911  -28.306  66.852 0.0000000000
54739  3.872  -30.620  62.866 0.0000000000
57144  5.099  -27.215  65.330 0.0000000000
65064  3.992  -21.404  63.731 0.0000000000
59603  4.247  -24.529  61.980 0.0000000000
61877  3.377  -22.969  61.063 0.0000000000
59663  4.446  -24.720  58.235 0.0000000000
64084  2.915  -22.024  59.569 0.0000000000
52340  5.664  -31.253  72.503 0.0000000000
54679  4.773  -29.486  71.977 0.0000000000
55873  6.536  -28.604  72.674 0.0000000000
60644  7.766  -24.258  72.193 0.0000000000
57099  16.116  -26.741  68.044 0.0000000000
54706  14.084  -28.615  66.456 0.0000000000
54695  13.920  -28.049  68.943 0.0000000000
52385  11.311  -30.376  69.064 0.0000000000
48964  8.144  -32.827  71.571 0.0000000000
50031  6.919  -32.400  72.469 0.0000000000
63978  4.411  -21.898  70.033 0.0000000000
60722  3.601  -24.387  66.722 0.0000000000
65012  4.479  -20.901  68.576 0.0000000000
67381  4.708  -19.290  67.312 0.0000000000
69685  5.313  -17.786  66.425 0.0000000000
61826  12.602  -23.939  68.177 0.0000000000
57128  19.980  -26.471  65.432 0.0000000000
60718  21.590  -24.931  65.387 0.0000000000
61805  16.931  -24.578  67.824 0.0000000000
61823  15.155  -23.824  68.065 0.0000000000
47988  1.613  -36.417  63.884 0.0000000000
50172  2.425  -34.077  62.815 0.0000000000
51267  2.176  -33.273  64.858 0.0000000000
53579  3.659  -30.655  67.346 0.0000000000
57105  4.023  -27.235  69.090 0.0000000000
57086  4.243  -27.467  71.642 0.0000000000
59491  3.865  -25.590  71.623 0.0000000000
61784  3.782  -23.829  70.971 0.0000000000
66179  5.636  -20.752  71.228 0.0000000000
51325  2.923  -32.931  61.056 0.0000000000
52536  4.418  -31.824  59.786 0.0000000000
53712  5.648  -30.727  58.387 0.0000000000
59592  4.540  -25.292  63.305 0.0000000000
57200  6.047  -27.211  59.743 0.0000000000
54833  6.283  -29.438  56.029 0.0000000000
56040  5.135  -28.406  55.542 0.0000000000
57270  3.884  -27.782  54.495 0.0000000000
71990  7.633  -14.958  68.685 0.0000000000
70870  6.297  -17.073  65.276 0.0000000000
69707  7.171  -16.832  64.342 0.0000000000
68569  4.584  -18.795  61.913 0.0000000000
66343  4.070  -20.561  59.200 0.0000000000
58321  9.609  -27.389  71.647 0.0000000000
59490  8.585  -25.965  71.127 0.0000000000
59507  9.780  -25.531  69.855 0.0000000000
59497  11.901  -25.769  70.341 0.0000000000
58318  11.693  -27.477  71.079 0.0000000000
58329  10.759  -27.213  70.776 0.0000000000
57070  9.732  -28.122  72.344 0.0000000000
49163  5.192  -34.652  53.864 0.0000000000
50258  5.317  -33.078  54.462 0.0000000000
50094  2.542  -33.620  69.925 0.0000000000
51196  2.804  -32.971  69.836 0.0000000000
52373  3.847  -31.702  70.682 0.0000000000
55931  15.541  -27.482  64.951 0.0000000000
48968  3.698  -34.215  71.442 0.0000000000
47860  3.624  -34.970  71.147 0.0000000000
48977  3.193  -34.414  71.019 0.0000000000
48992  2.275  -34.701  69.941 0.0000000000
57131  4.154  -26.692  67.379 0.0000000000
55934  5.180  -28.598  65.657 0.0000000000
58374  3.919  -26.025  66.850 0.0000000000
66265  4.183  -20.063  63.842 0.0000000000
62989  3.475  -22.280  62.744 0.0000000000
65085  2.964  -20.868  62.357 0.0000000000
62995  2.877  -22.332  60.771 0.0000000000
66305  2.983  -20.520  61.713 0.0000000000
52334  6.196  -31.172  72.597 0.0000000000
53554  5.624  -30.427  72.523 0.0000000000
54671  6.909  -29.447  72.800 0.0000000000
59478  7.767  -25.513  72.250 0.0000000000
62874  8.381  -22.547  71.277 0.0000000000
58339  15.410  -26.147  68.696 0.0000000000
55898  14.677  -27.540  68.359 0.0000000000
55889  14.166  -27.393  69.674 0.0000000000
53561  11.445  -29.556  71.322 0.0000000000
52357  11.627  -29.868  69.971 0.0000000000
51173  10.808  -30.967  70.612 0.0000000000
50056  9.021  -31.931  71.510 0.0000000000
53546  7.948  -30.078  72.895 0.0000000000
50029  8.006  -31.987  72.497 0.0000000000
52332  7.054  -31.118  73.085 0.0000000000
50033  5.992  -32.338  72.454 0.0000000000
66189  5.346  -20.636  70.459 0.0000000000
63988  4.366  -21.645  69.123 0.0000000000
66200  5.262  -20.334  69.703 0.0000000000
70807  5.875  -16.701  69.480 0.0000000000
68484  5.373  -18.681  68.536 0.0000000000
70824  5.541  -17.290  67.975 0.0000000000
68499  4.875  -18.498  66.878 0.0000000000
70832  5.526  -17.339  67.227 0.0000000000
60686  17.690  -25.245  67.423 0.0000000000
47973  1.585  -36.125  64.523 0.0000000000
50148  1.914  -34.395  64.996 0.0000000000
50136  1.958  -34.073  65.829 0.0000000000
53573  3.742  -30.739  69.274 0.0000000000
52413  3.060  -31.396  67.627 0.0000000000
54697  4.217  -29.551  68.957 0.0000000000
55903  4.746  -28.659  68.078 0.0000000000
55899  3.996  -28.384  69.446 0.0000000000
57076  5.055  -27.445  72.058 0.0000000000
55885  4.499  -28.526  71.749 0.0000000000
58317  4.629  -26.405  71.958 0.0000000000
62871  5.258  -22.812  72.175 0.0000000000
60650  4.317  -24.635  71.941 0.0000000000
61778  4.667  -23.750  71.788 0.0000000000
60653  3.786  -24.781  71.308 0.0000000000
62875  4.655  -22.890  71.683 0.0000000000
63961  4.674  -22.101  71.432 0.0000000000
64980  5.179  -21.776  71.863 0.0000000000
54703  13.499  -29.160  66.872 0.0000000000
54707  13.645  -29.279  65.928 0.0000000000
47874  7.011  -34.903  70.466 0.0000000000
46785  6.311  -35.599  69.291 0.0000000000
46778  5.791  -35.917  69.896 0.0000000000
45774  3.694  -36.653  69.471 0.0000000000
44637  4.397  -36.911  68.663 0.0000000000
47925  2.010  -35.747  66.999 0.0000000000
47958  1.803  -36.425  65.922 0.0000000000
51279  2.382  -33.117  63.560 0.0000000000
50182  2.601  -33.873  61.919 0.0000000000
52485  2.872  -32.381  62.253 0.0000000000
56003  4.968  -29.665  61.938 0.0000000000
53677  3.960  -31.197  61.151 0.0000000000
54788  4.380  -30.461  60.201 0.0000000000
52558  4.887  -31.850  59.254 0.0000000000
54787  5.079  -29.817  59.904 0.0000000000
61855  3.597  -23.358  66.234 0.0000000000
59573  3.827  -25.116  65.286 0.0000000000
60732  3.815  -24.215  64.800 0.0000000000
58431  4.346  -25.252  60.845 0.0000000000
58430  4.921  -25.575  61.357 0.0000000000
58457  5.335  -26.239  59.646 0.0000000000
56031  6.479  -28.687  57.816 0.0000000000
57234  6.345  -27.609  57.598 0.0000000000
54834  5.366  -29.399  55.464 0.0000000000
57251  5.569  -27.480  56.243 0.0000000000
59677  4.306  -24.200  57.601 0.0000000000
58501  4.914  -26.170  55.966 0.0000000000
59689  4.598  -25.467  55.694 0.0000000000
72004  7.969  -15.063  67.844 0.0000000000
70842  6.559  -16.651  66.456 0.0000000000
70841  7.167  -16.303  66.489 0.0000000000
69746  7.939  -16.901  62.572 0.0000000000
69747  6.933  -17.045  62.719 0.0000000000
69748  6.039  -17.111  62.849 0.0000000000
68567  5.356  -18.008  61.433 0.0000000000
67492  4.094  -19.816  60.290 0.0000000000
67490  4.832  -19.149  59.805 0.0000000000
55870  8.303  -28.512  72.691 0.0000000000
55871  7.710  -28.447  72.850 0.0000000000
58313  8.473  -27.147  72.292 0.0000000000
59494  14.003  -25.779  69.722 0.0000000000
57084  13.647  -27.306  70.357 0.0000000000
57085  12.872  -27.496  70.745 0.0000000000
55882  11.738  -28.449  71.358 0.0000000000
53557  10.946  -29.904  71.813 0.0000000000
52339  9.707  -30.977  72.083 0.0000000000
54674  9.813  -29.546  72.395 0.0000000000
54675  9.002  -29.383  72.489 0.0000000000
70795  6.591  -16.462  71.878 0.0000000000
68465  5.582  -18.011  70.386 0.0000000000
71957  6.452  -15.891  71.846 0.0000000000
71970  6.489  -15.656  70.909 0.0000000000
73180  6.981  -14.942  70.429 0.0000000000
49030  1.899  -34.828  67.433 0.0000000000
50124  1.981  -33.922  66.842 0.0000000000
51223  2.236  -33.064  68.200 0.0000000000
52398  2.966  -31.846  68.712 0.0000000000
54690  3.853  -29.546  70.545 0.0000000000
60641  6.816  -24.233  72.773 0.0000000000
59477  5.386  -25.343  72.356 0.0000000000
61769  6.529  -23.423  72.794 0.0000000000
62866  6.274  -22.689  72.742 0.0000000000
63953  6.208  -21.670  72.483 0.0000000000
64978  6.139  -21.220  72.199 0.0000000000
47857  5.600  -34.841  71.876 0.0000000000
45759  5.268  -36.235  70.789 0.0000000000
46759  4.612  -35.461  71.288 0.0000000000
46770  3.891  -36.000  70.709 0.0000000000
45775  3.138  -36.673  69.130 0.0000000000
45788  2.833  -36.857  67.956 0.0000000000
46780  2.498  -36.195  69.137 0.0000000000
49021  1.868  -34.773  68.364 0.0000000000
54714  4.000  -30.074  65.163 0.0000000000
53623  3.358  -31.007  63.421 0.0000000000
54718  4.522  -29.865  64.722 0.0000000000
55976  5.002  -29.655  63.548 0.0000000000
57151  5.740  -27.909  63.883 0.0000000000
64021  4.008  -21.959  64.915 0.0000000000
61866  3.839  -23.340  64.284 0.0000000000
62985  3.852  -22.430  63.612 0.0000000000
60752  3.859  -23.355  61.824 0.0000000000
59639  3.996  -24.638  59.732 0.0000000000
58473  4.727  -25.181  58.374 0.0000000000
59640  3.665  -24.240  59.564 0.0000000000
61896  3.012  -23.279  59.301 0.0000000000
61908  3.438  -23.278  58.603 0.0000000000
68583  6.998  -17.563  60.369 0.0000000000
68627  5.540  -18.709  59.666 0.0000000000
68625  6.960  -18.492  59.499 0.0000000000
51165  4.453  -32.279  71.939 0.0000000000
52360  4.345  -31.358  71.832 0.0000000000
53560  4.768  -30.427  72.222 0.0000000000
54678  5.263  -29.483  72.237 0.0000000000
57068  6.100  -26.809  72.556 0.0000000000
57066  7.309  -27.427  72.745 0.0000000000
58310  6.922  -26.310  72.677 0.0000000000
59474  6.965  -25.013  72.766 0.0000000000
61773  7.526  -23.328  72.228 0.0000000000
55900  16.850  -27.004  67.638 0.0000000000
55907  15.791  -27.502  66.862 0.0000000000
55902  14.846  -27.701  67.562 0.0000000000
54692  13.206  -28.483  69.587 0.0000000000
53572  12.221  -29.428  68.822 0.0000000000
51193  11.297  -30.803  67.944 0.0000000000
47872  7.906  -33.872  70.499 0.0000000000
47854  7.323  -33.946  71.446 0.0000000000
51153  8.220  -31.977  72.298 0.0000000000
50043  7.353  -32.604  72.259 0.0000000000
47845  6.695  -33.743  72.019 0.0000000000
48957  6.030  -33.382  72.353 0.0000000000
50047  4.862  -32.946  71.963 0.0000000000
61813  4.085  -23.921  69.201 0.0000000000
60712  3.937  -24.542  67.645 0.0000000000
62906  4.314  -22.717  68.689 0.0000000000
63997  4.101  -21.809  67.910 0.0000000000
65023  4.003  -21.362  67.349 0.0000000000
67361  5.374  -19.515  69.013 0.0000000000
66218  4.641  -20.169  67.854 0.0000000000
66229  3.995  -20.358  66.767 0.0000000000
67392  4.152  -19.417  66.090 0.0000000000
67403  4.346  -19.504  65.366 0.0000000000
68526  4.513  -19.270  64.179 0.0000000000
60693  11.393  -25.064  69.504 0.0000000000
55917  18.232  -27.161  66.031 0.0000000000
59549  23.508  -24.941  64.873 0.0000000000
60717  23.115  -24.563  64.707 0.0000000000
58362  21.278  -25.718  65.370 0.0000000000
58363  20.138  -25.877  66.040 0.0000000000
58364  19.350  -26.102  66.525 0.0000000000
57102  18.130  -26.506  67.089 0.0000000000
59518  16.656  -25.579  68.120 0.0000000000
60667  15.907  -25.088  68.500 0.0000000000
61822  15.963  -23.910  67.866 0.0000000000
60669  14.752  -24.797  68.808 0.0000000000
60670  14.122  -24.633  69.065 0.0000000000
60692  12.468  -24.524  69.044 0.0000000000
50160  2.091  -34.409  63.959 0.0000000000
52453  2.429  -32.160  64.216 0.0000000000
51253  2.283  -33.006  66.134 0.0000000000
52428  2.670  -31.845  66.643 0.0000000000
53586  2.757  -31.302  65.639 0.0000000000
54705  4.162  -29.970  66.913 0.0000000000
55909  4.884  -28.062  67.728 0.0000000000
58353  4.018  -26.252  68.687 0.0000000000
53566  4.178  -30.474  71.574 0.0000000000
54689  3.963  -29.535  71.228 0.0000000000
55892  3.812  -28.531  70.864 0.0000000000
59481  4.378  -25.478  71.997 0.0000000000
58332  4.035  -26.387  71.757 0.0000000000
57096  3.660  -27.526  70.491 0.0000000000
58340  3.468  -26.628  70.084 0.0000000000
59508  3.505  -25.906  69.724 0.0000000000
60675  3.608  -24.965  69.678 0.0000000000
62883  3.886  -23.077  70.453 0.0000000000
64987  5.007  -21.456  70.918 0.0000000000
67332  5.713  -20.325  70.970 0.0000000000
67324  7.367  -19.253  72.279 0.0000000000
68450  7.040  -18.280  71.968 0.0000000000
69638  6.828  -17.299  71.823 0.0000000000
45795  5.785  -36.340  67.579 0.0000000000
45771  5.259  -36.302  70.235 0.0000000000
53660  3.624  -31.515  61.897 0.0000000000
51324  3.395  -32.845  60.702 0.0000000000
51374  6.566  -32.530  56.679 0.0000000000
59564  3.614  -25.244  66.280 0.0000000000
58396  5.023  -26.473  64.732 0.0000000000
58419  5.708  -26.706  62.768 0.0000000000
59593  4.070  -24.676  63.037 0.0000000000
58429  5.679  -26.517  61.686 0.0000000000
56001  5.882  -28.556  60.580 0.0000000000
56022  6.100  -28.927  58.858 0.0000000000
53732  6.183  -30.700  57.466 0.0000000000
52593  6.162  -31.570  55.716 0.0000000000
52594  5.335  -31.116  54.992 0.0000000000
58500  5.176  -26.205  56.629 0.0000000000
56052  4.079  -28.664  54.731 0.0000000000
73179  7.586  -14.564  70.593 0.0000000000
73188  8.499  -14.377  70.097 0.0000000000
71991  6.955  -15.386  68.930 0.0000000000
70830  6.013  -16.682  66.991 0.0000000000
70858  5.921  -17.350  65.799 0.0000000000
69731  5.008  -18.508  63.557 0.0000000000
70869  6.906  -16.754  65.127 0.0000000000
69750  5.167  -18.213  62.985 0.0000000000
68554  4.113  -19.114  62.778 0.0000000000
66315  3.698  -20.191  60.661 0.0000000000
65114  3.473  -20.986  59.742 0.0000000000
64096  3.853  -22.399  58.222 0.0000000000
65145  4.359  -22.010  57.936 0.0000000000
59488  10.420  -26.723  70.457 0.0000000000
59489  9.501  -26.528  70.702 0.0000000000
59499  10.045  -26.158  70.163 0.0000000000
59498  10.996  -26.127  70.152 0.0000000000
59487  11.331  -26.579  70.470 0.0000000000
58330  9.914  -27.191  70.973 0.0000000000
49155  6.283  -34.480  54.860 0.0000000000
49156  5.570  -33.972  54.350 0.0000000000
50084  2.876  -33.731  70.496 0.0000000000
51185  3.361  -32.783  70.557 0.0000000000
55918  16.613  -27.333  65.852 0.0000000000
55930  16.540  -27.249  64.773 0.0000000000
50059  3.871  -33.435  71.655 0.0000000000
50072  3.426  -33.565  71.163 0.0000000000
58365  4.001  -26.071  67.755 0.0000000000
57139  4.233  -26.730  66.652 0.0000000000
67436  3.711  -19.741  63.110 0.0000000000
66281  3.545  -20.253  63.037 0.0000000000
66294  3.071  -20.358  62.265 0.0000000000
65093  2.807  -20.815  61.824 0.0000000000
53549  6.769  -30.284  72.821 0.0000000000
54670  7.454  -29.399  72.841 0.0000000000
57095  14.804  -26.942  68.967 0.0000000000
57089  14.513  -26.954  69.523 0.0000000000
52337  10.905  -30.512  71.572 0.0000000000
53565  11.320  -30.209  70.921 0.0000000000
51174  10.335  -31.340  70.726 0.0000000000
50069  9.525  -31.727  71.043 0.0000000000
51163  9.856  -31.345  71.539 0.0000000000
53547  7.700  -30.272  72.928 0.0000000000
51133  7.657  -31.206  73.031 0.0000000000
52325  7.386  -30.958  73.050 0.0000000000
52333  6.846  -31.081  72.861 0.0000000000
67337  5.744  -19.801  70.672 0.0000000000
67341  5.570  -19.726  70.144 0.0000000000
70815  5.632  -17.291  68.702 0.0000000000
70814  5.905  -16.693  68.581 0.0000000000
70823  5.780  -16.817  67.799 0.0000000000
49051  1.711  -35.048  65.606 0.0000000000
53576  3.704  -30.659  68.306 0.0000000000
58316  5.213  -26.361  72.197 0.0000000000
62872  4.975  -22.887  71.830 0.0000000000
61780  4.270  -23.733  71.742 0.0000000000
63958  4.936  -22.185  71.766 0.0000000000
47866  6.991  -34.774  70.870 0.0000000000
46777  6.571  -35.319  70.388 0.0000000000
44628  3.346  -37.023  68.482 0.0000000000
44627  3.622  -36.968  68.771 0.0000000000
47941  1.804  -35.748  66.151 0.0000000000
47942  2.037  -36.356  66.453 0.0000000000
47957  1.616  -36.025  65.363 0.0000000000
52468  2.721  -32.196  63.145 0.0000000000
54771  4.391  -30.152  61.112 0.0000000000
54770  5.119  -29.586  60.710 0.0000000000
53693  4.654  -30.686  59.610 0.0000000000
62944  3.651  -22.482  66.167 0.0000000000
61863  3.706  -23.471  65.330 0.0000000000
58458  4.811  -25.621  59.531 0.0000000000
58444  4.790  -25.690  60.349 0.0000000000
58471  5.254  -25.993  59.087 0.0000000000
57217  5.898  -26.559  58.537 0.0000000000
57235  5.854  -26.915  57.200 0.0000000000
57218  5.537  -26.192  57.698 0.0000000000
60818  4.391  -24.346  57.115 0.0000000000
59676  4.569  -24.870  57.087 0.0000000000
60828  4.488  -24.441  56.477 0.0000000000
71988  9.449  -14.418  68.557 0.0000000000
72003  8.970  -14.853  67.797 0.0000000000
72019  7.565  -15.706  67.160 0.0000000000
72018  8.446  -15.335  67.069 0.0000000000
69765  7.291  -17.060  61.803 0.0000000000
69766  6.396  -17.283  61.971 0.0000000000
68566  5.927  -17.607  61.253 0.0000000000
68586  5.059  -18.421  60.883 0.0000000000
68585  5.482  -17.983  60.622 0.0000000000
55877  8.751  -28.503  72.529 0.0000000000
55878  8.476  -28.101  72.650 0.0000000000
59495  13.333  -25.916  70.263 0.0000000000
58326  13.272  -26.716  70.524 0.0000000000
59485  12.769  -26.354  70.605 0.0000000000
57078  11.357  -27.988  71.435 0.0000000000
57077  12.110  -27.767  71.096 0.0000000000
54680  11.332  -29.221  71.671 0.0000000000
54682  10.179  -29.702  72.314 0.0000000000
54673  10.233  -29.177  72.354 0.0000000000
57081  9.451  -27.619  72.120 0.0000000000
55876  9.408  -28.682  72.441 0.0000000000
54676  8.728  -29.080  72.510 0.0000000000
70796  6.309  -16.536  71.489 0.0000000000
73161  7.086  -14.574  71.956 0.0000000000
73181  6.800  -15.126  70.592 0.0000000000
73169  7.365  -14.498  71.227 0.0000000000
50113  1.927  -33.869  67.823 0.0000000000
52386  3.373  -31.910  69.775 0.0000000000
51208  2.841  -32.416  69.356 0.0000000000
53570  3.878  -30.681  70.160 0.0000000000
61767  7.110  -23.033  72.524 0.0000000000
61768  6.972  -23.306  72.648 0.0000000000
62864  7.037  -22.077  72.641 0.0000000000
63947  7.023  -21.843  72.632 0.0000000000
63948  6.624  -21.852  72.622 0.0000000000
64973  6.797  -20.845  72.701 0.0000000000
47858  4.889  -34.856  71.562 0.0000000000
47867  3.162  -35.185  70.790 0.0000000000
46761  3.590  -35.543  70.885 0.0000000000
46771  3.332  -35.889  70.414 0.0000000000
45763  3.388  -36.345  69.818 0.0000000000
46779  2.876  -36.036  69.767 0.0000000000
47876  2.268  -35.484  69.602 0.0000000000
49008  1.892  -34.716  69.251 0.0000000000
54719  3.746  -30.286  64.438 0.0000000000
54713  4.793  -29.534  65.609 0.0000000000
57137  5.301  -27.927  65.404 0.0000000000
55949  5.340  -28.860  64.906 0.0000000000
57143  5.503  -27.721  64.699 0.0000000000
55975  5.505  -28.838  63.255 0.0000000000
65050  4.155  -21.403  64.481 0.0000000000
64038  4.066  -21.972  64.087 0.0000000000
62992  3.025  -22.230  61.824 0.0000000000
61874  3.547  -22.794  62.206 0.0000000000
60760  3.825  -23.612  60.988 0.0000000000
60759  3.969  -24.131  60.638 0.0000000000
60771  3.846  -24.145  60.206 0.0000000000
60772  3.524  -23.796  60.202 0.0000000000
64075  2.778  -21.813  60.536 0.0000000000
63003  2.795  -22.587  59.866 0.0000000000
63010  3.011  -22.705  59.030 0.0000000000
69764  8.295  -16.941  61.626 0.0000000000
68582  7.779  -17.442  60.241 0.0000000000
68602  6.501  -17.953  59.875 0.0000000000
68601  7.424  -17.891  59.815 0.0000000000
51155  5.029  -32.089  72.231 0.0000000000
52349  4.650  -31.316  72.133 0.0000000000
52341  5.143  -31.299  72.406 0.0000000000
54677  5.804  -29.545  72.492 0.0000000000
55879  6.028  -28.641  72.474 0.0000000000
55880  5.469  -28.536  72.214 0.0000000000
57067  6.551  -27.409  72.654 0.0000000000
57073  8.109  -27.247  72.530 0.0000000000
57065  7.894  -27.487  72.690 0.0000000000
58315  7.799  -26.536  72.390 0.0000000000
59479  7.531  -25.666  72.416 0.0000000000
60645  7.512  -24.652  72.406 0.0000000000
60640  7.024  -23.984  72.752 0.0000000000
61772  7.763  -23.203  71.981 0.0000000000
57104  16.700  -26.852  67.815 0.0000000000
55901  15.933  -27.102  67.728 0.0000000000
54696  13.418  -28.624  68.723 0.0000000000
55886  13.147  -27.966  70.578 0.0000000000
55890  13.687  -27.796  69.922 0.0000000000
54687  12.930  -28.392  70.306 0.0000000000
53569  12.416  -29.175  69.685 0.0000000000
52371  11.695  -29.849  69.287 0.0000000000
52384  11.586  -30.214  68.493 0.0000000000
51194  10.811  -31.070  68.840 0.0000000000
50092  9.881  -32.046  68.984 0.0000000000
50071  8.629  -32.769  70.914 0.0000000000
48976  7.895  -33.688  71.076 0.0000000000
47865  7.544  -34.096  71.049 0.0000000000
48965  7.687  -33.510  71.458 0.0000000000
51138  9.178  -31.050  72.279 0.0000000000
51139  8.618  -31.289  72.510 0.0000000000
50030  7.485  -31.998  72.566 0.0000000000
50044  7.006  -32.906  72.281 0.0000000000
48955  7.140  -33.379  71.950 0.0000000000
48956  6.628  -33.188  72.264 0.0000000000
47846  6.350  -33.990  72.176 0.0000000000
48948  6.360  -32.890  72.394 0.0000000000
51154  5.608  -31.932  72.432 0.0000000000
50046  5.584  -32.738  72.294 0.0000000000
62896  4.121  -23.099  69.715 0.0000000000
61830  4.148  -23.737  68.119 0.0000000000
63996  4.250  -21.418  68.389 0.0000000000
63989  4.245  -21.915  68.634 0.0000000000
64004  3.921  -21.842  67.122 0.0000000000
65022  4.165  -20.888  67.591 0.0000000000
69647  5.558  -17.723  70.144 0.0000000000
68466  5.557  -18.622  70.035 0.0000000000
68474  5.545  -18.668  69.270 0.0000000000
68492  5.100  -18.586  67.742 0.0000000000
67371  5.076  -19.430  68.193 0.0000000000
65032  4.046  -20.500  66.982 0.0000000000
66228  4.170  -19.982  66.941 0.0000000000
66240  4.032  -20.101  66.233 0.0000000000
66239  4.121  -19.611  66.432 0.0000000000
68506  4.750  -18.542  65.984 0.0000000000
67402  4.372  -19.034  65.790 0.0000000000
68514  4.505  -19.308  64.739 0.0000000000
68513  4.680  -18.853  64.987 0.0000000000
60708  11.996  -24.271  68.445 0.0000000000
60709  11.348  -24.518  68.617 0.0000000000
61841  12.169  -23.600  67.324 0.0000000000
55916  19.450  -26.869  65.366 0.0000000000
57129  19.195  -26.838  66.015 0.0000000000
60727  20.952  -24.674  65.544 0.0000000000
60726  22.005  -24.567  64.971 0.0000000000
59550  22.133  -25.220  65.204 0.0000000000
59551  20.907  -25.394  65.709 0.0000000000
58351  18.816  -26.070  66.927 0.0000000000
57101  18.874  -26.373  66.726 0.0000000000
61804  17.284  -24.656  67.634 0.0000000000
59517  17.376  -25.689  67.676 0.0000000000
59502  15.892  -25.507  68.534 0.0000000000
60688  16.379  -24.985  68.254 0.0000000000
61807  15.253  -24.218  68.336 0.0000000000
61793  15.249  -24.578  68.504 0.0000000000
61794  14.788  -24.421  68.689 0.0000000000
61808  14.579  -24.068  68.693 0.0000000000
61825  13.574  -23.735  68.193 0.0000000000
61810  13.234  -24.043  68.707 0.0000000000
46891  1.645  -37.452  62.931 0.0000000000
48004  1.749  -36.400  63.064 0.0000000000
52441  2.384  -32.078  65.357 0.0000000000
51238  2.318  -32.997  67.256 0.0000000000
52427  3.079  -31.143  66.999 0.0000000000
53585  3.284  -30.783  66.378 0.0000000000
54709  3.970  -30.052  65.952 0.0000000000
55904  4.583  -28.177  68.601 0.0000000000
55910  4.613  -27.481  68.118 0.0000000000
57118  4.271  -26.933  68.222 0.0000000000
53563  4.422  -30.429  71.941 0.0000000000
54683  4.468  -29.521  71.867 0.0000000000
55888  4.314  -28.627  71.625 0.0000000000
55891  3.892  -28.641  71.256 0.0000000000
57091  4.119  -28.040  71.495 0.0000000000
60643  5.622  -24.405  72.565 0.0000000000
59480  4.834  -25.421  72.062 0.0000000000
60646  5.140  -24.490  72.141 0.0000000000
59484  4.114  -25.532  71.950 0.0000000000
58333  3.832  -26.443  71.387 0.0000000000
58337  3.625  -26.591  70.773 0.0000000000
59492  3.644  -25.669  71.040 0.0000000000
60660  3.611  -24.819  70.591 0.0000000000
61796  3.758  -23.937  70.114 0.0000000000
64983  5.233  -21.490  71.454 0.0000000000
63965  4.331  -22.039  70.869 0.0000000000
66185  5.442  -20.818  70.934 0.0000000000
66172  6.715  -20.364  72.279 0.0000000000
55908  14.732  -27.960  66.731 0.0000000000
55919  15.253  -27.700  65.953 0.0000000000
55920  14.487  -28.188  66.005 0.0000000000
46796  6.298  -35.675  68.286 0.0000000000
45760  4.852  -36.381  70.602 0.0000000000
45772  4.638  -36.583  69.675 0.0000000000
46853  1.479  -36.856  64.347 0.0000000000
46868  1.507  -37.108  63.659 0.0000000000
50191  2.794  -33.741  61.172 0.0000000000
49097  2.700  -34.726  61.329 0.0000000000
49096  3.021  -34.554  60.644 0.0000000000
50190  3.134  -33.643  60.609 0.0000000000
53643  3.595  -31.230  62.694 0.0000000000
52537  4.146  -31.736  60.327 0.0000000000
52517  3.712  -32.029  60.936 0.0000000000
51345  4.134  -32.575  60.266 0.0000000000
50203  4.331  -33.464  59.795 0.0000000000
51344  4.642  -32.627  59.517 0.0000000000
52557  5.546  -31.745  58.603 0.0000000000
51360  6.217  -32.618  57.998 0.0000000000
51375  6.518  -33.129  57.360 0.0000000000
52556  6.115  -31.555  57.843 0.0000000000
59582  4.543  -25.636  64.149 0.0000000000
58397  4.212  -25.699  64.809 0.0000000000
58408  5.607  -26.957  63.760 0.0000000000
58409  5.152  -25.998  63.585 0.0000000000
61870  3.845  -23.573  63.524 0.0000000000
60738  3.855  -24.118  63.764 0.0000000000
58443  5.459  -26.439  60.613 0.0000000000
57184  6.028  -27.598  60.919 0.0000000000
57183  6.214  -28.088  60.170 0.0000000000
56012  5.957  -28.932  59.880 0.0000000000
57199  6.318  -28.186  59.494 0.0000000000
54832  6.586  -29.540  57.010 0.0000000000
54816  6.439  -29.817  57.302 0.0000000000
53747  6.527  -30.040  56.922 0.0000000000
52576  6.390  -31.496  56.954 0.0000000000
53748  6.488  -30.464  56.545 0.0000000000
53749  5.804  -30.395  55.495 0.0000000000
54850  4.236  -29.629  54.830 0.0000000000
58487  5.200  -25.779  57.543 0.0000000000
58488  4.908  -25.434  57.303 0.0000000000
57253  4.531  -27.535  55.069 0.0000000000
56053  3.696  -28.756  54.358 0.0000000000
73198  8.070  -14.607  69.367 0.0000000000
73199  7.483  -14.908  69.404 0.0000000000
72006  6.558  -16.198  67.698 0.0000000000
70857  6.308  -17.113  65.883 0.0000000000
70871  6.041  -17.294  65.452 0.0000000000
69710  5.201  -18.368  64.443 0.0000000000
69709  5.730  -17.542  64.905 0.0000000000
69706  8.146  -16.616  64.182 0.0000000000
70867  8.710  -16.170  64.786 0.0000000000
70868  7.750  -16.448  64.980 0.0000000000
70855  7.448  -16.393  65.762 0.0000000000
69768  5.275  -18.114  62.262 0.0000000000
69749  5.570  -17.675  62.970 0.0000000000
68552  4.816  -18.487  62.403 0.0000000000
69751  4.736  -18.533  62.963 0.0000000000
68570  4.244  -19.127  62.070 0.0000000000
68588  4.454  -19.086  61.584 0.0000000000
67511  4.222  -19.912  59.656 0.0000000000
66328  3.801  -20.411  59.829 0.0000000000
65122  3.739  -20.950  59.287 0.0000000000
65123  3.391  -21.516  59.210 0.0000000000
65131  3.698  -21.914  58.567 0.0000000000
67509  5.108  -19.240  59.448 0.0000000000
58322  8.776  -26.934  71.899 0.0000000000
58331  9.230  -26.885  71.291 0.0000000000
59500  9.183  -25.687  70.392 0.0000000000
60674  9.113  -24.797  69.909 0.0000000000
60658  12.464  -25.519  70.278 0.0000000000
59486  12.111  -26.404  70.661 0.0000000000
58328  11.560  -27.064  70.792 0.0000000000
57079  10.666  -27.965  71.853 0.0000000000
55884  10.520  -28.355  72.204 0.0000000000
58320  10.330  -27.564  71.400 0.0000000000
57080  10.032  -27.783  72.004 0.0000000000
50259  4.992  -33.097  53.973 0.0000000000
51409  5.266  -32.412  54.743 0.0000000000
50095  2.184  -33.878  69.567 0.0000000000
51197  2.446  -33.355  69.606 0.0000000000
48967  4.095  -33.971  71.752 0.0000000000
47859  4.135  -34.775  71.467 0.0000000000
48991  2.743  -34.603  70.483 0.0000000000
50085  2.492  -34.114  70.101 0.0000000000
57130  4.538  -27.364  67.080 0.0000000000
55935  5.041  -28.663  66.202 0.0000000000
57138  4.831  -27.471  66.107 0.0000000000
58384  4.762  -26.782  65.540 0.0000000000
66266  4.129  -20.766  63.933 0.0000000000
64050  3.701  -21.797  63.230 0.0000000000
65075  3.556  -21.070  63.041 0.0000000000
64060  3.080  -21.600  62.474 0.0000000000
64069  2.768  -21.476  61.564 0.0000000000
65102  2.819  -21.099  61.188 0.0000000000
53553  6.257  -30.397  72.658 0.0000000000
54672  6.370  -29.529  72.662 0.0000000000
60648  8.072  -24.289  71.873 0.0000000000
61777  8.097  -24.034  71.851 0.0000000000
61771  8.015  -23.213  71.910 0.0000000000
57094  15.458  -26.632  68.467 0.0000000000
55897  15.196  -27.026  68.383 0.0000000000
55893  14.919  -27.008  68.742 0.0000000000
55894  14.351  -27.475  69.183 0.0000000000
54691  13.800  -27.974  69.338 0.0000000000
54685  12.109  -28.830  70.860 0.0000000000
54688  12.550  -28.885  70.151 0.0000000000
53564  11.701  -29.606  70.590 0.0000000000
52358  11.179  -30.463  70.525 0.0000000000
51183  10.721  -30.942  70.041 0.0000000000
50057  8.594  -32.583  71.270 0.0000000000
52323  8.319  -30.915  72.916 0.0000000000
52331  7.861  -31.320  73.073 0.0000000000
51141  7.717  -31.492  72.866 0.0000000000
51142  7.214  -31.640  72.777 0.0000000000
50032  6.408  -32.390  72.477 0.0000000000
51143  6.633  -31.782  72.626 0.0000000000
51144  6.109  -31.827  72.518 0.0000000000
64991  4.861  -21.265  70.285 0.0000000000
62905  4.310  -22.130  68.998 0.0000000000
65002  4.717  -21.050  69.475 0.0000000000
66210  4.983  -20.280  68.805 0.0000000000
69661  5.547  -17.935  68.889 0.0000000000
70808  5.640  -17.382  69.152 0.0000000000
69670  5.369  -17.913  68.201 0.0000000000
67391  4.384  -19.173  66.471 0.0000000000
69678  5.257  -17.869  67.393 0.0000000000
60719  20.534  -25.027  65.890 0.0000000000
59516  17.910  -25.553  67.310 0.0000000000
61820  17.702  -24.516  67.304 0.0000000000
61824  14.382  -23.695  68.149 0.0000000000
49072  1.818  -35.635  63.849 0.0000000000
49062  1.741  -35.255  64.721 0.0000000000
54701  4.417  -29.511  67.948 0.0000000000
55881  5.133  -28.514  72.083 0.0000000000
57082  4.545  -27.449  71.816 0.0000000000
60647  4.660  -24.577  71.938 0.0000000000
61775  5.046  -23.686  71.927 0.0000000000
60652  4.001  -24.716  71.805 0.0000000000
61781  3.951  -24.079  71.515 0.0000000000
61783  3.970  -23.410  71.457 0.0000000000
62882  3.898  -22.847  71.058 0.0000000000
62878  4.239  -22.772  71.503 0.0000000000
64982  5.547  -21.135  71.497 0.0000000000
53584  13.067  -30.024  66.257 0.0000000000
47873  7.422  -34.626  70.260 0.0000000000
46784  6.995  -35.063  69.747 0.0000000000
46786  5.736  -35.979  69.196 0.0000000000
44625  4.294  -36.724  69.308 0.0000000000
47908  2.330  -36.199  67.371 0.0000000000
46798  2.506  -36.658  67.066 0.0000000000
47926  2.277  -36.364  66.917 0.0000000000
46839  1.543  -36.652  64.934 0.0000000000
49088  2.323  -34.936  62.065 0.0000000000
51292  2.585  -33.022  62.530 0.0000000000
51306  2.738  -32.977  61.711 0.0000000000
54755  4.260  -30.101  62.259 0.0000000000
54756  3.975  -30.711  62.074 0.0000000000
54772  4.025  -30.888  61.582 0.0000000000
53676  4.164  -30.803  60.573 0.0000000000
53694  4.225  -31.108  60.023 0.0000000000
53714  4.574  -31.300  59.526 0.0000000000
53713  4.997  -31.100  59.043 0.0000000000
54802  5.100  -30.383  59.103 0.0000000000
60729  3.553  -24.300  65.793 0.0000000000
59583  4.004  -25.004  64.154 0.0000000000
59613  4.087  -24.700  60.964 0.0000000000
59612  4.324  -25.033  61.458 0.0000000000
57216  6.451  -27.806  58.692 0.0000000000
56038  6.455  -28.509  56.778 0.0000000000
57250  6.074  -27.693  56.682 0.0000000000
59664  4.166  -24.223  58.229 0.0000000000
58515  4.310  -26.640  54.954 0.0000000000
71989  8.442  -14.642  68.595 0.0000000000
72005  7.203  -15.523  67.909 0.0000000000
70856  6.775  -16.799  65.854 0.0000000000
69727  7.540  -16.885  63.477 0.0000000000
69728  6.569  -16.948  63.612 0.0000000000
69767  5.755  -17.649  62.132 0.0000000000
68568  4.941  -18.451  61.654 0.0000000000
68587  4.696  -18.929  61.110 0.0000000000
68605  4.896  -18.787  60.572 0.0000000000
67491  4.573  -19.251  60.305 0.0000000000
67510  4.616  -19.568  59.509 0.0000000000
54669  7.998  -29.422  72.796 0.0000000000
57064  8.284  -27.792  72.676 0.0000000000
58323  8.199  -26.503  72.140 0.0000000000
59482  8.108  -25.605  71.880 0.0000000000
58335  14.277  -26.373  69.753 0.0000000000
58325  13.858  -26.728  70.215 0.0000000000
58327  12.366  -27.025  70.825 0.0000000000
55887  12.503  -28.167  70.949 0.0000000000
53556  11.258  -29.579  71.631 0.0000000000
52338  10.309  -30.763  71.922 0.0000000000
51150  9.809  -31.132  71.875 0.0000000000
52327  9.839  -30.631  72.203 0.0000000000
53550  9.633  -30.315  72.352 0.0000000000
53551  9.025  -30.310  72.509 0.0000000000
55875  10.161  -28.712  72.353 0.0000000000
53544  8.786  -30.282  72.583 0.0000000000
54668  8.525  -29.516  72.613 0.0000000000
69639  6.377  -17.400  71.458 0.0000000000
68460  5.743  -18.470  70.668 0.0000000000
69643  5.962  -17.396  71.129 0.0000000000
69646  5.723  -17.320  70.585 0.0000000000
70800  6.139  -16.476  71.018 0.0000000000
71962  6.839  -14.947  72.341 0.0000000000
71969  6.635  -15.315  71.408 0.0000000000
70804  6.078  -16.426  70.384 0.0000000000
73171  6.682  -15.291  70.707 0.0000000000
71974  6.534  -15.551  70.189 0.0000000000
71977  6.820  -15.266  69.797 0.0000000000
52399  2.563  -32.563  68.435 0.0000000000
51209  2.423  -32.968  69.071 0.0000000000
59476  5.954  -25.280  72.680 0.0000000000
60642  6.221  -24.335  72.842 0.0000000000
61770  5.895  -23.507  72.779 0.0000000000
62865  6.857  -22.573  72.639 0.0000000000
62867  5.684  -22.759  72.578 0.0000000000
63949  6.058  -22.167  72.613 0.0000000000
63954  5.628  -21.981  72.350 0.0000000000
64974  6.644  -21.139  72.493 0.0000000000
46757  6.004  -35.302  71.761 0.0000000000
46767  5.807  -35.912  70.996 0.0000000000
46758  5.342  -35.445  71.494 0.0000000000
46768  5.060  -36.019  71.102 0.0000000000
46769  4.433  -36.036  70.929 0.0000000000
46760  4.001  -35.497  71.104 0.0000000000
45762  3.807  -36.345  70.132 0.0000000000
45787  3.084  -36.895  68.448 0.0000000000
45776  2.798  -36.595  68.655 0.0000000000
46787  2.423  -36.277  68.419 0.0000000000
47889  1.993  -35.603  68.846 0.0000000000
47907  2.113  -35.732  67.925 0.0000000000
53605  3.150  -30.802  64.174 0.0000000000
54726  3.710  -30.458  63.653 0.0000000000
54725  4.270  -29.981  63.939 0.0000000000
54712  5.126  -29.142  65.342 0.0000000000
55964  5.043  -29.604  64.277 0.0000000000
54738  4.277  -30.126  63.139 0.0000000000
55990  4.964  -29.652  62.730 0.0000000000
55989  5.488  -28.823  62.365 0.0000000000
62962  3.868  -22.443  65.193 0.0000000000
62976  3.831  -22.919  65.024 0.0000000000
62977  3.955  -22.577  64.472 0.0000000000
61867  3.865  -22.849  63.922 0.0000000000
60744  3.953  -23.824  62.702 0.0000000000
60745  3.804  -23.232  62.514 0.0000000000
60751  4.110  -24.020  61.495 0.0000000000
58445  4.218  -25.124  60.144 0.0000000000
58459  4.467  -25.123  59.276 0.0000000000
59651  4.148  -24.654  59.067 0.0000000000
59652  3.780  -24.251  58.941 0.0000000000
61884  2.967  -23.185  60.079 0.0000000000
60785  3.271  -23.804  59.474 0.0000000000
60806  3.983  -23.748  58.144 0.0000000000
61918  4.028  -23.307  57.896 0.0000000000
68603  5.724  -18.102  59.929 0.0000000000
50244  6.689  -33.468  55.694 0.0000000000
51166  4.080  -32.767  71.813 0.0000000000
51175  4.207  -32.133  71.694 0.0000000000
53559  5.248  -30.729  72.458 0.0000000000
53555  5.097  -30.140  72.341 0.0000000000
57075  5.780  -27.433  72.411 0.0000000000
58311  6.321  -26.202  72.643 0.0000000000
55872  7.091  -28.458  72.850 0.0000000000
58309  7.445  -26.448  72.528 0.0000000000
59475  6.581  -25.244  72.762 0.0000000000
62869  7.700  -22.426  72.023 0.0000000000
55906  17.143  -27.151  67.032 0.0000000000
54702  14.093  -28.406  67.321 0.0000000000
54699  13.477  -28.927  67.844 0.0000000000
53578  12.142  -30.059  67.447 0.0000000000
57090  14.077  -27.310  69.947 0.0000000000
55895  13.754  -27.920  69.551 0.0000000000
53568  12.817  -28.788  69.512 0.0000000000
53571  12.801  -28.857  69.128 0.0000000000
53574  12.825  -29.213  68.331 0.0000000000
53575  12.199  -29.804  67.999 0.0000000000
52397  11.729  -30.341  67.632 0.0000000000
50091  10.372  -31.672  68.757 0.0000000000
48990  8.376  -33.410  69.983 0.0000000000
47855  6.801  -34.293  71.657 0.0000000000
51151  9.186  -31.390  72.004 0.0000000000
50040  8.829  -31.955  71.844 0.0000000000
50041  8.437  -32.235  71.917 0.0000000000
51140  8.143  -31.600  72.614 0.0000000000
50042  7.905  -32.183  72.296 0.0000000000
48954  7.706  -32.819  71.894 0.0000000000
48966  7.226  -33.797  71.620 0.0000000000
46756  6.355  -34.941  71.799 0.0000000000
47856  6.180  -34.708  72.076 0.0000000000
47847  5.791  -34.205  72.179 0.0000000000
47848  5.174  -34.265  71.804 0.0000000000
50045  6.101  -32.760  72.411 0.0000000000
48958  5.369  -33.582  72.052 0.0000000000
48959  4.648  -33.723  71.815 0.0000000000
50058  4.249  -33.218  71.888 0.0000000000
60696  4.006  -24.752  68.683 0.0000000000
59553  3.814  -25.275  67.224 0.0000000000
61844  3.808  -23.563  67.153 0.0000000000
62916  4.026  -22.703  67.587 0.0000000000
62930  3.771  -22.606  66.754 0.0000000000
64010  3.755  -21.798  66.430 0.0000000000
67351  5.506  -19.420  69.636 0.0000000000
65033  3.951  -20.952  66.814 0.0000000000
64020  3.789  -21.959  65.687 0.0000000000
65041  3.848  -21.046  65.949 0.0000000000
65049  4.064  -21.284  65.210 0.0000000000
66249  4.273  -20.410  65.029 0.0000000000
67419  4.394  -19.673  64.450 0.0000000000
67435  4.145  -19.584  63.580 0.0000000000
59519  11.243  -25.300  69.773 0.0000000000
60694  10.506  -25.119  69.326 0.0000000000
61827  11.549  -24.005  67.960 0.0000000000
55905  17.993  -27.002  66.775 0.0000000000
57113  20.564  -26.112  65.463 0.0000000000
57114  19.498  -26.368  66.149 0.0000000000
59552  19.970  -25.464  66.235 0.0000000000
57115  18.587  -26.789  66.641 0.0000000000
57116  18.027  -27.095  66.963 0.0000000000
57103  17.350  -26.801  67.516 0.0000000000
58342  16.815  -26.145  67.961 0.0000000000
57093  16.308  -26.470  68.115 0.0000000000
58338  16.125  -26.108  68.361 0.0000000000
59503  15.205  -25.702  68.798 0.0000000000
61837  17.920  -23.883  66.924 0.0000000000
61821  16.959  -24.020  67.566 0.0000000000
62911  16.610  -23.582  67.276 0.0000000000
61806  15.953  -24.514  68.212 0.0000000000
60668  15.373  -25.023  68.616 0.0000000000
59493  14.644  -25.634  69.144 0.0000000000
60655  14.296  -25.211  69.194 0.0000000000
60656  13.651  -25.301  69.663 0.0000000000
60671  13.200  -24.860  69.565 0.0000000000
61809  13.932  -23.934  68.730 0.0000000000
60672  12.263  -25.144  69.982 0.0000000000
60673  11.734  -25.234  69.974 0.0000000000
53596  2.684  -31.355  64.709 0.0000000000
53595  3.303  -30.660  65.185 0.0000000000
54708  4.741  -29.372  66.512 0.0000000000
54700  4.743  -28.835  67.786 0.0000000000
54704  4.760  -29.061  67.315 0.0000000000
57117  4.468  -27.222  67.705 0.0000000000
52361  4.104  -31.481  71.397 0.0000000000
54686  4.271  -29.525  71.670 0.0000000000
55896  3.733  -28.490  70.168 0.0000000000
58324  4.269  -26.420  71.857 0.0000000000
57087  4.000  -26.931  71.572 0.0000000000
57092  3.908  -27.513  71.245 0.0000000000
57100  3.664  -27.450  69.793 0.0000000000
58343  3.677  -26.506  69.439 0.0000000000
59501  3.474  -25.765  70.320 0.0000000000
59522  3.793  -25.640  69.111 0.0000000000
63979  4.128  -22.538  70.098 0.0000000000
63966  4.057  -22.426  70.553 0.0000000000
64979  5.543  -21.385  71.860 0.0000000000
66173  6.153  -20.605  71.835 0.0000000000
66178  5.855  -20.687  71.489 0.0000000000
67325  6.484  -19.520  71.796 0.0000000000
67326  6.152  -20.163  71.550 0.0000000000
67330  6.290  -19.247  71.516 0.0000000000
68455  6.438  -18.537  71.531 0.0000000000
68456  6.057  -18.410  71.144 0.0000000000
60711  10.133  -24.873  69.079 0.0000000000
55932  14.392  -28.106  65.042 0.0000000000
54710  14.070  -28.664  65.692 0.0000000000
45785  5.164  -36.432  69.022 0.0000000000
53624  3.113  -31.584  63.170 0.0000000000
53661  3.173  -32.031  62.062 0.0000000000
52502  3.188  -32.265  61.549 0.0000000000
52501  3.623  -31.754  61.409 0.0000000000
52518  3.223  -32.500  61.053 0.0000000000
50204  3.745  -33.520  60.279 0.0000000000
49126  3.957  -34.528  59.807 0.0000000000
51361  5.334  -32.662  58.892 0.0000000000
58385  4.149  -26.217  65.774 0.0000000000
57159  5.833  -27.852  63.020 0.0000000000
57169  5.869  -27.752  62.022 0.0000000000
59602  4.517  -25.084  62.271 0.0000000000
58420  5.150  -25.735  62.498 0.0000000000
56013  5.484  -29.165  60.475 0.0000000000
54786  5.687  -29.373  59.383 0.0000000000
54801  5.566  -29.800  58.877 0.0000000000
54817  6.159  -29.777  57.848 0.0000000000
51392  6.243  -32.533  55.460 0.0000000000
52612  5.888  -32.098  55.209 0.0000000000
52613  5.444  -31.874  54.978 0.0000000000
52614  4.808  -31.538  54.696 0.0000000000
57236  5.408  -26.580  56.793 0.0000000000
57252  5.120  -27.253  55.788 0.0000000000
56041  4.589  -28.520  55.149 0.0000000000
73168  7.975  -14.169  71.335 0.0000000000
73189  7.823  -14.641  70.021 0.0000000000
73200  7.254  -15.067  69.430 0.0000000000
71992  6.323  -16.307  68.318 0.0000000000
70831  5.721  -16.973  67.111 0.0000000000
70844  5.726  -17.301  66.413 0.0000000000
72021  6.374  -16.498  66.918 0.0000000000
70843  6.127  -16.944  66.403 0.0000000000
69691  5.574  -17.635  65.828 0.0000000000
69692  5.203  -18.130  65.415 0.0000000000
68525  4.756  -18.891  63.965 0.0000000000
68539  4.267  -19.195  63.453 0.0000000000
69729  5.823  -17.233  63.767 0.0000000000
69730  5.518  -17.982  63.767 0.0000000000
68538  4.512  -18.810  63.223 0.0000000000
67462  3.715  -19.563  62.225 0.0000000000
66304  3.452  -20.084  61.522 0.0000000000
66316  3.208  -20.688  60.968 0.0000000000
67478  4.177  -19.480  61.184 0.0000000000
66329  3.435  -20.713  60.260 0.0000000000
65115  3.075  -21.290  60.211 0.0000000000
64090  3.321  -22.205  58.782 0.0000000000
63016  3.624  -22.778  58.360 0.0000000000
65130  4.103  -21.337  58.620 0.0000000000
64095  4.074  -22.139  58.130 0.0000000000
61928  4.340  -23.451  57.170 0.0000000000
46776  7.011  -34.967  70.231 0.0000000000
47864  7.953  -33.764  70.846 0.0000000000
48947  6.587  -32.709  72.402 0.0000000000
48953  8.054  -32.506  71.927 0.0000000000
48975  8.319  -33.262  70.907 0.0000000000
49110  3.978  -34.084  59.900 0.0000000000
50055  9.422  -31.628  71.427 0.0000000000
51134  7.486  -31.349  72.946 0.0000000000
51152  8.552  -31.742  72.225 0.0000000000
51164  9.350  -31.560  71.644 0.0000000000
51195  10.302  -31.606  69.060 0.0000000000
51359  6.342  -32.056  57.390 0.0000000000
51408  5.612  -32.521  54.895 0.0000000000
52322  8.573  -30.946  72.776 0.0000000000
52324  7.886  -30.986  73.072 0.0000000000
52326  7.049  -30.693  72.967 0.0000000000
52328  9.289  -30.833  72.349 0.0000000000
52329  8.999  -31.084  72.703 0.0000000000
52330  8.392  -31.181  72.941 0.0000000000
52347  11.096  -30.599  71.152 0.0000000000
52359  10.865  -30.957  70.916 0.0000000000
52372  11.209  -30.419  69.643 0.0000000000
53545  8.606  -30.428  72.683 0.0000000000
53558  10.203  -30.073  72.241 0.0000000000
53562  11.259  -30.089  71.265 0.0000000000
53644  3.158  -31.867  62.541 0.0000000000
53695  4.081  -31.337  60.614 0.0000000000
53731  6.403  -30.138  57.203 0.0000000000
54667  8.790  -30.004  72.581 0.0000000000
54681  10.530  -29.423  72.208 0.0000000000
54693  12.744  -28.814  69.815 0.0000000000
54717  5.032  -29.481  65.062 0.0000000000
54831  6.511  -29.861  57.087 0.0000000000
55869  8.577  -28.888  72.552 0.0000000000
55874  10.471  -28.990  72.310 0.0000000000
55950  5.049  -29.545  64.714 0.0000000000
55963  5.495  -28.809  64.082 0.0000000000
56039  5.848  -28.436  55.994 0.0000000000
57069  10.238  -28.169  72.234 0.0000000000
57072  8.458  -27.620  72.506 0.0000000000
57074  6.225  -28.032  72.552 0.0000000000
57083  14.157  -26.955  70.054 0.0000000000
57088  14.928  -26.602  68.893 0.0000000000
58314  8.074  -26.675  72.306 0.0000000000
58319  11.043  -27.591  71.168 0.0000000000
58336  13.773  -26.291  70.140 0.0000000000
58395  5.503  -27.223  64.308 0.0000000000
59496  12.619  -25.852  70.456 0.0000000000
59504  11.844  -25.380  70.137 0.0000000000
59505  11.367  -25.495  69.964 0.0000000000
59520  10.933  -25.394  69.678 0.0000000000
59521  10.308  -25.410  69.598 0.0000000000
59626  3.955  -24.522  60.268 0.0000000000
59627  3.795  -24.248  59.960 0.0000000000
60649  7.906  -24.903  72.142 0.0000000000
60654  14.737  -25.144  68.888 0.0000000000
60687  17.239  -24.999  67.748 0.0000000000
60689  15.911  -24.857  68.405 0.0000000000
60690  14.084  -24.193  68.970 0.0000000000
60691  13.542  -24.327  69.088 0.0000000000
60707  17.711  -24.920  67.374 0.0000000000
60796  3.505  -23.794  58.814 0.0000000000
60829  4.415  -23.834  56.748 0.0000000000
61776  7.975  -23.256  71.751 0.0000000000
61792  15.512  -24.675  68.424 0.0000000000
61871  3.765  -23.028  63.216 0.0000000000
61938  4.497  -23.604  56.723 0.0000000000
62868  8.048  -22.318  71.681 0.0000000000
62895  4.295  -22.331  69.481 0.0000000000
64107  4.156  -22.513  57.876 0.0000000000
66250  4.229  -20.944  64.711 0.0000000000
66280  3.873  -19.851  63.351 0.0000000000
67331  6.069  -19.685  71.221 0.0000000000
67450  3.440  -19.868  62.644 0.0000000000
67463  3.226  -20.048  62.120 0.0000000000
67477  4.526  -19.233  60.860 0.0000000000
68461  5.668  -19.183  70.377 0.0000000000
68553  4.456  -18.783  62.573 0.0000000000
68564  7.600  -17.211  60.924 0.0000000000
68584  6.164  -17.650  60.458 0.0000000000
68604  5.117  -18.654  60.114 0.0000000000
69652  5.567  -17.709  69.572 0.0000000000
69684  5.540  -17.584  66.184 0.0000000000
69708  6.321  -16.969  64.501 0.0000000000
70845  5.579  -17.353  66.769 0.0000000000
70854  8.302  -15.980  65.587 0.0000000000
71963  6.632  -15.254  71.872 0.0000000000
71964  6.445  -15.822  71.448 0.0000000000
71973  6.789  -15.197  70.143 0.0000000000
72007  6.045  -16.574  67.583 0.0000000000
72020  6.873  -16.156  67.119 0.0000000000
73162  6.755  -14.988  71.604 0.0000000000
73170  6.821  -14.989  71.109 0.0000000000
73190  7.267  -14.934  69.818 0.0000000000
