#!ascii label  , from subject 3462 vox2ras=TkReg
673
62724  20.976  -23.832  -9.702 0.1428571492
61597  20.206  -24.537  -9.574 0.1428571492
62755  20.320  -23.431  -11.315 0.1428571492
61595  22.206  -24.214  -9.058 0.1428571492
62738  21.377  -23.259  -10.170 0.2857142985
61609  19.963  -24.140  -10.225 0.1428571492
62737  22.019  -23.119  -9.785 0.1428571492
63846  21.467  -22.638  -12.502 0.5714285970
63819  22.173  -22.667  -10.432 0.1428571492
64858  23.601  -21.125  -11.468 0.2857142985
63832  23.085  -21.653  -11.386 0.2857142985
66046  24.889  -20.122  -11.282 0.1428571492
64857  24.360  -20.625  -11.012 0.2857142985
68333  24.851  -18.492  -13.813 0.2857142985
67215  25.152  -18.943  -13.374 0.1428571492
67216  24.432  -19.669  -13.720 0.2857142985
70690  24.909  -16.267  -14.365 0.2857142985
69520  25.234  -17.612  -13.723 0.2857142985
71837  24.715  -15.624  -15.271 0.2857142985
74327  25.319  -13.752  -16.788 0.2857142985
76510  25.766  -12.151  -18.455 0.8571428657
75492  25.580  -12.997  -17.138 0.4285714328
74314  25.569  -13.597  -15.721 0.2857142985
77583  25.959  -10.478  -20.049 0.7142857313
77566  26.203  -10.589  -18.962 0.7142857313
76526  25.801  -11.246  -19.352 0.7142857313
75507  25.577  -12.711  -18.291 0.7142857313
79657  26.760  -9.027  -20.527 0.8571428657
78631  26.451  -9.770  -19.692 0.5714285970
78643  26.269  -9.747  -20.582 0.8571428657
80675  27.670  -7.877  -21.701 0.4285714328
79656  27.149  -8.307  -21.099 0.7142857313
78651  26.338  -9.177  -21.013 0.8571428657
81708  29.118  -6.469  -23.797 0.2857142985
81718  28.986  -6.447  -24.128 0.5714285970
79673  27.159  -7.983  -22.268 0.8571428657
80682  28.195  -7.347  -23.131 0.7142857313
79665  26.584  -8.303  -21.371 0.8571428657
83802  30.074  -4.894  -24.058 0.1428571492
82723  29.488  -5.883  -23.459 0.1428571492
82734  29.305  -5.892  -24.071 0.4285714328
81720  27.698  -6.899  -23.439 0.5714285970
80692  27.305  -7.566  -22.851 0.8571428657
86156  29.754  -2.637  -23.926 0.1428571492
84983  30.377  -3.718  -24.063 0.1428571492
84984  29.380  -3.862  -23.974 0.1428571492
83803  28.953  -5.016  -24.113 0.4285714328
81710  26.443  -6.664  -22.630 0.8571428657
87209  29.793  -1.651  -24.534 0.1428571492
87201  30.263  -2.228  -23.946 0.1428571492
86164  29.096  -2.169  -24.217 0.1428571492
84985  28.174  -3.872  -23.563 0.4285714328
83804  28.104  -5.235  -23.588 0.5714285970
82725  27.353  -5.543  -23.221 0.7142857313
81701  26.081  -6.385  -21.729 0.8571428657
87210  28.987  -1.772  -24.956 0.1428571492
88199  28.950  -1.411  -25.708 0.1428571492
87202  28.684  -1.956  -24.287 0.1428571492
86158  28.104  -2.646  -23.441 0.5714285970
83788  27.550  -4.685  -23.082 0.8571428657
82726  26.710  -5.695  -22.866 0.8571428657
83777  26.904  -5.088  -22.324 0.8571428657
88209  28.956  -1.346  -26.394 0.1428571492
88200  28.404  -1.052  -25.625 0.2857142985
87203  28.187  -1.812  -23.908 0.1428571492
84973  27.442  -3.813  -22.830 0.8571428657
86144  27.325  -3.095  -22.347 0.8571428657
89250  27.933  -0.150  -26.416 0.1428571492
90375  27.525  0.749  -27.053 0.1428571492
88193  28.045  -0.912  -24.478 0.4285714328
89226  27.540  -0.343  -22.984 0.8571428657
88178  27.681  -1.258  -22.630 0.8571428657
87186  27.503  -2.196  -22.435 0.8571428657
86135  27.167  -3.339  -21.784 0.8571428657
89240  27.826  -0.126  -25.193 0.4285714328
88171  27.502  -1.466  -21.676 0.8571428657
87178  27.016  -1.919  -20.717 0.8571428657
90365  27.342  0.580  -25.886 0.1428571492
90366  26.816  1.312  -26.497 0.2857142985
90354  27.351  0.591  -24.765 0.5714285970
90346  27.358  0.595  -24.165 0.8571428657
89233  27.675  0.032  -24.009 0.8571428657
89218  27.581  -0.575  -22.018 0.8571428657
89219  27.339  0.314  -22.365 0.8571428657
88172  27.241  -1.057  -21.010 0.8571428657
91387  26.155  1.914  -25.916 0.2857142985
90355  26.807  1.223  -25.313 0.7142857313
90347  26.987  1.065  -24.090 0.8571428657
90331  26.987  1.112  -21.788 0.8571428657
89211  27.174  -0.093  -21.107 0.8571428657
91368  26.459  1.901  -23.617 0.8571428657
91347  26.300  1.978  -20.616 0.7142857313
90324  26.552  1.114  -20.446 0.7142857313
91378  25.854  2.622  -24.218 0.8571428657
91369  26.024  2.665  -23.167 0.8571428657
91359  26.531  1.919  -22.516 0.8571428657
91360  26.056  2.643  -22.101 0.8571428657
92370  25.491  3.305  -22.726 0.8571428657
91354  26.116  2.660  -21.062 0.7142857313
92398  24.499  3.543  -25.046 0.7142857313
92378  25.383  3.291  -23.752 0.8571428657
92388  24.592  3.667  -24.269 0.8571428657
92379  24.759  3.795  -23.318 0.8571428657
93395  23.352  4.624  -23.434 0.7142857313
94433  23.772  5.582  -27.317 0.1428571492
93403  23.924  4.149  -23.889 0.8571428657
93412  23.745  3.796  -24.793 0.7142857313
93404  22.873  4.356  -24.360 0.7142857313
95456  23.195  6.204  -25.540 0.1428571492
93414  22.525  4.808  -25.542 0.5714285970
94413  21.812  5.095  -25.117 0.5714285970
94405  21.321  5.593  -24.679 0.5714285970
94423  22.339  5.498  -25.469 0.1428571492
95442  23.777  6.901  -24.900 0.1428571492
95445  21.077  6.433  -24.556 0.5714285970
96439  23.856  7.374  -23.862 0.1428571492
97513  24.606  7.952  -23.910 0.1428571492
95443  22.682  6.738  -24.740 0.1428571492
97499  24.373  8.046  -22.725 0.1428571492
95458  21.549  6.101  -25.101 0.5714285970
96426  23.337  7.762  -23.132 0.1428571492
97500  23.146  8.535  -22.409 0.1428571492
61569  20.978  -24.977  -8.927 0.1428571492
61570  20.379  -25.131  -9.037 0.1428571492
63820  21.544  -23.005  -10.723 0.2857142985
63805  22.413  -22.919  -9.763 0.1428571492
63818  23.273  -21.846  -10.530 0.2857142985
67204  25.640  -19.150  -12.681 0.2857142985
67205  24.860  -19.886  -12.488 0.1428571492
73054  24.909  -14.683  -16.184 0.2857142985
75506  25.783  -12.179  -18.151 0.4285714328
74340  25.298  -13.665  -17.854 0.5714285970
76527  25.674  -12.056  -18.968 0.7142857313
80674  28.223  -7.391  -22.366 0.1428571492
82736  27.903  -6.161  -23.537 0.7142857313
87219  29.411  -1.474  -25.718 0.1428571492
86150  27.638  -2.927  -23.008 0.8571428657
84953  27.134  -3.692  -21.871 0.8571428657
87177  27.313  -2.505  -21.648 0.8571428657
91377  26.345  1.920  -24.744 0.8571428657
92387  25.184  3.222  -24.708 0.8571428657
93413  23.014  4.157  -25.378 0.7142857313
93426  22.850  5.111  -25.827 0.2857142985
95457  22.150  6.125  -25.201 0.1428571492
97512  25.225  8.626  -23.606 0.1428571492
60445  19.716  -25.373  -8.951 0.1428571492
63833  22.474  -22.138  -11.686 0.4285714328
66048  23.751  -20.904  -12.139 0.2857142985
63845  22.410  -22.323  -12.798 0.2857142985
66055  24.374  -20.465  -13.044 0.1428571492
68331  26.310  -18.078  -12.880 0.2857142985
70674  25.566  -16.596  -13.635 0.2857142985
69521  24.554  -17.687  -14.362 0.2857142985
70675  24.879  -16.977  -14.156 0.2857142985
86155  30.747  -2.791  -24.021 0.1428571492
87218  30.096  -1.195  -25.787 0.1428571492
88210  28.474  -0.853  -26.917 0.1428571492
88186  27.803  -1.040  -23.522 0.8571428657
84965  27.048  -4.450  -22.042 0.8571428657
83764  26.660  -4.807  -21.548 1.0000000000
90376  26.940  1.495  -27.598 0.1428571492
91388  25.629  2.605  -25.296 0.5714285970
92397  25.052  3.441  -25.654 0.5714285970
93423  24.850  3.892  -25.955 0.5714285970
93425  23.461  4.796  -26.209 0.4285714328
93437  23.997  4.988  -26.930 0.2857142985
94422  23.359  5.540  -26.046 0.1428571492
96453  22.043  7.170  -24.393 0.2857142985
96440  22.756  7.398  -23.918 0.1428571492
96427  22.496  8.041  -23.183 0.1428571492
96451  24.333  7.619  -24.602 0.1428571492
98540  22.611  9.402  -22.322 0.1428571492
97483  23.928  8.669  -21.761 0.1428571492
91397  25.530  2.758  -26.548 0.4285714328
92405  25.169  3.756  -26.475 0.4285714328
93436  24.516  4.534  -26.738 0.4285714328
93424  24.202  4.008  -25.745 0.5714285970
62723  21.730  -23.659  -9.506 0.1428571492
62739  20.479  -23.728  -10.361 0.1428571492
60468  19.554  -24.902  -9.397 0.1428571492
62754  21.073  -23.300  -10.964 0.4285714328
62740  19.712  -23.881  -10.697 0.2857142985
63834  21.624  -22.834  -11.346 0.5714285970
63804  22.976  -22.694  -9.710 0.1428571492
64859  23.087  -21.592  -11.891 0.1428571492
66047  24.249  -20.417  -12.000 0.1428571492
76542  25.616  -11.022  -19.838 0.7142857313
79664  27.187  -8.109  -21.896 0.8571428657
78652  26.176  -8.957  -21.135 0.8571428657
81709  28.803  -6.750  -23.108 0.5714285970
82735  28.644  -5.987  -23.998 0.5714285970
86157  28.753  -2.704  -23.846 0.2857142985
87194  27.747  -1.975  -23.182 0.8571428657
90338  26.899  1.114  -22.957 0.8571428657
89227  27.289  0.464  -23.370 0.8571428657
95468  23.699  6.506  -26.766 0.1428571492
94424  21.808  5.810  -25.299 0.5714285970
95444  21.687  6.609  -24.786 0.4285714328
95428  23.200  7.080  -24.351 0.1428571492
96452  22.579  7.107  -24.383 0.1428571492
67203  26.372  -18.794  -12.385 0.1428571492
64869  23.014  -21.872  -12.554 0.4285714328
70691  24.475  -16.770  -14.967 0.5714285970
96441  21.675  7.898  -23.842 0.1428571492
69535  24.212  -17.715  -15.259 0.5714285970
68370  23.352  -18.611  -15.613 0.5714285970
68371  22.612  -18.647  -15.706 0.2857142985
70712  24.369  -16.926  -15.970 0.5714285970
69570  23.016  -17.879  -16.841 0.5714285970
67234  22.172  -19.694  -14.790 0.4285714328
69554  23.898  -17.865  -16.297 0.5714285970
68372  21.579  -18.488  -15.452 0.2857142985
69571  22.047  -17.528  -16.702 0.4285714328
73070  24.720  -15.277  -17.085 0.4285714328
71876  24.425  -15.922  -17.094 0.5714285970
70746  23.349  -16.245  -17.543 0.5714285970
70747  22.685  -16.449  -17.404 0.4285714328
73091  24.740  -14.689  -18.197 0.5714285970
71910  24.102  -15.138  -18.336 0.5714285970
70745  23.840  -16.082  -17.651 0.4285714328
73110  24.036  -14.398  -18.662 0.4285714328
74341  25.084  -13.985  -18.437 0.4285714328
69572  21.311  -17.261  -16.346 0.2857142985
69556  21.038  -17.674  -15.871 0.2857142985
71899  22.641  -15.434  -17.445 0.4285714328
73090  25.054  -14.208  -18.004 0.7142857313
75521  24.884  -13.108  -19.447 0.7142857313
75522  23.095  -12.432  -18.860 0.4285714328
76544  24.559  -11.705  -19.574 0.7142857313
76528  23.107  -11.217  -18.675 0.5714285970
77586  23.944  -10.959  -19.023 0.7142857313
77567  23.059  -10.149  -18.576 0.2857142985
75520  25.247  -12.781  -19.332 0.5714285970
75535  24.946  -12.253  -19.687 0.5714285970
77585  24.718  -10.565  -19.731 0.7142857313
78633  23.959  -9.892  -18.728 0.7142857313
78632  24.465  -9.410  -19.352 0.7142857313
79650  23.711  -8.841  -18.551 0.7142857313
78616  22.915  -9.129  -18.555 0.4285714328
79635  22.711  -8.175  -18.629 0.4285714328
77584  25.406  -10.710  -20.078 0.5714285970
77597  25.547  -10.169  -20.503 0.5714285970
79659  24.811  -8.847  -19.782 0.5714285970
79648  25.065  -8.036  -19.420 0.7142857313
81677  25.292  -6.336  -19.382 0.7142857313
80655  23.366  -7.753  -18.571 0.7142857313
81679  23.308  -6.617  -18.771 0.5714285970
82700  23.715  -5.517  -18.917 0.5714285970
80684  26.905  -7.683  -22.392 0.7142857313
80677  25.918  -7.901  -21.037 0.5714285970
79658  25.409  -8.592  -20.464 0.5714285970
80668  25.628  -7.342  -20.046 0.7142857313
81692  25.708  -6.270  -20.282 0.8571428657
80638  22.539  -7.532  -18.737 0.4285714328
82698  25.423  -5.441  -19.722 0.7142857313
82699  24.790  -5.456  -18.933 0.7142857313
83747  25.136  -4.588  -19.203 0.7142857313
83748  24.144  -4.559  -18.956 0.5714285970
80676  26.240  -7.349  -21.784 0.5714285970
80653  25.182  -7.142  -19.039 0.7142857313
82711  25.882  -5.469  -20.546 0.8571428657
83765  26.251  -4.879  -20.801 0.8571428657
84937  25.548  -3.819  -19.454 0.7142857313
84938  24.670  -3.698  -19.037 0.5714285970
86125  23.147  -2.655  -19.041 0.2857142985
82717  26.417  -5.687  -22.137 0.7142857313
84936  26.019  -3.895  -19.920 0.7142857313
87165  23.870  -1.790  -18.602 0.7142857313
84954  27.013  -3.885  -21.569 0.7142857313
86122  26.108  -3.269  -19.801 0.8571428657
86123  25.348  -2.914  -19.249 0.8571428657
88156  26.638  -1.114  -20.342 0.8571428657
87164  25.078  -1.892  -19.016 0.5714285970
88157  25.828  -0.970  -19.416 0.8571428657
88158  24.764  -0.793  -18.632 0.7142857313
86137  26.593  -2.959  -20.270 0.8571428657
87162  26.649  -1.696  -20.290 0.8571428657
89197  25.594  0.130  -19.150 0.8571428657
89196  26.354  -0.046  -19.983 0.8571428657
92364  25.568  3.306  -21.670 0.7142857313
92346  25.049  3.406  -19.641 0.7142857313
92365  25.090  3.956  -21.275 0.5714285970
92358  25.136  4.000  -20.406 0.7142857313
92371  24.885  3.850  -22.292 0.7142857313
93386  24.299  4.493  -21.860 0.8571428657
94388  23.571  5.240  -21.936 0.7142857313
94376  24.296  4.886  -20.532 0.7142857313
95409  23.019  5.965  -21.669 0.7142857313
95397  23.097  6.244  -20.501 0.5714285970
94395  23.003  5.295  -22.991 0.7142857313
95417  22.997  5.683  -22.391 0.7142857313
95398  22.547  7.009  -20.099 0.5714285970
95418  22.237  6.058  -22.844 0.4285714328
95410  22.206  6.922  -21.465 0.5714285970
96383  21.948  7.328  -19.509 0.5714285970
95431  21.124  6.136  -23.834 0.5714285970
95419  21.187  7.039  -22.575 0.5714285970
96413  21.622  7.446  -21.360 0.5714285970
96398  21.731  7.633  -20.578 0.4285714328
96384  21.039  7.828  -19.560 0.5714285970
96371  21.408  7.079  -18.920 0.4285714328
97466  20.502  8.537  -20.702 0.5714285970
96399  21.039  8.148  -20.468 0.5714285970
95432  20.244  7.083  -23.406 0.5714285970
96385  20.000  8.264  -19.337 0.4285714328
95367  20.141  6.430  -17.888 0.4285714328
97454  20.548  8.396  -19.964 0.5714285970
97456  19.250  9.514  -19.879 0.4285714328
76509  25.991  -11.588  -18.281 0.2857142985
79666  25.962  -8.697  -21.075 0.5714285970
98511  19.454  9.475  -20.950 0.2857142985
96386  19.286  8.805  -19.378 0.4285714328
68351  23.764  -18.905  -14.980 0.5714285970
67233  23.306  -19.605  -14.725 0.5714285970
71838  24.490  -16.317  -15.637 0.2857142985
71856  24.613  -15.364  -16.054 0.2857142985
67250  21.884  -19.093  -15.023 0.2857142985
70748  22.252  -16.576  -17.227 0.4285714328
71898  23.553  -15.575  -18.052 0.4285714328
71911  23.607  -14.875  -18.429 0.5714285970
70734  20.718  -16.602  -16.150 0.2857142985
71900  22.229  -16.115  -17.211 0.2857142985
74375  24.067  -13.158  -19.351 0.5714285970
78615  26.554  -9.713  -18.464 0.2857142985
76529  22.236  -11.345  -18.339 0.2857142985
84955  26.490  -3.922  -20.580 0.8571428657
86124  24.258  -2.758  -18.928 0.7142857313
91348  25.931  2.386  -20.079 0.7142857313
92345  25.539  2.918  -19.863 0.7142857313
91339  25.222  2.410  -19.438 0.7142857313
94377  23.733  5.429  -20.777 0.7142857313
95382  22.431  6.788  -19.227 0.5714285970
96372  20.239  7.415  -18.527 0.2857142985
94403  22.604  4.881  -23.718 0.5714285970
95430  21.802  5.602  -23.648 0.5714285970
94404  21.919  5.135  -24.284 0.5714285970
96414  20.945  7.832  -21.604 0.5714285970
96415  20.398  8.222  -21.919 0.2857142985
73092  23.025  -14.789  -18.127 0.4285714328
78644  25.805  -9.457  -20.897 0.7142857313
76543  25.321  -11.619  -19.762 0.5714285970
81691  25.972  -6.127  -21.004 0.7142857313
81702  25.895  -6.906  -21.028 0.7142857313
87179  26.757  -2.487  -20.424 0.7142857313
93387  23.669  4.787  -22.627 0.8571428657
74356  25.309  -13.443  -18.699 0.5714285970
90312  25.644  1.350  -19.451 0.7142857313
77598  25.155  -10.326  -20.289 0.5714285970
69555  23.336  -18.202  -16.270 0.5714285970
68369  23.903  -18.365  -15.367 0.4285714328
68385  22.316  -18.166  -16.230 0.5714285970
67249  22.426  -19.114  -15.203 0.5714285970
68386  21.639  -17.869  -16.185 0.4285714328
70730  24.052  -16.655  -17.087 0.5714285970
69569  23.590  -17.404  -16.941 0.5714285970
70732  22.459  -17.075  -17.191 0.4285714328
66086  22.584  -20.613  -14.339 0.5714285970
71897  24.296  -15.711  -17.746 0.5714285970
71877  22.263  -15.224  -17.093 0.4285714328
74358  23.613  -13.510  -18.943 0.4285714328
74357  24.688  -13.637  -19.102 0.5714285970
75537  23.810  -12.675  -19.376 0.7142857313
76545  23.785  -11.951  -19.355 0.5714285970
74376  23.626  -12.983  -19.236 0.4285714328
78645  25.011  -9.664  -20.340 0.7142857313
79649  24.429  -8.462  -18.884 0.7142857313
80654  24.402  -7.445  -18.599 0.7142857313
81678  24.503  -6.400  -18.732 0.7142857313
82701  22.645  -5.548  -19.190 0.2857142985
84939  23.606  -3.622  -19.065 0.5714285970
84940  22.577  -3.567  -19.327 0.2857142985
87163  26.268  -2.118  -19.876 0.8571428657
93379  24.683  4.516  -20.856 0.7142857313
94387  24.162  4.953  -21.197 0.7142857313
95420  20.534  7.321  -22.799 0.7142857313
97484  20.368  8.501  -21.400 0.5714285970
71878  21.904  -15.470  -16.953 0.1428571492
73093  22.347  -14.201  -17.742 0.4285714328
71821  25.371  -15.499  -14.097 0.1428571492
73042  25.330  -14.446  -14.799 0.1428571492
75491  25.844  -12.233  -17.473 0.1428571492
73024  25.935  -14.692  -13.858 0.1428571492
75476  26.058  -12.465  -15.973 0.1428571492
74302  25.824  -13.616  -14.803 0.1428571492
80667  27.120  -8.368  -20.102 0.1428571492
90325  26.164  1.721  -20.115 0.5714285970
99468  23.493  10.911  -21.028 0.1428571492
89198  24.365  0.558  -18.601 0.4285714328
97501  22.150  8.796  -22.878 0.1428571492
91327  23.541  2.334  -18.694 0.4285714328
91340  24.307  2.625  -19.007 0.5714285970
92328  23.283  3.437  -18.730 0.4285714328
99507  19.733  10.934  -24.018 0.2857142985
97517  19.374  8.614  -24.005 0.2857142985
97528  19.712  8.015  -24.530 0.2857142985
91330  20.770  2.612  -18.511 0.1428571492
93367  24.021  4.662  -19.395 0.5714285970
94360  24.100  5.006  -20.012 0.5714285970
98543  19.014  9.677  -23.408 0.2857142985
92330  21.422  3.537  -18.409 0.4285714328
94344  22.756  5.636  -18.675 0.5714285970
97504  19.476  8.775  -23.028 0.2857142985
93350  21.041  4.540  -18.215 0.4285714328
94345  21.634  5.509  -18.352 0.2857142985
98526  19.515  9.337  -21.504 0.1428571492
97503  19.768  8.461  -22.575 0.1428571492
97486  19.558  8.996  -22.244 0.1428571492
93351  19.949  4.666  -17.925 0.1428571492
95366  21.023  6.387  -18.409 0.4285714328
98512  19.148  9.875  -20.921 0.1428571492
99484  18.986  10.395  -21.530 0.1428571492
99497  18.530  11.166  -23.081 0.1428571492
94347  19.992  5.581  -17.738 0.2857142985
97457  18.915  9.870  -19.575 0.2857142985
98485  18.528  9.907  -18.261 0.1428571492
99485  18.733  10.983  -22.111 0.1428571492
98497  19.179  10.073  -19.963 0.1428571492
99449  19.289  10.290  -19.530 0.1428571492
99470  19.346  10.934  -21.020 0.1428571492
99448  20.298  10.933  -20.205 0.1428571492
63847  20.342  -22.504  -12.271 0.4285714328
66057  20.229  -20.892  -12.880 0.2857142985
74313  26.004  -13.093  -15.149 0.1428571492
76495  26.208  -11.459  -16.938 0.1428571492
90297  23.851  1.803  -18.677 0.2857142985
93405  22.265  4.555  -24.990 0.4285714328
96455  20.198  7.317  -24.526 0.2857142985
98544  18.722  10.563  -23.634 0.2857142985
97516  19.806  8.847  -24.307 0.2857142985
100398  18.498  11.926  -22.694 0.2857142985
64872  19.569  -21.698  -12.128 0.2857142985
67197  25.597  -19.672  -11.568 0.1428571492
67198  24.855  -19.943  -11.830 0.1428571492
69519  25.992  -17.499  -13.217 0.1428571492
70673  26.451  -16.738  -13.069 0.1428571492
79647  26.891  -8.849  -19.251 0.1428571492
77551  26.376  -10.577  -17.698 0.1428571492
89186  24.077  1.292  -18.642 0.4285714328
91331  19.849  2.648  -18.536 0.2857142985
95381  23.018  6.360  -19.415 0.5714285970
99508  19.104  11.168  -24.288 0.2857142985
98555  19.973  9.811  -24.128 0.2857142985
97527  20.305  8.043  -24.519 0.2857142985
99506  20.151  10.384  -23.913 0.2857142985
99494  21.246  10.930  -22.903 0.1428571492
99471  18.964  11.471  -21.758 0.2857142985
100420  18.627  11.855  -23.812 0.2857142985
98541  21.887  9.907  -22.736 0.1428571492
98525  22.510  10.187  -22.123 0.1428571492
97514  21.620  8.571  -23.456 0.1428571492
97502  21.510  9.181  -23.286 0.1428571492
80666  27.468  -7.752  -20.672 0.2857142985
100418  19.826  11.901  -23.742 0.2857142985
96442  21.030  8.022  -24.252 0.2857142985
97515  20.789  8.799  -23.976 0.1428571492
64870  21.358  -22.234  -12.954 0.4285714328
62767  21.039  -23.154  -11.683 0.4285714328
96454  21.024  7.410  -24.499 0.2857142985
91341  23.627  2.941  -18.808 0.4285714328
93366  24.635  4.422  -19.894 0.5714285970
94361  23.575  5.479  -19.582 0.5714285970
95446  20.137  6.799  -24.184 0.2857142985
97455  19.933  8.838  -19.972 0.4285714328
97445  18.745  9.319  -18.847 0.2857142985
90313  24.615  1.689  -18.881 0.5714285970
96443  19.897  7.439  -23.334 0.2857142985
96431  19.720  8.167  -22.967 0.2857142985
73041  26.072  -14.005  -14.231 0.1428571492
98556  19.095  10.090  -24.304 0.2857142985
96456  19.623  7.525  -24.224 0.2857142985
93348  23.270  4.446  -18.793 0.4285714328
98528  18.736  10.415  -22.902 0.1428571492
93349  22.129  4.524  -18.414 0.4285714328
92331  20.402  3.586  -18.361 0.2857142985
94346  20.662  5.513  -18.018 0.4285714328
77539  26.842  -10.581  -16.413 0.1428571492
89188  22.670  1.005  -18.598 0.2857142985
98554  20.467  9.943  -23.791 0.2857142985
98542  21.087  9.938  -23.403 0.2857142985
99483  21.977  11.020  -22.348 0.1428571492
102298  19.988  13.959  -22.106 0.1428571492
101370  18.905  12.664  -23.895 0.1428571492
102297  20.575  14.273  -21.782 0.1428571492
100363  20.430  11.938  -20.988 0.1428571492
101320  20.268  13.566  -21.509 0.1428571492
102315  18.939  13.756  -22.930 0.1428571492
102336  19.426  13.456  -23.437 0.1428571492
101303  20.674  12.887  -21.029 0.1428571492
101321  19.684  13.105  -21.826 0.1428571492
100397  18.717  12.448  -22.424 0.1428571492
101304  20.216  12.723  -21.375 0.1428571492
101293  22.219  12.872  -19.924 0.1428571492
101319  20.717  13.787  -21.198 0.1428571492
83749  23.096  -4.553  -19.189 0.2857142985
100362  21.029  11.952  -20.506 0.1428571492
102283  21.788  14.083  -20.434 0.1428571492
102312  21.351  14.418  -22.112 0.1428571492
73069  25.004  -14.387  -17.376 0.2857142985
101356  18.597  13.125  -23.392 0.1428571492
101354  20.292  13.003  -23.159 0.1428571492
102314  19.745  13.863  -22.716 0.1428571492
101337  20.487  13.685  -22.820 0.1428571492
101302  21.334  13.151  -20.636 0.1428571492
100361  21.727  11.857  -19.927 0.1428571492
66085  23.333  -20.534  -14.186 0.4285714328
67217  23.751  -20.205  -14.088 0.2857142985
66068  24.224  -20.363  -13.477 0.1428571492
67232  23.982  -19.246  -14.551 0.2857142985
66070  23.110  -21.200  -14.040 0.2857142985
95365  22.034  6.423  -18.699 0.4285714328
68350  24.217  -18.595  -14.571 0.1428571492
92329  22.466  3.501  -18.507 0.2857142985
66069  23.774  -20.821  -13.561 0.2857142985
64881  21.788  -21.937  -13.397 0.2857142985
64888  22.511  -21.483  -13.967 0.2857142985
66071  21.445  -21.004  -13.709 0.2857142985
66087  21.547  -20.294  -14.286 0.2857142985
73111  23.289  -14.213  -18.464 0.2857142985
74359  22.566  -13.393  -18.238 0.2857142985
75523  22.120  -12.247  -18.218 0.2857142985
78617  22.125  -9.300  -18.498 0.1428571492
79636  22.019  -8.348  -18.660 0.2857142985
80656  21.647  -6.778  -19.125 0.1428571492
84941  21.605  -3.521  -19.563 0.1428571492
86126  22.124  -2.574  -19.328 0.1428571492
87166  22.716  -1.669  -18.883 0.1428571492
88159  23.455  -0.698  -18.476 0.1428571492
88160  22.290  -0.662  -18.765 0.1428571492
90299  22.066  1.535  -18.575 0.1428571492
91328  22.833  2.566  -18.589 0.1428571492
90301  20.205  1.771  -18.720 0.1428571492
90300  21.084  1.697  -18.602 0.1428571492
96356  19.786  7.096  -17.951 0.1428571492
94327  19.441  6.018  -17.586 0.1428571492
96357  19.229  7.647  -17.842 0.1428571492
96373  19.192  8.325  -18.650 0.1428571492
62768  20.610  -23.036  -12.001 0.2857142985
64880  23.001  -22.035  -13.529 0.1428571492
88161  21.321  -0.617  -19.075 0.1428571492
91329  21.765  2.554  -18.480 0.1428571492
63835  19.901  -22.975  -11.849 0.2857142985
74342  22.215  -13.652  -17.912 0.2857142985
74343  21.707  -13.392  -17.796 0.2857142985
79637  21.300  -8.481  -18.610 0.1428571492
81681  21.372  -6.235  -19.293 0.1428571492
82702  21.693  -5.466  -19.387 0.1428571492
84942  20.650  -3.492  -19.749 0.1428571492
86127  21.165  -2.508  -19.561 0.1428571492
86128  20.224  -2.410  -19.705 0.1428571492
89199  22.981  0.285  -18.505 0.1428571492
90316  19.753  1.014  -18.986 0.1428571492
95351  19.502  6.829  -17.696 0.1428571492
63854  22.335  -22.329  -13.292 0.2857142985
93329  19.213  5.153  -17.635 0.1428571492
73071  22.073  -14.788  -17.118 0.1428571492
90298  23.061  1.722  -18.610 0.1428571492
64882  21.016  -21.247  -13.296 0.2857142985
75524  21.589  -12.161  -17.978 0.1428571492
87167  21.709  -1.587  -19.208 0.1428571492
84943  19.503  -3.524  -19.684 0.1428571492
63836  19.274  -22.414  -11.547 0.1428571492
63848  19.747  -22.443  -12.000 0.1428571492
64846  18.418  -21.874  -10.852 0.1428571492
92413  25.460  3.533  -27.517 0.1428571492
66058  19.206  -20.357  -12.523 0.1428571492
66072  20.707  -20.373  -13.653 0.1428571492
68353  20.699  -18.419  -14.841 0.1428571492
91404  25.918  2.648  -27.683 0.1428571492
68373  20.724  -17.880  -15.352 0.1428571492
91396  26.252  1.998  -27.073 0.1428571492
81700  28.024  -7.213  -21.356 0.1428571492
67235  21.284  -19.171  -14.754 0.1428571492
70733  21.706  -16.540  -16.837 0.1428571492
64871  20.827  -21.915  -12.802 0.1428571492
62756  19.426  -23.269  -11.195 0.1428571492
64860  19.168  -21.944  -11.666 0.1428571492
66088  20.789  -19.688  -14.219 0.1428571492
62757  18.909  -22.822  -10.991 0.1428571492
63855  22.012  -22.482  -13.072 0.2857142985
64861  18.696  -21.680  -11.315 0.1428571492
64868  23.449  -21.310  -12.312 0.2857142985
64889  21.985  -21.121  -13.987 0.2857142985
67248  22.948  -19.021  -15.344 0.5714285970
68352  21.208  -18.677  -15.009 0.1428571492
68384  22.956  -18.347  -16.185 0.5714285970
70731  23.230  -17.039  -17.331 0.4285714328
71857  24.480  -15.928  -16.337 0.5714285970
73055  24.663  -15.313  -16.430 0.2857142985
73112  22.819  -14.159  -18.156 0.2857142985
74360  21.802  -12.695  -18.012 0.1428571492
75477  25.641  -13.208  -16.408 0.1428571492
75536  24.525  -12.709  -19.541 0.7142857313
77596  25.923  -10.025  -20.617 0.8571428657
79674  26.964  -8.099  -22.054 0.8571428657
80683  27.556  -7.749  -22.525 0.8571428657
80690  28.031  -7.183  -23.429 0.5714285970
80691  27.649  -7.420  -23.168 0.8571428657
81664  22.673  -7.130  -18.784 0.5714285970
81665  22.273  -7.161  -18.877 0.1428571492
81680  22.153  -6.552  -19.070 0.1428571492
81719  28.473  -6.745  -23.669 0.5714285970
81721  27.103  -7.183  -23.092 0.8571428657
82710  26.236  -5.574  -21.314 0.8571428657
82737  27.088  -6.371  -23.280 0.7142857313
83746  25.805  -4.564  -20.034 0.7142857313
83776  27.218  -4.507  -22.547 0.8571428657
83789  27.139  -5.124  -22.796 0.8571428657
84964  27.206  -3.833  -22.166 0.8571428657
86136  27.048  -3.022  -20.942 0.8571428657
86163  29.382  -1.976  -24.311 0.1428571492
87211  28.422  -1.510  -24.661 0.1428571492
87229  29.567  -1.360  -26.670 0.1428571492
88221  29.051  -1.277  -27.325 0.1428571492
89187  23.484  1.109  -18.583 0.2857142985
89210  27.424  -0.782  -21.444 0.8571428657
89234  27.342  0.568  -23.882 0.8571428657
90311  26.075  0.640  -19.710 0.8571428657
91353  26.508  1.941  -21.418 0.7142857313
91403  26.486  2.164  -27.966 0.1428571492
92347  24.084  3.726  -19.115 0.4285714328
92357  25.610  3.307  -20.542 0.7142857313
92406  24.981  4.220  -26.564 0.4285714328
92414  25.183  4.211  -27.027 0.4285714328
93328  19.643  5.343  -17.698 0.2857142985
93394  24.163  4.314  -22.915 0.8571428657
93435  24.785  4.138  -26.230 0.4285714328
94396  22.260  5.357  -23.522 0.5714285970
94414  21.530  5.697  -25.133 0.5714285970
95364  22.636  6.345  -18.918 0.5714285970
95411  21.497  7.311  -21.763 0.5714285970
95429  22.826  7.092  -24.368 0.1428571492
95433  19.793  7.303  -23.572 0.2857142985
95447  19.714  7.176  -23.834 0.2857142985
96370  21.999  6.941  -19.041 0.4285714328
96428  21.987  8.299  -23.317 0.1428571492
96429  20.698  7.490  -22.437 0.7142857313
96430  20.165  7.820  -22.674 0.2857142985
96444  19.652  7.789  -23.508 0.2857142985
97467  19.866  9.139  -20.854 0.4285714328
97468  19.429  9.545  -20.617 0.2857142985
97485  19.983  8.667  -21.902 0.1428571492
97526  20.735  8.040  -24.389 0.2857142985
98527  19.136  9.813  -22.207 0.1428571492
98557  18.801  10.883  -24.097 0.2857142985
98566  18.907  10.912  -24.294 0.2857142985
98567  18.830  11.118  -24.234 0.2857142985
99428  18.581  10.113  -18.642 0.1428571492
99496  20.090  11.416  -23.724 0.2857142985
99509  18.612  11.288  -23.704 0.2857142985
99519  18.869  11.360  -24.215 0.2857142985
99520  18.727  11.391  -24.019 0.2857142985
100382  18.762  11.804  -22.131 0.2857142985
100411  20.277  11.939  -23.479 0.2857142985
100412  18.453  11.889  -23.365 0.2857142985
100419  19.310  11.894  -23.998 0.2857142985
100429  18.991  11.868  -24.182 0.2857142985
100430  18.800  11.807  -24.053 0.2857142985
101322  19.075  13.082  -22.396 0.1428571492
101338  18.569  13.022  -22.819 0.1428571492
101339  18.515  12.524  -22.772 0.1428571492
101355  19.997  12.425  -23.491 0.1428571492
101357  18.418  12.548  -23.128 0.1428571492
101368  19.751  13.285  -23.351 0.1428571492
101369  19.556  12.775  -23.592 0.1428571492
101371  18.574  12.437  -23.620 0.2857142985
101380  18.885  12.138  -24.043 0.2857142985
101381  18.738  12.211  -23.901 0.2857142985
102299  19.488  13.650  -22.427 0.1428571492
102324  20.038  13.847  -22.968 0.1428571492
102325  19.458  13.795  -23.155 0.1428571492
102326  19.010  13.506  -23.518 0.1428571492
102335  19.777  13.587  -23.222 0.1428571492
102337  19.178  13.195  -23.655 0.1428571492
