#!ascii label  , from subject 3462 vox2ras=TkReg
268
81692  25.708  -6.270  -20.282 0.0000000000
71876  24.425  -15.922  -17.094 0.0000000000
87165  23.870  -1.790  -18.602 0.0000000000
96413  21.622  7.446  -21.360 0.0000000000
69555  23.336  -18.202  -16.270 0.0000000000
89219  27.339  0.314  -22.365 0.0000000000
91360  26.056  2.643  -22.101 0.0000000000
79650  23.711  -8.841  -18.551 0.0000000000
76544  24.559  -11.705  -19.574 0.0000000000
78644  25.805  -9.457  -20.897 0.0000000000
83788  27.550  -4.685  -23.082 0.0000000000
80682  28.195  -7.347  -23.131 0.0000000000
84937  25.548  -3.819  -19.454 0.0000000000
87186  27.503  -2.196  -22.435 0.0000000000
94361  23.575  5.479  -19.582 0.0000000000
93403  23.924  4.149  -23.889 0.0000000000
74340  25.298  -13.665  -17.854 0.0000000000
91348  25.931  2.386  -20.079 0.0000000000
92346  25.049  3.406  -19.641 0.0000000000
79648  25.065  -8.036  -19.420 0.0000000000
79659  24.811  -8.847  -19.782 0.0000000000
80677  25.918  -7.901  -21.037 0.0000000000
70712  24.369  -16.926  -15.970 0.0000000000
86124  24.258  -2.758  -18.928 0.0000000000
86137  26.593  -2.959  -20.270 0.0000000000
87162  26.649  -1.696  -20.290 0.0000000000
90347  26.987  1.065  -24.090 0.0000000000
89233  27.675  0.032  -24.009 0.0000000000
96399  21.039  8.148  -20.468 0.0000000000
94345  21.634  5.509  -18.352 0.0000000000
95398  22.547  7.009  -20.099 0.0000000000
95458  21.549  6.101  -25.101 0.0000000000
94413  21.812  5.095  -25.117 0.0000000000
94403  22.604  4.881  -23.718 0.0000000000
93413  23.014  4.157  -25.378 0.0000000000
92398  24.499  3.543  -25.046 0.0000000000
76526  25.801  -11.246  -19.352 0.0000000000
75520  25.247  -12.781  -19.332 0.0000000000
68371  22.612  -18.647  -15.706 0.0000000000
89196  26.354  -0.046  -19.983 0.0000000000
90324  26.552  1.114  -20.446 0.0000000000
91359  26.531  1.919  -22.516 0.0000000000
91378  25.854  2.622  -24.218 0.0000000000
76528  23.107  -11.217  -18.675 0.0000000000
78633  23.959  -9.892  -18.728 0.0000000000
77598  25.155  -10.326  -20.289 0.0000000000
77583  25.959  -10.478  -20.049 0.0000000000
82717  26.417  -5.687  -22.137 0.0000000000
80676  26.240  -7.349  -21.784 0.0000000000
82736  27.903  -6.161  -23.537 0.0000000000
81678  24.503  -6.400  -18.732 0.0000000000
83748  24.144  -4.559  -18.956 0.0000000000
82698  25.423  -5.441  -19.722 0.0000000000
84954  27.013  -3.885  -21.569 0.0000000000
86144  27.325  -3.095  -22.347 0.0000000000
87203  28.187  -1.812  -23.908 0.0000000000
89218  27.581  -0.575  -22.018 0.0000000000
88186  27.803  -1.040  -23.522 0.0000000000
93367  24.021  4.662  -19.395 0.0000000000
95431  21.124  6.136  -23.834 0.0000000000
95417  22.997  5.683  -22.391 0.0000000000
94388  23.571  5.240  -21.936 0.0000000000
93379  24.683  4.516  -20.856 0.0000000000
92379  24.759  3.795  -23.318 0.0000000000
92387  25.184  3.222  -24.708 0.0000000000
71910  24.102  -15.138  -18.336 0.0000000000
75537  23.810  -12.675  -19.376 0.0000000000
79665  26.584  -8.303  -21.371 0.0000000000
79657  26.760  -9.027  -20.527 0.0000000000
91340  24.307  2.625  -19.007 0.0000000000
80653  25.182  -7.142  -19.039 0.0000000000
80668  25.628  -7.342  -20.046 0.0000000000
66086  22.584  -20.613  -14.339 0.0000000000
67233  23.306  -19.605  -14.725 0.0000000000
70730  24.052  -16.655  -17.087 0.0000000000
87164  25.078  -1.892  -19.016 0.0000000000
87163  26.268  -2.118  -19.876 0.0000000000
90355  26.807  1.223  -25.313 0.0000000000
96384  21.039  7.828  -19.560 0.0000000000
96383  21.948  7.328  -19.509 0.0000000000
95410  22.206  6.922  -21.465 0.0000000000
93414  22.525  4.808  -25.542 0.0000000000
93425  23.461  4.796  -26.209 0.0000000000
76510  25.766  -12.151  -18.455 0.0000000000
70746  23.349  -16.245  -17.543 0.0000000000
89197  25.594  0.130  -19.150 0.0000000000
90312  25.644  1.350  -19.451 0.0000000000
91354  26.116  2.660  -21.062 0.0000000000
91347  26.300  1.978  -20.616 0.0000000000
91368  26.459  1.901  -23.617 0.0000000000
91369  26.024  2.665  -23.167 0.0000000000
97484  20.368  8.501  -21.400 0.0000000000
77567  23.059  -10.149  -18.576 0.0000000000
78645  25.011  -9.664  -20.340 0.0000000000
77597  25.547  -10.169  -20.503 0.0000000000
78643  26.269  -9.747  -20.582 0.0000000000
68370  23.352  -18.611  -15.613 0.0000000000
68351  23.764  -18.905  -14.980 0.0000000000
83777  26.904  -5.088  -22.324 0.0000000000
82726  26.710  -5.695  -22.866 0.0000000000
82725  27.353  -5.543  -23.221 0.0000000000
81679  23.308  -6.617  -18.771 0.0000000000
84938  24.670  -3.698  -19.037 0.0000000000
82699  24.790  -5.456  -18.933 0.0000000000
83747  25.136  -4.588  -19.203 0.0000000000
83765  26.251  -4.879  -20.801 0.0000000000
84936  26.019  -3.895  -19.920 0.0000000000
87177  27.313  -2.505  -21.648 0.0000000000
86135  27.167  -3.339  -21.784 0.0000000000
86150  27.638  -2.927  -23.008 0.0000000000
87194  27.747  -1.975  -23.182 0.0000000000
89211  27.174  -0.093  -21.107 0.0000000000
88193  28.045  -0.912  -24.478 0.0000000000
95381  23.018  6.360  -19.415 0.0000000000
94344  22.756  5.636  -18.675 0.0000000000
93349  22.129  4.524  -18.414 0.0000000000
94405  21.321  5.593  -24.679 0.0000000000
95445  21.077  6.433  -24.556 0.0000000000
95430  21.802  5.602  -23.648 0.0000000000
93395  23.352  4.624  -23.434 0.0000000000
94395  23.003  5.295  -22.991 0.0000000000
93387  23.669  4.787  -22.627 0.0000000000
94387  24.162  4.953  -21.197 0.0000000000
93386  24.299  4.493  -21.860 0.0000000000
92371  24.885  3.850  -22.292 0.0000000000
93423  24.850  3.892  -25.955 0.0000000000
92397  25.052  3.441  -25.654 0.0000000000
91388  25.629  2.605  -25.296 0.0000000000
71911  23.607  -14.875  -18.429 0.0000000000
76545  23.785  -11.951  -19.355 0.0000000000
75535  24.946  -12.253  -19.687 0.0000000000
75507  25.577  -12.711  -18.291 0.0000000000
74356  25.309  -13.443  -18.699 0.0000000000
73090  25.054  -14.208  -18.004 0.0000000000
80692  27.305  -7.566  -22.851 0.0000000000
80684  26.905  -7.683  -22.392 0.0000000000
79673  27.159  -7.983  -22.268 0.0000000000
90313  24.615  1.689  -18.881 0.0000000000
91339  25.222  2.410  -19.438 0.0000000000
92345  25.539  2.918  -19.863 0.0000000000
92364  25.568  3.306  -21.670 0.0000000000
79649  24.429  -8.462  -18.884 0.0000000000
78632  24.465  -9.410  -19.352 0.0000000000
79658  25.409  -8.592  -20.464 0.0000000000
79666  25.962  -8.697  -21.075 0.0000000000
69554  23.898  -17.865  -16.297 0.0000000000
69535  24.212  -17.715  -15.259 0.0000000000
70691  24.475  -16.770  -14.967 0.0000000000
84985  28.174  -3.872  -23.563 0.0000000000
83804  28.104  -5.235  -23.588 0.0000000000
84939  23.606  -3.622  -19.065 0.0000000000
86123  25.348  -2.914  -19.249 0.0000000000
86122  26.108  -3.269  -19.801 0.0000000000
87179  26.757  -2.487  -20.424 0.0000000000
87178  27.016  -1.919  -20.717 0.0000000000
90338  26.899  1.114  -22.957 0.0000000000
89227  27.289  0.464  -23.370 0.0000000000
90346  27.358  0.595  -24.165 0.0000000000
90354  27.351  0.591  -24.765 0.0000000000
95382  22.431  6.788  -19.227 0.0000000000
95397  23.097  6.244  -20.501 0.0000000000
94424  21.808  5.810  -25.299 0.0000000000
94404  21.919  5.135  -24.284 0.0000000000
93404  22.873  4.356  -24.360 0.0000000000
93412  23.745  3.796  -24.793 0.0000000000
93424  24.202  4.008  -25.745 0.0000000000
76543  25.321  -11.619  -19.762 0.0000000000
76527  25.674  -12.056  -18.968 0.0000000000
67249  22.426  -19.114  -15.203 0.0000000000
68385  22.316  -18.166  -16.230 0.0000000000
69570  23.016  -17.879  -16.841 0.0000000000
69569  23.590  -17.404  -16.941 0.0000000000
88158  24.764  -0.793  -18.632 0.0000000000
88157  25.828  -0.970  -19.416 0.0000000000
90331  26.987  1.112  -21.788 0.0000000000
90325  26.164  1.721  -20.115 0.0000000000
91377  26.345  1.920  -24.744 0.0000000000
97454  20.548  8.396  -19.964 0.0000000000
97466  20.502  8.537  -20.702 0.0000000000
96414  20.945  7.832  -21.604 0.0000000000
77586  23.944  -10.959  -19.023 0.0000000000
77585  24.718  -10.565  -19.731 0.0000000000
77584  25.406  -10.710  -20.078 0.0000000000
76542  25.616  -11.022  -19.838 0.0000000000
77566  26.203  -10.589  -18.962 0.0000000000
81691  25.972  -6.127  -21.004 0.0000000000
81702  25.895  -6.906  -21.028 0.0000000000
81701  26.081  -6.385  -21.729 0.0000000000
81710  26.443  -6.664  -22.630 0.0000000000
81720  27.698  -6.899  -23.439 0.0000000000
82735  28.644  -5.987  -23.998 0.0000000000
81718  28.986  -6.447  -24.128 0.0000000000
81709  28.803  -6.750  -23.108 0.0000000000
80655  23.366  -7.753  -18.571 0.0000000000
80654  24.402  -7.445  -18.599 0.0000000000
81677  25.292  -6.336  -19.382 0.0000000000
82700  23.715  -5.517  -18.917 0.0000000000
82711  25.882  -5.469  -20.546 0.0000000000
83764  26.660  -4.807  -21.548 0.0000000000
84965  27.048  -4.450  -22.042 0.0000000000
84955  26.490  -3.922  -20.580 0.0000000000
84953  27.134  -3.692  -21.871 0.0000000000
84973  27.442  -3.813  -22.830 0.0000000000
86158  28.104  -2.646  -23.441 0.0000000000
88156  26.638  -1.114  -20.342 0.0000000000
88172  27.241  -1.057  -21.010 0.0000000000
88171  27.502  -1.466  -21.676 0.0000000000
89226  27.540  -0.343  -22.984 0.0000000000
88178  27.681  -1.258  -22.630 0.0000000000
95420  20.534  7.321  -22.799 0.0000000000
95432  20.244  7.083  -23.406 0.0000000000
95419  21.187  7.039  -22.575 0.0000000000
95409  23.019  5.965  -21.669 0.0000000000
94377  23.733  5.429  -20.777 0.0000000000
94360  24.100  5.006  -20.012 0.0000000000
94376  24.296  4.886  -20.532 0.0000000000
93366  24.635  4.422  -19.894 0.0000000000
92358  25.136  4.000  -20.406 0.0000000000
92365  25.090  3.956  -21.275 0.0000000000
92370  25.491  3.305  -22.726 0.0000000000
92388  24.592  3.667  -24.269 0.0000000000
92378  25.383  3.291  -23.752 0.0000000000
71898  23.553  -15.575  -18.052 0.0000000000
71897  24.296  -15.711  -17.746 0.0000000000
74375  24.067  -13.158  -19.351 0.0000000000
75521  24.884  -13.108  -19.447 0.0000000000
74357  24.688  -13.637  -19.102 0.0000000000
73110  24.036  -14.398  -18.662 0.0000000000
73091  24.740  -14.689  -18.197 0.0000000000
78652  26.176  -8.957  -21.135 0.0000000000
79664  27.187  -8.109  -21.896 0.0000000000
79656  27.149  -8.307  -21.099 0.0000000000
78651  26.338  -9.177  -21.013 0.0000000000
78631  26.451  -9.770  -19.692 0.0000000000
67248  22.948  -19.021  -15.344 0.0000000000
68384  22.956  -18.347  -16.185 0.0000000000
71857  24.480  -15.928  -16.337 0.0000000000
74341  25.084  -13.985  -18.437 0.0000000000
74358  23.613  -13.510  -18.943 0.0000000000
74376  23.626  -12.983  -19.236 0.0000000000
75536  24.525  -12.709  -19.541 0.0000000000
77596  25.923  -10.025  -20.617 0.0000000000
79674  26.964  -8.099  -22.054 0.0000000000
80683  27.556  -7.749  -22.525 0.0000000000
80690  28.031  -7.183  -23.429 0.0000000000
80691  27.649  -7.420  -23.168 0.0000000000
81664  22.673  -7.130  -18.784 0.0000000000
81719  28.473  -6.745  -23.669 0.0000000000
81721  27.103  -7.183  -23.092 0.0000000000
82710  26.236  -5.574  -21.314 0.0000000000
82737  27.088  -6.371  -23.280 0.0000000000
83746  25.805  -4.564  -20.034 0.0000000000
83776  27.218  -4.507  -22.547 0.0000000000
83789  27.139  -5.124  -22.796 0.0000000000
84964  27.206  -3.833  -22.166 0.0000000000
86136  27.048  -3.022  -20.942 0.0000000000
89210  27.424  -0.782  -21.444 0.0000000000
89234  27.342  0.568  -23.882 0.0000000000
90311  26.075  0.640  -19.710 0.0000000000
91353  26.508  1.941  -21.418 0.0000000000
92357  25.610  3.307  -20.542 0.0000000000
93348  23.270  4.446  -18.793 0.0000000000
93394  24.163  4.314  -22.915 0.0000000000
94396  22.260  5.357  -23.522 0.0000000000
94414  21.530  5.697  -25.133 0.0000000000
95364  22.636  6.345  -18.918 0.0000000000
95411  21.497  7.311  -21.763 0.0000000000
96429  20.698  7.490  -22.437 0.0000000000
