#!ascii label  , from subject 3028 vox2ras=TkReg
2026
55922  -38.042  -37.276  66.515 0.0000000000
78264  -55.789  -18.391  42.412 0.0000000000
69112  -43.723  -24.397  55.123 0.0000000000
44325  -10.765  -47.798  54.951 0.0000000000
51296  -23.988  -40.305  65.514 0.0000000000
53794  -6.685  -39.379  59.849 0.0000000000
51288  -9.548  -40.841  66.468 0.0000000000
78228  -50.156  -19.130  48.686 0.0000000000
59117  -7.827  -34.944  55.542 0.0000000000
37969  -7.976  -51.036  61.020 0.0000000000
60097  -35.960  -33.686  60.592 0.0000000000
50168  -33.833  -40.053  63.446 0.0000000000
48912  -31.988  -42.120  66.472 0.0000000000
85409  -58.698  -13.345  41.778 0.0000000000
75546  -46.567  -20.784  52.546 0.0000000000
52554  -18.818  -39.859  61.234 0.0000000000
63894  -6.942  -30.332  60.861 0.0000000000
49062  -10.318  -43.802  57.729 0.0000000000
51503  -8.452  -40.644  54.253 0.0000000000
45516  -10.165  -46.146  51.699 0.0000000000
41791  -12.991  -48.233  68.568 0.0000000000
40531  -9.377  -49.364  69.585 0.0000000000
70322  -40.705  -24.087  59.444 0.0000000000
48856  -28.417  -41.895  69.189 0.0000000000
51371  -27.248  -39.054  61.931 0.0000000000
53762  -8.525  -39.647  63.416 0.0000000000
46541  -10.960  -45.095  62.222 0.0000000000
73093  -52.850  -21.533  45.457 0.0000000000
44106  -14.265  -46.255  66.502 0.0000000000
47699  -15.935  -43.696  64.363 0.0000000000
57001  -6.886  -36.575  57.519 0.0000000000
54974  -7.074  -38.457  52.121 0.0000000000
50055  -11.484  -42.367  69.494 0.0000000000
44145  -9.222  -47.016  65.766 0.0000000000
43133  -6.341  -49.067  57.827 0.0000000000
58972  -38.335  -34.175  65.692 0.0000000000
55941  -36.534  -36.935  63.825 0.0000000000
57984  -36.652  -35.140  63.723 0.0000000000
52525  -36.114  -39.342  65.085 0.0000000000
52546  -35.307  -39.152  62.301 0.0000000000
51286  -35.887  -41.067  66.600 0.0000000000
80574  -57.235  -16.372  41.724 0.0000000000
77045  -52.609  -18.804  42.008 0.0000000000
79435  -54.537  -17.025  40.648 0.0000000000
82900  -55.479  -14.908  40.114 0.0000000000
72987  -45.585  -23.247  53.636 0.0000000000
69149  -40.971  -24.635  53.588 0.0000000000
70466  -43.344  -24.732  52.159 0.0000000000
73037  -44.204  -23.125  51.117 0.0000000000
46607  -11.952  -45.462  56.572 0.0000000000
47838  -12.119  -44.492  53.942 0.0000000000
43186  -12.255  -47.828  52.996 0.0000000000
42032  -8.453  -49.480  51.552 0.0000000000
40792  -10.278  -50.580  52.495 0.0000000000
39254  -12.833  -48.968  64.910 0.0000000000
39239  -12.218  -51.535  66.244 0.0000000000
69039  -39.500  -25.002  60.929 0.0000000000
63888  -36.936  -30.536  61.855 0.0000000000
62597  -35.609  -31.320  58.958 0.0000000000
66522  -36.805  -27.777  59.656 0.0000000000
67866  -37.551  -26.547  58.110 0.0000000000
51249  -30.150  -41.125  70.683 0.0000000000
48995  -31.245  -40.241  61.933 0.0000000000
50151  -29.665  -40.191  64.190 0.0000000000
90627  -57.548  -9.902  38.362 0.0000000000
90637  -59.307  -7.914  37.072 0.0000000000
53745  -9.133  -39.944  65.108 0.0000000000
48971  -8.683  -42.940  62.843 0.0000000000
48919  -8.832  -43.339  65.205 0.0000000000
74307  -51.438  -20.571  46.501 0.0000000000
78234  -46.800  -19.138  47.732 0.0000000000
76991  -48.489  -20.597  45.516 0.0000000000
71832  -50.045  -21.773  44.624 0.0000000000
45269  -15.131  -45.410  70.402 0.0000000000
46451  -15.782  -43.951  69.066 0.0000000000
58012  -7.721  -35.415  60.508 0.0000000000
59058  -6.829  -34.402  60.296 0.0000000000
55979  -6.601  -37.445  58.702 0.0000000000
51568  -8.579  -41.674  50.628 0.0000000000
52707  -7.287  -39.672  52.924 0.0000000000
51591  -7.145  -41.668  49.343 0.0000000000
48825  -13.087  -42.952  70.777 0.0000000000
39251  -9.131  -50.686  65.614 0.0000000000
42977  -8.763  -47.847  68.025 0.0000000000
41846  -8.734  -48.924  63.884 0.0000000000
44193  -8.263  -48.146  61.920 0.0000000000
40651  -6.821  -50.298  59.658 0.0000000000
61261  -36.871  -32.500  63.039 0.0000000000
50063  -32.401  -41.501  69.816 0.0000000000
50084  -33.937  -41.689  68.477 0.0000000000
48945  -32.933  -40.371  65.408 0.0000000000
88026  -59.555  -11.184  41.062 0.0000000000
86678  -56.768  -12.270  39.672 0.0000000000
78167  -48.286  -18.834  51.159 0.0000000000
75573  -45.106  -21.208  50.098 0.0000000000
51389  -23.223  -39.267  61.380 0.0000000000
50181  -21.574  -39.667  63.490 0.0000000000
61309  -7.349  -32.354  58.606 0.0000000000
50223  -7.203  -41.805  58.624 0.0000000000
52613  -7.250  -40.921  56.966 0.0000000000
50290  -9.836  -42.678  55.774 0.0000000000
49174  -11.157  -43.252  51.684 0.0000000000
47899  -7.980  -44.690  50.809 0.0000000000
44077  -13.232  -47.137  71.822 0.0000000000
44074  -11.060  -47.071  71.172 0.0000000000
40534  -11.911  -50.508  69.621 0.0000000000
37875  -10.436  -52.191  66.986 0.0000000000
70378  -42.664  -23.999  56.553 0.0000000000
69091  -38.885  -24.947  56.104 0.0000000000
50094  -26.579  -40.802  67.692 0.0000000000
48895  -30.455  -41.703  67.405 0.0000000000
50128  -28.282  -40.145  65.638 0.0000000000
51331  -25.718  -39.609  64.044 0.0000000000
56978  -10.010  -36.616  60.821 0.0000000000
55955  -10.326  -38.052  61.907 0.0000000000
53779  -7.738  -39.562  61.380 0.0000000000
50208  -8.422  -42.479  60.198 0.0000000000
47758  -10.277  -44.222  60.227 0.0000000000
46593  -10.897  -46.297  58.112 0.0000000000
75664  -53.945  -20.241  43.593 0.0000000000
74368  -51.480  -20.899  43.378 0.0000000000
44084  -14.709  -47.185  70.898 0.0000000000
42991  -13.640  -47.563  67.108 0.0000000000
40602  -14.750  -48.808  63.757 0.0000000000
50141  -19.310  -40.522  65.472 0.0000000000
50090  -17.751  -40.984  67.292 0.0000000000
48882  -16.494  -42.137  67.684 0.0000000000
46477  -15.556  -44.819  65.232 0.0000000000
43044  -16.005  -47.718  63.128 0.0000000000
62532  -6.937  -31.508  62.383 0.0000000000
60101  -6.622  -33.578  59.248 0.0000000000
59115  -6.647  -34.983  56.161 0.0000000000
53828  -6.897  -39.684  55.774 0.0000000000
56009  -6.858  -37.584  54.311 0.0000000000
57047  -7.018  -36.820  53.691 0.0000000000
51267  -10.917  -41.330  68.545 0.0000000000
45268  -10.278  -45.957  69.747 0.0000000000
47655  -9.181  -44.596  68.531 0.0000000000
48880  -8.204  -43.858  67.236 0.0000000000
45325  -9.391  -45.963  64.480 0.0000000000
45386  -8.908  -47.280  59.987 0.0000000000
43153  -8.480  -48.628  56.479 0.0000000000
38017  -5.118  -52.487  59.254 0.0000000000
38068  -5.576  -52.452  56.771 0.0000000000
39432  -9.724  -51.466  54.397 0.0000000000
57928  -38.277  -35.656  66.435 0.0000000000
58959  -38.297  -35.277  67.956 0.0000000000
55930  -37.897  -37.162  65.537 0.0000000000
56940  -37.794  -36.171  64.966 0.0000000000
54865  -37.434  -38.797  65.686 0.0000000000
54876  -36.511  -38.372  63.936 0.0000000000
54863  -37.729  -38.086  67.068 0.0000000000
53744  -37.039  -39.476  66.233 0.0000000000
79406  -56.510  -17.197  41.761 0.0000000000
78262  -54.360  -18.722  42.323 0.0000000000
79414  -53.428  -17.791  41.230 0.0000000000
79404  -55.062  -17.945  41.534 0.0000000000
80584  -55.983  -16.405  40.912 0.0000000000
71688  -44.947  -23.717  54.420 0.0000000000
71675  -46.262  -22.945  55.444 0.0000000000
71674  -45.508  -23.566  55.732 0.0000000000
69175  -41.813  -24.890  52.934 0.0000000000
69177  -43.236  -24.627  53.428 0.0000000000
71724  -44.185  -23.988  52.534 0.0000000000
45483  -10.895  -46.710  55.529 0.0000000000
45485  -12.000  -46.272  54.120 0.0000000000
43176  -11.232  -48.388  54.170 0.0000000000
42015  -10.925  -48.989  52.699 0.0000000000
43184  -10.989  -48.954  53.777 0.0000000000
37953  -13.542  -50.048  63.128 0.0000000000
37934  -13.051  -50.245  63.947 0.0000000000
66490  -37.685  -28.103  62.633 0.0000000000
65230  -36.779  -29.298  61.411 0.0000000000
66506  -37.550  -27.579  61.725 0.0000000000
69037  -37.891  -26.381  60.480 0.0000000000
89377  -58.825  -9.595  38.711 0.0000000000
90629  -58.658  -9.103  38.138 0.0000000000
92999  -59.654  -7.343  38.464 0.0000000000
52504  -9.426  -40.497  66.144 0.0000000000
50115  -7.907  -41.546  65.102 0.0000000000
51287  -8.835  -41.258  66.260 0.0000000000
75621  -51.461  -19.818  47.400 0.0000000000
75612  -52.449  -19.599  48.363 0.0000000000
78226  -48.726  -18.705  48.789 0.0000000000
76970  -47.353  -19.378  46.763 0.0000000000
76972  -49.277  -19.428  46.991 0.0000000000
75631  -50.657  -20.304  46.455 0.0000000000
46444  -16.385  -44.032  71.061 0.0000000000
47648  -16.684  -43.634  70.548 0.0000000000
50108  -24.773  -40.314  67.133 0.0000000000
50123  -22.849  -40.494  65.937 0.0000000000
60159  -8.453  -33.896  56.798 0.0000000000
55963  -7.629  -37.364  60.488 0.0000000000
55962  -6.989  -36.922  60.223 0.0000000000
54922  -6.513  -38.398  59.262 0.0000000000
49189  -7.271  -43.502  50.116 0.0000000000
51567  -7.768  -41.563  49.988 0.0000000000
50410  -6.937  -42.713  49.296 0.0000000000
50019  -13.220  -41.592  73.010 0.0000000000
48826  -13.536  -43.708  71.040 0.0000000000
39264  -9.061  -50.282  63.601 0.0000000000
40599  -8.968  -49.679  64.215 0.0000000000
39278  -7.907  -50.357  62.297 0.0000000000
40626  -7.322  -50.096  61.456 0.0000000000
39306  -7.422  -50.711  60.813 0.0000000000
60031  -37.898  -33.561  64.507 0.0000000000
60040  -37.070  -33.326  63.496 0.0000000000
61245  -37.933  -32.094  64.114 0.0000000000
63865  -37.466  -31.115  63.555 0.0000000000
51318  -34.334  -39.936  65.098 0.0000000000
50114  -34.183  -40.739  66.313 0.0000000000
48963  -33.237  -40.025  64.222 0.0000000000
48979  -32.664  -40.358  62.663 0.0000000000
86670  -59.016  -12.312  40.930 0.0000000000
84105  -57.301  -13.841  40.783 0.0000000000
85430  -56.094  -13.129  39.651 0.0000000000
85415  -57.446  -12.895  40.598 0.0000000000
86680  -57.845  -11.459  39.928 0.0000000000
75560  -47.477  -19.850  52.120 0.0000000000
76876  -48.836  -19.476  52.586 0.0000000000
75548  -48.189  -19.855  53.132 0.0000000000
75544  -45.344  -21.670  51.881 0.0000000000
74272  -44.655  -22.125  50.718 0.0000000000
76892  -45.625  -20.575  51.301 0.0000000000
76916  -46.656  -19.076  50.807 0.0000000000
65224  -7.431  -29.423  60.431 0.0000000000
62575  -7.656  -30.876  59.209 0.0000000000
62574  -6.989  -31.256  59.425 0.0000000000
49060  -8.804  -43.398  58.419 0.0000000000
50253  -8.627  -42.806  57.547 0.0000000000
50272  -10.099  -43.060  56.174 0.0000000000
46678  -11.990  -45.455  52.444 0.0000000000
49151  -11.873  -43.164  52.624 0.0000000000
47874  -10.639  -44.894  51.990 0.0000000000
49172  -9.474  -43.634  51.059 0.0000000000
46697  -8.613  -45.739  50.846 0.0000000000
45527  -8.494  -46.847  51.460 0.0000000000
42970  -13.616  -48.337  69.818 0.0000000000
42964  -12.458  -48.490  70.841 0.0000000000
40536  -12.004  -49.112  69.240 0.0000000000
37913  -11.568  -52.647  64.947 0.0000000000
37876  -11.332  -52.175  66.801 0.0000000000
37912  -10.672  -52.617  65.331 0.0000000000
36621  -9.265  -52.339  64.348 0.0000000000
70340  -41.431  -24.086  58.372 0.0000000000
70338  -39.311  -24.985  58.472 0.0000000000
69076  -38.120  -25.720  57.541 0.0000000000
70357  -40.131  -24.693  57.504 0.0000000000
70376  -40.987  -24.477  56.574 0.0000000000
50066  -27.941  -42.066  69.678 0.0000000000
48872  -27.025  -40.791  68.681 0.0000000000
48893  -27.991  -40.625  67.843 0.0000000000
48877  -32.300  -42.510  68.127 0.0000000000
48876  -31.471  -42.636  68.289 0.0000000000
48911  -31.311  -41.599  66.534 0.0000000000
51334  -28.883  -39.832  63.139 0.0000000000
50129  -29.268  -40.319  65.214 0.0000000000
51316  -27.826  -39.747  64.191 0.0000000000
51315  -26.767  -39.637  64.608 0.0000000000
51352  -26.476  -39.177  62.933 0.0000000000
52559  -25.185  -39.046  61.590 0.0000000000
54883  -9.884  -39.043  63.744 0.0000000000
54894  -9.484  -38.941  62.864 0.0000000000
54905  -9.549  -38.790  61.965 0.0000000000
53769  -7.941  -39.662  62.240 0.0000000000
51361  -7.532  -41.106  61.261 0.0000000000
51342  -7.959  -40.864  62.212 0.0000000000
47728  -9.895  -44.169  62.257 0.0000000000
47742  -9.311  -43.672  61.852 0.0000000000
47745  -11.120  -44.882  61.146 0.0000000000
46582  -11.263  -45.632  58.976 0.0000000000
45404  -11.166  -46.172  59.975 0.0000000000
74347  -53.509  -20.951  44.597 0.0000000000
75648  -54.926  -20.397  44.669 0.0000000000
73095  -53.950  -21.122  46.058 0.0000000000
71834  -51.804  -21.498  45.193 0.0000000000
71868  -50.850  -21.667  44.033 0.0000000000
73107  -52.168  -21.424  44.408 0.0000000000
74369  -52.629  -20.680  43.574 0.0000000000
45260  -15.654  -46.315  72.308 0.0000000000
45276  -15.034  -45.629  68.699 0.0000000000
44094  -14.454  -45.919  69.480 0.0000000000
42992  -13.913  -47.174  66.934 0.0000000000
41826  -14.268  -48.051  65.186 0.0000000000
43020  -14.627  -47.498  64.969 0.0000000000
52544  -19.952  -39.805  62.324 0.0000000000
50162  -20.475  -40.068  64.446 0.0000000000
51345  -18.623  -40.310  62.933 0.0000000000
48972  -16.424  -42.852  62.676 0.0000000000
50140  -17.366  -41.024  64.468 0.0000000000
50117  -16.516  -41.835  65.752 0.0000000000
50089  -16.905  -41.561  67.209 0.0000000000
48921  -16.213  -42.872  65.946 0.0000000000
47675  -16.053  -43.320  67.308 0.0000000000
47688  -15.725  -43.772  65.172 0.0000000000
44179  -16.414  -46.842  62.475 0.0000000000
61252  -7.989  -32.511  62.637 0.0000000000
58020  -7.049  -35.381  59.380 0.0000000000
59075  -6.666  -34.480  59.776 0.0000000000
58028  -6.861  -35.408  58.466 0.0000000000
59089  -6.851  -34.556  57.870 0.0000000000
58052  -6.554  -35.894  56.885 0.0000000000
51457  -7.568  -41.062  55.484 0.0000000000
53817  -7.204  -40.108  56.504 0.0000000000
51480  -6.974  -40.544  54.980 0.0000000000
53881  -6.887  -39.054  52.456 0.0000000000
53861  -6.715  -39.246  53.988 0.0000000000
54973  -6.677  -38.328  52.893 0.0000000000
57046  -6.839  -37.063  54.040 0.0000000000
56022  -6.908  -37.695  52.728 0.0000000000
56023  -7.686  -38.011  52.166 0.0000000000
51255  -10.762  -42.305  68.984 0.0000000000
42963  -10.123  -48.223  71.170 0.0000000000
45255  -10.819  -46.280  70.895 0.0000000000
42961  -10.207  -47.827  69.340 0.0000000000
44105  -8.502  -46.989  67.535 0.0000000000
45271  -9.009  -46.074  68.375 0.0000000000
45274  -8.477  -45.828  67.780 0.0000000000
48861  -8.667  -43.992  67.965 0.0000000000
46456  -8.128  -45.348  66.854 0.0000000000
46458  -8.563  -44.737  65.989 0.0000000000
45309  -8.864  -46.120  65.322 0.0000000000
44239  -7.554  -48.790  59.912 0.0000000000
44211  -8.261  -48.111  60.929 0.0000000000
44241  -7.963  -48.334  59.158 0.0000000000
44257  -8.420  -48.180  58.298 0.0000000000
43152  -7.226  -48.842  56.778 0.0000000000
35397  -5.917  -54.280  57.067 0.0000000000
38048  -5.446  -52.427  57.898 0.0000000000
61229  -38.128  -32.800  65.628 0.0000000000
55948  -35.799  -37.225  62.154 0.0000000000
56963  -36.435  -36.251  62.173 0.0000000000
56948  -36.954  -36.098  64.207 0.0000000000
58978  -37.551  -34.499  65.046 0.0000000000
51319  -34.738  -39.589  64.448 0.0000000000
52535  -35.212  -39.257  63.729 0.0000000000
54886  -35.604  -37.886  63.317 0.0000000000
52512  -35.713  -39.828  65.589 0.0000000000
82880  -57.599  -14.816  41.655 0.0000000000
79433  -52.610  -17.574  41.025 0.0000000000
80624  -53.607  -16.017  40.226 0.0000000000
82916  -53.646  -14.538  39.573 0.0000000000
81788  -55.078  -15.563  40.231 0.0000000000
81776  -56.611  -15.602  40.758 0.0000000000
74246  -46.170  -22.034  52.714 0.0000000000
74236  -47.292  -20.738  53.969 0.0000000000
74223  -46.445  -21.885  54.066 0.0000000000
72962  -47.231  -21.711  55.892 0.0000000000
69147  -39.045  -25.190  53.307 0.0000000000
69173  -39.944  -25.100  52.508 0.0000000000
70464  -41.616  -25.251  51.280 0.0000000000
70479  -41.968  -25.328  50.486 0.0000000000
70481  -43.411  -24.586  49.884 0.0000000000
71742  -43.533  -24.091  51.615 0.0000000000
73001  -44.633  -23.428  52.353 0.0000000000
47793  -11.711  -44.604  57.106 0.0000000000
49079  -11.573  -43.757  56.364 0.0000000000
46624  -12.089  -45.170  55.010 0.0000000000
45501  -12.275  -46.147  53.501 0.0000000000
44343  -10.702  -47.249  51.901 0.0000000000
44352  -9.240  -47.639  51.810 0.0000000000
43210  -10.527  -48.212  51.974 0.0000000000
40806  -9.989  -49.820  52.026 0.0000000000
40562  -12.899  -49.016  66.680 0.0000000000
39210  -11.546  -49.648  67.301 0.0000000000
39253  -12.337  -49.871  65.035 0.0000000000
70321  -39.499  -24.638  59.681 0.0000000000
62567  -36.472  -31.777  61.404 0.0000000000
61300  -35.747  -32.622  60.262 0.0000000000
63900  -36.480  -30.459  60.626 0.0000000000
65244  -36.286  -29.411  59.524 0.0000000000
65258  -36.349  -28.577  59.246 0.0000000000
67852  -37.356  -26.780  59.080 0.0000000000
69048  -37.729  -25.957  59.796 0.0000000000
50060  -29.977  -42.011  70.311 0.0000000000
48942  -31.378  -40.617  64.469 0.0000000000
48926  -30.714  -40.840  65.144 0.0000000000
48957  -30.616  -40.296  63.090 0.0000000000
50199  -29.816  -39.490  62.191 0.0000000000
89385  -56.322  -9.564  37.658 0.0000000000
90646  -57.099  -8.549  36.626 0.0000000000
91824  -58.330  -7.955  35.849 0.0000000000
93012  -58.451  -7.294  34.541 0.0000000000
53752  -8.888  -39.843  64.281 0.0000000000
51324  -8.052  -41.007  63.329 0.0000000000
51306  -8.156  -41.031  64.299 0.0000000000
48937  -8.802  -43.068  64.322 0.0000000000
47711  -9.440  -44.189  63.537 0.0000000000
73080  -52.083  -21.326  46.023 0.0000000000
74295  -53.144  -20.133  47.593 0.0000000000
75627  -46.964  -20.028  45.274 0.0000000000
74331  -47.812  -21.275  44.660 0.0000000000
73105  -48.774  -21.997  44.544 0.0000000000
74333  -49.669  -21.227  45.294 0.0000000000
73078  -50.961  -21.100  45.823 0.0000000000
45261  -16.169  -46.117  71.956 0.0000000000
45265  -15.714  -44.854  71.230 0.0000000000
45270  -15.636  -44.734  70.252 0.0000000000
45277  -15.286  -44.921  68.260 0.0000000000
48973  -16.696  -43.250  61.630 0.0000000000
46513  -16.399  -45.173  62.598 0.0000000000
58001  -8.083  -34.689  60.776 0.0000000000
60065  -7.612  -33.315  61.235 0.0000000000
56983  -6.846  -36.236  59.809 0.0000000000
55980  -6.998  -37.390  57.952 0.0000000000
52709  -9.219  -40.365  52.250 0.0000000000
52689  -7.796  -40.187  53.674 0.0000000000
52729  -8.405  -40.631  51.327 0.0000000000
52728  -7.583  -39.597  51.754 0.0000000000
53911  -6.876  -39.236  50.308 0.0000000000
53685  -11.670  -39.433  73.626 0.0000000000
51234  -12.043  -41.061  72.122 0.0000000000
50043  -12.357  -42.477  70.084 0.0000000000
39205  -9.146  -50.558  67.908 0.0000000000
41789  -9.336  -48.634  68.859 0.0000000000
40573  -8.862  -49.178  66.654 0.0000000000
41824  -9.040  -48.617  66.331 0.0000000000
43019  -9.049  -48.133  64.816 0.0000000000
44160  -9.038  -47.430  64.417 0.0000000000
41869  -8.075  -48.990  62.124 0.0000000000
41881  -7.397  -49.185  60.619 0.0000000000
41913  -6.322  -50.063  58.460 0.0000000000
59072  -36.008  -34.610  60.616 0.0000000000
57996  -36.503  -35.302  62.435 0.0000000000
59034  -36.333  -34.303  62.108 0.0000000000
61288  -36.236  -32.996  61.310 0.0000000000
62553  -36.872  -31.616  62.457 0.0000000000
65207  -37.609  -29.792  62.968 0.0000000000
48913  -32.846  -42.247  66.589 0.0000000000
51285  -35.119  -41.288  67.285 0.0000000000
48930  -33.100  -41.183  66.483 0.0000000000
48929  -32.438  -41.167  66.163 0.0000000000
48977  -31.837  -40.435  62.625 0.0000000000
85429  -55.416  -12.809  39.317 0.0000000000
88041  -57.077  -10.862  39.112 0.0000000000
88037  -58.660  -10.410  39.617 0.0000000000
76945  -49.392  -18.570  49.934 0.0000000000
76919  -50.233  -18.578  50.605 0.0000000000
76896  -49.487  -19.023  51.701 0.0000000000
71781  -43.744  -23.257  49.697 0.0000000000
76943  -45.109  -19.899  49.490 0.0000000000
78211  -47.057  -18.675  49.631 0.0000000000
50183  -23.036  -39.987  63.113 0.0000000000
50164  -22.175  -40.157  64.045 0.0000000000
51348  -21.977  -39.516  62.620 0.0000000000
52556  -20.942  -39.561  61.389 0.0000000000
61310  -8.570  -32.236  58.211 0.0000000000
60158  -7.801  -34.080  56.707 0.0000000000
52583  -6.741  -40.299  59.319 0.0000000000
52597  -7.009  -40.467  58.327 0.0000000000
50237  -7.477  -41.613  57.713 0.0000000000
50269  -7.733  -41.660  56.006 0.0000000000
51484  -9.504  -41.483  54.854 0.0000000000
49111  -10.916  -43.076  54.470 0.0000000000
50324  -10.885  -42.093  53.809 0.0000000000
51522  -10.579  -41.153  53.129 0.0000000000
149003  -10.341  -41.766  51.415 0.0000000000
46433  -12.833  -45.346  71.473 0.0000000000
44076  -12.536  -46.919  71.353 0.0000000000
41776  -11.553  -48.579  71.750 0.0000000000
40527  -10.508  -50.389  70.313 0.0000000000
39209  -11.189  -50.191  67.814 0.0000000000
39196  -10.757  -51.266  68.903 0.0000000000
39206  -9.690  -51.284  68.088 0.0000000000
37891  -9.241  -51.302  66.388 0.0000000000
37929  -9.471  -51.494  63.888 0.0000000000
37948  -8.996  -51.375  62.316 0.0000000000
69095  -43.044  -24.352  55.888 0.0000000000
70380  -44.655  -23.761  56.789 0.0000000000
70361  -44.041  -23.625  57.324 0.0000000000
60127  -35.051  -33.009  58.329 0.0000000000
69123  -38.140  -25.523  54.126 0.0000000000
69109  -41.548  -24.445  55.607 0.0000000000
50078  -26.064  -40.996  68.317 0.0000000000
50125  -25.368  -40.317  66.378 0.0000000000
51259  -31.509  -41.456  70.356 0.0000000000
50069  -30.640  -42.289  69.347 0.0000000000
48874  -29.372  -41.979  68.434 0.0000000000
48909  -29.788  -40.800  65.796 0.0000000000
50112  -28.859  -40.405  66.314 0.0000000000
50096  -28.299  -40.704  67.044 0.0000000000
50127  -27.283  -40.105  66.009 0.0000000000
50148  -26.575  -39.871  65.483 0.0000000000
52534  -24.898  -40.110  64.319 0.0000000000
51369  -24.730  -39.294  62.162 0.0000000000
93022  -59.308  -6.795  33.880 0.0000000000
93029  -59.491  -6.459  33.143 0.0000000000
93031  -60.845  -5.556  32.898 0.0000000000
56976  -8.133  -36.510  60.460 0.0000000000
54914  -7.829  -38.315  60.800 0.0000000000
55966  -10.236  -37.386  61.080 0.0000000000
55953  -8.909  -38.419  61.071 0.0000000000
53787  -7.235  -39.459  60.683 0.0000000000
51383  -7.045  -41.131  60.488 0.0000000000
50224  -7.742  -42.393  59.373 0.0000000000
49025  -8.932  -43.088  59.425 0.0000000000
50176  -8.537  -42.481  62.633 0.0000000000
49008  -9.373  -43.365  60.370 0.0000000000
49028  -10.516  -44.125  59.104 0.0000000000
47783  -11.444  -44.637  58.244 0.0000000000
46606  -11.114  -46.072  57.014 0.0000000000
44316  -10.435  -47.575  55.959 0.0000000000
77018  -54.888  -19.282  42.910 0.0000000000
71866  -49.133  -22.606  43.572 0.0000000000
73129  -49.961  -21.834  42.814 0.0000000000
74389  -50.388  -20.537  42.537 0.0000000000
75669  -51.965  -20.345  42.998 0.0000000000
77016  -53.309  -19.569  42.882 0.0000000000
44078  -14.134  -47.343  71.655 0.0000000000
42971  -14.184  -47.635  70.144 0.0000000000
44090  -14.843  -46.242  70.591 0.0000000000
44089  -13.909  -46.780  70.047 0.0000000000
41792  -13.212  -47.743  68.071 0.0000000000
40601  -14.119  -48.979  64.169 0.0000000000
50144  -21.965  -40.470  64.972 0.0000000000
50121  -20.707  -40.783  66.030 0.0000000000
50105  -20.227  -40.787  66.602 0.0000000000
51326  -17.965  -40.464  63.936 0.0000000000
50119  -18.847  -40.601  65.921 0.0000000000
48884  -18.928  -41.178  67.676 0.0000000000
48863  -18.198  -41.545  68.810 0.0000000000
47667  -17.312  -41.936  69.099 0.0000000000
47658  -17.911  -42.236  69.849 0.0000000000
47666  -16.414  -42.725  68.750 0.0000000000
46453  -15.536  -44.040  67.834 0.0000000000
45289  -14.917  -45.250  65.738 0.0000000000
45342  -16.110  -45.499  63.712 0.0000000000
44161  -15.962  -46.979  63.582 0.0000000000
44147  -15.383  -46.778  64.394 0.0000000000
41848  -15.562  -48.182  63.394 0.0000000000
62549  -6.663  -31.351  61.286 0.0000000000
60086  -7.055  -33.297  60.952 0.0000000000
61280  -6.754  -32.930  60.902 0.0000000000
62559  -6.670  -31.619  60.157 0.0000000000
61308  -6.770  -32.945  58.807 0.0000000000
59090  -7.053  -34.240  57.272 0.0000000000
59116  -7.116  -34.792  55.735 0.0000000000
53809  -7.299  -39.842  57.590 0.0000000000
54936  -7.203  -38.858  57.098 0.0000000000
57005  -10.563  -37.798  56.659 0.0000000000
52687  -6.670  -39.938  54.480 0.0000000000
54952  -6.915  -38.512  55.911 0.0000000000
57026  -7.550  -36.883  56.043 0.0000000000
57034  -5.077  -36.461  55.015 0.0000000000
58086  -5.925  -36.084  54.821 0.0000000000
58088  -7.709  -35.909  54.581 0.0000000000
57038  -8.160  -36.539  54.103 0.0000000000
47629  -12.042  -45.237  70.369 0.0000000000
47638  -11.679  -44.713  69.918 0.0000000000
48832  -10.128  -44.093  69.465 0.0000000000
44092  -9.120  -47.179  68.674 0.0000000000
46442  -9.476  -45.147  68.902 0.0000000000
50053  -9.868  -43.467  69.229 0.0000000000
51264  -9.347  -43.459  68.770 0.0000000000
50076  -9.346  -42.535  67.843 0.0000000000
51281  -9.083  -41.933  66.912 0.0000000000
48901  -8.525  -43.436  66.378 0.0000000000
46476  -9.408  -44.737  65.119 0.0000000000
45340  -10.087  -45.697  63.595 0.0000000000
45338  -8.912  -47.450  62.685 0.0000000000
45355  -9.309  -46.970  62.133 0.0000000000
45371  -9.990  -46.681  61.472 0.0000000000
45402  -9.546  -46.795  59.420 0.0000000000
44274  -9.409  -47.888  57.592 0.0000000000
44314  -9.436  -48.717  55.454 0.0000000000
36680  -7.225  -52.196  60.255 0.0000000000
35346  -6.050  -52.860  59.239 0.0000000000
38002  -6.573  -51.707  59.920 0.0000000000
39336  -5.599  -51.182  59.191 0.0000000000
40684  -4.777  -51.048  57.997 0.0000000000
40722  -5.546  -50.619  56.780 0.0000000000
39391  -6.241  -51.738  56.095 0.0000000000
41943  -6.643  -49.991  56.650 0.0000000000
40745  -7.800  -50.448  55.521 0.0000000000
41980  -9.212  -49.830  55.117 0.0000000000
41981  -9.981  -49.758  54.611 0.0000000000
39445  -10.440  -51.343  53.215 0.0000000000
38153  -9.188  -52.475  52.014 0.0000000000
56910  -38.179  -36.510  66.938 0.0000000000
57913  -38.357  -35.742  67.371 0.0000000000
56928  -38.066  -36.357  65.992 0.0000000000
54866  -37.803  -38.053  66.123 0.0000000000
54870  -37.625  -37.969  65.100 0.0000000000
55910  -38.078  -37.373  67.391 0.0000000000
56893  -38.235  -36.678  67.791 0.0000000000
79395  -55.881  -17.935  42.000 0.0000000000
79396  -56.522  -17.863  42.374 0.0000000000
78263  -54.992  -18.754  42.442 0.0000000000
78274  -54.803  -18.275  41.804 0.0000000000
79405  -55.682  -17.790  41.751 0.0000000000
70410  -44.050  -24.256  54.485 0.0000000000
71673  -44.944  -23.845  55.350 0.0000000000
70411  -44.581  -24.061  55.157 0.0000000000
69129  -43.484  -24.453  54.729 0.0000000000
69151  -42.721  -24.574  53.944 0.0000000000
69152  -43.378  -24.463  54.130 0.0000000000
70427  -43.989  -24.296  53.617 0.0000000000
45484  -11.414  -46.639  54.804 0.0000000000
43175  -10.419  -48.859  54.439 0.0000000000
37973  -13.816  -50.604  62.339 0.0000000000
66489  -37.097  -28.439  61.947 0.0000000000
76962  -50.711  -19.247  48.542 0.0000000000
78237  -49.446  -19.116  48.016 0.0000000000
78236  -48.569  -18.922  47.748 0.0000000000
76973  -50.266  -19.500  47.388 0.0000000000
47640  -18.380  -44.045  71.830 0.0000000000
46445  -17.220  -43.954  71.973 0.0000000000
47649  -17.544  -43.109  71.196 0.0000000000
50124  -24.319  -40.244  66.208 0.0000000000
50107  -23.444  -40.231  67.130 0.0000000000
59100  -9.048  -34.497  56.424 0.0000000000
54913  -6.945  -38.240  60.399 0.0000000000
50411  -7.322  -42.561  49.647 0.0000000000
48818  -14.147  -42.955  71.790 0.0000000000
39292  -8.322  -50.986  61.813 0.0000000000
39279  -8.388  -50.447  62.762 0.0000000000
39291  -7.763  -50.585  61.818 0.0000000000
61237  -38.100  -32.626  64.584 0.0000000000
61236  -37.867  -33.021  64.164 0.0000000000
62527  -38.045  -31.603  64.355 0.0000000000
51335  -34.189  -39.805  64.228 0.0000000000
50153  -33.711  -40.005  64.765 0.0000000000
48980  -33.243  -40.166  62.564 0.0000000000
85408  -58.201  -12.893  41.185 0.0000000000
84095  -57.638  -13.741  41.160 0.0000000000
85407  -57.752  -13.009  41.041 0.0000000000
86669  -58.485  -12.443  40.849 0.0000000000
75559  -47.086  -20.172  52.210 0.0000000000
75547  -47.390  -20.177  52.761 0.0000000000
75545  -45.761  -21.114  52.122 0.0000000000
76873  -46.262  -20.575  52.124 0.0000000000
76874  -46.666  -20.275  52.029 0.0000000000
65213  -7.119  -29.560  61.303 0.0000000000
63907  -7.106  -30.297  60.013 0.0000000000
62560  -6.719  -31.044  60.373 0.0000000000
49061  -9.398  -43.641  57.920 0.0000000000
50254  -9.277  -43.256  57.299 0.0000000000
49077  -9.750  -43.503  57.218 0.0000000000
46677  -11.184  -45.597  52.077 0.0000000000
47875  -11.480  -44.684  52.150 0.0000000000
46676  -10.397  -45.664  51.834 0.0000000000
47873  -9.935  -45.128  51.626 0.0000000000
46698  -9.220  -46.137  51.305 0.0000000000
45538  -8.280  -46.372  50.882 0.0000000000
41788  -13.183  -48.452  69.300 0.0000000000
41787  -13.085  -49.050  69.634 0.0000000000
41790  -12.649  -48.588  69.138 0.0000000000
36607  -10.622  -53.033  64.878 0.0000000000
70323  -41.843  -23.910  59.215 0.0000000000
59080  -35.735  -34.638  60.136 0.0000000000
70358  -41.160  -24.389  57.508 0.0000000000
50067  -28.566  -42.234  69.663 0.0000000000
48873  -28.489  -40.895  68.753 0.0000000000
48896  -31.267  -42.438  67.283 0.0000000000
51354  -28.562  -39.566  62.642 0.0000000000
51333  -28.127  -39.641  63.388 0.0000000000
51353  -27.648  -39.400  62.766 0.0000000000
51332  -27.118  -39.464  63.687 0.0000000000
51370  -25.932  -39.030  61.823 0.0000000000
53763  -9.213  -39.383  63.624 0.0000000000
53771  -8.897  -39.220  62.943 0.0000000000
53770  -8.483  -39.369  62.423 0.0000000000
53761  -8.049  -39.698  62.926 0.0000000000
52530  -7.856  -40.261  62.854 0.0000000000
47729  -10.501  -44.616  62.374 0.0000000000
46542  -11.186  -45.194  61.531 0.0000000000
46558  -11.290  -45.270  60.940 0.0000000000
45373  -11.229  -45.612  61.301 0.0000000000
73121  -53.130  -21.163  44.488 0.0000000000
73109  -53.382  -21.219  45.056 0.0000000000
73094  -53.402  -21.351  45.758 0.0000000000
71835  -52.243  -21.496  45.301 0.0000000000
71851  -52.071  -21.511  44.853 0.0000000000
73108  -52.692  -21.432  44.793 0.0000000000
73120  -52.605  -21.197  44.164 0.0000000000
45279  -14.576  -45.541  67.722 0.0000000000
44098  -14.024  -46.194  68.032 0.0000000000
43007  -14.478  -47.391  65.913 0.0000000000
44125  -14.679  -46.943  65.547 0.0000000000
52543  -19.244  -39.921  62.185 0.0000000000
51346  -19.636  -39.942  62.928 0.0000000000
52542  -18.143  -40.001  62.116 0.0000000000
48956  -16.169  -42.910  63.853 0.0000000000
50139  -16.592  -41.752  64.726 0.0000000000
48939  -15.977  -42.765  64.993 0.0000000000
50101  -16.428  -42.008  66.586 0.0000000000
57000  -6.708  -36.123  58.156 0.0000000000
58038  -6.629  -35.599  57.419 0.0000000000
58039  -6.762  -36.022  57.100 0.0000000000
51482  -7.852  -40.882  54.804 0.0000000000
51456  -7.150  -40.646  55.298 0.0000000000
51502  -7.815  -40.535  54.291 0.0000000000
53899  -6.903  -39.052  51.160 0.0000000000
54982  -7.266  -38.505  51.136 0.0000000000
50056  -12.236  -41.825  69.837 0.0000000000
51256  -11.581  -41.624  69.346 0.0000000000
40526  -9.672  -49.487  70.370 0.0000000000
42962  -10.683  -47.884  70.237 0.0000000000
41784  -9.753  -48.707  69.752 0.0000000000
44124  -8.647  -46.793  66.918 0.0000000000
44095  -8.400  -46.390  67.770 0.0000000000
44123  -8.366  -46.299  67.295 0.0000000000
46452  -8.218  -45.345  67.247 0.0000000000
45288  -8.497  -46.087  66.406 0.0000000000
43106  -7.198  -48.698  59.102 0.0000000000
44240  -7.648  -48.608  59.681 0.0000000000
43119  -7.127  -48.623  58.418 0.0000000000
43120  -7.626  -48.461  58.048 0.0000000000
43134  -7.031  -48.667  57.594 0.0000000000
31641  -5.981  -56.235  56.902 0.0000000000
34105  -5.632  -54.966  57.210 0.0000000000
34124  -5.461  -55.023  56.950 0.0000000000
60019  -38.439  -33.650  66.059 0.0000000000
54897  -35.612  -37.407  62.958 0.0000000000
55949  -35.815  -36.917  62.603 0.0000000000
57945  -37.963  -35.323  65.482 0.0000000000
57965  -36.898  -35.182  64.931 0.0000000000
57946  -38.050  -34.582  65.456 0.0000000000
58979  -38.018  -34.082  65.055 0.0000000000
52524  -35.408  -39.437  64.793 0.0000000000
52536  -35.822  -39.174  64.328 0.0000000000
54877  -37.070  -37.817  64.182 0.0000000000
54887  -36.005  -37.531  63.718 0.0000000000
52513  -36.391  -39.720  65.846 0.0000000000
51300  -34.994  -39.821  65.392 0.0000000000
81767  -57.242  -15.754  41.331 0.0000000000
82875  -57.767  -15.004  42.116 0.0000000000
81761  -57.609  -15.733  42.111 0.0000000000
77029  -51.343  -19.460  42.137 0.0000000000
77043  -50.892  -19.100  41.724 0.0000000000
77044  -51.904  -18.923  41.841 0.0000000000
79434  -53.771  -17.244  40.851 0.0000000000
79413  -52.944  -17.846  41.278 0.0000000000
80603  -53.167  -16.718  40.554 0.0000000000
80604  -54.078  -16.585  40.498 0.0000000000
81787  -54.390  -15.914  40.302 0.0000000000
80605  -54.831  -16.395  40.465 0.0000000000
80585  -56.581  -16.290  41.072 0.0000000000
81766  -56.940  -16.009  41.015 0.0000000000
81777  -57.021  -15.598  40.971 0.0000000000
72988  -46.077  -22.717  53.191 0.0000000000
74234  -46.482  -22.058  53.437 0.0000000000
72976  -46.060  -22.634  54.161 0.0000000000
72967  -46.729  -22.361  55.733 0.0000000000
72961  -46.732  -22.152  56.256 0.0000000000
69148  -39.977  -24.818  53.415 0.0000000000
69197  -42.589  -25.096  52.455 0.0000000000
69196  -41.757  -25.260  52.115 0.0000000000
70465  -42.536  -25.099  51.477 0.0000000000
71741  -43.127  -24.673  51.372 0.0000000000
71708  -44.907  -23.658  53.213 0.0000000000
71725  -44.791  -23.533  52.686 0.0000000000
73002  -45.388  -22.938  52.624 0.0000000000
73003  -45.949  -22.639  52.814 0.0000000000
47805  -12.303  -44.510  56.250 0.0000000000
46608  -12.376  -45.155  55.777 0.0000000000
44327  -12.218  -46.757  53.804 0.0000000000
44335  -12.286  -47.090  53.341 0.0000000000
45519  -12.237  -46.299  52.855 0.0000000000
44344  -11.301  -47.369  52.210 0.0000000000
44354  -10.815  -47.786  51.988 0.0000000000
43195  -11.092  -48.436  52.396 0.0000000000
42014  -10.538  -49.295  52.411 0.0000000000
40805  -9.229  -50.610  51.782 0.0000000000
40791  -9.766  -50.900  52.144 0.0000000000
39242  -13.116  -49.156  65.561 0.0000000000
39241  -12.638  -49.622  65.848 0.0000000000
70307  -39.400  -24.840  60.578 0.0000000000
62566  -36.096  -31.647  60.564 0.0000000000
66505  -36.917  -27.849  60.964 0.0000000000
65245  -36.446  -29.025  60.244 0.0000000000
69038  -38.583  -25.503  60.807 0.0000000000
50051  -29.585  -41.488  70.625 0.0000000000
48959  -31.445  -40.511  63.447 0.0000000000
48958  -30.985  -40.478  63.250 0.0000000000
48975  -30.941  -40.341  62.581 0.0000000000
89375  -57.046  -10.151  38.381 0.0000000000
90634  -57.380  -9.459  37.821 0.0000000000
90636  -58.699  -8.292  37.287 0.0000000000
90635  -58.071  -8.900  37.449 0.0000000000
90647  -58.273  -8.208  36.460 0.0000000000
91823  -57.876  -8.043  35.775 0.0000000000
90661  -58.621  -7.852  35.902 0.0000000000
52507  -8.592  -40.372  64.831 0.0000000000
51307  -8.310  -40.690  64.610 0.0000000000
50116  -8.045  -42.169  65.572 0.0000000000
50138  -8.300  -42.408  64.585 0.0000000000
48955  -9.012  -43.562  64.025 0.0000000000
48938  -9.168  -43.717  64.447 0.0000000000
73067  -51.830  -20.975  46.314 0.0000000000
74309  -52.751  -20.542  46.904 0.0000000000
74308  -52.077  -20.452  46.866 0.0000000000
76969  -46.138  -19.233  47.097 0.0000000000
76981  -48.000  -20.251  45.832 0.0000000000
76980  -47.092  -19.738  45.882 0.0000000000
75629  -48.064  -20.821  45.184 0.0000000000
74332  -48.577  -21.340  44.894 0.0000000000
75638  -48.984  -20.782  45.374 0.0000000000
74322  -50.457  -20.865  45.800 0.0000000000
73066  -51.374  -20.959  46.141 0.0000000000
73079  -51.539  -21.208  45.937 0.0000000000
46439  -16.838  -44.800  71.585 0.0000000000
46448  -16.181  -44.145  69.997 0.0000000000
45273  -15.555  -44.841  69.300 0.0000000000
47746  -16.677  -44.212  61.263 0.0000000000
55972  -6.511  -37.254  59.670 0.0000000000
56990  -6.677  -36.360  58.967 0.0000000000
52730  -9.622  -40.919  51.491 0.0000000000
51543  -9.096  -41.231  51.093 0.0000000000
52749  -8.036  -40.986  50.526 0.0000000000
52748  -7.602  -40.166  50.296 0.0000000000
52760  -7.474  -40.459  49.395 0.0000000000
50027  -13.215  -41.970  72.151 0.0000000000
51229  -12.401  -41.093  72.867 0.0000000000
50033  -12.492  -41.953  70.946 0.0000000000
48834  -12.065  -43.549  69.919 0.0000000000
39238  -8.983  -50.723  66.329 0.0000000000
40560  -9.011  -49.441  67.344 0.0000000000
40574  -8.827  -50.059  66.267 0.0000000000
40586  -8.776  -49.410  65.647 0.0000000000
41835  -8.791  -48.792  65.189 0.0000000000
43030  -8.759  -48.326  63.537 0.0000000000
41857  -8.374  -49.075  62.699 0.0000000000
40639  -7.173  -50.198  60.473 0.0000000000
41882  -7.392  -49.434  60.958 0.0000000000
41894  -7.081  -49.746  60.132 0.0000000000
41904  -6.791  -49.625  59.414 0.0000000000
40667  -6.436  -50.399  58.950 0.0000000000
59081  -35.849  -35.276  60.023 0.0000000000
58016  -36.044  -35.545  60.280 0.0000000000
60061  -36.564  -33.388  62.647 0.0000000000
60081  -36.243  -33.536  61.771 0.0000000000
61274  -36.611  -32.642  62.086 0.0000000000
63878  -37.645  -30.150  63.292 0.0000000000
51374  -34.406  -39.650  61.304 0.0000000000
48898  -33.049  -42.399  67.651 0.0000000000
48899  -33.653  -42.103  67.492 0.0000000000
51280  -35.969  -41.072  67.554 0.0000000000
50130  -33.524  -40.618  66.077 0.0000000000
48944  -32.279  -40.426  65.116 0.0000000000
48961  -32.273  -40.339  63.826 0.0000000000
48997  -32.101  -40.437  61.699 0.0000000000
88027  -59.216  -10.279  40.555 0.0000000000
82917  -54.741  -14.772  39.793 0.0000000000
84123  -54.111  -13.671  39.295 0.0000000000
82918  -55.362  -14.251  39.804 0.0000000000
86687  -56.188  -11.966  39.367 0.0000000000
88040  -56.233  -10.716  38.616 0.0000000000
86688  -56.686  -11.354  39.257 0.0000000000
88031  -58.468  -11.382  40.251 0.0000000000
88036  -58.262  -10.892  39.831 0.0000000000
88032  -58.848  -10.825  40.240 0.0000000000
88033  -59.113  -10.220  40.117 0.0000000000
78193  -48.499  -18.657  50.666 0.0000000000
76918  -49.131  -18.671  50.717 0.0000000000
75549  -49.068  -19.631  53.377 0.0000000000
76877  -49.933  -19.317  52.723 0.0000000000
74237  -47.964  -20.556  54.403 0.0000000000
71763  -43.516  -24.003  50.695 0.0000000000
71780  -43.679  -23.949  49.758 0.0000000000
71764  -43.746  -23.405  50.318 0.0000000000
75596  -44.544  -21.036  49.034 0.0000000000
76917  -47.187  -19.098  51.137 0.0000000000
78191  -47.320  -18.642  50.270 0.0000000000
78192  -47.726  -18.741  50.813 0.0000000000
78212  -47.923  -18.680  49.674 0.0000000000
51367  -22.649  -39.364  61.919 0.0000000000
52572  -21.132  -39.543  60.589 0.0000000000
63909  -8.480  -30.054  59.383 0.0000000000
62586  -7.249  -31.661  58.881 0.0000000000
62587  -7.966  -31.355  58.814 0.0000000000
60117  -8.079  -33.048  58.104 0.0000000000
51401  -6.894  -41.101  58.948 0.0000000000
50270  -8.364  -42.255  56.353 0.0000000000
50288  -8.196  -41.753  55.708 0.0000000000
50289  -9.023  -42.072  55.594 0.0000000000
49095  -12.085  -43.988  54.914 0.0000000000
49094  -11.613  -43.486  55.255 0.0000000000
49112  -11.667  -43.620  54.373 0.0000000000
49175  -11.641  -43.222  52.077 0.0000000000
50351  -11.774  -42.977  53.239 0.0000000000
50350  -11.334  -42.364  52.901 0.0000000000
50349  -10.967  -41.774  53.028 0.0000000000
51523  -11.073  -41.473  52.372 0.0000000000
52731  -10.606  -41.473  51.628 0.0000000000
50375  -10.582  -42.614  51.373 0.0000000000
49171  -8.459  -43.928  50.872 0.0000000000
43208  -8.839  -48.539  51.841 0.0000000000
44351  -8.315  -47.784  51.939 0.0000000000
43207  -7.783  -48.504  51.821 0.0000000000
45258  -12.777  -46.202  72.240 0.0000000000
41782  -12.457  -49.162  70.621 0.0000000000
41777  -12.125  -48.697  71.205 0.0000000000
40524  -11.827  -49.768  70.616 0.0000000000
40523  -11.072  -49.864  70.958 0.0000000000
40528  -11.540  -50.371  70.179 0.0000000000
39224  -11.487  -51.266  66.738 0.0000000000
37893  -10.581  -52.383  66.088 0.0000000000
37862  -10.988  -52.004  67.498 0.0000000000
37861  -10.410  -51.796  67.672 0.0000000000
39207  -10.313  -51.473  68.239 0.0000000000
37860  -10.007  -51.660  67.862 0.0000000000
37874  -9.692  -51.720  67.274 0.0000000000
37892  -9.704  -52.128  66.230 0.0000000000
36620  -9.382  -51.869  63.663 0.0000000000
37930  -9.394  -51.851  64.623 0.0000000000
36638  -9.393  -52.062  62.990 0.0000000000
37949  -9.223  -51.448  63.091 0.0000000000
70379  -43.787  -24.084  56.378 0.0000000000
70360  -43.073  -23.638  57.262 0.0000000000
62580  -35.838  -31.578  59.845 0.0000000000
61318  -35.431  -32.601  59.290 0.0000000000
61317  -35.358  -32.068  58.483 0.0000000000
69077  -38.592  -25.224  56.889 0.0000000000
69090  -37.995  -25.602  56.536 0.0000000000
69106  -38.106  -25.242  55.275 0.0000000000
70377  -41.793  -24.236  56.705 0.0000000000
70392  -40.685  -24.485  55.936 0.0000000000
69094  -42.237  -24.393  56.074 0.0000000000
69110  -42.551  -24.480  55.362 0.0000000000
50109  -25.896  -40.496  67.053 0.0000000000
48875  -30.462  -42.442  68.211 0.0000000000
48858  -30.789  -42.527  68.731 0.0000000000
50079  -29.951  -42.192  68.736 0.0000000000
48925  -30.205  -40.390  64.753 0.0000000000
50150  -28.639  -40.075  64.525 0.0000000000
48894  -29.286  -40.930  67.280 0.0000000000
50111  -27.870  -40.431  66.535 0.0000000000
51314  -25.682  -39.821  65.026 0.0000000000
51330  -24.633  -40.014  63.807 0.0000000000
51351  -25.146  -39.207  63.081 0.0000000000
52576  -25.515  -38.662  60.956 0.0000000000
52558  -24.564  -39.039  61.431 0.0000000000
91826  -59.919  -7.497  35.465 0.0000000000
91847  -59.192  -7.039  34.292 0.0000000000
91838  -60.180  -7.017  34.861 0.0000000000
93030  -60.317  -6.170  32.986 0.0000000000
95274  -61.308  -5.282  34.315 0.0000000000
58015  -10.053  -35.908  60.860 0.0000000000
56977  -9.059  -36.646  60.567 0.0000000000
55964  -8.619  -37.883  60.771 0.0000000000
55947  -11.158  -37.611  62.770 0.0000000000
53780  -8.209  -39.298  61.709 0.0000000000
54904  -8.766  -38.852  61.430 0.0000000000
54903  -8.086  -38.945  61.148 0.0000000000
53778  -7.435  -39.826  61.099 0.0000000000
52550  -7.281  -40.067  60.876 0.0000000000
50207  -7.631  -41.965  60.625 0.0000000000
50225  -8.598  -42.842  59.481 0.0000000000
50209  -9.054  -42.792  59.943 0.0000000000
50175  -8.181  -41.691  62.970 0.0000000000
47743  -9.902  -43.978  60.914 0.0000000000
47757  -9.701  -43.905  60.393 0.0000000000
49027  -9.928  -43.965  59.415 0.0000000000
47770  -10.432  -44.243  59.542 0.0000000000
47771  -10.977  -44.578  59.431 0.0000000000
46581  -10.986  -46.295  58.813 0.0000000000
45466  -10.754  -46.761  56.428 0.0000000000
45448  -10.592  -46.877  57.327 0.0000000000
77009  -54.473  -19.685  43.260 0.0000000000
77010  -55.184  -19.525  43.311 0.0000000000
75658  -54.792  -20.241  44.011 0.0000000000
70381  -45.193  -23.551  57.081 0.0000000000
73106  -49.522  -21.818  44.677 0.0000000000
71848  -49.219  -22.347  44.090 0.0000000000
71867  -49.721  -22.238  43.558 0.0000000000
73118  -50.905  -21.488  43.669 0.0000000000
71883  -50.315  -21.791  43.499 0.0000000000
73143  -50.183  -21.442  42.944 0.0000000000
74378  -49.771  -21.309  42.417 0.0000000000
74379  -50.461  -20.902  42.893 0.0000000000
75668  -51.206  -20.545  42.933 0.0000000000
74380  -51.277  -20.697  43.125 0.0000000000
74370  -53.256  -20.501  43.623 0.0000000000
75663  -53.001  -20.231  43.296 0.0000000000
77008  -53.805  -19.783  43.232 0.0000000000
77017  -54.245  -19.215  42.855 0.0000000000
44071  -14.391  -47.042  72.782 0.0000000000
44083  -14.271  -47.450  70.956 0.0000000000
42967  -14.273  -47.500  70.659 0.0000000000
45264  -15.501  -45.704  71.266 0.0000000000
44097  -13.519  -46.579  68.181 0.0000000000
44093  -13.604  -46.636  68.910 0.0000000000
42978  -13.416  -47.188  67.920 0.0000000000
42975  -13.629  -47.656  69.091 0.0000000000
41796  -13.391  -47.814  67.248 0.0000000000
41812  -13.844  -48.185  66.498 0.0000000000
40589  -14.256  -48.587  64.508 0.0000000000
40577  -13.878  -48.471  65.079 0.0000000000
39268  -14.246  -49.211  63.763 0.0000000000
39281  -14.476  -49.185  63.098 0.0000000000
50163  -21.318  -40.114  64.301 0.0000000000
51310  -19.731  -40.124  64.401 0.0000000000
50143  -21.006  -40.518  65.121 0.0000000000
48905  -20.921  -41.241  66.846 0.0000000000
50120  -19.796  -40.603  66.034 0.0000000000
51344  -17.200  -40.613  62.728 0.0000000000
51325  -17.225  -40.834  63.601 0.0000000000
50118  -17.595  -40.853  65.579 0.0000000000
50103  -18.441  -40.680  66.740 0.0000000000
48903  -19.255  -40.756  67.112 0.0000000000
48862  -17.084  -41.802  68.518 0.0000000000
47657  -16.724  -43.300  69.914 0.0000000000
46459  -15.499  -44.396  66.548 0.0000000000
45358  -16.514  -46.008  62.116 0.0000000000
46512  -16.202  -45.049  63.375 0.0000000000
45343  -16.231  -46.025  63.121 0.0000000000
43045  -16.275  -47.531  62.524 0.0000000000
44162  -16.225  -46.765  63.141 0.0000000000
43031  -15.650  -47.595  63.821 0.0000000000
41858  -15.766  -48.219  62.779 0.0000000000
62515  -7.204  -31.330  63.266 0.0000000000
63870  -6.889  -30.551  62.925 0.0000000000
59059  -7.337  -34.243  60.684 0.0000000000
59084  -6.958  -34.485  58.894 0.0000000000
60085  -6.604  -33.492  60.314 0.0000000000
61279  -6.663  -32.317  60.517 0.0000000000
61293  -6.605  -32.425  59.421 0.0000000000
59097  -6.724  -34.856  56.928 0.0000000000
60135  -7.163  -34.009  57.704 0.0000000000
59098  -7.199  -34.344  56.573 0.0000000000
52612  -7.256  -40.709  57.499 0.0000000000
53801  -6.695  -39.508  58.680 0.0000000000
54945  -6.920  -39.028  56.579 0.0000000000
149030  -8.876  -38.173  57.205 0.0000000000
54946  -8.362  -38.279  56.712 0.0000000000
52688  -6.943  -40.006  53.854 0.0000000000
54966  -6.729  -38.381  53.692 0.0000000000
54959  -6.786  -38.478  54.676 0.0000000000
56000  -6.977  -37.518  55.436 0.0000000000
56001  -8.274  -37.313  55.819 0.0000000000
57025  -6.004  -36.522  55.647 0.0000000000
57035  -6.215  -36.575  54.878 0.0000000000
57036  -6.663  -36.513  54.474 0.0000000000
58087  -6.749  -35.865  54.610 0.0000000000
57037  -7.287  -36.452  54.189 0.0000000000
57048  -7.659  -36.780  53.463 0.0000000000
51276  -9.989  -41.911  67.917 0.0000000000
45257  -12.299  -46.175  71.264 0.0000000000
46432  -12.074  -45.470  70.949 0.0000000000
45256  -11.502  -46.223  71.030 0.0000000000
45263  -10.428  -46.199  70.491 0.0000000000
46430  -10.649  -45.762  70.469 0.0000000000
46437  -10.349  -45.439  69.885 0.0000000000
47637  -10.558  -44.729  69.723 0.0000000000
41794  -9.005  -48.566  67.963 0.0000000000
42968  -9.562  -47.819  68.875 0.0000000000
42973  -8.962  -47.734  68.442 0.0000000000
46446  -9.081  -45.287  68.235 0.0000000000
46441  -9.300  -45.424  68.487 0.0000000000
47656  -9.306  -44.545  68.894 0.0000000000
47646  -9.535  -44.574  69.173 0.0000000000
48840  -9.376  -44.075  69.055 0.0000000000
51253  -9.622  -43.266  69.061 0.0000000000
48848  -9.204  -44.116  68.786 0.0000000000
48860  -8.288  -44.351  67.461 0.0000000000
50085  -8.669  -43.510  67.753 0.0000000000
50086  -8.831  -42.831  67.337 0.0000000000
48881  -8.450  -43.123  66.903 0.0000000000
50100  -8.573  -42.442  66.570 0.0000000000
48900  -8.187  -44.058  66.757 0.0000000000
45310  -8.998  -45.678  65.056 0.0000000000
46475  -8.944  -45.126  65.463 0.0000000000
46493  -9.178  -45.498  64.971 0.0000000000
45326  -9.771  -45.457  64.298 0.0000000000
44177  -8.766  -47.851  63.147 0.0000000000
45369  -8.581  -47.646  60.647 0.0000000000
45354  -8.623  -47.527  61.579 0.0000000000
45370  -9.098  -47.099  61.053 0.0000000000
45387  -9.753  -46.801  60.423 0.0000000000
45401  -8.932  -46.975  59.366 0.0000000000
44273  -8.648  -48.286  57.645 0.0000000000
43154  -9.085  -48.353  56.941 0.0000000000
44296  -9.562  -48.157  56.461 0.0000000000
44295  -9.222  -48.531  55.917 0.0000000000
35324  -6.939  -52.643  59.905 0.0000000000
36735  -6.054  -52.943  58.267 0.0000000000
36718  -6.036  -53.059  58.903 0.0000000000
35365  -5.797  -53.089  58.969 0.0000000000
36699  -6.528  -52.408  59.783 0.0000000000
38001  -5.935  -51.894  59.811 0.0000000000
39320  -5.954  -51.487  59.593 0.0000000000
39335  -5.196  -51.851  59.205 0.0000000000
39371  -4.908  -51.797  57.377 0.0000000000
39353  -4.956  -51.840  58.357 0.0000000000
40706  -4.783  -51.073  57.435 0.0000000000
40707  -5.038  -50.432  57.421 0.0000000000
39372  -4.912  -51.069  56.991 0.0000000000
40723  -6.168  -50.941  56.322 0.0000000000
41958  -6.763  -50.575  56.038 0.0000000000
41959  -7.387  -50.119  55.926 0.0000000000
40744  -7.129  -50.815  55.501 0.0000000000
40768  -8.420  -50.666  55.128 0.0000000000
40769  -9.392  -50.625  54.680 0.0000000000
40770  -10.236  -50.579  54.281 0.0000000000
57929  -38.309  -34.865  66.054 0.0000000000
58967  -38.731  -34.445  66.374 0.0000000000
57914  -38.616  -35.135  66.675 0.0000000000
55933  -37.409  -37.038  64.581 0.0000000000
53748  -36.921  -39.386  65.268 0.0000000000
53755  -36.507  -39.108  64.406 0.0000000000
54869  -37.239  -38.721  64.664 0.0000000000
54859  -37.316  -38.894  67.721 0.0000000000
54862  -37.377  -38.809  66.686 0.0000000000
55896  -38.018  -37.368  68.128 0.0000000000
80573  -56.870  -16.511  41.410 0.0000000000
80570  -57.190  -16.696  41.870 0.0000000000
80569  -56.976  -16.955  41.941 0.0000000000
77031  -53.067  -19.048  42.367 0.0000000000
78272  -53.227  -18.527  41.894 0.0000000000
78273  -53.911  -18.544  41.986 0.0000000000
79415  -54.638  -17.693  41.204 0.0000000000
80583  -55.229  -16.883  40.694 0.0000000000
79416  -55.578  -17.155  41.133 0.0000000000
80572  -56.228  -16.878  41.340 0.0000000000
72975  -45.643  -23.240  54.278 0.0000000000
71689  -45.783  -23.158  54.852 0.0000000000
71666  -46.245  -22.992  56.461 0.0000000000
69150  -41.917  -24.607  53.779 0.0000000000
69176  -42.595  -24.818  53.200 0.0000000000
69198  -43.138  -24.856  52.832 0.0000000000
70447  -43.688  -24.499  52.988 0.0000000000
71707  -44.280  -24.113  53.433 0.0000000000
46622  -11.164  -45.942  56.030 0.0000000000
46623  -11.924  -45.743  55.581 0.0000000000
44326  -11.927  -47.489  54.156 0.0000000000
44334  -12.176  -47.797  53.488 0.0000000000
43185  -11.614  -48.435  53.278 0.0000000000
42000  -10.916  -49.424  53.110 0.0000000000
37935  -13.664  -49.873  63.743 0.0000000000
39266  -12.883  -49.663  64.468 0.0000000000
37952  -12.947  -50.876  62.806 0.0000000000
65217  -37.418  -29.445  62.346 0.0000000000
67838  -37.573  -27.021  60.140 0.0000000000
67839  -38.010  -26.981  60.962 0.0000000000
52474  -30.723  -40.462  71.122 0.0000000000
49012  -30.994  -40.030  61.525 0.0000000000
90624  -58.558  -9.692  38.636 0.0000000000
90628  -58.070  -9.694  38.402 0.0000000000
89378  -59.014  -9.103  38.513 0.0000000000
89379  -59.246  -8.685  38.244 0.0000000000
94131  -59.371  -7.032  38.817 0.0000000000
52503  -8.829  -40.461  65.618 0.0000000000
51292  -8.163  -41.032  65.205 0.0000000000
75622  -52.127  -19.998  47.462 0.0000000000
75611  -51.568  -19.488  48.273 0.0000000000
76963  -51.569  -19.175  48.810 0.0000000000
78235  -47.621  -18.924  47.653 0.0000000000
76971  -48.325  -19.373  46.718 0.0000000000
76982  -48.974  -20.114  46.031 0.0000000000
76983  -49.837  -19.958  46.475 0.0000000000
50092  -24.177  -40.580  67.786 0.0000000000
60137  -8.811  -33.158  57.523 0.0000000000
61326  -9.378  -32.343  57.797 0.0000000000
60160  -9.481  -33.757  56.888 0.0000000000
56975  -7.387  -36.289  60.363 0.0000000000
50391  -7.903  -42.527  50.192 0.0000000000
50028  -13.885  -42.071  72.148 0.0000000000
48817  -13.650  -42.325  71.549 0.0000000000
39265  -9.339  -50.474  64.418 0.0000000000
40587  -8.942  -50.074  65.126 0.0000000000
40613  -8.437  -49.608  62.968 0.0000000000
41856  -8.057  -49.575  62.427 0.0000000000
40612  -7.773  -50.043  62.312 0.0000000000
58990  -37.223  -34.127  64.211 0.0000000000
59012  -36.625  -34.223  63.151 0.0000000000
60030  -37.572  -33.321  63.994 0.0000000000
61244  -37.595  -32.528  63.795 0.0000000000
62542  -37.200  -31.646  63.357 0.0000000000
62526  -37.723  -31.615  63.830 0.0000000000
52561  -35.096  -39.184  61.625 0.0000000000
51299  -34.619  -40.383  65.838 0.0000000000
51289  -34.913  -40.919  66.462 0.0000000000
50131  -33.934  -40.278  65.650 0.0000000000
48946  -33.261  -40.002  65.029 0.0000000000
48962  -32.740  -40.200  63.987 0.0000000000
82901  -56.271  -14.779  40.399 0.0000000000
84109  -55.863  -14.178  40.002 0.0000000000
84110  -56.337  -13.754  40.054 0.0000000000
85414  -57.055  -13.053  40.334 0.0000000000
85419  -57.154  -12.692  40.171 0.0000000000
86679  -57.272  -11.993  39.793 0.0000000000
86674  -57.630  -12.307  40.313 0.0000000000
86675  -58.130  -12.087  40.460 0.0000000000
78166  -47.847  -19.100  51.408 0.0000000000
76895  -48.208  -19.393  51.866 0.0000000000
76875  -48.140  -19.701  52.608 0.0000000000
75557  -45.261  -21.221  51.296 0.0000000000
76915  -45.613  -20.139  50.659 0.0000000000
76893  -46.143  -20.231  51.574 0.0000000000
76894  -47.236  -19.593  51.556 0.0000000000
52574  -23.342  -38.973  60.635 0.0000000000
63908  -7.674  -30.316  59.534 0.0000000000
65237  -7.529  -29.823  59.908 0.0000000000
50239  -8.263  -42.961  58.689 0.0000000000
50238  -7.812  -42.246  58.150 0.0000000000
50271  -9.421  -42.905  56.575 0.0000000000
47851  -12.346  -44.634  53.432 0.0000000000
49131  -11.945  -43.741  53.530 0.0000000000
47876  -12.148  -44.295  52.629 0.0000000000
47903  -11.558  -43.840  52.161 0.0000000000
47902  -10.870  -44.040  51.949 0.0000000000
49173  -10.397  -43.464  51.410 0.0000000000
47901  -10.108  -44.334  51.522 0.0000000000
47900  -9.223  -44.802  51.099 0.0000000000
46696  -7.572  -45.332  50.659 0.0000000000
46716  -7.966  -46.049  50.622 0.0000000000
45537  -7.739  -46.641  50.898 0.0000000000
42960  -13.576  -47.416  71.255 0.0000000000
42959  -13.047  -47.338  70.873 0.0000000000
42965  -12.980  -48.319  70.483 0.0000000000
41786  -12.868  -49.496  70.082 0.0000000000
40535  -12.133  -50.135  69.148 0.0000000000
37895  -12.070  -51.768  65.576 0.0000000000
37877  -12.011  -52.050  66.389 0.0000000000
37894  -11.427  -52.289  65.868 0.0000000000
37911  -9.712  -52.391  65.253 0.0000000000
36606  -9.896  -52.837  64.971 0.0000000000
70359  -42.069  -23.937  57.405 0.0000000000
70341  -42.436  -23.724  58.213 0.0000000000
63932  -35.539  -30.168  58.343 0.0000000000
69062  -38.106  -25.767  58.576 0.0000000000
70355  -38.474  -25.454  57.950 0.0000000000
70356  -38.975  -25.011  57.488 0.0000000000
70374  -39.049  -24.915  56.745 0.0000000000
70375  -39.822  -24.694  56.464 0.0000000000
48855  -27.764  -41.145  70.070 0.0000000000
48892  -27.270  -40.695  67.882 0.0000000000
50082  -32.428  -42.325  68.697 0.0000000000
50070  -31.668  -42.297  69.158 0.0000000000
50081  -31.959  -42.447  68.567 0.0000000000
50166  -29.246  -39.986  63.626 0.0000000000
51317  -28.566  -39.857  63.785 0.0000000000
50149  -27.591  -39.871  65.090 0.0000000000
90645  -55.912  -8.453  36.227 0.0000000000
54906  -9.891  -38.640  62.424 0.0000000000
54893  -9.072  -39.148  62.294 0.0000000000
52551  -7.544  -40.291  61.403 0.0000000000
52540  -7.808  -40.119  62.018 0.0000000000
50193  -8.113  -41.740  61.802 0.0000000000
47710  -9.122  -44.094  63.116 0.0000000000
148963  -9.301  -43.579  62.159 0.0000000000
47744  -10.690  -44.508  61.447 0.0000000000
47759  -10.994  -44.767  60.572 0.0000000000
46570  -11.287  -45.367  60.136 0.0000000000
45419  -10.931  -46.318  59.291 0.0000000000
75657  -54.072  -20.478  43.905 0.0000000000
74360  -54.122  -20.544  44.166 0.0000000000
74348  -54.233  -20.636  44.889 0.0000000000
74334  -54.395  -20.922  45.779 0.0000000000
71833  -50.948  -21.550  45.073 0.0000000000
71849  -50.341  -21.793  44.315 0.0000000000
71850  -51.304  -21.569  44.646 0.0000000000
73119  -51.708  -21.395  43.918 0.0000000000
74357  -51.694  -21.152  43.651 0.0000000000
74358  -52.275  -21.033  43.763 0.0000000000
74359  -53.393  -20.782  44.029 0.0000000000
44079  -15.162  -46.898  72.136 0.0000000000
45272  -15.251  -45.385  69.596 0.0000000000
41813  -14.312  -47.958  66.103 0.0000000000
41836  -14.809  -48.156  64.321 0.0000000000
51347  -20.707  -39.559  62.651 0.0000000000
50180  -20.803  -39.681  63.769 0.0000000000
51328  -20.032  -39.770  63.696 0.0000000000
51327  -19.200  -40.243  63.765 0.0000000000
50160  -16.567  -41.445  63.610 0.0000000000
50102  -17.153  -41.139  66.549 0.0000000000
50088  -16.436  -42.112  67.085 0.0000000000
48902  -16.398  -42.781  66.810 0.0000000000
47679  -15.919  -43.693  66.190 0.0000000000
41871  -16.217  -47.953  62.079 0.0000000000
41870  -15.949  -48.241  62.376 0.0000000000
61251  -7.260  -32.187  62.464 0.0000000000
58051  -6.371  -35.672  56.330 0.0000000000
51442  -7.391  -41.196  56.176 0.0000000000
53818  -7.203  -40.533  56.605 0.0000000000
51441  -7.288  -40.821  55.709 0.0000000000
52645  -7.060  -40.430  55.718 0.0000000000
52665  -6.768  -40.242  55.121 0.0000000000
53862  -6.788  -39.404  53.254 0.0000000000
53880  -6.603  -38.901  53.210 0.0000000000
56015  -6.761  -37.682  53.441 0.0000000000
57058  -6.861  -37.192  53.294 0.0000000000
57059  -7.182  -37.006  52.820 0.0000000000
42956  -10.586  -47.857  71.623 0.0000000000
42955  -10.213  -47.541  70.970 0.0000000000
44082  -10.610  -46.837  70.225 0.0000000000
44088  -10.248  -46.467  69.395 0.0000000000
42976  -8.712  -47.605  67.712 0.0000000000
42972  -8.646  -47.389  68.157 0.0000000000
44096  -8.467  -46.910  68.005 0.0000000000
45275  -8.635  -46.111  68.106 0.0000000000
46450  -8.868  -45.182  68.029 0.0000000000
48847  -8.987  -44.133  68.370 0.0000000000
47664  -8.574  -44.719  67.626 0.0000000000
47673  -8.219  -44.751  67.311 0.0000000000
47674  -8.041  -44.495  67.174 0.0000000000
46457  -8.407  -45.238  66.158 0.0000000000
46474  -8.661  -45.508  65.689 0.0000000000
44210  -7.921  -48.683  60.959 0.0000000000
44225  -7.952  -48.570  60.289 0.0000000000
44226  -8.264  -48.163  60.096 0.0000000000
44227  -8.509  -47.822  59.724 0.0000000000
44242  -8.652  -47.489  59.141 0.0000000000
44256  -7.745  -48.417  58.502 0.0000000000
43135  -7.996  -48.467  57.422 0.0000000000
35381  -6.310  -53.572  57.811 0.0000000000
36750  -6.106  -53.064  57.457 0.0000000000
38033  -5.278  -52.460  58.724 0.0000000000
38067  -5.564  -52.586  57.197 0.0000000000
38088  -6.023  -52.943  57.067 0.0000000000
39430  -7.742  -51.672  55.019 0.0000000000
55957  -35.876  -37.188  61.788 0.0000000000
55958  -35.995  -36.648  61.282 0.0000000000
56955  -36.504  -36.117  63.160 0.0000000000
58991  -37.681  -34.066  64.697 0.0000000000
60025  -38.181  -33.469  65.248 0.0000000000
51336  -34.531  -39.725  63.316 0.0000000000
51356  -34.482  -39.702  62.221 0.0000000000
52545  -35.059  -39.411  62.559 0.0000000000
53765  -35.756  -38.730  63.649 0.0000000000
53773  -35.432  -38.638  62.494 0.0000000000
54896  -35.681  -37.627  62.163 0.0000000000
52501  -36.178  -40.120  67.221 0.0000000000
53740  -36.933  -39.574  67.169 0.0000000000
52505  -36.051  -40.226  66.298 0.0000000000
51290  -35.392  -40.496  65.940 0.0000000000
84096  -58.162  -13.958  41.716 0.0000000000
84097  -58.514  -13.890  42.054 0.0000000000
84089  -58.376  -14.285  42.164 0.0000000000
78287  -52.727  -18.246  41.490 0.0000000000
78307  -52.193  -18.124  41.214 0.0000000000
79432  -51.409  -17.543  40.676 0.0000000000
80602  -52.119  -16.814  40.439 0.0000000000
81804  -54.040  -15.361  39.979 0.0000000000
81805  -54.585  -15.442  40.084 0.0000000000
80606  -55.510  -16.133  40.578 0.0000000000
81775  -56.048  -15.850  40.665 0.0000000000
82888  -56.780  -14.797  40.612 0.0000000000
82889  -57.161  -14.794  40.932 0.0000000000
74247  -46.891  -21.340  53.028 0.0000000000
74248  -47.076  -20.824  53.322 0.0000000000
74235  -46.793  -21.397  53.626 0.0000000000
74224  -46.842  -21.458  54.359 0.0000000000
74225  -47.376  -21.083  54.781 0.0000000000
72977  -46.532  -22.167  54.885 0.0000000000
72968  -47.102  -21.734  55.286 0.0000000000
69174  -40.898  -24.892  52.663 0.0000000000
69195  -40.854  -25.305  51.742 0.0000000000
70492  -42.360  -25.461  49.651 0.0000000000
70480  -43.045  -25.002  50.519 0.0000000000
71762  -43.231  -24.416  51.053 0.0000000000
73016  -44.638  -23.054  51.975 0.0000000000
74256  -44.986  -22.316  51.715 0.0000000000
65201  -6.994  -29.559  62.299 0.0000000000
49063  -11.165  -43.990  57.467 0.0000000000
49078  -10.434  -43.510  56.716 0.0000000000
49080  -12.209  -43.909  55.670 0.0000000000
47821  -12.131  -44.602  54.580 0.0000000000
46640  -11.720  -45.784  54.754 0.0000000000
46641  -12.196  -45.348  53.988 0.0000000000
46656  -12.492  -45.412  53.128 0.0000000000
45518  -11.606  -46.405  52.357 0.0000000000
45517  -10.719  -46.507  51.871 0.0000000000
45528  -9.761  -46.692  51.673 0.0000000000
45529  -10.351  -46.999  51.799 0.0000000000
44353  -10.190  -47.575  51.845 0.0000000000
43209  -9.853  -48.461  51.878 0.0000000000
43194  -10.476  -48.727  52.073 0.0000000000
42034  -10.120  -49.150  51.965 0.0000000000
42033  -9.431  -49.351  51.831 0.0000000000
40804  -7.933  -50.477  51.322 0.0000000000
40546  -12.458  -48.710  67.687 0.0000000000
39226  -12.329  -49.508  66.475 0.0000000000
39240  -12.017  -50.713  65.821 0.0000000000
37916  -12.646  -50.054  64.526 0.0000000000
39252  -11.911  -50.385  65.199 0.0000000000
37896  -11.776  -50.933  65.204 0.0000000000
37914  -11.841  -51.583  64.618 0.0000000000
70309  -41.209  -23.855  60.289 0.0000000000
70308  -40.107  -24.451  60.714 0.0000000000
61287  -36.062  -32.543  60.874 0.0000000000
63899  -36.165  -31.021  60.145 0.0000000000
63915  -36.399  -29.846  59.970 0.0000000000
63914  -36.105  -30.381  59.511 0.0000000000
65257  -36.167  -29.130  58.601 0.0000000000
66533  -36.540  -28.690  57.849 0.0000000000
66534  -36.832  -27.797  58.165 0.0000000000
69049  -38.641  -25.340  59.318 0.0000000000
50059  -28.833  -42.155  70.253 0.0000000000
48857  -28.947  -42.241  69.134 0.0000000000
48927  -31.319  -41.173  65.451 0.0000000000
48941  -30.900  -40.557  64.138 0.0000000000
50167  -30.081  -40.038  63.250 0.0000000000
50200  -30.491  -39.700  61.733 0.0000000000
50185  -30.228  -39.881  62.467 0.0000000000
50184  -29.585  -39.823  62.871 0.0000000000
51355  -29.207  -39.647  62.567 0.0000000000
51372  -28.301  -39.196  61.998 0.0000000000
89395  -56.205  -8.791  36.976 0.0000000000
90659  -56.450  -7.890  35.486 0.0000000000
90660  -57.249  -7.907  35.548 0.0000000000
91834  -57.675  -7.588  35.101 0.0000000000
91835  -58.372  -7.559  35.309 0.0000000000
91825  -59.397  -7.517  35.564 0.0000000000
93001  -60.240  -6.987  37.551 0.0000000000
52518  -8.147  -40.538  63.591 0.0000000000
50158  -8.347  -41.649  63.980 0.0000000000
50159  -8.597  -42.344  63.760 0.0000000000
51291  -7.970  -41.318  64.837 0.0000000000
48954  -8.867  -43.170  63.815 0.0000000000
46511  -10.243  -44.883  63.463 0.0000000000
71818  -52.603  -21.514  45.721 0.0000000000
73081  -52.767  -21.458  46.063 0.0000000000
73069  -53.039  -20.989  46.570 0.0000000000
74294  -52.502  -20.133  47.387 0.0000000000
73090  -48.090  -21.874  44.460 0.0000000000
74345  -49.238  -21.612  44.858 0.0000000000
74346  -49.651  -21.601  45.001 0.0000000000
75630  -49.792  -20.555  45.852 0.0000000000
73077  -50.429  -21.229  45.496 0.0000000000
73092  -50.767  -21.375  45.447 0.0000000000
71815  -51.204  -21.337  45.604 0.0000000000
71816  -51.679  -21.393  45.585 0.0000000000
46435  -16.981  -45.331  72.413 0.0000000000
45262  -16.294  -45.413  71.630 0.0000000000
52570  -18.333  -40.436  60.434 0.0000000000
52569  -17.519  -40.877  60.521 0.0000000000
51364  -17.106  -41.309  61.045 0.0000000000
50197  -16.504  -41.719  61.524 0.0000000000
50179  -16.403  -42.458  61.773 0.0000000000
47730  -16.399  -43.739  63.100 0.0000000000
47713  -16.166  -44.135  63.638 0.0000000000
47714  -16.359  -44.476  62.995 0.0000000000
46528  -16.599  -45.135  61.732 0.0000000000
60066  -8.430  -33.235  61.663 0.0000000000
59039  -8.033  -33.916  60.982 0.0000000000
58011  -7.091  -35.327  60.147 0.0000000000
56974  -7.044  -36.193  60.163 0.0000000000
56991  -6.687  -36.776  58.282 0.0000000000
52690  -8.853  -40.361  53.332 0.0000000000
52708  -8.204  -39.930  52.527 0.0000000000
53910  -6.766  -38.736  50.499 0.0000000000
52453  -11.999  -39.989  72.883 0.0000000000
52460  -11.714  -40.195  72.229 0.0000000000
51235  -11.919  -40.958  71.775 0.0000000000
50044  -12.758  -41.663  70.695 0.0000000000
50042  -11.359  -43.145  69.509 0.0000000000
40542  -9.194  -49.702  68.591 0.0000000000
41810  -8.984  -48.819  67.503 0.0000000000
41809  -9.008  -48.525  67.255 0.0000000000
42990  -9.011  -47.682  67.071 0.0000000000
43006  -9.321  -47.897  66.106 0.0000000000
43060  -8.079  -48.675  61.935 0.0000000000
41868  -7.679  -49.464  61.994 0.0000000000
43059  -7.791  -49.059  61.620 0.0000000000
44192  -7.974  -48.721  61.518 0.0000000000
43104  -7.344  -48.995  60.014 0.0000000000
43105  -7.093  -48.963  59.520 0.0000000000
43118  -6.567  -49.252  58.589 0.0000000000
59071  -35.909  -34.339  60.469 0.0000000000
58007  -36.249  -35.158  61.249 0.0000000000
59054  -36.236  -34.281  61.320 0.0000000000
60098  -36.208  -33.822  61.071 0.0000000000
63877  -37.261  -30.561  63.005 0.0000000000
50071  -32.678  -41.866  69.376 0.0000000000
50098  -34.270  -41.733  67.501 0.0000000000
50099  -34.447  -41.163  66.865 0.0000000000
50113  -33.817  -41.199  66.736 0.0000000000
48914  -33.608  -42.033  66.895 0.0000000000
48928  -31.879  -41.145  65.832 0.0000000000
48943  -31.795  -40.502  64.811 0.0000000000
48960  -31.867  -40.444  63.645 0.0000000000
48978  -32.239  -40.420  62.663 0.0000000000
48996  -31.695  -40.362  61.790 0.0000000000
84125  -55.640  -13.628  39.673 0.0000000000
85428  -54.561  -12.813  38.923 0.0000000000
89376  -57.614  -10.316  38.797 0.0000000000
88035  -57.671  -10.909  39.505 0.0000000000
89370  -58.111  -10.303  39.070 0.0000000000
89372  -59.033  -9.898  39.263 0.0000000000
89368  -59.221  -9.543  39.757 0.0000000000
78227  -49.646  -18.843  48.942 0.0000000000
76946  -50.000  -18.736  49.574 0.0000000000
75531  -47.609  -20.349  53.406 0.0000000000
75532  -48.317  -20.213  53.829 0.0000000000
76960  -45.908  -19.126  48.492 0.0000000000
76944  -45.967  -18.955  49.704 0.0000000000
78224  -46.876  -18.928  48.646 0.0000000000
78225  -47.813  -18.828  48.684 0.0000000000
51329  -23.734  -40.314  64.156 0.0000000000
50145  -22.871  -40.340  64.641 0.0000000000
50165  -22.999  -40.202  63.681 0.0000000000
50182  -22.441  -39.836  63.277 0.0000000000
51366  -21.595  -39.515  61.635 0.0000000000
52555  -20.153  -39.679  61.533 0.0000000000
52571  -19.575  -40.222  60.132 0.0000000000
51386  -18.650  -40.647  59.900 0.0000000000
63921  -8.104  -30.651  59.190 0.0000000000
59099  -7.988  -34.534  56.249 0.0000000000
51425  -7.325  -41.203  57.340 0.0000000000
50252  -7.692  -41.863  56.960 0.0000000000
51426  -7.367  -41.257  56.812 0.0000000000
50287  -7.857  -41.437  55.644 0.0000000000
51458  -8.086  -41.332  55.355 0.0000000000
51483  -8.802  -41.289  54.999 0.0000000000
49093  -10.662  -43.113  55.663 0.0000000000
49130  -11.388  -43.279  53.831 0.0000000000
50307  -10.085  -42.062  55.010 0.0000000000
51504  -9.722  -41.023  54.159 0.0000000000
52710  -10.297  -40.735  52.220 0.0000000000
51569  -9.081  -42.219  50.739 0.0000000000
50374  -9.944  -42.871  51.112 0.0000000000
50393  -9.299  -42.745  50.847 0.0000000000
50392  -8.609  -42.613  50.569 0.0000000000
49190  -8.063  -43.312  50.481 0.0000000000
44075  -11.781  -47.000  71.048 0.0000000000
42958  -12.130  -47.856  71.029 0.0000000000
42957  -11.372  -47.749  71.717 0.0000000000
41780  -10.524  -49.074  71.676 0.0000000000
40522  -10.319  -49.695  70.964 0.0000000000
40532  -9.597  -50.461  69.605 0.0000000000
40545  -11.689  -49.220  68.036 0.0000000000
40544  -11.524  -49.724  68.683 0.0000000000
39197  -11.701  -50.873  68.823 0.0000000000
39223  -11.381  -51.728  67.326 0.0000000000
39208  -10.967  -51.255  67.838 0.0000000000
39191  -11.614  -50.739  69.614 0.0000000000
39195  -9.974  -51.298  68.968 0.0000000000
40543  -9.378  -50.803  68.703 0.0000000000
39222  -9.312  -51.155  67.506 0.0000000000
37873  -9.208  -51.307  67.078 0.0000000000
37910  -9.376  -51.486  65.152 0.0000000000
37928  -9.079  -50.915  63.325 0.0000000000
37970  -8.434  -51.549  61.344 0.0000000000
69096  -43.615  -24.374  55.638 0.0000000000
70393  -44.125  -24.292  55.473 0.0000000000
70342  -43.406  -23.499  58.084 0.0000000000
60112  -35.437  -33.746  59.896 0.0000000000
60128  -35.028  -33.892  58.923 0.0000000000
69124  -39.050  -24.924  54.230 0.0000000000
69125  -40.097  -24.674  54.422 0.0000000000
70391  -40.218  -24.603  55.602 0.0000000000
70408  -40.812  -24.496  55.359 0.0000000000
69126  -41.137  -24.513  54.614 0.0000000000
69127  -42.156  -24.496  54.651 0.0000000000
48854  -26.324  -40.716  70.009 0.0000000000
48871  -25.721  -40.849  68.995 0.0000000000
50077  -25.587  -40.992  68.422 0.0000000000
50093  -25.343  -40.852  67.900 0.0000000000
51297  -24.752  -40.304  65.458 0.0000000000
51258  -30.744  -41.532  70.421 0.0000000000
50061  -31.084  -42.079  70.047 0.0000000000
50068  -29.566  -42.243  69.365 0.0000000000
48910  -30.450  -41.370  66.211 0.0000000000
50095  -27.490  -40.678  67.302 0.0000000000
50110  -26.914  -40.544  66.794 0.0000000000
50126  -26.312  -40.246  66.252 0.0000000000
50147  -25.740  -40.125  65.728 0.0000000000
51313  -25.311  -40.167  65.420 0.0000000000
52509  -24.405  -40.319  65.145 0.0000000000
52533  -24.317  -40.326  64.417 0.0000000000
51350  -23.853  -39.764  63.087 0.0000000000
51368  -23.682  -39.349  61.987 0.0000000000
52557  -23.831  -38.976  61.259 0.0000000000
93020  -58.063  -7.280  33.959 0.0000000000
93021  -58.722  -7.090  33.989 0.0000000000
93023  -60.069  -6.654  34.079 0.0000000000
93028  -58.702  -6.639  33.272 0.0000000000
93036  -60.432  -5.413  32.500 0.0000000000
59061  -9.147  -35.011  60.811 0.0000000000
58013  -8.541  -35.458  60.648 0.0000000000
55965  -9.644  -37.568  60.883 0.0000000000
55954  -9.326  -38.328  61.264 0.0000000000
52567  -6.988  -40.262  60.285 0.0000000000
51382  -6.759  -40.934  59.780 0.0000000000
51402  -7.015  -41.682  59.672 0.0000000000
52568  -7.235  -40.569  60.886 0.0000000000
49043  -8.795  -43.316  59.125 0.0000000000
49044  -9.346  -43.694  58.858 0.0000000000
50194  -8.445  -42.558  61.270 0.0000000000
48990  -8.825  -43.078  61.979 0.0000000000
48991  -9.075  -43.238  61.155 0.0000000000
50195  -8.910  -42.811  60.583 0.0000000000
49026  -9.261  -43.357  59.595 0.0000000000
49045  -10.099  -43.899  58.589 0.0000000000
49046  -10.875  -44.070  58.465 0.0000000000
46594  -11.478  -45.434  57.688 0.0000000000
78257  -55.367  -18.982  42.813 0.0000000000
78258  -55.848  -18.856  42.960 0.0000000000
76947  -50.984  -18.819  49.552 0.0000000000
70395  -45.163  -23.717  56.470 0.0000000000
71665  -45.576  -23.470  56.639 0.0000000000
70569  -48.841  -22.797  43.151 0.0000000000
70570  -49.337  -22.550  43.008 0.0000000000
71882  -49.810  -22.186  42.966 0.0000000000
71881  -49.366  -22.364  42.606 0.0000000000
73142  -49.711  -21.741  42.476 0.0000000000
74388  -49.717  -20.796  42.168 0.0000000000
75683  -50.359  -20.224  42.314 0.0000000000
75684  -51.157  -20.149  42.565 0.0000000000
77030  -52.078  -19.430  42.342 0.0000000000
75662  -52.284  -20.554  43.329 0.0000000000
75670  -52.702  -19.987  43.001 0.0000000000
77032  -53.782  -18.955  42.533 0.0000000000
42966  -13.795  -47.686  70.698 0.0000000000
42974  -13.472  -48.235  69.177 0.0000000000
44085  -15.342  -46.457  71.473 0.0000000000
41795  -12.965  -48.190  67.431 0.0000000000
40563  -13.518  -48.804  66.314 0.0000000000
40576  -13.590  -48.813  65.569 0.0000000000
41825  -14.083  -48.404  65.689 0.0000000000
40588  -13.631  -48.771  64.635 0.0000000000
39280  -13.965  -49.539  63.436 0.0000000000
39293  -14.137  -49.751  62.624 0.0000000000
50122  -21.601  -40.758  65.818 0.0000000000
48923  -21.830  -41.078  66.425 0.0000000000
48885  -20.296  -41.247  67.777 0.0000000000
51309  -19.039  -40.441  64.726 0.0000000000
51308  -18.195  -40.653  64.919 0.0000000000
50104  -19.471  -40.656  66.642 0.0000000000
48904  -19.926  -40.882  67.165 0.0000000000
48864  -19.688  -41.468  68.801 0.0000000000
48883  -17.528  -41.419  67.906 0.0000000000
45280  -14.858  -45.115  66.952 0.0000000000
44107  -14.453  -45.635  66.045 0.0000000000
46495  -15.950  -44.753  64.220 0.0000000000
45327  -15.873  -45.958  64.086 0.0000000000
44126  -14.758  -46.267  65.356 0.0000000000
44146  -14.916  -47.028  64.891 0.0000000000
41837  -15.380  -48.060  63.971 0.0000000000
41847  -15.195  -48.398  63.761 0.0000000000
40615  -15.432  -48.486  62.908 0.0000000000
40614  -15.058  -48.855  62.827 0.0000000000
63884  -6.859  -30.471  61.852 0.0000000000
61268  -7.730  -32.936  61.828 0.0000000000
61267  -7.010  -32.509  61.614 0.0000000000
61266  -6.671  -31.973  61.048 0.0000000000
62548  -6.649  -31.657  60.675 0.0000000000
62573  -6.686  -31.892  59.874 0.0000000000
61294  -6.911  -31.866  58.966 0.0000000000
60116  -7.146  -33.575  58.319 0.0000000000
60136  -7.693  -33.761  57.358 0.0000000000
54929  -7.058  -38.427  58.010 0.0000000000
54930  -7.349  -37.786  57.556 0.0000000000
55988  -7.687  -37.299  57.480 0.0000000000
57002  -8.041  -36.747  57.260 0.0000000000
52667  -7.388  -40.445  54.376 0.0000000000
52666  -6.956  -40.352  54.617 0.0000000000
53840  -6.635  -39.406  54.981 0.0000000000
54953  -8.496  -37.946  55.924 0.0000000000
57027  -8.999  -36.850  55.984 0.0000000000
57016  -8.480  -36.561  56.602 0.0000000000
57015  -6.760  -36.389  56.670 0.0000000000
57014  -5.473  -36.041  56.110 0.0000000000
58050  -5.331  -35.733  55.705 0.0000000000
58066  -5.099  -35.767  54.993 0.0000000000
58067  -6.277  -35.598  55.419 0.0000000000
58068  -7.254  -35.244  55.011 0.0000000000
57049  -8.588  -36.785  53.336 0.0000000000
57060  -8.069  -37.148  52.694 0.0000000000
51282  -9.825  -41.131  67.008 0.0000000000
47631  -13.636  -44.438  71.466 0.0000000000
47630  -12.800  -44.541  70.614 0.0000000000
46431  -11.317  -45.587  70.546 0.0000000000
47639  -12.412  -43.920  70.325 0.0000000000
48833  -11.013  -44.009  69.540 0.0000000000
50041  -10.514  -43.543  69.361 0.0000000000
45267  -9.925  -45.859  69.038 0.0000000000
44086  -9.127  -46.622  68.588 0.0000000000
45266  -9.443  -45.987  68.611 0.0000000000
46443  -9.882  -45.219  69.365 0.0000000000
47647  -9.927  -44.675  69.458 0.0000000000
50054  -10.601  -42.943  69.216 0.0000000000
51254  -9.960  -42.890  69.051 0.0000000000
51266  -10.037  -42.372  68.705 0.0000000000
50074  -8.932  -43.643  68.219 0.0000000000
51275  -9.499  -42.741  68.391 0.0000000000
50087  -9.381  -42.032  67.432 0.0000000000
47678  -8.381  -44.381  66.401 0.0000000000
47686  -8.832  -44.210  65.891 0.0000000000
48920  -9.364  -43.834  64.933 0.0000000000
47698  -9.563  -44.370  64.649 0.0000000000
46510  -9.985  -44.923  64.167 0.0000000000
45357  -10.546  -45.582  62.733 0.0000000000
45324  -9.071  -46.985  63.948 0.0000000000
45339  -9.580  -46.741  63.323 0.0000000000
45356  -10.145  -46.382  62.560 0.0000000000
45372  -10.876  -45.969  61.748 0.0000000000
45388  -10.693  -46.517  60.751 0.0000000000
45403  -10.441  -46.567  59.794 0.0000000000
45418  -10.368  -46.595  58.871 0.0000000000
44258  -9.107  -47.435  58.476 0.0000000000
45432  -9.574  -47.351  58.199 0.0000000000
45433  -10.144  -47.116  58.063 0.0000000000
44297  -10.224  -47.510  56.874 0.0000000000
44315  -9.870  -48.211  55.584 0.0000000000
44324  -9.961  -48.605  55.074 0.0000000000
37986  -7.838  -51.662  60.728 0.0000000000
148853  -6.380  -53.468  58.484 0.0000000000
36679  -6.887  -52.401  59.978 0.0000000000
36700  -6.875  -51.933  60.113 0.0000000000
37985  -7.277  -51.443  60.373 0.0000000000
39321  -6.927  -50.979  59.887 0.0000000000
40650  -6.294  -50.882  59.290 0.0000000000
40665  -5.125  -51.108  58.741 0.0000000000
40666  -5.833  -50.764  58.795 0.0000000000
40685  -5.557  -50.471  58.179 0.0000000000
41928  -5.734  -49.969  57.436 0.0000000000
41957  -4.971  -49.476  57.120 0.0000000000
38089  -6.155  -52.940  56.683 0.0000000000
38069  -5.955  -52.278  56.446 0.0000000000
43151  -6.361  -49.302  57.246 0.0000000000
41944  -7.675  -49.319  56.171 0.0000000000
41945  -8.297  -49.098  55.978 0.0000000000
41960  -8.348  -49.679  55.632 0.0000000000
43165  -8.795  -48.927  55.757 0.0000000000
43173  -9.192  -49.174  55.353 0.0000000000
43174  -9.697  -49.134  54.926 0.0000000000
41982  -10.748  -49.699  54.062 0.0000000000
40781  -10.663  -50.530  53.524 0.0000000000
39473  -8.997  -51.748  51.686 0.0000000000
32882  -5.838  -55.610  56.840 0.0000000000
35398  -6.213  -54.140  57.398 0.0000000000
36605  -9.530  -52.605  64.876 0.0000000000
36698  -5.830  -52.516  59.478 0.0000000000
36717  -5.556  -52.835  59.114 0.0000000000
37915  -12.112  -50.479  64.524 0.0000000000
38000  -5.387  -52.338  59.531 0.0000000000
39190  -11.158  -51.006  69.690 0.0000000000
39198  -11.473  -50.188  68.712 0.0000000000
39221  -8.960  -50.694  67.012 0.0000000000
39267  -13.594  -49.414  64.151 0.0000000000
39319  -5.498  -51.906  59.594 0.0000000000
39389  -5.110  -52.208  56.852 0.0000000000
39390  -5.349  -51.643  56.510 0.0000000000
39413  -7.302  -51.246  55.185 0.0000000000
40521  -9.958  -49.309  71.063 0.0000000000
40525  -9.503  -49.160  69.968 0.0000000000
40529  -12.353  -50.072  70.084 0.0000000000
40530  -12.747  -49.758  69.528 0.0000000000
40533  -10.376  -51.064  69.592 0.0000000000
40537  -12.275  -48.663  68.556 0.0000000000
40559  -8.906  -49.036  67.073 0.0000000000
40561  -12.076  -49.332  67.065 0.0000000000
40575  -13.326  -49.265  65.979 0.0000000000
40600  -9.133  -50.014  64.601 0.0000000000
40603  -15.193  -48.522  63.322 0.0000000000
40629  -16.029  -48.340  62.121 0.0000000000
40686  -6.086  -50.503  58.514 0.0000000000
40743  -6.600  -51.135  55.844 0.0000000000
40767  -7.667  -50.951  55.256 0.0000000000
41775  -10.975  -48.361  72.127 0.0000000000
41778  -10.330  -48.383  69.879 0.0000000000
41779  -9.977  -48.732  70.610 0.0000000000
41781  -11.624  -49.255  71.237 0.0000000000
41783  -13.045  -49.017  70.241 0.0000000000
41785  -9.741  -48.969  70.276 0.0000000000
41793  -8.910  -48.065  67.742 0.0000000000
41811  -13.339  -48.366  66.761 0.0000000000
41859  -16.054  -47.942  62.591 0.0000000000
41893  -7.210  -49.283  60.192 0.0000000000
41903  -7.079  -49.179  59.787 0.0000000000
41912  -6.039  -50.040  57.893 0.0000000000
41927  -5.310  -50.040  57.125 0.0000000000
41941  -5.081  -49.830  56.967 0.0000000000
41942  -5.723  -50.158  57.143 0.0000000000
41956  -4.825  -49.325  56.923 0.0000000000
42001  -11.147  -48.815  52.869 0.0000000000
42969  -13.284  -48.726  70.066 0.0000000000
42979  -13.610  -46.703  67.730 0.0000000000
43021  -15.137  -47.543  64.351 0.0000000000
43043  -8.369  -48.497  62.530 0.0000000000
43076  -7.568  -49.035  60.838 0.0000000000
43077  -7.691  -48.975  61.190 0.0000000000
43092  -7.469  -49.024  60.442 0.0000000000
43117  -6.246  -49.748  58.131 0.0000000000
43131  -5.611  -49.124  57.862 0.0000000000
43132  -5.957  -49.474  57.634 0.0000000000
43136  -8.733  -48.379  57.218 0.0000000000
43149  -4.940  -49.262  57.335 0.0000000000
43150  -5.402  -49.495  57.465 0.0000000000
43163  -4.765  -49.079  57.073 0.0000000000
43164  -4.874  -49.266  57.128 0.0000000000
43196  -11.775  -47.931  52.615 0.0000000000
44073  -10.527  -46.975  71.009 0.0000000000
44080  -15.591  -46.468  71.965 0.0000000000
44081  -10.432  -47.134  69.477 0.0000000000
44087  -9.708  -46.859  68.925 0.0000000000
44091  -8.756  -46.872  68.387 0.0000000000
44104  -8.400  -46.482  67.465 0.0000000000
44178  -16.228  -47.211  62.986 0.0000000000
44209  -7.672  -48.908  60.647 0.0000000000
44224  -7.679  -48.840  60.344 0.0000000000
44243  -9.055  -46.925  58.930 0.0000000000
44271  -5.074  -48.921  57.612 0.0000000000
44272  -5.421  -48.917  57.889 0.0000000000
44275  -10.134  -47.391  57.473 0.0000000000
44293  -4.891  -48.809  57.321 0.0000000000
44294  -5.367  -48.904  57.570 0.0000000000
44312  -4.779  -48.824  57.064 0.0000000000
44313  -4.868  -49.026  57.189 0.0000000000
44323  -9.570  -48.888  55.183 0.0000000000
44345  -11.998  -47.175  52.684 0.0000000000
45254  -16.022  -46.030  72.645 0.0000000000
45278  -8.331  -45.948  67.485 0.0000000000
45287  -8.303  -46.082  66.914 0.0000000000
45328  -16.098  -46.493  63.485 0.0000000000
45341  -10.425  -45.289  63.212 0.0000000000
45385  -8.572  -47.738  60.144 0.0000000000
45389  -11.292  -45.915  60.853 0.0000000000
45417  -9.602  -46.945  58.618 0.0000000000
45486  -12.130  -45.855  53.796 0.0000000000
45502  -12.214  -45.847  53.563 0.0000000000
46438  -10.836  -45.279  70.126 0.0000000000
46447  -9.283  -44.930  68.631 0.0000000000
46449  -8.460  -45.309  67.519 0.0000000000
46494  -9.539  -45.181  64.812 0.0000000000
46527  -10.578  -44.968  62.883 0.0000000000
46639  -11.254  -45.995  55.266 0.0000000000
46642  -12.192  -45.642  53.702 0.0000000000
46657  -12.323  -45.629  53.498 0.0000000000
46674  -9.339  -45.566  51.177 0.0000000000
46675  -9.777  -45.795  51.523 0.0000000000
47665  -8.955  -44.660  68.047 0.0000000000
47676  -7.969  -45.002  66.996 0.0000000000
47677  -8.019  -44.591  66.846 0.0000000000
47687  -9.270  -44.248  65.297 0.0000000000
47708  -8.782  -44.017  63.125 0.0000000000
47709  -8.735  -44.045  63.124 0.0000000000
47712  -10.104  -44.603  62.899 0.0000000000
47725  -9.036  -43.695  63.010 0.0000000000
47726  -9.120  -43.705  62.521 0.0000000000
47727  -9.274  -43.921  62.575 0.0000000000
47806  -12.307  -44.542  55.363 0.0000000000
47872  -9.600  -45.320  51.348 0.0000000000
47904  -11.835  -43.630  52.361 0.0000000000
48841  -9.619  -44.066  69.272 0.0000000000
48859  -31.138  -42.556  68.909 0.0000000000
48879  -8.117  -44.348  67.285 0.0000000000
48891  -25.184  -40.999  68.550 0.0000000000
48897  -32.198  -42.905  67.305 0.0000000000
48922  -21.266  -41.045  66.283 0.0000000000
48940  -30.442  -40.319  63.776 0.0000000000
48952  -8.863  -43.537  63.053 0.0000000000
48953  -8.797  -43.369  63.167 0.0000000000
48969  -8.636  -43.248  62.859 0.0000000000
48970  -8.741  -43.139  62.994 0.0000000000
48974  -30.538  -40.154  62.683 0.0000000000
48976  -31.401  -40.415  62.585 0.0000000000
48987  -9.111  -43.401  62.231 0.0000000000
48988  -8.924  -43.278  62.510 0.0000000000
48989  -8.745  -42.958  62.544 0.0000000000
48994  -30.750  -40.097  62.127 0.0000000000
49007  -8.977  -43.235  62.107 0.0000000000
49009  -9.643  -43.822  59.995 0.0000000000
49113  -11.969  -44.100  54.264 0.0000000000
49129  -10.928  -42.974  53.762 0.0000000000
49150  -11.287  -42.284  51.887 0.0000000000
49191  -8.781  -43.249  50.739 0.0000000000
50034  -12.001  -41.571  71.001 0.0000000000
50035  -12.548  -41.540  71.574 0.0000000000
50036  -12.893  -41.809  71.554 0.0000000000
50052  -9.492  -43.601  69.077 0.0000000000
50064  -9.188  -43.706  68.640 0.0000000000
50065  -9.302  -43.823  68.984 0.0000000000
50075  -9.016  -42.991  67.832 0.0000000000
50080  -30.303  -42.290  68.879 0.0000000000
50097  -33.664  -42.109  67.940 0.0000000000
50137  -7.958  -41.704  64.707 0.0000000000
50142  -20.014  -40.416  65.217 0.0000000000
50146  -25.114  -40.318  65.832 0.0000000000
50152  -33.433  -40.219  65.442 0.0000000000
50161  -17.279  -40.944  63.941 0.0000000000
50196  -16.328  -41.418  61.943 0.0000000000
50226  -9.009  -42.944  59.599 0.0000000000
50251  -7.468  -41.474  57.178 0.0000000000
50306  -9.365  -41.688  55.165 0.0000000000
50325  -11.311  -42.845  53.480 0.0000000000
50326  -11.660  -43.194  53.532 0.0000000000
51236  -12.378  -41.371  71.506 0.0000000000
51237  -12.694  -41.562  71.797 0.0000000000
51242  -11.868  -40.682  71.811 0.0000000000
51245  -13.153  -41.653  71.935 0.0000000000
51265  -9.532  -43.182  68.858 0.0000000000
51274  -9.259  -43.314  68.545 0.0000000000
51293  -18.367  -40.648  65.446 0.0000000000
51294  -18.769  -40.565  65.311 0.0000000000
51295  -23.915  -40.355  65.411 0.0000000000
51298  -25.184  -40.124  65.146 0.0000000000
51311  -23.819  -40.365  65.183 0.0000000000
51312  -23.586  -40.352  65.000 0.0000000000
51349  -22.932  -39.631  62.669 0.0000000000
51365  -20.858  -39.603  61.803 0.0000000000
51375  -34.719  -39.446  61.371 0.0000000000
51413  -7.201  -41.168  58.061 0.0000000000
51459  -8.494  -41.602  55.435 0.0000000000
51481  -7.269  -40.675  54.924 0.0000000000
51544  -9.801  -41.915  51.126 0.0000000000
51590  -6.656  -42.277  49.135 0.0000000000
52502  -36.154  -39.679  66.921 0.0000000000
52506  -36.402  -39.721  66.658 0.0000000000
52508  -24.086  -40.350  65.246 0.0000000000
52510  -24.900  -40.213  64.993 0.0000000000
52511  -25.214  -39.999  64.932 0.0000000000
52519  -8.407  -40.324  64.065 0.0000000000
52520  -23.961  -40.369  65.159 0.0000000000
52521  -24.082  -40.357  64.935 0.0000000000
52522  -24.630  -40.277  64.732 0.0000000000
52523  -25.160  -40.004  64.660 0.0000000000
52531  -8.111  -40.056  63.419 0.0000000000
52532  -23.921  -40.357  64.624 0.0000000000
52630  -7.221  -40.711  56.078 0.0000000000
52631  -7.222  -40.797  56.521 0.0000000000
52691  -9.795  -40.562  53.023 0.0000000000
53741  -9.409  -40.088  65.723 0.0000000000
53764  -35.384  -39.058  62.993 0.0000000000
53772  -35.358  -39.123  62.578 0.0000000000
53788  -7.591  -38.924  60.832 0.0000000000
53810  -7.281  -40.526  56.899 0.0000000000
53898  -6.885  -38.728  50.870 0.0000000000
54915  -8.324  -38.542  60.974 0.0000000000
54937  -8.083  -37.956  57.270 0.0000000000
54938  -9.150  -37.879  57.351 0.0000000000
54939  -9.639  -38.178  57.051 0.0000000000
54940  -9.478  -38.214  56.475 0.0000000000
54981  -6.968  -38.579  50.703 0.0000000000
55989  -8.795  -37.360  57.516 0.0000000000
55990  -9.923  -37.570  57.337 0.0000000000
56002  -9.214  -37.401  55.811 0.0000000000
56878  -38.179  -36.859  68.305 0.0000000000
57003  -9.387  -36.759  57.244 0.0000000000
57004  -10.420  -36.925  57.084 0.0000000000
57013  -4.982  -35.854  55.835 0.0000000000
57017  -9.812  -36.661  56.505 0.0000000000
57018  -10.697  -36.864  56.438 0.0000000000
57024  -4.929  -36.093  55.577 0.0000000000
57028  -10.092  -37.126  55.952 0.0000000000
58085  -5.344  -36.195  54.721 0.0000000000
58966  -38.785  -34.838  67.146 0.0000000000
60014  -39.066  -33.940  66.778 0.0000000000
60118  -8.595  -32.790  57.967 0.0000000000
62533  -7.377  -31.939  62.949 0.0000000000
69063  -38.701  -25.351  58.643 0.0000000000
69093  -41.659  -24.397  56.240 0.0000000000
69111  -43.249  -24.482  55.246 0.0000000000
69128  -42.944  -24.552  54.672 0.0000000000
70337  -38.711  -25.310  58.227 0.0000000000
70394  -44.742  -24.028  55.942 0.0000000000
70407  -40.440  -24.604  55.020 0.0000000000
70409  -44.044  -24.246  53.836 0.0000000000
70428  -43.802  -24.363  53.651 0.0000000000
70554  -48.725  -22.767  43.552 0.0000000000
70585  -48.862  -22.615  42.605 0.0000000000
70586  -49.347  -22.471  42.778 0.0000000000
71686  -44.193  -24.186  53.650 0.0000000000
71687  -44.264  -24.130  53.862 0.0000000000
71690  -46.171  -22.745  54.875 0.0000000000
71706  -44.098  -24.255  53.405 0.0000000000
71817  -52.256  -21.462  45.641 0.0000000000
71836  -52.494  -21.513  45.497 0.0000000000
71852  -52.483  -21.510  45.205 0.0000000000
71869  -51.638  -21.509  44.382 0.0000000000
71901  -49.139  -22.315  42.288 0.0000000000
71902  -49.626  -22.139  42.576 0.0000000000
72978  -46.970  -21.641  54.844 0.0000000000
73068  -52.409  -21.016  46.448 0.0000000000
73091  -50.166  -21.573  45.120 0.0000000000
73110  -53.842  -21.053  45.508 0.0000000000
73130  -50.477  -21.455  43.298 0.0000000000
73131  -51.245  -21.246  43.598 0.0000000000
73154  -49.437  -21.608  41.966 0.0000000000
74245  -45.515  -22.026  52.252 0.0000000000
74320  -48.052  -21.046  44.924 0.0000000000
74321  -48.289  -21.077  44.992 0.0000000000
74323  -51.000  -20.803  46.147 0.0000000000
74349  -55.031  -20.453  45.070 0.0000000000
74367  -50.574  -21.144  43.170 0.0000000000
75558  -45.628  -20.752  51.620 0.0000000000
75637  -48.403  -20.926  45.169 0.0000000000
75665  -54.624  -19.956  43.525 0.0000000000
75685  -51.936  -19.939  42.655 0.0000000000
76961  -50.145  -19.035  48.931 0.0000000000
76990  -48.204  -20.707  45.380 0.0000000000
77015  -52.515  -19.730  42.723 0.0000000000
78213  -48.826  -18.566  49.883 0.0000000000
78214  -49.489  -18.635  49.564 0.0000000000
78238  -50.060  -19.216  48.317 0.0000000000
78265  -56.228  -18.433  42.713 0.0000000000
78275  -55.334  -18.314  42.077 0.0000000000
78288  -53.729  -18.191  41.516 0.0000000000
78289  -54.293  -18.199  41.576 0.0000000000
81789  -55.785  -15.481  40.452 0.0000000000
81790  -56.210  -15.461  40.579 0.0000000000
82876  -58.239  -14.879  42.537 0.0000000000
82881  -57.998  -14.594  42.066 0.0000000000
82899  -55.135  -15.136  40.007 0.0000000000
84090  -58.817  -13.955  42.461 0.0000000000
84104  -56.911  -13.859  40.459 0.0000000000
84126  -56.013  -13.690  39.826 0.0000000000
85416  -57.888  -12.693  40.858 0.0000000000
85418  -56.754  -12.842  39.929 0.0000000000
86676  -58.629  -11.672  40.461 0.0000000000
89367  -59.088  -10.140  39.844 0.0000000000
89371  -58.618  -10.162  39.063 0.0000000000
90623  -58.387  -9.972  38.779 0.0000000000
90630  -59.100  -8.521  37.867 0.0000000000
90648  -58.983  -7.799  36.320 0.0000000000
90662  -58.910  -7.561  35.613 0.0000000000
91833  -57.038  -7.516  34.720 0.0000000000
91836  -59.058  -7.206  34.872 0.0000000000
91837  -59.709  -7.285  34.937 0.0000000000
91839  -60.380  -6.890  35.166 0.0000000000
91848  -59.570  -7.030  34.431 0.0000000000
91849  -59.912  -7.038  34.567 0.0000000000
93019  -57.489  -7.343  34.016 0.0000000000
93037  -60.834  -5.102  32.561 0.0000000000
94164  -61.158  -5.031  32.648 0.0000000000
148964  -9.233  -43.691  62.223 0.0000000000
148965  -9.171  -43.478  61.952 0.0000000000
148966  -8.972  -43.331  61.740 0.0000000000
149002  -10.542  -41.992  51.492 0.0000000000
149004  -11.158  -41.594  51.890 0.0000000000
149031  -9.236  -38.324  56.747 0.0000000000
149032  -9.781  -37.829  55.944 0.0000000000
149033  -10.252  -37.917  57.146 0.0000000000
