#!ascii label  , from subject 3222 vox2ras=TkReg
2066
115760  -46.097  28.213  7.638 0.0000000000
132684  -40.222  45.430  10.613 0.0000000000
126357  -43.320  38.122  14.205 0.0000000000
122554  -50.665  34.535  1.521 0.0000000000
130270  -46.275  42.935  0.894 0.0000000000
129240  -47.518  41.894  4.872 0.0000000000
126497  -47.244  38.529  -0.179 0.0000000000
123470  -46.737  35.665  4.657 0.0000000000
114809  -41.324  26.407  17.459 0.0000000000
118714  -45.757  31.439  13.479 0.0000000000
136313  -40.062  51.138  16.054 0.0000000000
134351  -41.306  47.167  5.379 0.0000000000
126490  -40.317  38.547  -0.767 0.0000000000
121484  -50.620  32.359  12.245 0.0000000000
131034  -43.548  43.613  15.326 0.0000000000
124447  -48.065  36.277  8.014 0.0000000000
115822  -52.348  28.594  3.779 0.0000000000
117848  -47.751  29.858  3.500 0.0000000000
118797  -42.847  30.871  4.838 0.0000000000
114886  -45.356  27.406  5.480 0.0000000000
126554  -44.851  38.027  -3.704 0.0000000000
129330  -46.971  40.548  -1.836 0.0000000000
123553  -45.962  35.637  -2.743 0.0000000000
125542  -44.811  37.217  -0.221 0.0000000000
116684  -42.743  29.947  15.101 0.0000000000
117696  -45.856  29.930  17.395 0.0000000000
135029  -34.666  48.680  12.643 0.0000000000
130238  -41.467  42.204  4.096 0.0000000000
122395  -49.105  34.106  15.946 0.0000000000
125422  -47.707  36.702  14.194 0.0000000000
131839  -39.730  44.562  16.067 0.0000000000
129172  -40.039  41.560  12.529 0.0000000000
126443  -48.858  38.507  3.631 0.0000000000
128279  -47.695  40.339  6.942 0.0000000000
123456  -50.626  35.345  4.860 0.0000000000
149183  -51.434  32.653  5.643 0.0000000000
119778  -53.069  31.806  1.624 0.0000000000
116822  -49.649  28.392  3.153 0.0000000000
119768  -50.248  31.617  2.169 0.0000000000
120643  -45.680  33.052  6.343 0.0000000000
149219  -46.321  46.630  5.071 0.0000000000
130210  -42.498  42.767  7.004 0.0000000000
131980  -48.857  44.850  2.841 0.0000000000
128336  -48.386  40.313  1.604 0.0000000000
125530  -48.353  37.394  0.997 0.0000000000
122552  -48.964  34.559  1.802 0.0000000000
125515  -46.456  37.627  1.781 0.0000000000
124521  -44.380  37.434  2.950 0.0000000000
115707  -40.723  27.617  14.054 0.0000000000
117765  -43.214  29.339  11.827 0.0000000000
117783  -45.717  29.550  9.788 0.0000000000
132663  -35.092  45.560  11.975 0.0000000000
134991  -40.181  47.948  15.134 0.0000000000
134242  -41.999  47.239  13.875 0.0000000000
135083  -44.389  47.655  8.751 0.0000000000
132763  -44.038  45.323  2.771 0.0000000000
126476  -43.731  38.978  0.016 0.0000000000
124582  -41.612  36.370  -3.143 0.0000000000
125563  -40.797  37.678  -4.307 0.0000000000
117703  -49.098  31.208  16.980 0.0000000000
116693  -48.811  31.022  12.165 0.0000000000
116754  -49.244  29.708  9.135 0.0000000000
129156  -45.511  41.960  14.919 0.0000000000
129205  -43.857  41.870  9.692 0.0000000000
131086  -46.155  42.268  12.055 0.0000000000
126376  -45.132  38.247  10.029 0.0000000000
121493  -48.975  33.800  10.336 0.0000000000
117807  -51.966  30.241  7.412 0.0000000000
115788  -49.041  28.020  5.880 0.0000000000
114935  -48.125  26.912  2.884 0.0000000000
116855  -46.448  28.488  1.000 0.0000000000
118848  -44.596  30.038  1.282 0.0000000000
121574  -48.897  32.904  4.436 0.0000000000
118808  -44.764  30.579  3.849 0.0000000000
118846  -42.860  30.298  1.519 0.0000000000
115745  -45.313  28.237  8.463 0.0000000000
114857  -44.608  27.468  7.416 0.0000000000
114870  -45.581  27.481  6.328 0.0000000000
123573  -43.877  35.766  -4.389 0.0000000000
123575  -45.907  36.351  -4.557 0.0000000000
121668  -44.939  34.276  -3.883 0.0000000000
149165  -44.098  34.367  -1.684 0.0000000000
125414  -45.543  36.757  13.448 0.0000000000
132649  -39.564  45.141  12.528 0.0000000000
124538  -50.096  35.835  2.119 0.0000000000
124499  -49.724  36.839  4.374 0.0000000000
123488  -50.858  34.895  2.973 0.0000000000
121585  -51.405  33.750  3.406 0.0000000000
121602  -51.303  33.652  1.369 0.0000000000
119776  -51.057  31.692  1.470 0.0000000000
120686  -50.543  32.992  0.775 0.0000000000
133582  -46.532  46.423  2.083 0.0000000000
132742  -47.169  45.575  4.237 0.0000000000
132003  -47.523  44.447  1.080 0.0000000000
127464  -47.569  39.414  -1.166 0.0000000000
128351  -47.796  40.451  -0.173 0.0000000000
127453  -48.103  39.315  0.074 0.0000000000
127443  -49.008  38.826  1.314 0.0000000000
126480  -47.726  38.217  0.641 0.0000000000
125529  -47.713  37.389  0.991 0.0000000000
125528  -46.767  37.820  1.006 0.0000000000
125513  -44.235  37.336  1.438 0.0000000000
118700  -44.268  30.543  14.367 0.0000000000
116688  -42.564  30.040  13.901 0.0000000000
117748  -43.892  30.092  12.610 0.0000000000
117781  -44.673  29.344  10.871 0.0000000000
118739  -45.661  30.655  11.483 0.0000000000
135703  -37.743  49.714  14.366 0.0000000000
135015  -37.457  48.389  12.917 0.0000000000
135705  -39.764  49.535  14.222 0.0000000000
134205  -41.837  47.759  15.819 0.0000000000
134995  -42.581  49.085  14.936 0.0000000000
135783  -43.490  48.780  8.460 0.0000000000
135759  -44.500  48.766  9.896 0.0000000000
135791  -43.847  48.461  6.955 0.0000000000
135145  -44.483  48.175  4.295 0.0000000000
133551  -42.627  46.650  3.825 0.0000000000
126462  -41.010  39.073  1.123 0.0000000000
128333  -42.837  40.293  2.115 0.0000000000
126492  -41.986  37.992  -0.365 0.0000000000
125553  -43.006  37.256  -1.693 0.0000000000
125540  -41.316  37.402  -1.114 0.0000000000
124581  -40.758  36.645  -3.755 0.0000000000
125538  -40.449  38.200  -1.623 0.0000000000
122314  -47.574  34.868  21.575 0.0000000000
120506  -46.274  32.789  20.412 0.0000000000
120525  -47.581  33.081  18.918 0.0000000000
119625  -49.150  31.472  18.531 0.0000000000
121426  -48.318  33.452  18.119 0.0000000000
121472  -49.867  33.872  14.004 0.0000000000
119650  -50.549  32.171  14.607 0.0000000000
117744  -50.583  31.339  12.555 0.0000000000
116738  -49.080  30.072  9.991 0.0000000000
116720  -50.809  30.323  10.373 0.0000000000
130984  -44.563  43.709  18.036 0.0000000000
129118  -44.935  42.466  18.000 0.0000000000
131842  -45.245  44.163  15.713 0.0000000000
130212  -44.369  42.226  6.063 0.0000000000
129220  -42.836  41.437  7.986 0.0000000000
129222  -44.774  41.511  7.770 0.0000000000
126391  -48.051  38.452  7.558 0.0000000000
130191  -46.860  41.278  9.682 0.0000000000
127363  -47.272  39.049  8.723 0.0000000000
128260  -46.055  40.883  11.295 0.0000000000
125443  -47.033  36.903  9.058 0.0000000000
123392  -47.644  35.128  10.465 0.0000000000
122453  -48.797  34.719  8.535 0.0000000000
118814  -53.293  30.021  4.247 0.0000000000
119721  -51.940  30.906  6.310 0.0000000000
115791  -52.469  29.025  5.259 0.0000000000
115778  -50.940  28.448  6.252 0.0000000000
114909  -50.735  28.098  4.624 0.0000000000
114907  -49.221  27.114  4.586 0.0000000000
114044  -49.637  27.127  3.134 0.0000000000
117860  -48.484  29.589  3.388 0.0000000000
116857  -47.713  28.036  2.016 0.0000000000
117874  -46.902  29.158  2.144 0.0000000000
117888  -45.902  29.206  0.683 0.0000000000
118836  -46.058  29.840  1.852 0.0000000000
122539  -48.245  35.047  2.898 0.0000000000
121583  -48.591  34.012  3.371 0.0000000000
121572  -48.082  34.258  4.181 0.0000000000
120650  -44.240  32.223  5.597 0.0000000000
119737  -45.809  31.792  5.224 0.0000000000
119746  -44.387  31.114  4.462 0.0000000000
118820  -44.232  30.427  3.040 0.0000000000
118818  -42.786  30.279  3.704 0.0000000000
117857  -42.207  29.843  2.920 0.0000000000
115724  -42.488  27.346  10.303 0.0000000000
115803  -45.338  27.305  4.102 0.0000000000
128380  -45.782  40.379  -1.282 0.0000000000
129313  -46.668  41.509  -0.701 0.0000000000
127495  -46.284  39.105  -3.316 0.0000000000
125579  -46.886  37.845  -3.793 0.0000000000
125555  -46.577  37.680  -2.045 0.0000000000
125543  -45.575  37.522  -0.658 0.0000000000
124560  -44.938  36.520  -1.049 0.0000000000
116676  -41.743  28.630  16.559 0.0000000000
116665  -43.873  28.821  17.733 0.0000000000
118682  -45.453  30.828  15.711 0.0000000000
136310  -37.287  51.032  16.398 0.0000000000
131965  -41.330  44.590  4.450 0.0000000000
127437  -39.597  39.821  0.875 0.0000000000
126489  -39.735  39.166  -0.752 0.0000000000
122370  -48.076  34.633  17.480 0.0000000000
124408  -48.410  36.135  14.967 0.0000000000
123377  -49.071  35.523  13.275 0.0000000000
129167  -41.701  42.155  13.721 0.0000000000
128291  -48.003  40.367  4.814 0.0000000000
129232  -47.500  41.109  6.318 0.0000000000
126417  -48.624  38.729  5.028 0.0000000000
125451  -49.442  37.267  6.341 0.0000000000
124451  -49.947  35.737  6.615 0.0000000000
122477  -50.118  34.631  6.932 0.0000000000
149182  -51.067  33.846  5.345 0.0000000000
119762  -52.238  31.852  3.816 0.0000000000
117877  -52.873  30.124  2.936 0.0000000000
115838  -51.290  28.689  3.064 0.0000000000
117875  -51.944  29.807  1.846 0.0000000000
118839  -50.552  30.430  2.799 0.0000000000
118825  -49.078  30.824  3.809 0.0000000000
122506  -46.193  34.734  5.891 0.0000000000
128239  -42.175  39.817  14.546 0.0000000000
132700  -42.914  45.678  8.084 0.0000000000
131939  -41.315  44.216  8.413 0.0000000000
131954  -43.602  45.166  5.811 0.0000000000
131149  -45.063  44.037  4.651 0.0000000000
131152  -47.688  43.541  4.724 0.0000000000
130289  -47.834  42.862  0.385 0.0000000000
130254  -48.139  42.502  1.907 0.0000000000
129251  -48.011  41.385  3.271 0.0000000000
128322  -48.704  39.610  2.539 0.0000000000
125501  -49.359  37.478  2.157 0.0000000000
123509  -49.856  35.610  1.515 0.0000000000
122569  -49.779  34.404  1.098 0.0000000000
123524  -48.961  35.396  0.880 0.0000000000
123506  -47.774  36.086  2.094 0.0000000000
124512  -46.755  36.632  3.318 0.0000000000
125527  -45.626  37.873  0.574 0.0000000000
125500  -45.711  37.585  2.326 0.0000000000
116686  -41.238  28.619  14.594 0.0000000000
116696  -41.484  28.665  12.751 0.0000000000
115714  -41.936  28.101  10.985 0.0000000000
115725  -43.371  28.171  10.436 0.0000000000
116749  -45.190  28.761  9.595 0.0000000000
115736  -46.063  28.878  8.912 0.0000000000
131874  -37.511  45.413  14.371 0.0000000000
133439  -37.648  46.535  13.186 0.0000000000
134201  -39.783  47.362  17.153 0.0000000000
134182  -41.096  47.018  17.273 0.0000000000
132614  -41.077  45.911  14.945 0.0000000000
133464  -40.702  46.648  12.019 0.0000000000
136988  -44.000  51.225  16.158 0.0000000000
134245  -43.563  48.586  13.346 0.0000000000
133486  -42.954  47.529  11.157 0.0000000000
133499  -43.080  46.567  9.289 0.0000000000
149217  -44.865  47.085  6.914 0.0000000000
134374  -45.403  47.528  3.229 0.0000000000
131165  -44.831  43.703  1.887 0.0000000000
130240  -42.736  43.135  3.293 0.0000000000
129267  -43.812  42.031  2.465 0.0000000000
128350  -44.918  40.693  0.503 0.0000000000
126508  -44.429  38.438  -1.812 0.0000000000
125577  -43.982  37.033  -3.217 0.0000000000
124602  -41.215  35.800  -4.818 0.0000000000
124590  -40.671  37.108  -5.298 0.0000000000
127477  -40.768  39.332  -2.869 0.0000000000
117699  -48.237  30.010  17.225 0.0000000000
118704  -47.314  31.440  14.361 0.0000000000
120550  -50.007  32.802  16.687 0.0000000000
117731  -48.494  31.512  13.624 0.0000000000
118726  -47.366  31.026  12.002 0.0000000000
118754  -47.685  30.419  10.441 0.0000000000
116752  -47.717  29.467  9.070 0.0000000000
115747  -47.641  28.682  8.098 0.0000000000
128241  -44.013  40.734  14.040 0.0000000000
129209  -40.994  42.055  9.146 0.0000000000
129196  -42.284  41.662  10.897 0.0000000000
129176  -43.468  42.392  12.491 0.0000000000
130199  -45.742  41.733  9.187 0.0000000000
131107  -44.760  42.595  11.185 0.0000000000
131049  -44.988  43.672  13.880 0.0000000000
130131  -46.293  42.904  13.984 0.0000000000
129177  -45.195  40.834  12.281 0.0000000000
126370  -43.760  38.451  11.759 0.0000000000
124432  -46.563  36.150  11.828 0.0000000000
123390  -48.954  35.169  11.621 0.0000000000
120576  -49.813  32.593  11.121 0.0000000000
120622  -50.167  33.092  8.216 0.0000000000
120624  -50.700  31.954  8.947 0.0000000000
119693  -51.203  31.211  10.019 0.0000000000
116770  -50.340  29.329  8.028 0.0000000000
115763  -49.394  28.738  7.313 0.0000000000
114860  -47.550  28.267  6.984 0.0000000000
114888  -47.552  27.536  5.288 0.0000000000
114905  -47.366  27.138  4.380 0.0000000000
114918  -46.437  27.292  2.948 0.0000000000
115852  -48.415  27.401  2.590 0.0000000000
114947  -47.000  27.369  1.819 0.0000000000
115850  -46.204  27.833  1.602 0.0000000000
116836  -45.208  28.510  0.998 0.0000000000
117903  -44.094  29.235  0.162 0.0000000000
121601  -49.534  33.718  1.917 0.0000000000
120666  -49.374  32.568  3.424 0.0000000000
119750  -48.545  31.518  4.163 0.0000000000
120652  -46.509  32.726  5.790 0.0000000000
119748  -46.270  31.122  4.743 0.0000000000
118810  -46.715  30.449  4.233 0.0000000000
118821  -45.076  30.347  2.953 0.0000000000
118847  -43.738  30.236  1.320 0.0000000000
115759  -45.112  27.786  7.830 0.0000000000
114858  -45.819  27.756  7.046 0.0000000000
122630  -43.351  34.770  -4.337 0.0000000000
122621  -44.441  34.571  -4.370 0.0000000000
122620  -43.925  34.475  -3.984 0.0000000000
125410  -45.263  37.009  14.575 0.0000000000
125413  -44.495  37.293  13.670 0.0000000000
132666  -39.608  45.049  11.528 0.0000000000
131903  -39.013  44.386  12.155 0.0000000000
131921  -39.761  44.628  10.598 0.0000000000
123510  -50.422  35.109  1.779 0.0000000000
123498  -50.630  35.090  2.430 0.0000000000
122542  -51.077  34.410  1.978 0.0000000000
121594  -51.440  33.719  2.309 0.0000000000
122555  -50.917  34.088  1.174 0.0000000000
121614  -50.950  33.670  0.809 0.0000000000
122571  -50.825  33.991  0.934 0.0000000000
131993  -46.416  44.602  1.309 0.0000000000
133595  -47.169  46.053  1.810 0.0000000000
131176  -46.652  43.657  0.823 0.0000000000
126511  -47.097  38.562  -1.343 0.0000000000
127465  -47.765  38.998  -0.614 0.0000000000
126512  -47.480  38.757  -0.519 0.0000000000
126498  -47.753  38.782  0.083 0.0000000000
126479  -46.988  38.286  0.520 0.0000000000
115699  -40.490  26.858  16.135 0.0000000000
118713  -44.976  30.859  13.656 0.0000000000
118712  -44.136  30.421  13.535 0.0000000000
118723  -44.474  30.435  12.686 0.0000000000
118738  -44.874  30.505  11.893 0.0000000000
118724  -45.330  30.870  12.576 0.0000000000
136345  -38.785  50.257  14.729 0.0000000000
135718  -38.609  49.682  13.913 0.0000000000
136346  -39.772  50.179  14.605 0.0000000000
135003  -41.170  49.357  14.844 0.0000000000
136332  -41.528  50.442  15.694 0.0000000000
134324  -41.614  47.849  7.263 0.0000000000
135098  -42.123  48.446  8.371 0.0000000000
135122  -42.691  47.998  6.891 0.0000000000
135113  -43.163  48.361  7.400 0.0000000000
134338  -43.006  47.674  6.187 0.0000000000
134353  -43.564  47.728  5.401 0.0000000000
134363  -42.128  47.067  4.673 0.0000000000
126473  -40.516  38.663  0.309 0.0000000000
126474  -41.505  38.541  0.422 0.0000000000
126491  -40.947  38.016  -0.394 0.0000000000
125539  -40.642  37.776  -1.386 0.0000000000
124333  -47.649  36.062  21.446 0.0000000000
122332  -47.881  35.053  20.532 0.0000000000
121396  -47.159  33.788  19.814 0.0000000000
121397  -47.689  34.532  19.913 0.0000000000
120526  -47.925  32.938  18.730 0.0000000000
122415  -50.351  33.081  13.228 0.0000000000
121475  -50.719  32.816  13.780 0.0000000000
119668  -51.042  32.046  12.174 0.0000000000
117770  -50.750  30.621  10.962 0.0000000000
118742  -51.250  30.869  11.198 0.0000000000
131033  -42.864  43.218  15.505 0.0000000000
131819  -43.928  44.022  16.807 0.0000000000
131800  -44.855  43.994  17.361 0.0000000000
131841  -44.563  44.241  15.938 0.0000000000
130214  -46.311  42.137  5.773 0.0000000000
129229  -45.058  41.701  6.816 0.0000000000
129230  -45.976  41.718  6.744 0.0000000000
125448  -48.123  37.362  7.711 0.0000000000
126390  -47.524  38.351  8.306 0.0000000000
126389  -47.109  38.076  8.665 0.0000000000
125447  -47.488  37.245  8.468 0.0000000000
124446  -47.548  36.186  8.809 0.0000000000
123403  -48.795  35.349  7.982 0.0000000000
117850  -53.433  29.555  3.913 0.0000000000
117838  -53.050  29.500  4.457 0.0000000000
114926  -52.530  28.740  4.408 0.0000000000
115806  -52.109  28.704  4.767 0.0000000000
114924  -51.480  28.298  4.137 0.0000000000
114923  -50.613  27.922  3.982 0.0000000000
114939  -51.367  28.378  3.598 0.0000000000
116819  -47.259  29.045  2.430 0.0000000000
117859  -47.324  29.354  2.848 0.0000000000
117858  -46.599  29.565  2.401 0.0000000000
117847  -46.955  29.724  3.135 0.0000000000
123471  -47.481  35.600  4.090 0.0000000000
122526  -48.047  34.963  3.712 0.0000000000
122517  -47.426  34.894  4.713 0.0000000000
119735  -43.593  31.458  5.076 0.0000000000
119736  -44.768  31.703  5.086 0.0000000000
119745  -43.833  31.023  4.396 0.0000000000
118806  -43.299  30.718  4.244 0.0000000000
117837  -42.441  29.937  3.981 0.0000000000
118805  -42.486  30.252  4.452 0.0000000000
115732  -42.501  27.032  9.741 0.0000000000
114903  -45.025  27.369  4.777 0.0000000000
126522  -45.205  38.643  -2.614 0.0000000000
128398  -45.823  39.926  -2.273 0.0000000000
127513  -45.818  38.446  -3.970 0.0000000000
149160  -46.233  36.086  -3.899 0.0000000000
149153  -46.408  36.926  -4.008 0.0000000000
149158  -46.477  36.722  -3.569 0.0000000000
124584  -46.656  37.216  -3.002 0.0000000000
124574  -46.237  36.529  -2.196 0.0000000000
124561  -45.766  36.604  -1.393 0.0000000000
124573  -45.333  35.566  -1.997 0.0000000000
149164  -43.672  35.244  -1.098 0.0000000000
115697  -43.707  27.951  18.393 0.0000000000
117709  -44.541  30.577  16.067 0.0000000000
117710  -45.541  30.515  16.589 0.0000000000
136326  -36.247  50.569  15.562 0.0000000000
128316  -39.837  40.748  2.407 0.0000000000
128347  -39.519  40.703  0.656 0.0000000000
129282  -39.358  41.687  1.460 0.0000000000
127336  -47.371  37.316  15.003 0.0000000000
149199  -47.714  37.541  15.576 0.0000000000
149197  -48.117  36.547  14.539 0.0000000000
124416  -48.730  35.789  13.864 0.0000000000
124415  -48.451  36.311  13.667 0.0000000000
132563  -40.835  45.970  18.005 0.0000000000
129166  -41.100  41.688  13.551 0.0000000000
126442  -48.632  39.000  3.861 0.0000000000
127397  -48.395  39.562  4.526 0.0000000000
126431  -48.998  38.255  4.498 0.0000000000
123455  -50.367  35.820  4.876 0.0000000000
124481  -49.811  36.834  5.233 0.0000000000
124482  -50.293  36.102  5.542 0.0000000000
124466  -50.119  36.111  6.177 0.0000000000
125463  -51.306  36.085  6.018 0.0000000000
124469  -50.755  34.906  5.937 0.0000000000
123457  -50.831  34.907  5.359 0.0000000000
120674  -51.694  32.853  2.670 0.0000000000
120667  -51.726  32.784  3.749 0.0000000000
120682  -53.205  31.947  2.376 0.0000000000
119771  -53.124  31.136  2.760 0.0000000000
119779  -53.274  31.242  2.188 0.0000000000
117892  -52.287  30.082  1.939 0.0000000000
118862  -52.158  30.692  1.734 0.0000000000
119769  -51.195  31.073  2.228 0.0000000000
118838  -49.620  30.541  3.407 0.0000000000
132708  -43.801  45.877  7.256 0.0000000000
132706  -42.726  45.204  7.386 0.0000000000
132726  -45.438  45.737  5.586 0.0000000000
132754  -48.437  45.356  2.642 0.0000000000
132741  -46.427  45.374  4.535 0.0000000000
131969  -47.183  44.562  4.404 0.0000000000
131151  -46.792  43.649  4.742 0.0000000000
131970  -48.070  44.289  4.278 0.0000000000
129329  -46.662  40.793  -1.584 0.0000000000
130302  -47.328  42.194  -0.196 0.0000000000
129314  -47.281  41.249  -0.806 0.0000000000
128352  -48.001  40.385  0.304 0.0000000000
129286  -48.154  41.516  1.199 0.0000000000
129268  -48.268  41.424  2.287 0.0000000000
130241  -48.141  42.456  2.820 0.0000000000
128321  -48.367  40.234  2.780 0.0000000000
128337  -48.683  39.762  2.133 0.0000000000
125531  -48.727  37.530  1.189 0.0000000000
126465  -49.086  38.213  1.793 0.0000000000
125517  -49.100  37.367  1.504 0.0000000000
124537  -49.568  36.560  1.753 0.0000000000
124552  -49.167  36.417  1.013 0.0000000000
124551  -48.437  36.419  0.902 0.0000000000
125516  -47.420  37.077  1.473 0.0000000000
124550  -47.993  36.367  1.092 0.0000000000
124535  -47.257  36.744  2.111 0.0000000000
123496  -47.330  36.306  2.832 0.0000000000
125526  -44.552  37.253  0.642 0.0000000000
125499  -44.815  37.533  2.244 0.0000000000
116682  -41.087  28.286  15.698 0.0000000000
116683  -41.860  29.159  15.514 0.0000000000
116698  -42.862  29.470  12.546 0.0000000000
116691  -41.877  29.327  13.491 0.0000000000
116697  -42.381  29.183  12.434 0.0000000000
116711  -41.831  28.654  11.889 0.0000000000
116712  -42.627  28.858  11.602 0.0000000000
115715  -42.877  28.470  11.067 0.0000000000
116713  -43.506  28.916  11.135 0.0000000000
117782  -45.383  29.845  10.531 0.0000000000
116733  -44.721  28.904  10.286 0.0000000000
116734  -45.446  29.136  9.842 0.0000000000
115735  -45.540  28.643  9.031 0.0000000000
116750  -45.738  28.959  9.239 0.0000000000
131917  -33.958  45.164  11.637 0.0000000000
131899  -33.841  44.308  11.883 0.0000000000
131900  -34.800  44.816  12.256 0.0000000000
131061  -36.445  44.378  13.573 0.0000000000
132646  -36.216  45.426  12.591 0.0000000000
135027  -32.461  48.781  12.567 0.0000000000
134260  -34.145  48.001  12.385 0.0000000000
134241  -39.329  48.334  13.813 0.0000000000
134239  -37.764  47.463  12.937 0.0000000000
134240  -38.634  47.432  13.590 0.0000000000
133422  -38.495  46.596  14.596 0.0000000000
134214  -39.866  47.397  15.814 0.0000000000
134192  -40.566  47.357  17.570 0.0000000000
134203  -40.779  47.468  16.502 0.0000000000
133412  -42.129  47.602  15.027 0.0000000000
133395  -41.844  46.997  15.763 0.0000000000
133423  -41.486  46.458  14.152 0.0000000000
132651  -40.635  46.088  13.137 0.0000000000
133441  -41.194  46.596  13.199 0.0000000000
135708  -43.507  49.708  14.582 0.0000000000
135721  -44.136  49.324  12.893 0.0000000000
135773  -44.382  47.956  9.495 0.0000000000
134292  -44.005  48.038  10.488 0.0000000000
133494  -43.598  47.479  10.256 0.0000000000
133493  -43.041  47.136  10.098 0.0000000000
133500  -43.671  46.902  8.860 0.0000000000
133505  -43.726  46.560  7.941 0.0000000000
135795  -44.931  47.721  7.384 0.0000000000
134373  -44.209  47.552  3.761 0.0000000000
135146  -44.979  48.421  3.867 0.0000000000
133566  -44.696  46.693  2.797 0.0000000000
133580  -44.984  46.210  2.182 0.0000000000
131985  -44.397  44.620  2.488 0.0000000000
130229  -41.474  42.845  4.259 0.0000000000
131975  -41.922  44.642  3.941 0.0000000000
130239  -42.149  42.631  3.735 0.0000000000
127428  -43.302  39.990  1.441 0.0000000000
128334  -43.368  40.672  1.727 0.0000000000
128348  -43.571  40.142  1.258 0.0000000000
129296  -44.626  41.179  1.027 0.0000000000
127441  -44.272  39.561  0.291 0.0000000000
127450  -44.793  39.589  -0.564 0.0000000000
126494  -44.184  38.941  -0.791 0.0000000000
125564  -42.468  36.679  -2.432 0.0000000000
125565  -43.383  36.927  -2.636 0.0000000000
124583  -42.590  36.271  -3.006 0.0000000000
123564  -43.145  35.678  -3.886 0.0000000000
124592  -42.046  35.571  -3.600 0.0000000000
124591  -41.038  36.182  -4.508 0.0000000000
124580  -40.570  37.192  -3.712 0.0000000000
126505  -39.868  39.337  -1.250 0.0000000000
117683  -49.506  29.316  19.956 0.0000000000
117689  -49.499  30.440  17.995 0.0000000000
116671  -49.041  29.835  17.772 0.0000000000
116680  -48.758  30.540  17.110 0.0000000000
117721  -47.362  30.806  16.011 0.0000000000
118696  -48.026  31.075  15.656 0.0000000000
122386  -48.449  34.320  16.570 0.0000000000
122372  -48.525  33.711  17.249 0.0000000000
121452  -49.376  33.563  16.475 0.0000000000
117742  -49.825  31.094  13.076 0.0000000000
118707  -50.211  31.642  14.553 0.0000000000
117732  -49.142  31.533  13.950 0.0000000000
118717  -47.933  31.466  13.431 0.0000000000
117739  -47.939  31.156  12.173 0.0000000000
118741  -47.520  30.644  11.099 0.0000000000
117769  -48.076  30.524  11.062 0.0000000000
117785  -48.369  30.009  9.856 0.0000000000
116753  -48.494  29.688  9.398 0.0000000000
116766  -47.322  29.003  8.626 0.0000000000
116768  -48.793  29.234  8.578 0.0000000000
129128  -45.240  42.264  17.016 0.0000000000
129154  -43.546  40.938  14.807 0.0000000000
131127  -41.529  43.355  7.921 0.0000000000
130194  -40.498  42.865  9.178 0.0000000000
130196  -41.596  42.241  8.403 0.0000000000
129212  -43.623  41.658  8.964 0.0000000000
129203  -41.924  41.483  9.884 0.0000000000
129204  -43.200  41.762  10.070 0.0000000000
129185  -42.590  41.800  11.895 0.0000000000
129197  -43.291  41.796  11.185 0.0000000000
129224  -46.398  41.483  7.806 0.0000000000
130208  -46.999  41.345  8.469 0.0000000000
131101  -46.586  41.919  10.726 0.0000000000
131109  -45.696  42.349  10.387 0.0000000000
131922  -45.487  42.723  11.498 0.0000000000
131083  -44.623  43.176  12.665 0.0000000000
131888  -45.503  43.367  13.094 0.0000000000
131878  -46.221  43.721  13.681 0.0000000000
131085  -46.001  42.402  12.731 0.0000000000
128269  -45.141  39.425  10.203 0.0000000000
129187  -45.363  40.743  11.684 0.0000000000
127347  -44.584  39.598  10.950 0.0000000000
128257  -44.038  39.787  11.774 0.0000000000
126371  -43.972  38.056  11.192 0.0000000000
125428  -44.491  37.322  11.725 0.0000000000
124439  -45.570  36.846  11.031 0.0000000000
122424  -48.195  34.499  10.193 0.0000000000
123388  -47.577  35.511  11.233 0.0000000000
123394  -48.775  34.543  11.032 0.0000000000
122418  -49.485  34.569  11.876 0.0000000000
120575  -49.463  33.022  10.858 0.0000000000
121541  -51.020  33.008  6.789 0.0000000000
121540  -50.312  33.658  7.290 0.0000000000
118774  -51.966  30.550  7.176 0.0000000000
119710  -51.518  31.461  7.631 0.0000000000
119702  -51.744  31.034  7.763 0.0000000000
119701  -51.335  31.381  8.865 0.0000000000
117800  -51.709  30.409  8.327 0.0000000000
116742  -51.342  30.054  9.359 0.0000000000
116772  -51.499  29.448  7.504 0.0000000000
114875  -50.137  28.095  5.820 0.0000000000
115764  -50.437  28.619  6.934 0.0000000000
115776  -49.291  28.245  6.402 0.0000000000
115762  -48.225  28.510  7.230 0.0000000000
115775  -48.336  28.287  6.380 0.0000000000
114872  -47.597  27.957  6.290 0.0000000000
115787  -48.577  27.969  5.669 0.0000000000
114920  -48.254  26.854  3.668 0.0000000000
114906  -48.385  27.063  4.479 0.0000000000
114919  -47.285  27.046  3.412 0.0000000000
114934  -47.153  27.053  2.604 0.0000000000
116823  -50.960  28.881  2.592 0.0000000000
115837  -50.043  28.165  3.141 0.0000000000
116840  -48.965  28.051  3.072 0.0000000000
116856  -47.237  28.346  1.444 0.0000000000
115868  -47.386  27.618  1.428 0.0000000000
115867  -46.883  27.801  1.241 0.0000000000
114946  -46.673  27.542  1.705 0.0000000000
115866  -46.281  27.996  1.139 0.0000000000
115865  -45.826  28.214  1.189 0.0000000000
116854  -45.634  28.649  0.791 0.0000000000
118849  -45.539  29.708  1.203 0.0000000000
117887  -44.908  29.199  0.612 0.0000000000
118859  -44.688  29.578  0.852 0.0000000000
117886  -44.152  29.458  0.394 0.0000000000
118858  -43.763  29.895  0.331 0.0000000000
122568  -49.229  34.740  1.223 0.0000000000
122553  -49.526  34.240  1.376 0.0000000000
121600  -49.222  34.158  2.068 0.0000000000
121584  -49.110  33.227  3.832 0.0000000000
121593  -49.290  33.415  2.901 0.0000000000
120661  -49.039  32.412  4.111 0.0000000000
119751  -49.155  32.026  3.806 0.0000000000
120660  -48.273  32.371  4.701 0.0000000000
121554  -46.052  33.856  6.512 0.0000000000
120644  -46.293  33.318  6.247 0.0000000000
119747  -45.265  31.089  4.590 0.0000000000
118809  -45.638  30.395  4.000 0.0000000000
118833  -43.584  30.416  2.298 0.0000000000
118857  -43.111  30.280  0.532 0.0000000000
115744  -44.253  27.651  8.479 0.0000000000
114856  -43.608  26.860  7.367 0.0000000000
124605  -44.645  36.848  -4.201 0.0000000000
124606  -45.696  37.349  -4.451 0.0000000000
123574  -45.010  36.191  -4.840 0.0000000000
121678  -45.292  34.858  -4.495 0.0000000000
122612  -45.672  34.138  -3.425 0.0000000000
149162  -45.512  34.861  -3.123 0.0000000000
121657  -44.753  34.266  -2.741 0.0000000000
125411  -46.290  36.997  14.600 0.0000000000
125421  -46.972  36.900  14.186 0.0000000000
132612  -39.651  45.041  14.486 0.0000000000
131063  -38.913  43.597  13.568 0.0000000000
130169  -38.949  42.364  11.603 0.0000000000
125489  -49.353  37.591  3.056 0.0000000000
125482  -49.335  37.599  3.990 0.0000000000
124513  -49.703  36.794  3.457 0.0000000000
123487  -50.518  35.433  3.348 0.0000000000
123473  -50.824  35.045  3.747 0.0000000000
122518  -51.113  34.616  4.169 0.0000000000
122528  -51.181  34.475  2.977 0.0000000000
120680  -51.656  32.841  1.765 0.0000000000
119785  -51.675  31.584  1.514 0.0000000000
120688  -51.418  32.743  0.965 0.0000000000
119784  -51.078  32.289  0.726 0.0000000000
119775  -50.651  32.344  1.031 0.0000000000
134376  -46.828  47.259  3.730 0.0000000000
133554  -46.970  46.681  4.253 0.0000000000
133569  -47.308  46.480  3.179 0.0000000000
132767  -47.822  45.844  2.543 0.0000000000
132781  -48.503  45.065  1.755 0.0000000000
127479  -47.334  39.165  -2.212 0.0000000000
128382  -47.238  40.095  -1.511 0.0000000000
128366  -47.962  39.830  -0.205 0.0000000000
127442  -48.526  39.452  0.914 0.0000000000
126481  -48.395  38.457  0.834 0.0000000000
115705  -40.651  27.573  14.960 0.0000000000
117719  -43.472  30.370  15.050 0.0000000000
117729  -43.467  30.377  14.270 0.0000000000
117737  -43.470  30.161  13.308 0.0000000000
117747  -43.336  29.703  12.451 0.0000000000
117766  -44.249  29.763  11.622 0.0000000000
117767  -45.020  30.218  11.367 0.0000000000
117794  -46.032  30.320  10.070 0.0000000000
132679  -33.281  45.826  11.704 0.0000000000
135716  -36.774  49.397  13.675 0.0000000000
135014  -36.224  49.040  12.972 0.0000000000
135717  -37.729  49.310  13.586 0.0000000000
135016  -38.578  48.722  13.412 0.0000000000
135001  -40.017  48.719  14.519 0.0000000000
134983  -41.134  47.991  15.692 0.0000000000
135002  -40.889  49.024  14.586 0.0000000000
134985  -42.029  48.502  15.181 0.0000000000
133413  -42.514  48.011  14.887 0.0000000000
135772  -43.294  49.471  9.352 0.0000000000
135730  -44.181  49.612  11.353 0.0000000000
136399  -44.096  49.339  9.562 0.0000000000
135784  -44.088  48.755  7.991 0.0000000000
135785  -44.502  48.449  7.954 0.0000000000
135802  -44.755  48.361  6.159 0.0000000000
135130  -44.199  47.941  5.500 0.0000000000
134364  -43.084  47.563  4.258 0.0000000000
133564  -43.009  46.211  3.342 0.0000000000
128318  -41.448  40.368  2.937 0.0000000000
128304  -42.147  41.273  3.285 0.0000000000
127416  -42.018  39.955  2.384 0.0000000000
126464  -42.552  39.226  1.059 0.0000000000
126475  -42.660  38.858  0.423 0.0000000000
126493  -43.258  38.208  -0.835 0.0000000000
125541  -42.261  37.535  -1.166 0.0000000000
125552  -41.760  36.996  -2.021 0.0000000000
124571  -41.012  36.744  -2.730 0.0000000000
124570  -40.656  37.084  -2.969 0.0000000000
125550  -40.586  37.701  -2.663 0.0000000000
124344  -46.715  36.403  21.706 0.0000000000
123288  -47.554  35.630  21.975 0.0000000000
122299  -46.927  34.963  22.370 0.0000000000
121379  -47.109  34.018  20.928 0.0000000000
118668  -49.033  30.807  19.174 0.0000000000
119623  -48.239  31.794  18.812 0.0000000000
119629  -48.979  32.213  18.176 0.0000000000
119630  -49.402  32.294  17.829 0.0000000000
122401  -49.353  34.485  14.788 0.0000000000
121458  -49.912  33.757  15.377 0.0000000000
121467  -50.201  33.453  14.392 0.0000000000
119667  -50.729  31.838  13.516 0.0000000000
117753  -49.762  30.704  12.050 0.0000000000
116701  -49.389  30.624  11.455 0.0000000000
116702  -50.052  30.549  11.173 0.0000000000
116719  -50.249  30.428  10.357 0.0000000000
116740  -50.468  30.118  9.578 0.0000000000
130963  -44.920  43.434  18.409 0.0000000000
130986  -45.477  43.357  17.356 0.0000000000
130104  -46.004  42.812  16.132 0.0000000000
130211  -43.304  42.583  6.508 0.0000000000
130206  -42.769  42.065  7.207 0.0000000000
129227  -43.404  41.764  7.274 0.0000000000
129221  -43.913  41.587  7.942 0.0000000000
129213  -44.541  41.610  8.675 0.0000000000
127368  -47.815  39.428  7.321 0.0000000000
128277  -47.584  40.381  8.133 0.0000000000
127364  -47.491  39.474  8.474 0.0000000000
127359  -47.261  39.990  9.281 0.0000000000
129199  -46.666  41.013  10.545 0.0000000000
129198  -46.497  40.910  10.818 0.0000000000
127353  -46.421  40.129  9.759 0.0000000000
127357  -45.924  39.304  9.373 0.0000000000
125441  -45.641  37.675  9.852 0.0000000000
124440  -46.175  36.607  10.716 0.0000000000
124444  -46.955  36.217  9.812 0.0000000000
122435  -47.995  34.682  9.788 0.0000000000
122436  -48.616  34.341  9.342 0.0000000000
119741  -52.212  31.016  5.050 0.0000000000
120645  -51.685  31.525  6.029 0.0000000000
119742  -52.457  30.519  5.171 0.0000000000
117822  -52.472  29.755  5.785 0.0000000000
116783  -52.330  29.466  6.077 0.0000000000
115766  -51.711  28.882  6.384 0.0000000000
115779  -51.627  28.688  5.801 0.0000000000
114893  -51.334  28.507  5.400 0.0000000000
114891  -50.092  27.862  5.208 0.0000000000
114890  -49.286  27.694  5.227 0.0000000000
114908  -49.835  27.568  4.472 0.0000000000
115820  -49.418  26.878  4.175 0.0000000000
114043  -49.471  26.993  3.183 0.0000000000
117861  -49.713  29.468  3.347 0.0000000000
116821  -48.597  28.737  2.983 0.0000000000
116837  -47.242  28.777  2.103 0.0000000000
117889  -46.589  29.015  1.122 0.0000000000
117872  -46.151  29.429  1.118 0.0000000000
118850  -46.073  29.622  1.375 0.0000000000
122551  -48.425  35.025  2.238 0.0000000000
122540  -48.483  34.467  2.600 0.0000000000
122527  -48.282  34.520  3.176 0.0000000000
121582  -48.243  34.414  3.553 0.0000000000
121573  -48.464  33.424  4.577 0.0000000000
120651  -45.282  32.358  5.762 0.0000000000
118807  -44.029  30.549  3.939 0.0000000000
118819  -43.450  30.476  3.305 0.0000000000
118832  -42.719  30.236  2.723 0.0000000000
118831  -42.293  29.945  2.527 0.0000000000
117846  -42.341  29.888  3.494 0.0000000000
117845  -41.702  29.733  3.386 0.0000000000
114828  -41.704  26.866  10.925 0.0000000000
129312  -46.055  41.047  -0.512 0.0000000000
129298  -46.358  41.703  0.053 0.0000000000
129328  -46.285  40.887  -1.231 0.0000000000
128381  -46.202  40.512  -1.799 0.0000000000
128413  -46.583  39.626  -2.824 0.0000000000
127529  -46.351  37.973  -4.323 0.0000000000
127514  -46.465  38.526  -3.801 0.0000000000
149152  -46.804  39.077  -3.083 0.0000000000
126523  -47.041  38.483  -2.359 0.0000000000
125556  -46.805  38.147  -2.277 0.0000000000
126510  -46.448  38.091  -1.381 0.0000000000
126496  -46.375  38.282  -0.531 0.0000000000
125544  -46.123  37.448  -1.391 0.0000000000
149161  -44.429  35.011  -1.814 0.0000000000
124572  -44.419  35.744  -1.290 0.0000000000
116662  -41.312  27.425  16.840 0.0000000000
116663  -41.659  27.835  17.119 0.0000000000
116664  -42.510  28.389  17.402 0.0000000000
116677  -42.864  29.344  16.462 0.0000000000
116678  -43.962  29.681  16.616 0.0000000000
117708  -43.562  30.135  15.808 0.0000000000
117720  -44.034  30.519  15.203 0.0000000000
118691  -44.687  30.704  15.104 0.0000000000
119652  -45.272  31.202  14.254 0.0000000000
135714  -34.631  49.671  13.960 0.0000000000
136356  -36.445  50.026  14.160 0.0000000000
136327  -37.078  50.339  15.837 0.0000000000
136312  -39.097  51.172  16.225 0.0000000000
133537  -41.366  46.706  4.954 0.0000000000
128302  -40.886  40.849  3.368 0.0000000000
128317  -40.437  40.431  2.730 0.0000000000
127438  -40.081  39.242  1.046 0.0000000000
126472  -39.654  39.010  0.177 0.0000000000
127449  -39.436  39.815  -0.043 0.0000000000
124407  -48.294  36.281  16.020 0.0000000000
123366  -48.468  35.566  15.622 0.0000000000
123370  -48.896  34.972  14.411 0.0000000000
122408  -49.698  34.243  13.780 0.0000000000
122413  -49.694  34.294  12.906 0.0000000000
130115  -42.131  42.671  15.563 0.0000000000
130130  -42.406  42.774  14.758 0.0000000000
129235  -47.686  41.144  5.247 0.0000000000
129234  -47.279  41.740  5.565 0.0000000000
127384  -48.204  39.502  5.359 0.0000000000
127373  -47.987  39.436  6.285 0.0000000000
125472  -49.435  37.555  4.846 0.0000000000
126405  -49.009  38.283  5.613 0.0000000000
126396  -48.375  38.582  6.681 0.0000000000
125450  -48.876  37.523  6.973 0.0000000000
124450  -49.494  36.323  6.668 0.0000000000
123416  -49.212  35.639  7.209 0.0000000000
123404  -49.317  35.042  7.480 0.0000000000
122478  -50.055  35.045  6.777 0.0000000000
121555  -50.791  33.895  6.093 0.0000000000
149181  -51.484  32.671  5.208 0.0000000000
121575  -51.183  33.924  4.664 0.0000000000
119752  -51.814  32.322  4.271 0.0000000000
120663  -51.636  32.313  4.939 0.0000000000
119754  -52.310  31.124  4.247 0.0000000000
118828  -53.364  30.109  3.562 0.0000000000
115840  -52.759  28.964  3.238 0.0000000000
115839  -52.225  28.705  3.291 0.0000000000
116843  -52.482  29.174  2.738 0.0000000000
116841  -51.714  29.343  2.324 0.0000000000
117863  -51.449  29.630  2.246 0.0000000000
119777  -51.600  31.009  1.833 0.0000000000
118840  -51.264  30.239  2.326 0.0000000000
117862  -50.721  29.465  2.817 0.0000000000
118837  -48.792  30.281  3.683 0.0000000000
117849  -48.331  30.077  3.622 0.0000000000
122516  -46.651  35.023  5.171 0.0000000000
123454  -46.156  35.343  5.198 0.0000000000
122495  -45.569  34.395  6.489 0.0000000000
121553  -45.161  33.680  6.616 0.0000000000
120642  -44.680  32.901  6.202 0.0000000000
119729  -43.345  31.867  5.700 0.0000000000
119734  -42.830  31.115  5.275 0.0000000000
132692  -41.792  45.534  9.219 0.0000000000
132690  -40.771  44.649  9.182 0.0000000000
132698  -41.678  44.902  8.600 0.0000000000
131943  -42.268  44.398  7.429 0.0000000000
131131  -43.141  43.858  6.119 0.0000000000
132740  -45.762  45.270  4.911 0.0000000000
131966  -44.786  44.751  4.998 0.0000000000
130217  -43.855  43.228  5.646 0.0000000000
130218  -44.783  42.852  5.308 0.0000000000
130231  -46.715  43.265  4.987 0.0000000000
130221  -47.386  42.613  5.116 0.0000000000
131188  -47.260  43.684  0.457 0.0000000000
131189  -47.768  43.683  0.587 0.0000000000
131995  -48.541  44.261  1.983 0.0000000000
129300  -47.778  41.765  0.155 0.0000000000
130271  -48.063  42.622  0.996 0.0000000000
131167  -48.226  43.418  2.408 0.0000000000
131159  -48.356  43.446  3.226 0.0000000000
130233  -48.046  42.484  3.692 0.0000000000
129241  -47.790  41.436  4.266 0.0000000000
128305  -48.217  40.327  3.846 0.0000000000
127418  -48.456  39.839  3.406 0.0000000000
127407  -48.652  39.079  3.624 0.0000000000
127430  -49.074  39.148  2.142 0.0000000000
126454  -49.063  38.377  2.619 0.0000000000
124524  -49.699  36.696  2.547 0.0000000000
123526  -50.239  34.892  1.362 0.0000000000
122570  -50.488  34.241  1.064 0.0000000000
123525  -49.697  35.079  1.221 0.0000000000
123508  -48.895  35.024  1.292 0.0000000000
123507  -48.379  35.570  1.540 0.0000000000
123497  -48.049  35.638  2.472 0.0000000000
123486  -47.762  35.694  3.292 0.0000000000
123485  -46.970  36.189  3.781 0.0000000000
126495  -45.851  38.192  -0.067 0.0000000000
125514  -45.210  37.684  1.513 0.0000000000
116675  -41.173  27.766  16.477 0.0000000000
116687  -41.862  29.438  14.422 0.0000000000
116690  -41.264  28.572  13.720 0.0000000000
115709  -40.894  27.758  13.103 0.0000000000
114827  -41.162  27.062  11.576 0.0000000000
116732  -43.972  28.770  10.541 0.0000000000
115726  -44.115  28.565  10.155 0.0000000000
115734  -44.454  28.344  9.455 0.0000000000
115746  -46.471  28.679  8.399 0.0000000000
133481  -35.016  46.462  11.765 0.0000000000
134262  -36.160  47.700  12.000 0.0000000000
133461  -36.623  46.581  12.160 0.0000000000
132665  -36.416  45.918  12.385 0.0000000000
132629  -37.600  45.844  13.981 0.0000000000
133408  -38.115  46.177  15.254 0.0000000000
134200  -39.394  46.853  17.394 0.0000000000
134969  -40.810  48.033  18.860 0.0000000000
134181  -40.877  46.988  18.047 0.0000000000
132578  -40.676  45.630  16.811 0.0000000000
133382  -41.460  46.932  16.444 0.0000000000
132597  -41.147  46.072  15.896 0.0000000000
132596  -40.408  45.389  15.827 0.0000000000
132631  -40.239  45.575  13.821 0.0000000000
132650  -40.035  45.752  12.936 0.0000000000
133482  -40.433  45.975  11.172 0.0000000000
136315  -41.969  50.975  16.110 0.0000000000
135685  -43.017  50.257  15.900 0.0000000000
134996  -43.135  49.118  14.627 0.0000000000
133444  -42.880  48.173  13.248 0.0000000000
134265  -43.959  48.918  11.846 0.0000000000
133467  -42.861  47.845  12.193 0.0000000000
133466  -42.368  47.493  12.184 0.0000000000
133465  -41.598  47.219  12.140 0.0000000000
133484  -41.653  46.751  10.989 0.0000000000
133491  -41.842  46.108  9.993 0.0000000000
132694  -43.055  46.087  8.716 0.0000000000
132702  -43.671  46.297  7.853 0.0000000000
149216  -45.403  46.735  6.182 0.0000000000
135811  -45.344  48.131  5.300 0.0000000000
135820  -45.747  47.890  4.794 0.0000000000
135148  -46.768  48.117  3.934 0.0000000000
134382  -46.038  47.025  2.765 0.0000000000
132765  -45.342  45.669  1.807 0.0000000000
131175  -45.707  43.715  1.303 0.0000000000
132737  -41.690  45.435  4.334 0.0000000000
131976  -42.511  44.726  3.499 0.0000000000
131158  -43.078  43.993  3.132 0.0000000000
130251  -42.807  42.406  3.199 0.0000000000
130252  -43.422  42.838  2.858 0.0000000000
131164  -43.917  43.776  2.562 0.0000000000
130253  -44.259  42.760  2.252 0.0000000000
130268  -44.815  42.650  1.544 0.0000000000
129297  -45.540  41.440  0.502 0.0000000000
128364  -45.382  40.439  -0.287 0.0000000000
127463  -45.254  39.433  -1.536 0.0000000000
126521  -44.682  38.167  -2.990 0.0000000000
126507  -43.691  37.820  -1.526 0.0000000000
125566  -44.184  37.613  -2.709 0.0000000000
125578  -44.525  37.599  -3.563 0.0000000000
124604  -43.961  36.341  -4.035 0.0000000000
124601  -40.955  36.426  -5.694 0.0000000000
126506  -40.298  38.784  -1.811 0.0000000000
126520  -40.749  38.363  -3.229 0.0000000000
116668  -47.244  29.524  18.159 0.0000000000
117686  -49.460  29.820  18.949 0.0000000000
116670  -48.657  29.562  17.809 0.0000000000
117697  -46.813  30.054  17.484 0.0000000000
118684  -46.745  30.712  16.246 0.0000000000
118693  -45.993  31.355  15.051 0.0000000000
118702  -46.204  31.655  14.149 0.0000000000
121425  -47.982  34.058  18.048 0.0000000000
121444  -48.786  33.371  17.386 0.0000000000
120541  -49.948  32.415  16.991 0.0000000000
120555  -50.192  32.968  15.771 0.0000000000
118687  -49.906  31.730  15.900 0.0000000000
117724  -48.974  31.437  15.265 0.0000000000
118705  -47.889  31.484  14.414 0.0000000000
118715  -46.791  31.443  13.397 0.0000000000
118725  -46.297  31.092  12.362 0.0000000000
118740  -46.729  30.796  11.348 0.0000000000
118753  -47.052  30.659  10.536 0.0000000000
118763  -46.555  30.508  10.025 0.0000000000
116736  -48.205  30.357  10.687 0.0000000000
118765  -47.740  30.291  9.960 0.0000000000
116751  -46.628  29.265  8.996 0.0000000000
115761  -47.146  28.345  7.568 0.0000000000
128230  -42.632  40.562  15.006 0.0000000000
128240  -42.902  40.257  14.254 0.0000000000
127340  -42.945  39.198  13.283 0.0000000000
131115  -40.158  43.495  9.513 0.0000000000
129194  -40.097  41.819  10.712 0.0000000000
129210  -41.558  41.843  9.027 0.0000000000
129195  -41.196  41.534  10.745 0.0000000000
129183  -40.570  41.556  11.637 0.0000000000
129174  -41.916  42.137  12.826 0.0000000000
130161  -42.196  42.443  13.577 0.0000000000
130148  -43.100  43.022  13.555 0.0000000000
129231  -46.853  41.663  6.530 0.0000000000
129214  -45.298  41.514  8.539 0.0000000000
130198  -45.102  41.692  9.323 0.0000000000
131125  -46.647  41.608  9.329 0.0000000000
131116  -45.473  42.126  10.139 0.0000000000
130179  -44.299  42.493  11.144 0.0000000000
130171  -44.184  42.711  11.771 0.0000000000
131082  -44.067  43.081  12.842 0.0000000000
131048  -44.442  43.728  14.312 0.0000000000
131860  -45.442  44.033  14.841 0.0000000000
131844  -46.039  43.656  15.054 0.0000000000
129157  -45.963  42.402  15.133 0.0000000000
129179  -45.862  41.752  13.004 0.0000000000
129178  -45.626  41.231  12.641 0.0000000000
129168  -45.029  40.939  13.358 0.0000000000
128249  -44.428  40.678  13.471 0.0000000000
128252  -43.406  39.534  12.848 0.0000000000
126362  -43.382  38.443  13.203 0.0000000000
125419  -44.522  37.212  12.673 0.0000000000
124413  -46.391  36.597  13.298 0.0000000000
124423  -47.048  36.472  13.063 0.0000000000
124441  -47.043  35.854  10.998 0.0000000000
124433  -47.549  35.819  12.009 0.0000000000
124424  -48.014  36.245  12.964 0.0000000000
124435  -49.085  35.915  12.409 0.0000000000
122419  -49.757  34.038  12.139 0.0000000000
121482  -49.920  32.843  11.911 0.0000000000
122454  -49.251  34.371  8.184 0.0000000000
121524  -49.441  33.679  8.702 0.0000000000
120607  -49.611  33.200  9.008 0.0000000000
120634  -51.208  32.306  7.147 0.0000000000
120623  -50.512  32.357  8.514 0.0000000000
120608  -49.849  32.610  9.184 0.0000000000
120593  -50.197  32.089  10.422 0.0000000000
120594  -50.572  31.795  10.647 0.0000000000
119680  -51.022  31.231  10.918 0.0000000000
117787  -51.344  30.623  10.131 0.0000000000
116741  -51.015  29.816  9.555 0.0000000000
116755  -49.967  29.998  8.759 0.0000000000
116781  -51.118  28.818  7.168 0.0000000000
116779  -50.075  29.015  7.516 0.0000000000
115749  -49.001  29.030  8.000 0.0000000000
115748  -48.507  28.844  7.988 0.0000000000
114859  -46.825  27.932  6.984 0.0000000000
114871  -46.672  27.480  6.252 0.0000000000
114887  -46.448  27.341  5.324 0.0000000000
114889  -48.524  27.573  5.077 0.0000000000
114904  -46.104  27.326  4.205 0.0000000000
115819  -45.422  27.378  3.331 0.0000000000
114938  -50.286  28.093  3.429 0.0000000000
114950  -49.515  27.205  2.975 0.0000000000
114949  -48.894  27.078  2.708 0.0000000000
116858  -47.774  27.864  2.167 0.0000000000
114963  -48.011  27.178  2.287 0.0000000000
114948  -47.835  26.974  2.220 0.0000000000
114933  -46.604  27.409  2.103 0.0000000000
115835  -45.862  27.568  2.306 0.0000000000
115834  -44.994  27.802  2.450 0.0000000000
115849  -45.385  28.124  1.628 0.0000000000
116835  -44.488  28.583  1.044 0.0000000000
116853  -44.491  28.950  0.420 0.0000000000
121613  -50.488  33.606  0.835 0.0000000000
121612  -50.002  33.619  1.107 0.0000000000
120679  -50.176  32.850  1.508 0.0000000000
121592  -49.014  34.093  2.448 0.0000000000
120673  -49.734  32.646  2.526 0.0000000000
119760  -49.447  31.649  3.478 0.0000000000
119759  -48.889  31.147  3.958 0.0000000000
118824  -48.281  30.556  3.884 0.0000000000
122507  -46.915  34.467  5.418 0.0000000000
119738  -46.847  31.870  5.239 0.0000000000
120659  -47.677  32.081  4.923 0.0000000000
119749  -47.467  31.425  4.786 0.0000000000
118811  -47.663  30.746  4.224 0.0000000000
118823  -47.228  30.147  3.721 0.0000000000
118822  -46.122  29.952  3.051 0.0000000000
118835  -45.346  30.212  1.985 0.0000000000
118834  -44.446  30.395  2.089 0.0000000000
114050  -49.395  27.006  2.715 0.0000000000
114051  -49.553  27.063  2.922 0.0000000000
114057  -49.674  27.066  2.733 0.0000000000
114058  -49.827  26.979  2.722 0.0000000000
114861  -47.962  28.459  6.882 0.0000000000
114873  -47.819  28.321  6.664 0.0000000000
114874  -49.590  27.950  5.711 0.0000000000
114876  -50.780  28.314  5.828 0.0000000000
114877  -51.195  28.481  5.812 0.0000000000
114892  -50.783  28.249  5.262 0.0000000000
114910  -51.636  28.505  4.732 0.0000000000
114911  -52.318  28.702  4.583 0.0000000000
114912  -52.586  28.800  4.632 0.0000000000
114921  -49.202  26.795  3.878 0.0000000000
114922  -49.717  27.374  3.779 0.0000000000
114925  -52.221  28.559  4.174 0.0000000000
114936  -48.959  26.793  3.110 0.0000000000
114937  -49.673  27.480  3.152 0.0000000000
114940  -51.979  28.484  3.790 0.0000000000
114951  -50.006  27.821  2.874 0.0000000000
114961  -47.062  27.157  1.368 0.0000000000
114962  -47.456  27.212  1.832 0.0000000000
115694  -41.475  27.173  17.161 0.0000000000
115700  -40.898  26.930  16.605 0.0000000000
115713  -41.172  27.956  12.049 0.0000000000
115750  -51.368  28.882  6.950 0.0000000000
115751  -51.605  29.086  6.927 0.0000000000
115752  -51.776  29.287  6.893 0.0000000000
115758  -44.571  27.537  7.949 0.0000000000
115765  -51.192  28.667  6.696 0.0000000000
115767  -52.009  29.165  6.341 0.0000000000
115768  -52.230  29.236  6.085 0.0000000000
115774  -48.104  28.186  5.952 0.0000000000
115777  -50.184  28.317  6.443 0.0000000000
115780  -52.126  28.976  5.763 0.0000000000
115781  -52.296  29.193  5.783 0.0000000000
115786  -48.035  27.952  5.578 0.0000000000
115789  -51.890  28.743  5.047 0.0000000000
115790  -52.250  28.867  5.197 0.0000000000
115804  -49.422  27.016  4.222 0.0000000000
115805  -49.503  27.200  4.361 0.0000000000
115807  -52.361  28.786  4.780 0.0000000000
115808  -52.647  28.879  4.655 0.0000000000
115821  -49.592  27.220  4.150 0.0000000000
115823  -52.695  28.796  3.890 0.0000000000
115836  -49.713  28.028  2.975 0.0000000000
115851  -46.630  27.689  1.426 0.0000000000
115853  -49.272  27.699  2.961 0.0000000000
115854  -49.673  27.722  3.033 0.0000000000
115855  -52.100  28.972  2.782 0.0000000000
115856  -52.420  28.982  2.853 0.0000000000
115857  -52.721  29.002  3.005 0.0000000000
115869  -47.733  27.601  1.932 0.0000000000
115876  -47.287  27.858  1.035 0.0000000000
115877  -47.645  27.907  1.382 0.0000000000
115878  -47.946  28.031  1.684 0.0000000000
116657  -49.235  29.309  18.686 0.0000000000
116669  -48.054  29.456  17.951 0.0000000000
116672  -49.301  30.150  17.769 0.0000000000
116679  -48.718  30.111  17.355 0.0000000000
116692  -42.786  29.607  13.031 0.0000000000
116694  -49.099  30.866  11.975 0.0000000000
116699  -48.237  30.804  11.489 0.0000000000
116700  -48.655  30.808  11.642 0.0000000000
116703  -50.540  30.550  10.897 0.0000000000
116714  -44.239  29.114  10.899 0.0000000000
116715  -48.164  30.376  10.873 0.0000000000
116716  -48.332  30.520  10.996 0.0000000000
116717  -49.057  30.409  10.799 0.0000000000
116718  -49.588  30.401  10.559 0.0000000000
116721  -51.126  30.268  10.114 0.0000000000
116735  -45.885  29.337  9.357 0.0000000000
116737  -48.530  30.212  10.263 0.0000000000
116739  -49.718  30.277  9.669 0.0000000000
116756  -50.707  29.642  8.718 0.0000000000
116757  -51.217  29.618  8.536 0.0000000000
116758  -51.617  29.932  8.246 0.0000000000
116759  -51.910  30.002  7.539 0.0000000000
116767  -48.078  29.130  8.607 0.0000000000
116769  -49.511  29.320  8.175 0.0000000000
116771  -51.077  29.082  7.686 0.0000000000
116773  -51.892  29.564  7.042 0.0000000000
116774  -52.151  29.759  6.807 0.0000000000
116780  -50.722  28.859  7.352 0.0000000000
116782  -52.151  29.393  6.398 0.0000000000
116790  -52.511  29.274  5.434 0.0000000000
116796  -52.774  29.149  4.824 0.0000000000
116803  -53.026  29.151  4.214 0.0000000000
116809  -53.089  29.214  3.598 0.0000000000
116820  -47.735  28.956  2.691 0.0000000000
116824  -51.717  29.066  2.586 0.0000000000
116825  -52.942  29.267  3.269 0.0000000000
116838  -47.733  28.390  2.360 0.0000000000
116839  -48.349  27.931  2.688 0.0000000000
116842  -52.062  29.286  2.398 0.0000000000
116844  -52.835  29.299  3.181 0.0000000000
116859  -52.381  29.602  2.345 0.0000000000
116860  -52.636  29.563  2.805 0.0000000000
116861  -52.795  29.595  3.121 0.0000000000
116871  -47.542  28.034  1.324 0.0000000000
116872  -47.611  28.028  1.518 0.0000000000
116873  -48.087  27.863  1.931 0.0000000000
117690  -49.355  31.115  17.387 0.0000000000
117698  -47.617  30.008  17.325 0.0000000000
117700  -48.512  30.029  17.322 0.0000000000
117701  -49.053  30.753  17.190 0.0000000000
117702  -49.169  30.936  17.314 0.0000000000
117711  -46.431  30.482  16.766 0.0000000000
117712  -47.208  30.539  16.538 0.0000000000
117713  -47.835  30.571  16.480 0.0000000000
117714  -48.411  30.776  16.476 0.0000000000
117715  -48.893  31.200  16.399 0.0000000000
117716  -49.277  31.376  16.348 0.0000000000
117717  -49.180  31.289  16.783 0.0000000000
117722  -47.543  30.717  16.198 0.0000000000
117723  -48.468  31.446  14.936 0.0000000000
117725  -49.496  31.525  15.402 0.0000000000
117727  -41.562  28.998  14.219 0.0000000000
117728  -41.684  29.221  14.015 0.0000000000
117730  -43.806  30.455  14.727 0.0000000000
117733  -49.669  31.458  14.341 0.0000000000
117735  -41.415  28.787  14.115 0.0000000000
117736  -41.562  28.973  13.916 0.0000000000
117738  -43.991  30.286  13.028 0.0000000000
117740  -48.334  31.218  12.540 0.0000000000
117741  -49.147  31.135  12.649 0.0000000000
117743  -50.076  30.906  12.877 0.0000000000
117746  -42.910  29.397  12.249 0.0000000000
117749  -47.851  30.675  11.303 0.0000000000
117750  -47.961  30.869  11.573 0.0000000000
117751  -48.175  31.034  11.920 0.0000000000
117752  -49.385  30.790  12.035 0.0000000000
117754  -50.434  30.760  11.730 0.0000000000
117755  -50.639  30.980  11.959 0.0000000000
117764  -42.762  29.229  12.008 0.0000000000
117768  -47.947  30.486  10.800 0.0000000000
117771  -50.952  30.765  10.946 0.0000000000
117784  -48.090  30.196  10.166 0.0000000000
117786  -51.519  30.824  9.875 0.0000000000
117795  -46.271  30.042  9.477 0.0000000000
117796  -47.489  30.004  9.439 0.0000000000
117797  -48.090  29.835  9.607 0.0000000000
117798  -51.587  30.633  9.756 0.0000000000
117799  -51.540  30.550  9.364 0.0000000000
117814  -52.326  30.028  6.592 0.0000000000
117828  -52.715  29.550  5.068 0.0000000000
117856  -41.773  29.729  2.434 0.0000000000
117864  -53.216  29.709  3.366 0.0000000000
117873  -46.475  29.402  1.595 0.0000000000
117876  -52.131  29.728  1.998 0.0000000000
117878  -52.995  29.832  3.151 0.0000000000
117890  -46.823  28.966  1.729 0.0000000000
117891  -52.093  30.231  1.700 0.0000000000
117893  -52.587  30.145  2.481 0.0000000000
117894  -52.812  29.858  3.091 0.0000000000
118661  -48.526  30.703  19.545 0.0000000000
118662  -48.825  30.425  19.646 0.0000000000
118666  -48.366  31.073  19.260 0.0000000000
118667  -48.649  31.070  19.208 0.0000000000
118669  -49.329  30.395  19.164 0.0000000000
118671  -49.484  30.898  18.228 0.0000000000
118672  -49.494  31.357  17.531 0.0000000000
118675  -49.562  31.565  17.002 0.0000000000
118681  -45.007  30.754  15.474 0.0000000000
118683  -46.213  30.864  16.031 0.0000000000
118685  -47.861  30.843  16.023 0.0000000000
118686  -48.039  30.776  16.185 0.0000000000
118688  -49.660  31.597  16.485 0.0000000000
118692  -45.275  30.981  15.020 0.0000000000
118694  -46.936  31.000  15.566 0.0000000000
118695  -47.606  31.016  15.634 0.0000000000
118697  -49.927  31.674  15.447 0.0000000000
118699  -43.912  30.440  13.979 0.0000000000
118701  -44.970  30.863  14.496 0.0000000000
118703  -46.696  31.443  14.533 0.0000000000
118706  -50.338  31.689  14.313 0.0000000000
118708  -50.994  31.865  13.144 0.0000000000
118709  -50.812  31.922  12.987 0.0000000000
118711  -43.740  30.383  13.765 0.0000000000
118716  -47.618  31.325  12.997 0.0000000000
118718  -50.357  31.650  14.091 0.0000000000
118719  -50.114  31.382  13.886 0.0000000000
118720  -50.660  31.696  13.177 0.0000000000
118721  -50.797  31.662  12.464 0.0000000000
118727  -47.697  31.126  12.115 0.0000000000
118728  -51.151  30.909  11.319 0.0000000000
118729  -51.026  31.249  11.521 0.0000000000
118743  -51.163  30.996  10.874 0.0000000000
118752  -46.215  30.557  10.614 0.0000000000
118755  -51.513  31.058  9.888 0.0000000000
118756  -51.421  30.979  10.113 0.0000000000
118764  -47.230  30.483  9.835 0.0000000000
118766  -51.552  30.886  9.708 0.0000000000
118767  -51.564  30.895  9.254 0.0000000000
118768  -51.737  30.745  8.144 0.0000000000
118780  -52.261  30.427  6.278 0.0000000000
118789  -52.562  30.119  5.457 0.0000000000
118798  -52.852  29.964  4.798 0.0000000000
118812  -52.161  31.718  4.009 0.0000000000
118813  -52.206  31.487  4.071 0.0000000000
118826  -52.298  31.552  3.838 0.0000000000
118827  -52.337  31.318  3.913 0.0000000000
118841  -53.110  30.896  2.532 0.0000000000
118842  -53.018  30.386  2.964 0.0000000000
118845  -42.339  30.034  2.056 0.0000000000
118851  -51.659  30.275  1.915 0.0000000000
118852  -52.899  30.743  2.549 0.0000000000
118853  -52.882  30.290  2.806 0.0000000000
118860  -45.293  29.428  0.829 0.0000000000
118861  -51.886  30.547  1.683 0.0000000000
118863  -52.639  30.657  1.979 0.0000000000
119624  -48.778  31.616  18.702 0.0000000000
119626  -49.428  31.440  18.252 0.0000000000
119628  -48.613  32.279  18.446 0.0000000000
119631  -49.841  32.099  17.473 0.0000000000
119632  -49.847  32.027  17.008 0.0000000000
119634  -49.780  32.618  17.232 0.0000000000
119635  -49.996  32.791  17.145 0.0000000000
119636  -49.972  31.896  16.275 0.0000000000
119641  -50.147  31.836  15.474 0.0000000000
119642  -50.261  32.054  15.598 0.0000000000
119647  -45.253  31.094  14.605 0.0000000000
119648  -45.495  31.265  14.637 0.0000000000
119649  -50.318  31.897  14.974 0.0000000000
119653  -45.667  31.488  14.205 0.0000000000
119654  -47.588  31.519  13.770 0.0000000000
119655  -47.795  31.534  13.741 0.0000000000
119656  -50.517  31.817  14.198 0.0000000000
119657  -50.651  31.979  14.305 0.0000000000
119658  -50.748  32.000  13.809 0.0000000000
119659  -50.876  32.032  12.997 0.0000000000
119661  -45.431  31.349  13.895 0.0000000000
119662  -45.639  31.491  13.865 0.0000000000
119663  -47.583  31.450  13.353 0.0000000000
119664  -47.721  31.491  13.524 0.0000000000
119665  -50.520  31.756  13.952 0.0000000000
119666  -50.630  31.802  13.746 0.0000000000
119670  -51.222  31.081  11.476 0.0000000000
119671  -50.872  31.456  11.608 0.0000000000
119679  -51.219  31.079  11.220 0.0000000000
119700  -50.961  31.734  8.916 0.0000000000
119708  -50.831  32.273  7.988 0.0000000000
119709  -51.048  31.928  8.233 0.0000000000
119711  -51.855  30.959  6.954 0.0000000000
119718  -51.038  32.224  7.651 0.0000000000
119719  -51.343  31.931  7.328 0.0000000000
119720  -51.662  31.429  6.680 0.0000000000
119730  -51.836  31.106  6.070 0.0000000000
119731  -52.171  30.728  5.764 0.0000000000
119739  -47.397  31.977  5.052 0.0000000000
119740  -51.872  31.655  4.873 0.0000000000
119753  -51.998  31.771  4.316 0.0000000000
119755  -52.698  30.459  4.542 0.0000000000
119761  -51.983  32.237  3.778 0.0000000000
119763  -52.572  31.247  3.490 0.0000000000
119764  -52.850  30.464  3.814 0.0000000000
119770  -51.507  30.619  2.035 0.0000000000
119772  -52.967  30.553  3.212 0.0000000000
119783  -50.787  32.644  0.564 0.0000000000
119786  -52.471  31.311  1.705 0.0000000000
119787  -52.998  31.106  1.906 0.0000000000
120513  -46.190  32.109  20.300 0.0000000000
120514  -46.613  32.539  19.862 0.0000000000
120527  -48.281  33.138  18.420 0.0000000000
120537  -48.354  32.673  18.504 0.0000000000
120538  -48.665  32.894  18.225 0.0000000000
120539  -48.985  32.922  17.938 0.0000000000
120540  -49.817  32.569  17.051 0.0000000000
120549  -49.529  33.047  17.130 0.0000000000
120551  -50.075  32.416  16.622 0.0000000000
120554  -49.973  33.281  16.123 0.0000000000
120556  -50.226  32.604  15.828 0.0000000000
120562  -50.105  33.369  15.568 0.0000000000
120563  -50.166  33.159  15.668 0.0000000000
120564  -50.453  32.568  14.912 0.0000000000
120568  -50.644  32.474  14.219 0.0000000000
120569  -50.748  32.243  13.840 0.0000000000
120571  -50.685  32.590  13.212 0.0000000000
120573  -50.741  32.143  12.383 0.0000000000
120577  -50.253  32.304  11.302 0.0000000000
120578  -50.618  32.075  11.466 0.0000000000
120579  -50.850  31.917  11.574 0.0000000000
120591  -49.431  33.000  9.899 0.0000000000
120592  -49.712  32.439  10.178 0.0000000000
120595  -50.826  31.525  10.828 0.0000000000
120609  -50.252  32.138  9.473 0.0000000000
120610  -50.679  31.716  9.612 0.0000000000
120611  -50.897  31.438  10.012 0.0000000000
120621  -49.749  33.409  8.497 0.0000000000
120632  -50.574  33.095  7.471 0.0000000000
120633  -50.797  32.608  7.578 0.0000000000
120635  -51.459  32.000  6.682 0.0000000000
120646  -51.890  31.067  5.794 0.0000000000
120649  -43.663  32.054  5.630 0.0000000000
120654  -48.170  32.870  4.991 0.0000000000
120655  -51.707  31.739  5.492 0.0000000000
120656  -51.990  31.055  5.507 0.0000000000
120662  -51.409  33.055  5.006 0.0000000000
120668  -52.336  32.124  3.434 0.0000000000
120669  -52.584  31.788  3.465 0.0000000000
120675  -52.427  32.296  2.869 0.0000000000
120676  -52.989  31.876  3.145 0.0000000000
120681  -52.442  32.324  2.084 0.0000000000
120687  -50.917  33.001  0.349 0.0000000000
120689  -52.088  32.062  1.620 0.0000000000
121380  -47.549  34.514  20.618 0.0000000000
121395  -46.656  33.396  20.346 0.0000000000
121407  -47.417  33.447  19.177 0.0000000000
121409  -48.026  33.401  18.499 0.0000000000
121427  -48.683  33.158  17.912 0.0000000000
121442  -48.128  34.089  17.585 0.0000000000
121443  -48.321  33.757  17.600 0.0000000000
121453  -50.319  33.044  15.330 0.0000000000
121454  -50.305  32.880  15.515 0.0000000000
121459  -50.248  33.210  15.158 0.0000000000
121460  -50.396  32.891  15.146 0.0000000000
121466  -49.866  33.924  14.400 0.0000000000
121468  -50.565  32.982  14.302 0.0000000000
121469  -50.639  32.782  14.049 0.0000000000
121473  -49.981  33.708  14.164 0.0000000000
121474  -50.602  33.003  13.524 0.0000000000
121477  -50.681  32.980  13.176 0.0000000000
121478  -50.837  33.008  13.263 0.0000000000
121480  -49.477  33.759  11.393 0.0000000000
121481  -49.656  33.264  11.703 0.0000000000
121483  -50.293  32.579  12.002 0.0000000000
121494  -49.254  33.522  10.547 0.0000000000
121508  -48.820  33.888  9.926 0.0000000000
121509  -49.168  33.630  9.588 0.0000000000
121525  -49.786  33.723  8.064 0.0000000000
121542  -51.188  32.539  6.917 0.0000000000
121543  -51.338  32.318  6.750 0.0000000000
121658  -45.698  33.807  -3.719 0.0000000000
121667  -43.695  34.058  -3.457 0.0000000000
121669  -45.744  34.128  -4.363 0.0000000000
121677  -45.085  34.512  -4.427 0.0000000000
122300  -47.341  35.264  22.234 0.0000000000
122313  -46.680  34.295  21.758 0.0000000000
122371  -48.311  34.055  17.175 0.0000000000
122385  -48.281  34.974  16.550 0.0000000000
122387  -48.734  33.797  16.797 0.0000000000
122393  -48.415  35.221  16.035 0.0000000000
122394  -48.643  34.798  15.608 0.0000000000
122400  -48.885  34.867  14.859 0.0000000000
122402  -50.318  33.350  14.035 0.0000000000
122403  -50.480  33.173  14.133 0.0000000000
122409  -50.054  33.627  13.761 0.0000000000
122410  -50.434  33.188  13.818 0.0000000000
122412  -49.567  34.609  12.527 0.0000000000
122414  -49.921  33.683  13.041 0.0000000000
122416  -50.628  32.843  13.094 0.0000000000
122420  -49.855  33.534  12.404 0.0000000000
122421  -50.084  33.039  12.599 0.0000000000
122422  -50.436  32.746  12.774 0.0000000000
122425  -48.654  34.188  10.431 0.0000000000
122426  -49.089  34.194  11.063 0.0000000000
122437  -49.086  33.929  8.924 0.0000000000
122455  -49.781  34.185  7.514 0.0000000000
122476  -49.614  34.686  7.347 0.0000000000
122496  -50.461  34.797  6.448 0.0000000000
122541  -50.706  34.715  1.933 0.0000000000
122622  -45.616  35.215  -4.107 0.0000000000
122631  -44.641  35.117  -4.803 0.0000000000
122632  -45.329  35.528  -4.698 0.0000000000
122640  -42.894  34.393  -4.282 0.0000000000
123298  -47.850  35.594  21.083 0.0000000000
123334  -47.928  35.511  18.091 0.0000000000
123367  -48.698  35.312  14.901 0.0000000000
123371  -49.188  34.862  14.035 0.0000000000
123378  -49.215  34.991  13.410 0.0000000000
123384  -49.281  35.236  12.660 0.0000000000
123385  -49.462  34.802  12.906 0.0000000000
123389  -48.061  35.280  11.481 0.0000000000
123393  -48.347  34.724  10.918 0.0000000000
123396  -47.807  35.186  9.284 0.0000000000
123397  -48.438  34.977  8.705 0.0000000000
123402  -48.124  35.541  8.513 0.0000000000
123417  -49.710  35.348  7.009 0.0000000000
123418  -49.984  35.283  6.823 0.0000000000
123419  -50.057  35.573  6.856 0.0000000000
123472  -50.410  35.627  4.246 0.0000000000
123474  -50.822  34.982  5.673 0.0000000000
123475  -50.788  34.861  5.812 0.0000000000
123499  -50.937  34.636  2.546 0.0000000000
123523  -48.420  35.878  0.920 0.0000000000
123559  -46.299  36.227  -3.153 0.0000000000
123565  -43.589  36.039  -4.055 0.0000000000
124332  -47.104  36.255  22.105 0.0000000000
124343  -46.354  36.357  21.254 0.0000000000
124410  -48.748  35.453  14.291 0.0000000000
124411  -48.906  35.134  14.089 0.0000000000
124414  -46.757  36.654  13.598 0.0000000000
124417  -48.926  35.272  13.864 0.0000000000
124422  -46.063  36.443  12.583 0.0000000000
124425  -48.610  36.196  12.937 0.0000000000
124426  -48.915  35.884  13.129 0.0000000000
124431  -45.740  36.536  11.598 0.0000000000
124434  -48.501  35.990  12.111 0.0000000000
124443  -46.318  36.810  9.979 0.0000000000
124449  -48.738  36.365  7.325 0.0000000000
124452  -50.186  35.479  6.664 0.0000000000
124465  -49.859  36.743  5.994 0.0000000000
124467  -50.322  35.771  6.332 0.0000000000
124468  -50.753  35.785  5.955 0.0000000000
124483  -50.700  35.575  5.818 0.0000000000
124484  -51.037  35.628  6.013 0.0000000000
124485  -50.795  35.251  5.726 0.0000000000
124500  -50.137  36.229  4.719 0.0000000000
124514  -50.099  36.129  3.852 0.0000000000
124525  -50.131  35.974  2.941 0.0000000000
124536  -47.772  36.321  1.621 0.0000000000
124569  -40.626  37.323  -3.101 0.0000000000
124593  -43.432  36.245  -3.491 0.0000000000
124594  -44.168  36.789  -3.705 0.0000000000
125327  -47.342  36.368  21.465 0.0000000000
125328  -47.500  36.227  21.592 0.0000000000
125396  -48.047  36.971  16.610 0.0000000000
125406  -45.942  37.171  15.302 0.0000000000
125415  -46.427  36.731  13.834 0.0000000000
125420  -45.182  36.756  12.219 0.0000000000
125423  -48.254  36.383  13.428 0.0000000000
125429  -45.121  37.009  11.334 0.0000000000
125435  -44.654  37.547  11.037 0.0000000000
125436  -45.345  37.407  10.571 0.0000000000
125437  -45.926  37.145  10.074 0.0000000000
125442  -46.341  37.369  9.466 0.0000000000
125446  -46.899  37.600  8.909 0.0000000000
125459  -49.136  38.116  6.274 0.0000000000
125460  -49.479  37.589  5.668 0.0000000000
125461  -50.454  35.904  6.060 0.0000000000
125462  -50.774  35.932  5.961 0.0000000000
125473  -50.360  36.003  5.866 0.0000000000
125474  -50.667  36.000  5.908 0.0000000000
125475  -51.296  35.911  5.980 0.0000000000
125551  -40.831  37.147  -2.054 0.0000000000
125554  -43.797  37.574  -2.044 0.0000000000
125567  -46.724  37.764  -2.585 0.0000000000
125568  -46.845  38.006  -2.863 0.0000000000
125589  -45.063  37.862  -4.050 0.0000000000
126358  -43.795  37.778  13.731 0.0000000000
126359  -46.952  37.447  14.968 0.0000000000
126361  -42.896  38.649  13.666 0.0000000000
126363  -43.865  37.760  12.936 0.0000000000
126366  -43.648  38.403  12.366 0.0000000000
126367  -43.951  37.814  12.082 0.0000000000
126375  -44.500  38.076  10.506 0.0000000000
126381  -45.733  38.344  9.460 0.0000000000
126382  -46.533  38.442  9.045 0.0000000000
126383  -47.076  38.719  8.791 0.0000000000
126404  -48.460  38.699  5.841 0.0000000000
126418  -49.162  38.127  5.149 0.0000000000
126430  -48.627  38.916  4.241 0.0000000000
126463  -42.025  38.999  1.182 0.0000000000
126477  -44.282  39.230  -0.246 0.0000000000
126478  -46.291  38.205  0.347 0.0000000000
126482  -48.853  38.073  1.324 0.0000000000
126509  -45.240  38.851  -1.997 0.0000000000
126537  -44.788  38.075  -3.487 0.0000000000
126538  -45.170  38.342  -3.445 0.0000000000
127327  -41.815  39.239  14.738 0.0000000000
127335  -42.824  39.662  13.674 0.0000000000
127342  -43.538  39.151  12.398 0.0000000000
127343  -43.822  39.542  11.976 0.0000000000
127345  -43.685  38.811  11.951 0.0000000000
127346  -43.974  39.184  11.386 0.0000000000
127350  -44.238  38.601  10.845 0.0000000000
127351  -44.720  39.014  10.508 0.0000000000
127352  -45.990  40.102  9.699 0.0000000000
127356  -45.321  39.052  9.852 0.0000000000
127358  -46.835  39.583  9.342 0.0000000000
127406  -48.538  39.452  3.825 0.0000000000
127415  -41.175  39.885  2.418 0.0000000000
127417  -42.544  40.143  2.254 0.0000000000
127419  -48.713  39.295  3.082 0.0000000000
127424  -39.870  39.844  1.556 0.0000000000
127425  -40.556  39.709  1.839 0.0000000000
127426  -41.568  39.476  1.816 0.0000000000
127427  -42.677  39.707  1.636 0.0000000000
127429  -48.803  39.500  1.596 0.0000000000
127439  -42.826  39.349  0.995 0.0000000000
127440  -43.416  39.588  0.894 0.0000000000
127451  -45.337  39.976  -0.933 0.0000000000
127452  -47.819  39.523  -0.500 0.0000000000
127462  -44.670  39.103  -1.179 0.0000000000
127478  -45.541  39.209  -2.315 0.0000000000
127494  -45.739  39.090  -3.022 0.0000000000
128242  -44.606  40.864  13.873 0.0000000000
128243  -47.943  37.978  15.890 0.0000000000
128247  -43.297  39.812  13.306 0.0000000000
128248  -43.811  40.359  13.343 0.0000000000
128253  -43.819  39.952  12.428 0.0000000000
128254  -44.514  40.531  12.720 0.0000000000
128258  -44.731  40.242  11.501 0.0000000000
128259  -45.686  40.678  11.218 0.0000000000
128263  -45.037  39.761  10.584 0.0000000000
128264  -45.571  40.254  10.555 0.0000000000
128265  -46.331  40.585  10.538 0.0000000000
128266  -46.629  40.829  10.447 0.0000000000
128270  -45.462  39.748  9.952 0.0000000000
128271  -46.670  40.246  9.880 0.0000000000
128272  -46.798  40.513  9.841 0.0000000000
128275  -47.281  40.437  9.101 0.0000000000
128282  -47.850  40.311  5.800 0.0000000000
128303  -41.654  41.022  3.378 0.0000000000
128319  -42.524  40.781  2.701 0.0000000000
128320  -43.170  41.116  2.361 0.0000000000
128332  -40.006  40.216  2.082 0.0000000000
128335  -44.045  40.988  1.312 0.0000000000
128349  -44.144  40.352  0.936 0.0000000000
128363  -44.760  40.088  0.217 0.0000000000
128365  -47.696  40.215  -0.569 0.0000000000
128399  -46.457  40.149  -2.268 0.0000000000
128400  -46.872  39.935  -2.362 0.0000000000
128412  -46.179  39.667  -2.830 0.0000000000
128414  -46.800  39.576  -2.802 0.0000000000
129106  -44.787  42.680  18.434 0.0000000000
129117  -44.341  41.956  17.931 0.0000000000
129129  -45.662  42.314  16.760 0.0000000000
129138  -42.801  41.023  15.538 0.0000000000
129141  -45.759  42.304  16.048 0.0000000000
129142  -46.038  42.472  15.692 0.0000000000
129151  -41.372  41.942  14.153 0.0000000000
129152  -41.679  42.215  14.170 0.0000000000
129153  -42.978  40.686  14.895 0.0000000000
129165  -40.428  41.645  13.195 0.0000000000
129169  -45.528  41.511  13.785 0.0000000000
129170  -45.842  42.161  14.120 0.0000000000
129173  -40.944  41.617  12.570 0.0000000000
129175  -42.985  42.120  12.662 0.0000000000
129182  -39.651  41.740  11.662 0.0000000000
129184  -41.574  41.719  11.740 0.0000000000
129186  -43.465  42.021  12.025 0.0000000000
129188  -45.724  41.019  11.775 0.0000000000
129189  -46.076  41.202  11.589 0.0000000000
129190  -46.301  41.198  11.176 0.0000000000
129193  -39.489  42.070  11.155 0.0000000000
129202  -40.790  41.718  9.731 0.0000000000
129206  -46.968  41.000  9.797 0.0000000000
129211  -42.538  41.574  9.035 0.0000000000
129215  -45.885  41.498  8.441 0.0000000000
129216  -47.170  41.005  8.950 0.0000000000
129219  -42.090  41.823  8.399 0.0000000000
129223  -45.590  41.485  7.685 0.0000000000
129225  -47.308  41.298  7.869 0.0000000000
129228  -44.137  41.746  6.987 0.0000000000
129249  -40.977  41.512  3.985 0.0000000000
129250  -41.821  41.710  3.636 0.0000000000
129265  -42.476  41.725  3.275 0.0000000000
129266  -43.184  41.707  2.810 0.0000000000
129283  -43.567  41.401  2.230 0.0000000000
129284  -44.258  41.643  1.773 0.0000000000
129285  -44.958  41.902  1.195 0.0000000000
129299  -47.647  40.805  -0.209 0.0000000000
129315  -47.498  41.956  -0.266 0.0000000000
129345  -46.722  40.445  -2.050 0.0000000000
129346  -46.892  40.313  -2.142 0.0000000000
130065  -44.775  43.227  18.664 0.0000000000
130073  -44.672  42.760  18.614 0.0000000000
130074  -45.209  42.968  18.307 0.0000000000
130075  -45.416  43.187  17.746 0.0000000000
130089  -45.445  42.572  17.383 0.0000000000
130090  -45.612  42.945  17.343 0.0000000000
130091  -45.835  42.914  16.691 0.0000000000
130102  -45.631  42.393  16.983 0.0000000000
130103  -45.776  42.534  16.708 0.0000000000
130116  -46.001  42.547  16.012 0.0000000000
130117  -46.098  42.753  15.416 0.0000000000
130129  -41.639  42.299  14.705 0.0000000000
130132  -46.200  42.805  14.322 0.0000000000
130146  -42.043  42.457  14.141 0.0000000000
130147  -42.626  42.889  13.982 0.0000000000
130149  -46.187  42.771  13.707 0.0000000000
130150  -46.013  42.319  13.492 0.0000000000
130162  -42.715  42.544  13.274 0.0000000000
130163  -43.414  42.756  12.955 0.0000000000
130164  -46.022  42.449  13.169 0.0000000000
130165  -46.138  41.936  12.433 0.0000000000
130166  -46.297  41.853  11.693 0.0000000000
130170  -43.853  42.638  12.247 0.0000000000
130172  -46.180  41.480  11.620 0.0000000000
130173  -46.462  41.556  11.060 0.0000000000
130178  -43.860  42.348  11.497 0.0000000000
130180  -44.666  42.299  10.709 0.0000000000
130181  -46.740  41.497  10.323 0.0000000000
130186  -40.662  42.309  9.261 0.0000000000
130187  -43.807  42.121  10.819 0.0000000000
130188  -44.172  42.084  10.286 0.0000000000
130189  -44.930  41.910  10.122 0.0000000000
130190  -45.479  41.891  9.732 0.0000000000
130195  -41.035  42.590  8.788 0.0000000000
130197  -44.386  41.810  9.509 0.0000000000
130200  -46.298  41.565  8.846 0.0000000000
130201  -46.767  41.359  8.993 0.0000000000
130204  -41.423  42.768  8.229 0.0000000000
130205  -41.978  42.359  7.685 0.0000000000
130207  -46.774  41.420  8.422 0.0000000000
130213  -45.390  42.097  5.865 0.0000000000
130215  -46.926  42.189  5.595 0.0000000000
130219  -45.817  42.760  5.038 0.0000000000
130220  -46.757  42.884  5.246 0.0000000000
130230  -46.420  43.231  4.897 0.0000000000
130232  -47.780  42.595  4.437 0.0000000000
130269  -45.503  42.579  1.095 0.0000000000
130286  -46.180  42.212  0.609 0.0000000000
130287  -46.895  42.552  0.177 0.0000000000
130288  -47.486  42.950  0.151 0.0000000000
130301  -47.065  41.949  -0.466 0.0000000000
130303  -47.602  42.398  -0.014 0.0000000000
130962  -44.292  43.386  18.660 0.0000000000
130985  -45.164  43.509  17.817 0.0000000000
131007  -45.649  43.253  16.854 0.0000000000
131008  -45.819  43.187  16.231 0.0000000000
131021  -42.592  43.203  16.466 0.0000000000
131022  -43.508  43.702  16.216 0.0000000000
131023  -43.960  44.010  15.801 0.0000000000
131024  -46.041  43.183  15.561 0.0000000000
131035  -44.166  43.946  15.165 0.0000000000
131036  -46.226  43.296  14.839 0.0000000000
131046  -43.022  43.269  14.683 0.0000000000
131047  -43.680  43.548  14.531 0.0000000000
131050  -46.299  43.124  13.867 0.0000000000
131051  -46.337  43.452  14.218 0.0000000000
131064  -43.195  43.280  14.059 0.0000000000
131065  -43.753  43.306  13.652 0.0000000000
131066  -44.513  43.428  13.424 0.0000000000
131067  -45.086  43.478  13.240 0.0000000000
131068  -46.071  42.886  13.237 0.0000000000
131069  -45.900  42.589  12.613 0.0000000000
131081  -38.804  43.867  12.827 0.0000000000
131084  -45.071  43.166  12.420 0.0000000000
131087  -46.356  42.050  11.324 0.0000000000
131097  -44.285  42.911  12.258 0.0000000000
131098  -44.602  42.847  11.852 0.0000000000
131099  -45.105  42.789  11.539 0.0000000000
131100  -45.449  42.569  11.002 0.0000000000
131106  -39.821  43.726  10.058 0.0000000000
131108  -45.168  42.377  10.713 0.0000000000
131110  -46.141  42.252  9.898 0.0000000000
131111  -46.747  42.058  10.045 0.0000000000
131114  -39.772  43.194  9.906 0.0000000000
131117  -45.854  42.083  9.760 0.0000000000
131118  -46.351  42.014  9.652 0.0000000000
131119  -46.631  41.681  9.580 0.0000000000
131121  -40.688  43.421  8.963 0.0000000000
131122  -41.135  43.386  8.505 0.0000000000
131123  -45.993  41.810  9.434 0.0000000000
131124  -46.378  41.751  9.347 0.0000000000
131128  -42.032  43.420  7.331 0.0000000000
131130  -42.606  43.609  6.748 0.0000000000
131136  -43.615  44.331  5.559 0.0000000000
131137  -44.370  43.892  5.014 0.0000000000
131138  -45.165  43.409  4.889 0.0000000000
131139  -46.957  43.275  5.055 0.0000000000
131140  -47.179  43.226  5.037 0.0000000000
131147  -41.091  43.612  4.518 0.0000000000
131148  -41.758  43.370  4.092 0.0000000000
131150  -45.848  43.700  4.655 0.0000000000
131153  -48.323  43.495  4.082 0.0000000000
131156  -41.667  44.002  4.118 0.0000000000
131157  -42.266  43.790  3.674 0.0000000000
131166  -45.322  44.221  1.692 0.0000000000
131174  -45.158  43.187  1.375 0.0000000000
131177  -48.037  43.456  1.619 0.0000000000
131190  -48.000  43.427  0.926 0.0000000000
131797  -40.280  45.201  17.851 0.0000000000
131799  -44.161  43.988  17.436 0.0000000000
131801  -45.291  43.746  17.108 0.0000000000
131802  -45.491  43.518  16.946 0.0000000000
131818  -39.979  44.943  16.899 0.0000000000
131820  -44.473  44.142  16.775 0.0000000000
131821  -45.088  44.208  16.596 0.0000000000
131822  -45.493  43.687  16.331 0.0000000000
131823  -45.778  43.481  15.686 0.0000000000
131840  -44.087  44.108  16.328 0.0000000000
131843  -45.671  43.871  15.353 0.0000000000
131858  -39.831  44.997  15.305 0.0000000000
131859  -44.848  44.053  15.080 0.0000000000
131861  -46.042  44.184  14.538 0.0000000000
131862  -46.291  43.752  14.417 0.0000000000
131873  -37.131  44.746  14.179 0.0000000000
131875  -39.281  44.230  14.090 0.0000000000
131876  -45.098  43.889  14.425 0.0000000000
131877  -45.545  44.004  13.896 0.0000000000
131879  -46.351  43.722  14.108 0.0000000000
131885  -35.814  44.658  12.867 0.0000000000
131886  -36.682  45.070  13.264 0.0000000000
131887  -39.198  44.394  13.127 0.0000000000
131889  -45.774  42.968  12.719 0.0000000000
131890  -45.917  42.578  12.137 0.0000000000
131901  -35.555  45.257  12.308 0.0000000000
131902  -38.588  43.688  12.302 0.0000000000
131904  -45.411  42.942  12.200 0.0000000000
131905  -45.747  42.701  11.823 0.0000000000
131906  -46.110  42.441  11.429 0.0000000000
131907  -46.332  42.225  10.993 0.0000000000
131916  -33.053  45.050  11.827 0.0000000000
131918  -34.541  45.457  11.805 0.0000000000
131919  -38.669  43.792  11.683 0.0000000000
131920  -39.308  44.217  11.097 0.0000000000
131923  -45.833  42.563  11.008 0.0000000000
131924  -46.127  42.430  10.741 0.0000000000
131925  -46.457  42.269  10.523 0.0000000000
131928  -39.693  44.077  10.448 0.0000000000
131929  -40.038  44.402  9.967 0.0000000000
131930  -46.049  42.449  10.440 0.0000000000
131931  -46.268  42.382  10.229 0.0000000000
131932  -46.512  42.257  10.156 0.0000000000
131935  -40.539  44.205  9.238 0.0000000000
131936  -40.934  44.399  8.931 0.0000000000
131938  -40.908  43.936  8.791 0.0000000000
131940  -41.856  44.564  8.076 0.0000000000
131942  -41.763  44.016  7.784 0.0000000000
131946  -42.763  44.584  6.702 0.0000000000
131947  -43.154  44.895  6.133 0.0000000000
131955  -44.151  44.925  5.393 0.0000000000
131967  -45.469  44.595  4.709 0.0000000000
131968  -46.220  44.510  4.510 0.0000000000
131977  -43.058  44.957  3.204 0.0000000000
131978  -47.786  44.969  4.027 0.0000000000
131979  -48.339  44.567  3.456 0.0000000000
131984  -43.626  44.721  2.857 0.0000000000
131986  -45.042  44.765  1.981 0.0000000000
131987  -48.582  44.213  2.730 0.0000000000
131988  -49.089  44.661  2.355 0.0000000000
131992  -45.637  44.736  1.579 0.0000000000
131994  -47.043  44.860  1.325 0.0000000000
131996  -49.073  44.723  1.829 0.0000000000
132002  -47.002  44.303  0.881 0.0000000000
132004  -48.049  44.278  1.342 0.0000000000
132562  -40.796  45.812  17.401 0.0000000000
132564  -41.053  46.323  17.274 0.0000000000
132579  -41.231  46.229  16.811 0.0000000000
132580  -41.311  45.950  17.250 0.0000000000
132611  -37.767  45.767  14.869 0.0000000000
132613  -40.387  45.486  14.744 0.0000000000
132628  -37.234  45.485  13.689 0.0000000000
132630  -39.561  45.125  13.523 0.0000000000
132632  -40.997  45.843  13.979 0.0000000000
132647  -36.943  45.869  12.908 0.0000000000
132648  -37.330  45.929  13.466 0.0000000000
132664  -35.755  45.985  12.002 0.0000000000
132667  -40.028  45.955  11.833 0.0000000000
132668  -40.350  46.155  12.539 0.0000000000
132680  -34.048  45.912  11.722 0.0000000000
132681  -34.702  45.974  11.710 0.0000000000
132682  -35.196  45.969  11.755 0.0000000000
132683  -39.700  44.865  10.953 0.0000000000
132685  -40.894  45.789  10.348 0.0000000000
132687  -40.526  44.964  9.562 0.0000000000
132688  -41.039  45.550  9.795 0.0000000000
132689  -41.524  45.788  9.801 0.0000000000
132691  -41.139  44.933  9.067 0.0000000000
132693  -42.474  45.813  8.833 0.0000000000
132695  -43.397  46.372  8.539 0.0000000000
132699  -42.245  45.181  8.225 0.0000000000
132701  -43.421  45.966  7.987 0.0000000000
132703  -43.872  46.383  7.456 0.0000000000
132707  -43.354  45.562  7.384 0.0000000000
132709  -44.179  46.132  7.001 0.0000000000
132710  -44.332  46.418  7.050 0.0000000000
132714  -43.095  45.255  6.801 0.0000000000
132715  -43.662  45.474  6.601 0.0000000000
132716  -44.324  45.809  6.539 0.0000000000
132717  -45.167  46.297  6.418 0.0000000000
132724  -44.074  45.489  5.976 0.0000000000
132725  -44.771  45.469  5.737 0.0000000000
132727  -45.919  46.027  5.378 0.0000000000
132736  -40.973  45.355  4.774 0.0000000000
132738  -42.246  45.881  4.042 0.0000000000
132739  -45.235  45.202  5.152 0.0000000000
132749  -42.218  45.270  3.845 0.0000000000
132750  -42.704  45.648  3.497 0.0000000000
132751  -43.402  45.668  3.089 0.0000000000
132752  -44.084  45.999  2.921 0.0000000000
132753  -47.645  45.613  3.435 0.0000000000
132755  -49.077  45.268  2.449 0.0000000000
132764  -44.670  45.619  2.426 0.0000000000
132766  -45.999  46.014  1.691 0.0000000000
132768  -48.450  45.678  2.110 0.0000000000
132769  -49.231  45.129  2.059 0.0000000000
132778  -45.995  45.364  1.521 0.0000000000
132779  -46.674  45.592  1.574 0.0000000000
132780  -47.567  45.439  1.803 0.0000000000
132782  -49.029  45.125  1.791 0.0000000000
132790  -47.982  44.811  1.466 0.0000000000
132791  -48.182  44.723  1.550 0.0000000000
133368  -40.974  46.662  17.565 0.0000000000
133369  -41.351  46.965  16.995 0.0000000000
133380  -41.638  46.652  16.199 0.0000000000
133381  -41.414  46.662  16.590 0.0000000000
133392  -38.189  46.261  15.933 0.0000000000
133394  -41.614  46.657  15.856 0.0000000000
133396  -42.035  47.353  15.564 0.0000000000
133397  -42.249  47.855  15.050 0.0000000000
133409  -38.549  46.573  15.670 0.0000000000
133410  -41.566  46.529  15.049 0.0000000000
133411  -41.950  46.994  14.989 0.0000000000
133421  -38.000  46.146  14.284 0.0000000000
133424  -41.865  47.110  14.250 0.0000000000
133425  -42.189  47.586  14.095 0.0000000000
133426  -42.603  48.111  14.259 0.0000000000
133438  -37.133  46.381  12.661 0.0000000000
133440  -38.271  46.605  13.828 0.0000000000
133442  -41.839  47.241  13.384 0.0000000000
133443  -42.376  47.647  13.146 0.0000000000
133445  -43.371  48.444  12.838 0.0000000000
133460  -35.550  46.986  11.806 0.0000000000
133462  -37.205  46.738  12.538 0.0000000000
133463  -40.521  46.232  11.441 0.0000000000
133468  -43.282  48.303  12.228 0.0000000000
133478  -32.712  46.586  11.805 0.0000000000
133480  -34.274  46.526  11.951 0.0000000000
133483  -40.973  46.115  10.841 0.0000000000
133485  -42.391  47.186  11.102 0.0000000000
133487  -43.356  47.980  11.244 0.0000000000
133490  -41.284  45.889  10.163 0.0000000000
133492  -42.475  46.679  10.138 0.0000000000
133497  -42.185  45.943  9.363 0.0000000000
133498  -42.559  46.215  9.389 0.0000000000
133501  -43.967  47.082  8.235 0.0000000000
133502  -44.129  46.913  8.041 0.0000000000
133506  -43.959  46.747  7.733 0.0000000000
133507  -44.182  47.078  7.723 0.0000000000
133515  -44.471  46.823  7.160 0.0000000000
133549  -41.322  45.876  4.708 0.0000000000
133550  -41.761  46.365  4.595 0.0000000000
133552  -43.106  47.151  3.679 0.0000000000
133553  -46.616  46.095  4.688 0.0000000000
133565  -43.550  46.679  3.379 0.0000000000
133567  -45.289  47.029  2.681 0.0000000000
133568  -46.708  46.765  2.968 0.0000000000
133570  -49.040  45.869  2.284 0.0000000000
133571  -49.150  45.442  2.145 0.0000000000
133581  -45.545  46.552  2.281 0.0000000000
133583  -47.346  46.324  2.207 0.0000000000
133584  -48.858  45.732  1.830 0.0000000000
133585  -49.114  45.483  1.923 0.0000000000
133596  -47.378  45.978  1.910 0.0000000000
133597  -48.875  45.460  1.749 0.0000000000
133598  -49.093  45.364  1.811 0.0000000000
134179  -40.510  47.860  18.573 0.0000000000
134180  -40.856  47.772  18.622 0.0000000000
134189  -39.477  46.926  17.919 0.0000000000
134190  -39.652  47.393  18.369 0.0000000000
134191  -40.244  47.747  18.153 0.0000000000
134193  -41.004  47.172  17.054 0.0000000000
134194  -41.378  47.114  16.635 0.0000000000
134202  -40.347  47.546  16.732 0.0000000000
134204  -41.330  47.502  16.150 0.0000000000
134206  -42.171  47.918  15.285 0.0000000000
134213  -39.216  46.894  16.306 0.0000000000
134215  -40.440  47.692  15.753 0.0000000000
134216  -42.193  48.297  15.128 0.0000000000
134217  -42.471  48.387  14.761 0.0000000000
134225  -39.092  47.043  15.075 0.0000000000
134226  -39.580  47.795  14.594 0.0000000000
134227  -42.053  47.156  14.039 0.0000000000
134228  -42.082  47.365  14.003 0.0000000000
134229  -42.996  48.570  14.307 0.0000000000
134230  -43.570  48.628  13.908 0.0000000000
134243  -42.117  47.428  13.737 0.0000000000
134244  -43.144  48.438  13.834 0.0000000000
134261  -35.079  47.968  11.945 0.0000000000
134263  -37.162  47.463  12.419 0.0000000000
134264  -43.719  48.717  12.476 0.0000000000
134285  -43.724  48.517  11.441 0.0000000000
134286  -44.119  48.814  11.235 0.0000000000
134293  -44.039  48.502  10.886 0.0000000000
134296  -44.063  47.485  9.639 0.0000000000
134297  -44.055  47.292  8.919 0.0000000000
134298  -44.234  47.324  8.356 0.0000000000
134309  -44.344  47.334  7.927 0.0000000000
134325  -44.527  47.288  7.445 0.0000000000
134337  -41.823  47.688  6.512 0.0000000000
134339  -43.599  47.791  6.107 0.0000000000
134352  -42.483  47.493  5.382 0.0000000000
134354  -44.099  47.844  5.066 0.0000000000
134362  -41.618  46.879  4.864 0.0000000000
134365  -43.997  47.837  4.598 0.0000000000
134366  -46.741  47.675  4.313 0.0000000000
134372  -43.454  47.267  3.741 0.0000000000
134375  -46.323  47.537  3.501 0.0000000000
134381  -45.565  47.044  2.730 0.0000000000
134960  -40.992  48.168  19.167 0.0000000000
134968  -40.480  48.003  18.823 0.0000000000
134975  -40.072  47.900  18.637 0.0000000000
134976  -40.282  47.996  18.570 0.0000000000
134982  -40.760  47.680  15.963 0.0000000000
134984  -41.731  48.232  15.445 0.0000000000
134992  -40.769  48.226  15.193 0.0000000000
134993  -41.505  48.907  14.965 0.0000000000
134994  -42.184  49.115  15.135 0.0000000000
135004  -43.803  48.976  14.181 0.0000000000
135005  -43.927  48.769  13.700 0.0000000000
135012  -34.376  49.342  13.110 0.0000000000
135013  -35.142  48.989  13.354 0.0000000000
135017  -39.304  49.120  13.869 0.0000000000
135018  -44.073  49.025  13.690 0.0000000000
135019  -44.085  48.944  13.178 0.0000000000
135030  -35.641  48.571  12.423 0.0000000000
135031  -36.646  48.248  12.434 0.0000000000
135032  -37.120  48.039  12.487 0.0000000000
135033  -44.131  49.122  12.428 0.0000000000
135034  -44.197  49.229  11.721 0.0000000000
135052  -44.283  49.107  11.081 0.0000000000
135065  -44.297  48.146  10.166 0.0000000000
135066  -44.307  48.590  10.520 0.0000000000
135081  -44.307  47.863  9.834 0.0000000000
135082  -44.313  47.690  9.295 0.0000000000
135099  -42.773  48.498  8.147 0.0000000000
135100  -44.531  47.629  8.274 0.0000000000
135111  -41.658  48.082  7.854 0.0000000000
135112  -42.432  48.214  7.622 0.0000000000
135114  -44.638  47.599  7.828 0.0000000000
135121  -42.070  47.910  7.222 0.0000000000
135123  -43.522  48.096  6.551 0.0000000000
135129  -43.959  47.930  6.044 0.0000000000
135137  -44.451  48.141  4.862 0.0000000000
135138  -44.746  48.459  4.451 0.0000000000
135139  -45.920  48.290  4.238 0.0000000000
135140  -46.143  48.073  4.363 0.0000000000
135147  -45.878  48.346  3.940 0.0000000000
135684  -42.699  50.253  15.789 0.0000000000
135691  -40.703  49.952  14.915 0.0000000000
135692  -41.239  49.843  15.107 0.0000000000
135693  -42.099  49.870  15.429 0.0000000000
135694  -42.977  49.887  15.539 0.0000000000
135695  -43.271  49.801  15.134 0.0000000000
135702  -37.174  49.613  14.122 0.0000000000
135704  -38.257  49.882  14.564 0.0000000000
135706  -40.382  49.608  14.575 0.0000000000
135707  -40.883  49.560  14.824 0.0000000000
135715  -35.634  49.820  13.876 0.0000000000
135719  -39.296  49.675  13.957 0.0000000000
135720  -43.882  49.561  13.526 0.0000000000
135729  -44.216  49.710  12.406 0.0000000000
135743  -44.311  49.214  10.615 0.0000000000
135758  -44.384  48.226  9.820 0.0000000000
135774  -44.477  48.167  9.021 0.0000000000
135775  -44.817  48.088  8.735 0.0000000000
135782  -42.452  48.888  8.851 0.0000000000
135786  -44.756  48.174  8.056 0.0000000000
135787  -45.001  48.182  8.214 0.0000000000
135792  -44.218  48.558  7.121 0.0000000000
135793  -44.598  48.381  7.091 0.0000000000
135794  -45.014  48.100  7.183 0.0000000000
135800  -44.107  48.251  6.231 0.0000000000
135801  -44.402  48.319  6.202 0.0000000000
135803  -45.147  48.007  6.166 0.0000000000
135804  -45.239  47.273  6.344 0.0000000000
135808  -44.246  48.111  5.895 0.0000000000
135809  -44.559  48.257  5.429 0.0000000000
135810  -44.942  48.387  5.316 0.0000000000
135812  -45.886  47.465  5.063 0.0000000000
135817  -44.744  48.387  4.792 0.0000000000
135818  -45.065  48.541  4.539 0.0000000000
135819  -45.581  48.297  4.539 0.0000000000
135824  -45.353  48.485  4.053 0.0000000000
135825  -45.492  48.504  4.210 0.0000000000
136311  -38.184  51.108  16.443 0.0000000000
136314  -41.042  51.031  16.034 0.0000000000
136316  -42.825  50.854  15.901 0.0000000000
136317  -43.617  50.580  16.050 0.0000000000
136318  -44.116  50.819  15.978 0.0000000000
136325  -35.434  50.744  15.590 0.0000000000
136328  -37.800  50.539  16.022 0.0000000000
136329  -38.535  50.609  15.714 0.0000000000
136330  -39.448  50.676  15.444 0.0000000000
136331  -40.525  50.471  15.336 0.0000000000
136333  -42.261  50.463  15.852 0.0000000000
136334  -43.509  50.195  15.593 0.0000000000
136335  -43.548  50.525  15.421 0.0000000000
136342  -35.824  50.352  14.742 0.0000000000
136343  -36.871  49.925  14.840 0.0000000000
136344  -37.894  49.996  15.261 0.0000000000
136347  -40.378  50.095  14.824 0.0000000000
136357  -36.844  49.764  14.188 0.0000000000
136358  -39.196  50.072  14.131 0.0000000000
136359  -39.527  49.892  14.169 0.0000000000
136379  -44.061  49.642  10.833 0.0000000000
136392  -44.275  49.339  10.098 0.0000000000
136397  -43.191  49.890  9.900 0.0000000000
136400  -44.375  48.874  9.317 0.0000000000
136407  -43.907  49.151  9.009 0.0000000000
136408  -44.135  48.906  8.775 0.0000000000
136409  -44.411  48.504  8.601 0.0000000000
136985  -41.545  51.553  16.047 0.0000000000
136986  -42.430  51.548  16.013 0.0000000000
136987  -43.309  51.529  16.123 0.0000000000
136998  -36.569  50.935  16.152 0.0000000000
137000  -43.984  51.153  15.614 0.0000000000
149151  -46.931  38.521  -2.888 0.0000000000
149154  -46.243  37.602  -4.370 0.0000000000
149155  -46.463  37.689  -4.265 0.0000000000
149156  -46.628  37.175  -3.633 0.0000000000
149157  -46.302  37.307  -4.332 0.0000000000
149159  -45.886  35.370  -3.473 0.0000000000
149163  -46.173  34.271  -3.772 0.0000000000
149184  -50.838  34.496  5.580 0.0000000000
149185  -51.653  32.100  5.230 0.0000000000
149186  -51.433  32.283  6.312 0.0000000000
149187  -50.749  34.672  5.805 0.0000000000
149188  -50.373  35.275  6.423 0.0000000000
149189  -51.131  35.084  5.616 0.0000000000
149191  -47.670  37.943  15.874 0.0000000000
149192  -47.963  36.953  15.756 0.0000000000
149193  -47.514  37.381  15.257 0.0000000000
149194  -47.927  36.800  15.164 0.0000000000
149195  -47.556  37.234  15.052 0.0000000000
149198  -48.102  37.861  15.996 0.0000000000
149218  -45.510  46.057  6.024 0.0000000000
149220  -45.580  46.184  5.854 0.0000000000
149221  -45.579  46.229  5.891 0.0000000000
149222  -45.625  46.659  5.725 0.0000000000
