#!ascii label  , from subject 3222 vox2ras=TkReg
1063
52075  -33.014  -30.274  34.289 0.0000000000
49982  -20.146  -32.472  40.291 0.0000000000
47698  -24.738  -34.644  37.023 0.0000000000
83338  -47.217  -2.223  17.523 0.0000000000
84467  -53.284  -0.958  14.765 0.0000000000
48852  -12.217  -31.871  39.003 0.0000000000
82199  -41.578  -1.871  20.286 0.0000000000
54987  -35.981  -27.937  32.072 0.0000000000
50070  -27.146  -32.718  34.125 0.0000000000
50038  -16.396  -31.823  36.942 0.0000000000
45355  -15.101  -36.678  39.193 0.0000000000
53957  -28.520  -28.515  32.869 0.0000000000
55001  -31.487  -27.339  31.031 0.0000000000
46416  -24.039  -34.866  40.893 0.0000000000
54928  -23.882  -26.786  35.553 0.0000000000
68377  -38.226  -14.874  18.649 0.0000000000
76423  -41.265  -8.909  18.571 0.0000000000
78846  -45.505  -6.654  16.907 0.0000000000
43274  -7.821  -38.557  38.663 0.0000000000
40980  -4.739  -40.676  39.672 0.0000000000
58018  -30.451  -24.444  27.604 0.0000000000
62353  -31.848  -20.935  24.989 0.0000000000
64822  -35.131  -19.341  20.520 0.0000000000
46438  -10.616  -36.561  38.616 0.0000000000
47635  -19.396  -34.701  40.636 0.0000000000
47606  -21.384  -34.499  42.583 0.0000000000
52072  -30.125  -30.803  34.473 0.0000000000
52889  -20.169  -28.924  41.159 0.0000000000
50018  -18.495  -31.948  39.014 0.0000000000
47659  -18.146  -34.617  38.351 0.0000000000
53904  -28.753  -28.278  35.197 0.0000000000
54944  -25.913  -28.059  34.113 0.0000000000
72727  -36.806  -11.263  19.854 0.0000000000
72729  -39.247  -11.399  19.005 0.0000000000
77559  -38.523  -7.682  19.466 0.0000000000
81117  -42.733  -3.441  17.305 0.0000000000
82246  -45.642  -3.272  16.194 0.0000000000
78873  -47.985  -6.625  15.847 0.0000000000
82260  -48.281  -3.742  14.926 0.0000000000
81153  -51.225  -4.721  13.837 0.0000000000
57986  -30.639  -24.316  31.667 0.0000000000
57012  -31.160  -26.298  29.401 0.0000000000
60056  -29.488  -22.982  30.620 0.0000000000
63555  -28.838  -19.740  25.670 0.0000000000
64782  -30.386  -18.346  23.651 0.0000000000
63596  -33.204  -20.544  23.649 0.0000000000
64806  -32.378  -18.097  21.775 0.0000000000
68362  -34.449  -15.905  20.411 0.0000000000
47660  -25.090  -34.464  39.241 0.0000000000
47671  -8.054  -34.749  37.894 0.0000000000
47689  -11.136  -33.955  36.855 0.0000000000
39786  -3.997  -41.986  42.475 0.0000000000
38543  -2.544  -42.517  41.531 0.0000000000
80016  -39.311  -4.424  21.517 0.0000000000
56993  -36.870  -26.123  30.992 0.0000000000
47717  -25.261  -34.318  33.831 0.0000000000
48870  -14.133  -32.625  37.458 0.0000000000
47691  -13.223  -34.151  37.258 0.0000000000
46472  -16.212  -35.431  37.029 0.0000000000
87736  -52.781  0.909  13.458 0.0000000000
52107  -30.193  -29.713  32.491 0.0000000000
53010  -32.476  -29.345  31.842 0.0000000000
54999  -30.487  -28.638  31.768 0.0000000000
51024  -22.353  -31.632  41.448 0.0000000000
47636  -22.628  -33.469  41.379 0.0000000000
48820  -23.735  -33.201  41.531 0.0000000000
48839  -25.246  -33.031  40.584 0.0000000000
51101  -25.637  -31.650  38.066 0.0000000000
53856  -24.519  -28.612  38.591 0.0000000000
51112  -23.653  -31.217  36.059 0.0000000000
52102  -24.320  -30.644  32.571 0.0000000000
52992  -27.268  -29.570  32.834 0.0000000000
66068  -39.459  -17.677  20.337 0.0000000000
80053  -39.999  -5.263  17.824 0.0000000000
78843  -42.856  -6.702  17.273 0.0000000000
81155  -52.914  -3.910  13.449 0.0000000000
40994  -6.020  -40.222  39.260 0.0000000000
40955  -5.940  -41.029  42.378 0.0000000000
54005  -33.147  -28.086  30.392 0.0000000000
56020  -34.430  -26.539  29.282 0.0000000000
58022  -35.320  -24.663  27.895 0.0000000000
62279  -29.089  -21.027  28.636 0.0000000000
61144  -31.215  -22.340  26.241 0.0000000000
61147  -34.672  -22.344  27.306 0.0000000000
62327  -35.608  -22.069  26.038 0.0000000000
62398  -36.618  -21.108  23.661 0.0000000000
64809  -38.038  -19.599  21.523 0.0000000000
66075  -36.802  -16.964  19.148 0.0000000000
71592  -35.616  -13.071  19.670 0.0000000000
46403  -23.132  -35.563  42.278 0.0000000000
46436  -7.051  -35.410  39.303 0.0000000000
44376  -9.045  -37.476  38.945 0.0000000000
46426  -12.954  -36.731  39.371 0.0000000000
38558  -1.636  -42.974  41.169 0.0000000000
48816  -19.626  -33.832  40.583 0.0000000000
48794  -19.864  -34.468  41.180 0.0000000000
48796  -21.218  -33.243  41.456 0.0000000000
52073  -31.130  -30.485  34.287 0.0000000000
51037  -20.603  -31.161  40.038 0.0000000000
51998  -19.766  -29.876  39.805 0.0000000000
50004  -19.449  -32.185  40.152 0.0000000000
48837  -19.006  -33.703  39.727 0.0000000000
75158  -36.985  -9.284  21.153 0.0000000000
75172  -37.479  -9.194  20.221 0.0000000000
77539  -37.924  -7.447  21.419 0.0000000000
83337  -46.058  -2.036  17.672 0.0000000000
82232  -44.904  -2.588  16.863 0.0000000000
82233  -46.314  -2.437  16.626 0.0000000000
82259  -47.376  -3.821  15.187 0.0000000000
82248  -47.832  -2.852  15.486 0.0000000000
82249  -48.902  -2.900  15.542 0.0000000000
59023  -30.089  -23.792  30.971 0.0000000000
66015  -29.874  -16.785  24.232 0.0000000000
64794  -31.262  -18.113  22.651 0.0000000000
66042  -31.472  -16.817  22.436 0.0000000000
67231  -32.694  -16.093  21.911 0.0000000000
47679  -24.985  -34.457  38.105 0.0000000000
46462  -24.770  -35.916  38.405 0.0000000000
46476  -24.980  -36.016  37.045 0.0000000000
48879  -9.917  -33.121  37.611 0.0000000000
48881  -11.793  -33.189  37.335 0.0000000000
84472  -53.910  -1.278  13.872 0.0000000000
38527  -3.099  -42.346  42.173 0.0000000000
53933  -37.013  -28.838  33.765 0.0000000000
55977  -36.531  -27.290  31.705 0.0000000000
48910  -26.276  -33.518  33.273 0.0000000000
48905  -28.228  -33.865  34.521 0.0000000000
52007  -17.233  -30.471  38.649 0.0000000000
51083  -15.938  -30.906  38.700 0.0000000000
48855  -14.603  -31.484  38.874 0.0000000000
50037  -15.291  -32.436  36.702 0.0000000000
48884  -14.547  -33.269  36.835 0.0000000000
48893  -16.083  -33.549  36.072 0.0000000000
46429  -19.083  -36.409  39.971 0.0000000000
45358  -18.331  -36.902  38.892 0.0000000000
53007  -29.453  -29.274  31.976 0.0000000000
53018  -30.071  -29.069  31.635 0.0000000000
53976  -29.724  -28.692  32.162 0.0000000000
49946  -23.060  -32.231  42.828 0.0000000000
49966  -23.162  -32.570  41.860 0.0000000000
49947  -23.466  -32.500  42.691 0.0000000000
48823  -25.719  -32.409  41.126 0.0000000000
50005  -25.842  -31.689  40.678 0.0000000000
50031  -25.491  -32.166  39.196 0.0000000000
52025  -25.721  -30.955  39.308 0.0000000000
55907  -24.329  -26.112  38.060 0.0000000000
53869  -23.786  -28.114  37.502 0.0000000000
52949  -24.146  -29.873  37.229 0.0000000000
52959  -23.310  -29.024  35.572 0.0000000000
52057  -23.395  -30.320  35.108 0.0000000000
52970  -23.493  -29.182  33.928 0.0000000000
53925  -27.569  -28.381  33.614 0.0000000000
53955  -26.357  -28.907  32.771 0.0000000000
53005  -27.895  -29.254  32.455 0.0000000000
52105  -28.621  -29.972  32.812 0.0000000000
67272  -38.756  -16.152  18.711 0.0000000000
67261  -40.240  -15.965  19.628 0.0000000000
69471  -39.549  -14.729  18.688 0.0000000000
75175  -40.530  -9.648  18.841 0.0000000000
72731  -41.437  -11.523  18.874 0.0000000000
81077  -40.009  -2.816  21.284 0.0000000000
80025  -39.144  -4.353  20.312 0.0000000000
82197  -39.968  -2.963  19.253 0.0000000000
81131  -43.754  -4.751  16.265 0.0000000000
80072  -42.547  -5.704  16.725 0.0000000000
78844  -43.678  -6.637  17.040 0.0000000000
78817  -44.535  -7.844  18.753 0.0000000000
81154  -52.309  -4.261  13.593 0.0000000000
82264  -51.903  -2.906  14.706 0.0000000000
82265  -52.424  -2.763  14.590 0.0000000000
44373  -6.703  -37.529  38.187 0.0000000000
43261  -5.653  -38.302  38.941 0.0000000000
42147  -6.990  -39.157  38.441 0.0000000000
40956  -6.708  -40.950  42.012 0.0000000000
40944  -5.152  -40.863  43.638 0.0000000000
53027  -31.719  -28.407  30.703 0.0000000000
53021  -32.698  -28.794  31.053 0.0000000000
54004  -32.245  -28.272  30.386 0.0000000000
57024  -31.309  -26.109  28.328 0.0000000000
56033  -32.653  -26.813  28.418 0.0000000000
57025  -32.490  -26.106  27.750 0.0000000000
57015  -35.011  -25.947  28.718 0.0000000000
58030  -33.433  -25.135  27.277 0.0000000000
63522  -28.094  -19.343  28.607 0.0000000000
62351  -29.986  -20.433  25.058 0.0000000000
61160  -30.123  -21.479  26.150 0.0000000000
61162  -31.610  -21.704  26.096 0.0000000000
60100  -33.274  -23.078  27.012 0.0000000000
62299  -33.161  -21.832  26.150 0.0000000000
62301  -35.034  -22.306  26.724 0.0000000000
62325  -33.565  -21.685  25.730 0.0000000000
63627  -33.781  -19.751  21.852 0.0000000000
62396  -34.875  -20.801  23.706 0.0000000000
63629  -35.936  -20.426  21.911 0.0000000000
63615  -37.358  -20.677  22.919 0.0000000000
63642  -36.425  -19.861  21.279 0.0000000000
64838  -37.851  -18.675  20.079 0.0000000000
64836  -35.746  -18.612  20.038 0.0000000000
68351  -34.461  -14.329  21.483 0.0000000000
69455  -35.397  -14.647  19.927 0.0000000000
70447  -34.765  -13.090  21.195 0.0000000000
47638  -23.260  -34.342  41.437 0.0000000000
47625  -23.152  -35.059  41.937 0.0000000000
46415  -23.668  -34.839  41.258 0.0000000000
46454  -10.271  -35.851  38.118 0.0000000000
46453  -8.875  -35.560  37.649 0.0000000000
45367  -9.486  -36.890  38.634 0.0000000000
46458  -14.519  -35.728  37.959 0.0000000000
46457  -13.532  -35.661  38.076 0.0000000000
46427  -13.705  -36.694  39.343 0.0000000000
45317  -19.390  -35.974  41.279 0.0000000000
47603  -19.758  -35.432  42.025 0.0000000000
47582  -20.768  -35.275  43.579 0.0000000000
47583  -21.451  -35.571  43.318 0.0000000000
52070  -27.869  -31.153  34.197 0.0000000000
50062  -28.798  -32.888  35.004 0.0000000000
52896  -19.015  -28.860  40.593 0.0000000000
52009  -18.731  -30.097  38.960 0.0000000000
50028  -17.921  -32.047  37.706 0.0000000000
47696  -17.672  -33.938  36.919 0.0000000000
48856  -18.265  -33.633  38.928 0.0000000000
47647  -18.358  -34.737  39.374 0.0000000000
53926  -28.550  -28.248  33.934 0.0000000000
53958  -29.431  -28.362  33.239 0.0000000000
55928  -25.025  -25.972  36.293 0.0000000000
54942  -24.303  -27.106  34.531 0.0000000000
53903  -27.693  -28.177  34.754 0.0000000000
71594  -37.515  -12.386  19.220 0.0000000000
71595  -38.700  -12.374  18.908 0.0000000000
72728  -38.048  -11.309  19.216 0.0000000000
75174  -39.380  -9.459  19.067 0.0000000000
77560  -39.438  -7.317  18.803 0.0000000000
82208  -41.675  -2.385  19.131 0.0000000000
82218  -43.811  -2.099  17.582 0.0000000000
81125  -44.189  -3.503  16.378 0.0000000000
80087  -45.387  -5.123  16.004 0.0000000000
80076  -46.574  -6.393  16.604 0.0000000000
81135  -46.702  -4.624  15.376 0.0000000000
80095  -48.205  -5.930  15.114 0.0000000000
80104  -49.502  -5.520  14.467 0.0000000000
81142  -49.744  -4.205  14.271 0.0000000000
82262  -50.201  -3.389  14.958 0.0000000000
43263  -7.972  -38.985  39.759 0.0000000000
42124  -7.557  -39.691  40.106 0.0000000000
42108  -8.338  -39.791  41.485 0.0000000000
56002  -31.488  -26.127  30.833 0.0000000000
56017  -31.403  -27.035  29.431 0.0000000000
57999  -30.666  -25.186  30.596 0.0000000000
59038  -29.962  -24.766  29.921 0.0000000000
59049  -29.675  -23.657  28.421 0.0000000000
64759  -28.447  -18.338  26.632 0.0000000000
64771  -28.926  -18.219  25.615 0.0000000000
63574  -29.196  -18.964  25.020 0.0000000000
63576  -31.335  -20.351  24.192 0.0000000000
63577  -32.491  -20.802  24.243 0.0000000000
63595  -32.161  -20.055  23.524 0.0000000000
63626  -32.738  -19.177  22.096 0.0000000000
64807  -33.348  -18.929  21.419 0.0000000000
64834  -34.246  -18.071  20.367 0.0000000000
66062  -33.716  -17.175  20.631 0.0000000000
46430  -24.820  -35.393  39.995 0.0000000000
45319  -24.465  -35.729  41.251 0.0000000000
46469  -9.627  -34.828  37.203 0.0000000000
46470  -10.650  -34.851  37.140 0.0000000000
39808  -4.398  -41.604  40.640 0.0000000000
39823  -3.842  -41.199  40.097 0.0000000000
39807  -3.515  -41.698  40.308 0.0000000000
38561  -2.992  -42.167  40.350 0.0000000000
38560  -2.503  -42.257  40.614 0.0000000000
57988  -37.568  -25.153  30.208 0.0000000000
47706  -24.782  -34.467  35.234 0.0000000000
46475  -24.860  -35.494  36.157 0.0000000000
48835  -13.832  -31.774  39.875 0.0000000000
48869  -13.362  -32.611  37.822 0.0000000000
48882  -12.765  -33.314  37.397 0.0000000000
48883  -13.673  -33.359  37.253 0.0000000000
47676  -14.799  -34.991  37.360 0.0000000000
46459  -15.710  -35.861  37.789 0.0000000000
46473  -16.974  -35.279  36.823 0.0000000000
45369  -16.661  -36.546  38.149 0.0000000000
44350  -16.485  -37.553  40.261 0.0000000000
86588  -52.939  0.320  14.378 0.0000000000
52094  -31.136  -29.967  33.210 0.0000000000
52995  -32.330  -29.784  32.782 0.0000000000
52108  -30.889  -29.662  32.350 0.0000000000
53019  -30.669  -29.129  31.318 0.0000000000
53992  -31.319  -28.347  30.856 0.0000000000
54983  -30.673  -28.295  32.616 0.0000000000
54984  -31.549  -27.392  32.587 0.0000000000
55988  -31.781  -26.136  31.567 0.0000000000
56991  -31.626  -25.114  32.423 0.0000000000
49983  -21.238  -31.806  40.313 0.0000000000
48797  -21.960  -33.282  41.080 0.0000000000
48798  -22.544  -33.139  41.036 0.0000000000
49986  -23.222  -32.938  41.383 0.0000000000
47639  -23.640  -33.984  40.843 0.0000000000
48800  -24.370  -32.933  42.594 0.0000000000
48821  -24.360  -33.238  41.436 0.0000000000
47648  -24.861  -33.911  40.193 0.0000000000
47661  -25.145  -33.391  39.806 0.0000000000
48872  -25.187  -33.069  38.479 0.0000000000
48888  -24.877  -33.465  37.716 0.0000000000
52910  -25.685  -29.412  39.806 0.0000000000
52034  -25.421  -30.797  37.981 0.0000000000
51100  -24.858  -31.330  37.570 0.0000000000
50052  -24.167  -32.977  36.478 0.0000000000
50060  -24.021  -32.672  34.930 0.0000000000
50077  -24.372  -32.256  33.372 0.0000000000
51143  -25.463  -31.891  32.828 0.0000000000
53953  -24.219  -29.135  32.577 0.0000000000
53004  -25.642  -30.000  32.506 0.0000000000
52090  -26.986  -30.778  33.535 0.0000000000
52091  -28.138  -30.407  33.404 0.0000000000
52093  -30.181  -30.275  33.370 0.0000000000
51038  -21.419  -30.591  40.798 0.0000000000
70465  -40.385  -13.680  18.803 0.0000000000
78807  -38.319  -6.034  20.248 0.0000000000
78814  -38.982  -6.236  19.317 0.0000000000
77570  -40.435  -7.023  18.345 0.0000000000
81115  -41.024  -4.243  17.638 0.0000000000
80054  -41.506  -5.737  17.341 0.0000000000
77572  -42.217  -7.641  18.223 0.0000000000
77564  -43.936  -8.260  18.646 0.0000000000
82279  -53.310  -3.649  13.355 0.0000000000
83356  -53.662  -2.198  14.014 0.0000000000
84471  -53.372  -1.618  14.569 0.0000000000
43247  -5.119  -38.356  39.867 0.0000000000
40993  -5.316  -40.284  39.371 0.0000000000
40982  -6.703  -40.198  40.112 0.0000000000
40981  -5.638  -40.742  40.187 0.0000000000
39809  -5.169  -41.371  40.938 0.0000000000
39787  -4.987  -41.294  42.709 0.0000000000
52996  -33.409  -29.581  32.774 0.0000000000
53012  -34.444  -28.900  32.049 0.0000000000
53979  -35.005  -28.396  31.717 0.0000000000
55032  -32.439  -27.496  29.355 0.0000000000
56003  -33.795  -26.965  29.962 0.0000000000
55989  -35.121  -27.237  30.725 0.0000000000
56992  -36.100  -26.549  30.476 0.0000000000
57016  -35.931  -25.412  28.794 0.0000000000
59040  -36.266  -24.036  28.288 0.0000000000
61113  -29.131  -21.972  29.364 0.0000000000
60097  -29.735  -22.885  27.538 0.0000000000
62297  -28.942  -20.648  26.622 0.0000000000
61143  -29.911  -21.853  26.658 0.0000000000
59059  -31.194  -23.810  26.671 0.0000000000
59061  -33.530  -24.049  27.241 0.0000000000
60084  -33.886  -23.050  28.015 0.0000000000
63579  -34.040  -20.902  24.455 0.0000000000
62377  -35.966  -21.603  24.380 0.0000000000
64825  -38.655  -18.807  20.824 0.0000000000
66077  -37.945  -17.486  19.549 0.0000000000
67258  -37.293  -16.419  18.888 0.0000000000
67246  -35.572  -16.912  19.620 0.0000000000
68375  -36.589  -15.451  18.955 0.0000000000
69457  -36.870  -14.452  18.937 0.0000000000
71593  -36.215  -12.493  19.752 0.0000000000
72717  -36.221  -11.017  20.980 0.0000000000
47622  -21.766  -33.702  42.000 0.0000000000
47607  -22.002  -35.200  42.739 0.0000000000
45297  -24.441  -36.197  42.065 0.0000000000
45365  -7.170  -36.656  37.977 0.0000000000
46437  -7.477  -35.014  38.575 0.0000000000
45366  -8.258  -36.745  37.919 0.0000000000
44375  -8.531  -37.678  38.445 0.0000000000
44347  -9.004  -38.012  40.005 0.0000000000
47690  -12.193  -34.173  37.240 0.0000000000
46455  -11.524  -35.560  37.914 0.0000000000
46425  -12.107  -36.891  39.338 0.0000000000
38525  -1.908  -42.515  43.177 0.0000000000
38542  -2.056  -42.814  41.963 0.0000000000
39822  -1.643  -41.948  40.157 0.0000000000
52960  -33.359  -30.288  34.358 0.0000000000
48817  -20.084  -33.395  40.810 0.0000000000
49962  -20.338  -33.200  40.827 0.0000000000
51036  -20.139  -31.684  40.046 0.0000000000
49981  -19.395  -32.776  40.247 0.0000000000
76390  -37.718  -8.287  22.095 0.0000000000
76400  -37.669  -8.262  21.312 0.0000000000
83322  -47.002  -1.558  18.258 0.0000000000
82234  -47.454  -2.365  16.443 0.0000000000
82235  -48.498  -2.257  16.258 0.0000000000
66031  -30.902  -16.822  23.101 0.0000000000
48851  -11.131  -31.967  39.304 0.0000000000
48866  -10.539  -32.579  38.302 0.0000000000
48867  -11.474  -32.440  38.121 0.0000000000
85519  -53.313  -0.408  13.990 0.0000000000
54971  -36.854  -28.053  33.128 0.0000000000
54988  -36.797  -27.460  32.296 0.0000000000
50069  -26.616  -32.715  33.503 0.0000000000
48911  -26.822  -33.652  33.905 0.0000000000
48912  -27.556  -33.429  34.154 0.0000000000
51084  -16.660  -30.746  37.921 0.0000000000
51068  -16.499  -30.602  39.147 0.0000000000
50027  -16.301  -31.282  37.487 0.0000000000
50026  -15.603  -31.397  37.778 0.0000000000
50048  -15.674  -33.034  36.222 0.0000000000
50050  -16.957  -32.636  36.511 0.0000000000
53975  -28.585  -28.911  32.259 0.0000000000
51056  -26.254  -30.935  40.940 0.0000000000
51071  -25.956  -31.113  40.203 0.0000000000
52012  -26.033  -30.792  39.884 0.0000000000
55917  -24.212  -26.183  37.038 0.0000000000
54906  -23.890  -26.966  37.730 0.0000000000
54916  -23.731  -26.956  36.707 0.0000000000
52948  -23.617  -28.991  36.980 0.0000000000
53884  -23.372  -27.865  36.213 0.0000000000
53901  -23.567  -27.895  34.807 0.0000000000
53956  -27.597  -28.836  32.705 0.0000000000
53974  -28.090  -29.064  32.283 0.0000000000
68391  -38.744  -15.319  18.616 0.0000000000
68392  -39.376  -15.326  18.721 0.0000000000
69470  -38.622  -14.455  18.609 0.0000000000
75176  -41.648  -9.846  18.924 0.0000000000
77562  -41.912  -8.158  18.362 0.0000000000
82185  -40.751  -2.135  20.954 0.0000000000
81089  -39.904  -3.128  20.444 0.0000000000
82198  -40.389  -2.569  19.934 0.0000000000
80074  -44.956  -5.868  16.381 0.0000000000
80073  -43.865  -5.530  16.339 0.0000000000
78845  -44.682  -6.653  16.921 0.0000000000
78829  -44.580  -7.562  17.630 0.0000000000
43273  -6.839  -38.407  38.242 0.0000000000
43262  -6.237  -38.043  38.448 0.0000000000
54003  -31.576  -28.050  30.411 0.0000000000
55017  -31.634  -27.608  29.798 0.0000000000
58019  -31.242  -25.361  27.662 0.0000000000
58020  -32.220  -25.534  27.310 0.0000000000
57042  -32.755  -25.474  27.337 0.0000000000
58029  -32.436  -24.932  26.996 0.0000000000
62352  -30.626  -20.752  24.859 0.0000000000
62323  -31.123  -21.427  25.417 0.0000000000
62324  -32.447  -21.335  25.916 0.0000000000
62354  -33.020  -21.096  25.108 0.0000000000
63640  -34.569  -19.690  21.224 0.0000000000
63628  -34.855  -20.280  21.960 0.0000000000
63641  -35.522  -19.894  21.200 0.0000000000
64823  -36.181  -19.385  20.564 0.0000000000
45368  -10.250  -36.592  38.607 0.0000000000
45352  -10.165  -37.597  39.664 0.0000000000
45353  -10.668  -36.947  39.293 0.0000000000
46442  -14.229  -36.387  38.763 0.0000000000
45337  -14.531  -36.897  39.823 0.0000000000
42121  -4.450  -39.758  40.222 0.0000000000
40979  -4.121  -40.758  40.046 0.0000000000
53932  -36.066  -29.000  33.634 0.0000000000
47619  -19.373  -35.208  40.830 0.0000000000
46402  -19.558  -35.722  41.892 0.0000000000
47620  -19.592  -35.025  41.245 0.0000000000
48773  -20.551  -34.540  42.178 0.0000000000
47605  -20.700  -34.826  42.730 0.0000000000
52071  -29.069  -31.174  34.715 0.0000000000
51132  -28.960  -31.767  35.100 0.0000000000
52878  -20.071  -28.637  41.726 0.0000000000
51069  -18.967  -31.242  39.370 0.0000000000
52010  -19.313  -29.761  39.368 0.0000000000
51086  -18.423  -31.123  38.406 0.0000000000
50029  -18.281  -31.908  38.395 0.0000000000
50017  -18.206  -32.615  38.562 0.0000000000
48815  -19.334  -34.351  40.259 0.0000000000
47634  -19.093  -34.898  40.174 0.0000000000
53927  -29.572  -28.239  34.365 0.0000000000
54918  -26.120  -26.663  36.390 0.0000000000
53886  -27.857  -28.184  35.969 0.0000000000
73959  -37.580  -10.212  19.658 0.0000000000
76420  -37.990  -8.350  19.797 0.0000000000
75173  -38.230  -9.290  19.318 0.0000000000
76421  -38.905  -8.436  19.141 0.0000000000
83319  -43.290  -1.898  18.612 0.0000000000
82245  -45.057  -3.236  16.255 0.0000000000
81133  -44.935  -3.987  16.014 0.0000000000
81134  -45.947  -4.282  15.935 0.0000000000
80088  -46.238  -5.434  15.970 0.0000000000
81140  -47.646  -4.862  14.916 0.0000000000
81141  -48.834  -4.847  14.484 0.0000000000
81151  -49.569  -5.092  14.267 0.0000000000
82236  -49.463  -2.352  16.288 0.0000000000
82250  -49.831  -3.063  15.816 0.0000000000
57002  -31.352  -25.390  31.321 0.0000000000
57001  -31.247  -25.907  30.450 0.0000000000
58000  -30.992  -24.870  31.434 0.0000000000
59022  -29.684  -23.583  30.533 0.0000000000
59037  -29.560  -23.851  29.863 0.0000000000
58011  -30.097  -24.687  28.708 0.0000000000
64772  -29.508  -18.125  24.686 0.0000000000
63593  -30.495  -19.105  23.915 0.0000000000
63575  -30.024  -19.607  24.486 0.0000000000
63594  -31.055  -19.312  23.573 0.0000000000
64805  -31.807  -17.507  22.213 0.0000000000
64795  -31.965  -18.542  22.385 0.0000000000
64820  -33.358  -18.011  20.800 0.0000000000
64819  -32.882  -17.571  21.220 0.0000000000
67232  -33.352  -16.061  21.455 0.0000000000
46445  -24.806  -35.923  39.327 0.0000000000
45359  -25.049  -37.006  39.024 0.0000000000
47688  -10.026  -33.856  36.924 0.0000000000
39796  -4.708  -41.758  41.613 0.0000000000
39795  -4.000  -41.997  41.157 0.0000000000
38544  -3.250  -42.242  41.159 0.0000000000
56983  -37.096  -26.102  31.851 0.0000000000
56984  -37.878  -25.989  32.129 0.0000000000
56994  -37.913  -25.421  31.007 0.0000000000
47712  -24.921  -34.320  34.529 0.0000000000
46490  -25.254  -34.842  34.706 0.0000000000
46491  -25.703  -35.438  34.667 0.0000000000
50015  -14.813  -31.599  38.366 0.0000000000
48836  -14.504  -31.341  39.560 0.0000000000
48854  -14.136  -32.007  38.560 0.0000000000
48853  -13.173  -32.162  38.893 0.0000000000
47693  -15.030  -34.312  36.725 0.0000000000
47677  -15.530  -35.104  36.977 0.0000000000
47678  -17.933  -34.510  37.519 0.0000000000
46474  -17.531  -34.784  37.048 0.0000000000
46461  -17.826  -35.590  37.614 0.0000000000
44366  -17.773  -37.365  39.181 0.0000000000
45370  -17.518  -36.538  38.102 0.0000000000
45357  -17.202  -37.044  38.912 0.0000000000
45339  -16.573  -37.184  39.579 0.0000000000
52994  -31.513  -29.791  32.663 0.0000000000
53990  -30.333  -28.898  31.513 0.0000000000
53991  -30.856  -28.740  31.217 0.0000000000
55000  -31.136  -28.237  31.600 0.0000000000
53959  -30.405  -28.155  33.661 0.0000000000
53977  -30.034  -28.389  32.859 0.0000000000
54967  -30.835  -28.117  33.396 0.0000000000
54985  -31.913  -26.405  33.090 0.0000000000
55002  -31.917  -26.666  32.156 0.0000000000
49984  -21.757  -31.363  40.736 0.0000000000
49964  -22.132  -32.242  40.513 0.0000000000
49965  -22.668  -32.253  41.575 0.0000000000
49967  -23.487  -32.839  41.872 0.0000000000
49987  -23.406  -33.102  41.477 0.0000000000
48822  -25.124  -33.145  41.237 0.0000000000
47649  -25.181  -33.215  40.187 0.0000000000
50030  -25.578  -32.113  38.661 0.0000000000
48873  -25.379  -32.541  38.877 0.0000000000
50041  -25.421  -32.574  38.033 0.0000000000
53842  -24.271  -27.547  39.015 0.0000000000
54882  -24.846  -26.789  39.924 0.0000000000
53843  -24.813  -28.208  39.614 0.0000000000
52909  -25.190  -28.986  39.456 0.0000000000
52921  -25.120  -29.204  38.925 0.0000000000
52922  -25.514  -29.990  39.067 0.0000000000
52023  -25.338  -30.002  38.281 0.0000000000
52046  -24.176  -30.789  37.042 0.0000000000
51113  -24.127  -31.896  36.869 0.0000000000
50051  -23.853  -32.315  35.791 0.0000000000
50061  -24.146  -33.194  35.444 0.0000000000
52068  -23.589  -30.635  33.890 0.0000000000
51128  -24.025  -31.682  33.648 0.0000000000
51142  -24.541  -31.635  32.835 0.0000000000
51154  -24.702  -31.029  32.488 0.0000000000
54943  -25.158  -27.462  34.235 0.0000000000
53922  -24.285  -28.125  33.426 0.0000000000
53923  -25.564  -28.292  33.348 0.0000000000
52990  -25.493  -29.455  32.453 0.0000000000
52991  -26.024  -29.801  32.554 0.0000000000
52089  -26.253  -30.682  32.920 0.0000000000
52106  -29.324  -29.842  32.653 0.0000000000
51011  -22.512  -31.195  42.377 0.0000000000
51023  -21.958  -30.869  41.703 0.0000000000
66053  -39.569  -18.198  20.837 0.0000000000
68379  -40.656  -15.279  19.419 0.0000000000
68364  -40.876  -15.791  20.047 0.0000000000
71596  -39.832  -12.448  18.842 0.0000000000
80004  -39.046  -5.465  22.136 0.0000000000
78799  -38.281  -6.282  21.523 0.0000000000
80015  -38.766  -5.260  20.946 0.0000000000
80037  -39.411  -4.601  19.082 0.0000000000
80024  -38.889  -5.290  19.764 0.0000000000
80036  -39.377  -5.587  18.824 0.0000000000
78824  -39.543  -6.344  18.650 0.0000000000
80052  -39.752  -5.874  18.411 0.0000000000
82217  -42.725  -2.773  18.058 0.0000000000
82216  -41.480  -3.204  18.135 0.0000000000
81116  -42.159  -3.684  17.401 0.0000000000
80055  -42.279  -6.327  17.336 0.0000000000
78826  -40.985  -6.492  17.932 0.0000000000
78827  -42.487  -7.022  18.039 0.0000000000
77563  -42.941  -7.984  18.478 0.0000000000
78816  -43.466  -7.780  18.176 0.0000000000
78808  -44.667  -7.382  19.500 0.0000000000
78861  -47.794  -6.713  16.585 0.0000000000
81161  -52.881  -4.818  13.188 0.0000000000
82254  -52.512  -2.275  14.992 0.0000000000
82266  -52.944  -2.612  14.311 0.0000000000
83352  -53.024  -2.049  14.854 0.0000000000
42145  -5.841  -38.842  38.738 0.0000000000
42137  -5.437  -39.376  39.203 0.0000000000
42107  -7.707  -40.017  40.925 0.0000000000
42123  -6.904  -39.791  39.543 0.0000000000
40969  -7.087  -40.217  41.049 0.0000000000
40968  -6.563  -40.700  41.010 0.0000000000
40967  -5.863  -40.989  41.409 0.0000000000
39797  -5.470  -41.474  41.945 0.0000000000
39776  -4.483  -41.051  43.610 0.0000000000
53994  -33.523  -28.475  30.936 0.0000000000
53022  -33.455  -28.768  31.354 0.0000000000
53978  -34.052  -28.656  31.529 0.0000000000
53995  -34.305  -28.255  31.155 0.0000000000
55031  -31.844  -27.294  29.336 0.0000000000
56018  -32.062  -27.065  28.945 0.0000000000
56034  -33.372  -26.623  28.227 0.0000000000
56019  -33.480  -27.147  29.190 0.0000000000
55020  -34.288  -27.511  30.457 0.0000000000
56004  -34.667  -26.908  30.195 0.0000000000
56005  -35.618  -26.674  30.348 0.0000000000
57003  -34.983  -26.350  29.536 0.0000000000
57027  -34.900  -25.291  27.986 0.0000000000
58013  -35.645  -25.266  28.118 0.0000000000
58001  -36.580  -24.739  29.140 0.0000000000
59052  -35.802  -24.351  28.002 0.0000000000
62261  -28.926  -20.839  29.852 0.0000000000
60083  -29.358  -22.682  28.585 0.0000000000
61128  -29.364  -21.955  28.026 0.0000000000
63539  -28.185  -19.304  27.378 0.0000000000
60098  -30.668  -23.002  26.710 0.0000000000
59060  -32.348  -23.968  26.625 0.0000000000
60099  -31.926  -23.106  26.470 0.0000000000
61129  -34.294  -22.494  27.721 0.0000000000
60085  -35.014  -23.013  28.238 0.0000000000
60072  -35.848  -23.487  27.996 0.0000000000
61114  -36.196  -23.304  27.786 0.0000000000
62326  -34.550  -22.161  25.720 0.0000000000
63578  -33.493  -20.912  24.414 0.0000000000
63597  -33.957  -20.800  23.941 0.0000000000
62397  -35.672  -21.246  23.558 0.0000000000
63631  -38.142  -20.133  22.271 0.0000000000
63616  -38.425  -20.741  23.169 0.0000000000
64810  -38.805  -19.325  21.887 0.0000000000
66066  -37.506  -17.967  19.651 0.0000000000
66076  -37.384  -17.257  19.289 0.0000000000
67259  -38.363  -16.914  19.310 0.0000000000
66063  -34.278  -17.267  20.267 0.0000000000
66064  -35.116  -17.685  19.950 0.0000000000
67245  -34.785  -16.535  20.006 0.0000000000
68374  -35.680  -15.439  19.410 0.0000000000
69456  -35.967  -14.549  19.342 0.0000000000
70461  -36.139  -13.600  19.361 0.0000000000
70462  -37.137  -13.456  19.116 0.0000000000
47623  -22.278  -33.885  41.941 0.0000000000
47624  -22.741  -34.972  42.195 0.0000000000
47608  -22.446  -35.891  43.054 0.0000000000
46386  -22.964  -35.975  42.824 0.0000000000
45320  -24.864  -36.305  40.866 0.0000000000
45298  -24.812  -36.428  41.691 0.0000000000
45377  -26.080  -37.213  36.698 0.0000000000
45351  -6.946  -36.254  39.013 0.0000000000
47657  -7.933  -34.056  38.856 0.0000000000
43275  -8.454  -38.176  38.870 0.0000000000
44364  -8.834  -37.891  39.182 0.0000000000
47674  -12.904  -34.891  37.662 0.0000000000
46441  -13.210  -36.173  38.763 0.0000000000
46456  -12.589  -35.599  38.109 0.0000000000
46440  -12.295  -36.349  38.622 0.0000000000
87737  -52.773  0.560  13.856 0.0000000000
38541  -1.678  -43.217  42.377 0.0000000000
38559  -1.949  -42.502  40.797 0.0000000000
38578  -1.610  -42.548  40.511 0.0000000000
48795  -20.297  -33.935  41.472 0.0000000000
48774  -20.802  -33.939  42.300 0.0000000000
51985  -20.696  -29.789  40.633 0.0000000000
51999  -20.227  -29.834  40.203 0.0000000000
51055  -20.226  -30.400  40.028 0.0000000000
51054  -19.639  -31.348  39.868 0.0000000000
51053  -19.060  -31.551  39.859 0.0000000000
50002  -18.303  -32.765  39.406 0.0000000000
50003  -18.795  -32.207  40.029 0.0000000000
48838  -19.174  -33.124  40.158 0.0000000000
53887  -29.085  -28.353  36.702 0.0000000000
73945  -36.629  -10.035  20.692 0.0000000000
76409  -37.794  -8.130  20.650 0.0000000000
77548  -38.070  -7.524  20.248 0.0000000000
82219  -44.531  -1.867  17.543 0.0000000000
83336  -45.124  -1.727  17.728 0.0000000000
82247  -46.684  -3.271  15.751 0.0000000000
82261  -49.294  -3.595  14.878 0.0000000000
59009  -30.536  -23.583  31.831 0.0000000000
60057  -29.958  -22.943  31.288 0.0000000000
64793  -30.675  -17.669  23.177 0.0000000000
64783  -30.992  -18.677  23.233 0.0000000000
66043  -32.108  -16.866  21.943 0.0000000000
66050  -32.670  -16.967  21.424 0.0000000000
45372  -25.141  -37.336  37.785 0.0000000000
48880  -10.787  -33.125  37.390 0.0000000000
83357  -54.498  -1.959  13.533 0.0000000000
39785  -3.073  -41.893  43.137 0.0000000000
38526  -2.486  -42.361  42.591 0.0000000000
55978  -37.039  -26.652  31.993 0.0000000000
55991  -36.665  -26.883  31.358 0.0000000000
47728  -25.631  -33.989  33.399 0.0000000000
46502  -26.180  -35.048  34.179 0.0000000000
47719  -26.787  -34.643  34.140 0.0000000000
47713  -27.592  -34.878  34.385 0.0000000000
47714  -28.496  -34.953  34.913 0.0000000000
51995  -17.126  -30.156  39.484 0.0000000000
51067  -15.901  -30.996  39.688 0.0000000000
50016  -15.193  -31.136  39.026 0.0000000000
50025  -14.719  -32.070  37.620 0.0000000000
50036  -14.612  -32.561  37.079 0.0000000000
48885  -15.363  -33.540  36.325 0.0000000000
47694  -16.069  -34.605  36.299 0.0000000000
46444  -18.283  -35.680  38.689 0.0000000000
45371  -18.061  -36.267  38.244 0.0000000000
45340  -18.839  -36.724  39.724 0.0000000000
44352  -18.577  -37.423  40.010 0.0000000000
53008  -30.402  -29.332  31.842 0.0000000000
54982  -30.263  -28.586  32.080 0.0000000000
48802  -25.838  -32.313  42.246 0.0000000000
48840  -25.368  -32.605  40.212 0.0000000000
50019  -25.561  -31.934  39.827 0.0000000000
51088  -25.650  -31.439  39.425 0.0000000000
51087  -25.680  -31.380  38.821 0.0000000000
54894  -24.072  -26.915  38.624 0.0000000000
53870  -24.242  -28.454  38.086 0.0000000000
52935  -24.466  -29.148  37.841 0.0000000000
52934  -23.884  -28.765  37.566 0.0000000000
52045  -23.620  -30.051  36.379 0.0000000000
51121  -23.743  -31.689  34.775 0.0000000000
52969  -23.583  -29.098  33.475 0.0000000000
53924  -26.564  -28.501  33.443 0.0000000000
52993  -28.057  -29.681  32.660 0.0000000000
53006  -28.524  -29.385  32.343 0.0000000000
67248  -39.086  -17.088  19.934 0.0000000000
67249  -40.369  -17.008  20.339 0.0000000000
67260  -39.466  -16.393  19.290 0.0000000000
68378  -39.862  -15.408  18.991 0.0000000000
69460  -40.288  -14.719  18.913 0.0000000000
73961  -39.873  -10.486  19.039 0.0000000000
72730  -40.381  -11.482  18.900 0.0000000000
73962  -40.967  -10.607  18.826 0.0000000000
81068  -40.075  -3.851  21.720 0.0000000000
81076  -39.802  -3.743  20.829 0.0000000000
81088  -39.782  -3.566  19.660 0.0000000000
82206  -39.887  -3.282  18.891 0.0000000000
81124  -43.155  -4.161  16.688 0.0000000000
81123  -41.991  -4.624  16.922 0.0000000000
78828  -43.605  -7.333  17.765 0.0000000000
78818  -45.373  -7.408  18.620 0.0000000000
81143  -50.601  -3.846  14.102 0.0000000000
81144  -51.500  -3.634  14.095 0.0000000000
81145  -51.987  -3.493  14.097 0.0000000000
82271  -52.233  -3.295  14.107 0.0000000000
82272  -52.706  -3.293  13.746 0.0000000000
43272  -6.168  -38.538  38.532 0.0000000000
42138  -6.485  -39.674  38.956 0.0000000000
39788  -5.503  -41.158  42.567 0.0000000000
53020  -31.568  -28.986  31.002 0.0000000000
53028  -32.010  -28.609  30.760 0.0000000000
57013  -31.853  -26.591  28.452 0.0000000000
57014  -34.082  -26.473  28.614 0.0000000000
57026  -33.893  -25.774  27.902 0.0000000000
58021  -34.401  -24.608  27.753 0.0000000000
62278  -28.465  -20.389  27.979 0.0000000000
63556  -29.615  -20.237  25.210 0.0000000000
62321  -28.966  -20.591  25.873 0.0000000000
62322  -29.785  -20.973  25.765 0.0000000000
61161  -30.590  -21.718  25.956 0.0000000000
61145  -32.680  -22.250  26.407 0.0000000000
61146  -33.957  -22.498  26.915 0.0000000000
62300  -33.817  -22.228  26.234 0.0000000000
63612  -34.180  -20.421  23.088 0.0000000000
63613  -35.295  -20.753  22.805 0.0000000000
63614  -36.345  -20.827  22.755 0.0000000000
63630  -37.069  -20.046  21.987 0.0000000000
64824  -37.332  -19.395  20.821 0.0000000000
64837  -36.854  -18.744  19.934 0.0000000000
66065  -36.383  -17.619  19.510 0.0000000000
68363  -34.933  -15.334  20.323 0.0000000000
70460  -35.336  -13.675  19.968 0.0000000000
71581  -35.172  -12.661  20.224 0.0000000000
47637  -22.856  -33.852  41.531 0.0000000000
46404  -23.477  -35.415  41.865 0.0000000000
44365  -9.428  -37.625  39.501 0.0000000000
47675  -13.831  -34.945  37.509 0.0000000000
53963  -36.504  -28.655  33.341 0.0000000000
53962  -36.024  -28.636  32.822 0.0000000000
45296  -19.273  -36.357  41.810 0.0000000000
45295  -19.419  -35.942  41.518 0.0000000000
46384  -19.374  -35.887  43.043 0.0000000000
46385  -19.800  -35.364  43.423 0.0000000000
47621  -20.024  -34.943  41.543 0.0000000000
47604  -20.165  -35.159  42.436 0.0000000000
51130  -27.408  -31.751  34.157 0.0000000000
50071  -28.084  -32.780  34.200 0.0000000000
51983  -18.439  -28.927  40.926 0.0000000000
52897  -19.489  -29.056  40.218 0.0000000000
51997  -18.795  -29.236  39.887 0.0000000000
51996  -17.867  -29.618  39.584 0.0000000000
52008  -17.828  -30.134  38.903 0.0000000000
51085  -17.638  -30.969  37.824 0.0000000000
51099  -17.137  -31.383  37.315 0.0000000000
50039  -17.244  -32.143  37.015 0.0000000000
48871  -18.061  -33.470  37.828 0.0000000000
46428  -18.974  -35.870  39.631 0.0000000000
46414  -19.216  -36.223  40.313 0.0000000000
55918  -24.960  -25.582  37.317 0.0000000000
55927  -24.148  -26.188  36.164 0.0000000000
54929  -25.035  -26.439  35.333 0.0000000000
54930  -25.911  -27.488  35.052 0.0000000000
53885  -26.903  -27.687  35.521 0.0000000000
53902  -26.707  -28.159  34.434 0.0000000000
70463  -38.300  -13.455  18.731 0.0000000000
73960  -38.715  -10.350  19.217 0.0000000000
76422  -40.047  -8.601  18.801 0.0000000000
83302  -42.033  -1.993  19.741 0.0000000000
83303  -42.521  -1.830  19.391 0.0000000000
83318  -42.767  -2.217  18.780 0.0000000000
82231  -43.592  -3.001  17.042 0.0000000000
82230  -42.994  -3.291  17.204 0.0000000000
81132  -44.107  -4.377  16.224 0.0000000000
80086  -44.543  -4.980  16.095 0.0000000000
80075  -45.788  -6.048  16.432 0.0000000000
80089  -47.221  -6.013  15.828 0.0000000000
81152  -50.289  -4.928  14.020 0.0000000000
42139  -7.363  -39.424  39.135 0.0000000000
42125  -8.078  -39.462  40.717 0.0000000000
55987  -31.506  -26.595  30.849 0.0000000000
56001  -31.224  -26.707  30.204 0.0000000000
58012  -30.585  -25.501  29.075 0.0000000000
66000  -29.203  -16.673  25.524 0.0000000000
63611  -32.930  -20.030  22.731 0.0000000000
63609  -31.339  -18.809  23.094 0.0000000000
63610  -31.959  -19.123  22.791 0.0000000000
64808  -33.812  -19.326  21.318 0.0000000000
64821  -34.139  -18.986  20.829 0.0000000000
64835  -34.823  -18.629  20.175 0.0000000000
64833  -33.907  -17.650  20.522 0.0000000000
67244  -34.074  -16.403  20.558 0.0000000000
66051  -33.221  -17.071  21.002 0.0000000000
67243  -33.622  -16.562  20.918 0.0000000000
68350  -34.172  -15.389  21.106 0.0000000000
46417  -24.473  -35.044  40.520 0.0000000000
45342  -25.130  -36.646  39.993 0.0000000000
47672  -8.961  -33.753  37.931 0.0000000000
48865  -9.763  -32.795  38.407 0.0000000000
44333  -15.774  -37.697  40.927 0.0000000000
39824  -4.227  -41.266  40.017 0.0000000000
39806  -2.602  -41.674  40.329 0.0000000000
80005  -40.054  -4.683  22.563 0.0000000000
81069  -40.625  -3.281  22.470 0.0000000000
82172  -40.816  -2.346  21.792 0.0000000000
82186  -41.457  -1.811  21.373 0.0000000000
58003  -37.884  -24.525  29.786 0.0000000000
47697  -24.534  -34.627  36.056 0.0000000000
46482  -25.108  -35.261  35.353 0.0000000000
46483  -25.722  -36.318  35.527 0.0000000000
48834  -12.977  -31.444  39.968 0.0000000000
48868  -12.462  -32.482  37.963 0.0000000000
47692  -14.128  -34.204  36.993 0.0000000000
46443  -15.111  -36.270  38.526 0.0000000000
47704  -17.207  -33.753  36.394 0.0000000000
47695  -17.066  -34.447  36.515 0.0000000000
46460  -16.845  -36.084  37.387 0.0000000000
45356  -16.000  -36.702  38.861 0.0000000000
45338  -15.690  -36.969  39.980 0.0000000000
52074  -32.279  -30.288  34.037 0.0000000000
52971  -32.434  -30.003  33.480 0.0000000000
52095  -31.930  -29.983  33.235 0.0000000000
53009  -31.370  -29.506  31.866 0.0000000000
54968  -31.303  -27.686  33.941 0.0000000000
57987  -31.118  -24.593  32.153 0.0000000000
49963  -20.896  -32.833  40.791 0.0000000000
49985  -22.909  -32.782  41.288 0.0000000000
48818  -22.899  -33.224  41.201 0.0000000000
48819  -23.260  -33.404  41.286 0.0000000000
48799  -23.835  -32.787  42.644 0.0000000000
48801  -25.111  -32.789  42.497 0.0000000000
47640  -24.238  -33.899  40.519 0.0000000000
48858  -25.166  -32.922  39.277 0.0000000000
48857  -25.114  -33.701  38.772 0.0000000000
52911  -26.324  -30.238  39.979 0.0000000000
52011  -25.786  -30.414  39.539 0.0000000000
52024  -25.611  -30.757  38.722 0.0000000000
52033  -24.827  -30.317  37.645 0.0000000000
50040  -24.809  -32.523  37.461 0.0000000000
48887  -24.535  -33.702  36.841 0.0000000000
48896  -24.359  -33.847  35.846 0.0000000000
48903  -24.510  -33.812  34.977 0.0000000000
48909  -24.623  -33.597  34.155 0.0000000000
50067  -24.269  -32.757  34.031 0.0000000000
48916  -25.114  -33.577  33.520 0.0000000000
48917  -25.671  -33.432  33.175 0.0000000000
50079  -25.974  -32.694  32.945 0.0000000000
53921  -23.722  -28.937  33.193 0.0000000000
53954  -25.220  -29.007  32.575 0.0000000000
53973  -24.778  -29.306  32.456 0.0000000000
52103  -24.881  -30.509  32.394 0.0000000000
52104  -25.640  -30.575  32.645 0.0000000000
51144  -26.287  -31.586  33.167 0.0000000000
51145  -26.833  -31.519  33.767 0.0000000000
52069  -27.355  -31.189  34.097 0.0000000000
52092  -29.220  -30.396  33.545 0.0000000000
51971  -20.609  -29.051  41.933 0.0000000000
51972  -21.335  -29.880  41.967 0.0000000000
51986  -21.078  -29.806  41.337 0.0000000000
70474  -39.122  -13.986  18.621 0.0000000000
70476  -40.071  -13.968  18.744 0.0000000000
71597  -40.931  -12.470  18.794 0.0000000000
78798  -38.128  -6.914  22.255 0.0000000000
77540  -38.137  -6.818  20.627 0.0000000000
77549  -38.492  -6.905  19.715 0.0000000000
77569  -39.860  -6.754  18.473 0.0000000000
77561  -40.778  -7.880  18.556 0.0000000000
82207  -40.527  -3.020  18.645 0.0000000000
81114  -40.267  -4.424  17.772 0.0000000000
77571  -41.480  -7.348  18.281 0.0000000000
76425  -43.568  -8.667  18.761 0.0000000000
82280  -54.161  -3.570  12.996 0.0000000000
82273  -53.492  -3.015  13.593 0.0000000000
83361  -54.344  -2.689  13.310 0.0000000000
42122  -4.914  -39.066  39.850 0.0000000000
42136  -4.877  -40.024  39.405 0.0000000000
40995  -6.525  -39.985  39.455 0.0000000000
39825  -4.859  -41.229  40.171 0.0000000000
52972  -33.137  -29.890  33.810 0.0000000000
53011  -33.535  -28.998  31.936 0.0000000000
53980  -35.597  -28.542  32.217 0.0000000000
54986  -35.362  -27.945  31.543 0.0000000000
55018  -32.661  -27.752  29.902 0.0000000000
55033  -33.061  -27.524  29.594 0.0000000000
55003  -33.967  -27.921  30.656 0.0000000000
55004  -34.895  -27.666  30.991 0.0000000000
55005  -35.538  -27.736  31.375 0.0000000000
55990  -35.870  -27.222  30.931 0.0000000000
57004  -35.782  -25.926  29.869 0.0000000000
57005  -36.763  -25.242  30.039 0.0000000000
58002  -37.268  -24.484  29.743 0.0000000000
61101  -29.176  -21.805  30.551 0.0000000000
61100  -29.171  -22.226  29.936 0.0000000000
60070  -29.219  -22.494  29.859 0.0000000000
60071  -29.252  -22.845  29.584 0.0000000000
61127  -29.230  -21.181  27.444 0.0000000000
59058  -30.307  -23.725  27.251 0.0000000000
58027  -30.775  -24.172  27.066 0.0000000000
59050  -34.354  -23.657  28.034 0.0000000000
59039  -35.809  -23.760  28.025 0.0000000000
59025  -37.266  -23.922  29.225 0.0000000000
62280  -35.955  -22.624  27.069 0.0000000000
62355  -34.226  -21.207  25.052 0.0000000000
62356  -35.278  -21.768  25.165 0.0000000000
62395  -34.352  -20.779  23.757 0.0000000000
62376  -35.170  -21.083  24.492 0.0000000000
64826  -39.601  -18.741  21.494 0.0000000000
66052  -39.074  -18.142  20.455 0.0000000000
66067  -38.525  -17.788  19.967 0.0000000000
67247  -38.664  -17.261  19.739 0.0000000000
67271  -38.100  -16.189  18.698 0.0000000000
68376  -37.738  -15.357  18.702 0.0000000000
67257  -36.185  -16.463  19.135 0.0000000000
67256  -35.348  -16.157  19.545 0.0000000000
69458  -37.800  -14.338  18.713 0.0000000000
72726  -36.123  -11.666  20.478 0.0000000000
73944  -36.548  -9.587  21.223 0.0000000000
75144  -36.770  -9.087  21.831 0.0000000000
48775  -21.408  -33.594  42.031 0.0000000000
46405  -23.993  -35.552  41.559 0.0000000000
46388  -23.982  -35.997  42.290 0.0000000000
46387  -23.536  -36.150  42.695 0.0000000000
45273  -23.594  -36.672  43.150 0.0000000000
45364  -6.663  -36.885  38.707 0.0000000000
44374  -7.580  -37.651  38.077 0.0000000000
46452  -7.771  -35.757  37.835 0.0000000000
46451  -7.279  -35.826  38.501 0.0000000000
43264  -8.539  -38.483  39.477 0.0000000000
46471  -11.508  -34.703  37.282 0.0000000000
47673  -12.126  -34.976  37.630 0.0000000000
46439  -11.298  -36.603  38.739 0.0000000000
45336  -13.624  -36.998  40.071 0.0000000000
46424  -11.597  -36.936  39.347 0.0000000000
45354  -11.306  -36.937  39.344 0.0000000000
39784  -2.380  -41.905  43.455 0.0000000000
38524  -1.484  -43.100  43.328 0.0000000000
38557  -1.346  -43.174  40.789 0.0000000000
38577  -1.530  -42.437  40.291 0.0000000000
40983  -7.216  -39.999  40.560 0.0000000000
42146  -6.268  -39.035  38.599 0.0000000000
44367  -18.071  -37.485  39.406 0.0000000000
45341  -19.017  -36.764  40.264 0.0000000000
46401  -19.450  -35.690  41.318 0.0000000000
46413  -19.299  -35.702  40.687 0.0000000000
46500  -25.279  -34.605  34.302 0.0000000000
46501  -25.646  -34.826  34.167 0.0000000000
47703  -16.675  -33.999  36.078 0.0000000000
47705  -17.417  -33.484  36.714 0.0000000000
47718  -26.134  -34.443  33.498 0.0000000000
47729  -25.955  -33.904  33.242 0.0000000000
48886  -17.507  -32.994  37.027 0.0000000000
48894  -16.752  -33.297  36.164 0.0000000000
48895  -17.232  -33.222  36.496 0.0000000000
48902  -24.340  -33.228  34.638 0.0000000000
48904  -27.406  -34.104  34.201 0.0000000000
48908  -24.426  -33.198  34.304 0.0000000000
50049  -16.175  -32.727  36.274 0.0000000000
50068  -24.727  -33.180  33.703 0.0000000000
50078  -24.970  -32.736  33.180 0.0000000000
51050  -15.882  -30.909  40.175 0.0000000000
51070  -19.391  -30.484  39.396 0.0000000000
51098  -16.621  -31.288  37.402 0.0000000000
51129  -26.827  -32.045  33.826 0.0000000000
51155  -25.159  -31.216  32.529 0.0000000000
51156  -25.655  -31.319  32.784 0.0000000000
51984  -20.066  -29.290  40.422 0.0000000000
52020  -17.354  -30.641  38.143 0.0000000000
52021  -17.825  -30.588  38.370 0.0000000000
52022  -18.232  -30.444  38.611 0.0000000000
52088  -24.006  -30.899  33.151 0.0000000000
52887  -18.963  -28.774  41.143 0.0000000000
52888  -19.510  -28.831  40.926 0.0000000000
52988  -23.635  -29.239  33.280 0.0000000000
52989  -23.745  -29.849  32.938 0.0000000000
53002  -24.400  -29.869  32.303 0.0000000000
53003  -25.183  -29.726  32.422 0.0000000000
53855  -24.179  -27.857  38.446 0.0000000000
53952  -23.772  -29.247  32.940 0.0000000000
53972  -24.610  -29.485  32.404 0.0000000000
53993  -32.889  -28.446  30.664 0.0000000000
54917  -25.450  -26.228  35.930 0.0000000000
54970  -36.315  -28.216  32.678 0.0000000000
55019  -33.599  -27.434  30.087 0.0000000000
55929  -25.596  -25.892  36.801 0.0000000000
55937  -24.365  -26.249  35.582 0.0000000000
55938  -24.657  -26.092  35.808 0.0000000000
57043  -33.146  -25.628  27.526 0.0000000000
58014  -36.147  -24.784  28.306 0.0000000000
58023  -35.807  -24.758  27.939 0.0000000000
58028  -31.372  -24.515  26.971 0.0000000000
59024  -36.846  -24.072  28.813 0.0000000000
59051  -35.327  -23.873  27.954 0.0000000000
60055  -29.234  -22.485  30.140 0.0000000000
61112  -29.209  -22.376  29.690 0.0000000000
61142  -29.423  -21.188  26.782 0.0000000000
62298  -29.492  -21.181  26.448 0.0000000000
62375  -34.434  -20.904  24.259 0.0000000000
63625  -32.249  -18.763  22.257 0.0000000000
63639  -34.060  -19.487  21.271 0.0000000000
66069  -40.003  -17.744  20.675 0.0000000000
67233  -33.803  -16.030  21.055 0.0000000000
67250  -41.373  -16.362  20.435 0.0000000000
67273  -39.274  -15.755  18.784 0.0000000000
68390  -38.341  -15.772  18.616 0.0000000000
69459  -39.929  -14.975  18.807 0.0000000000
69472  -40.025  -14.223  18.754 0.0000000000
70464  -39.353  -13.319  18.757 0.0000000000
70475  -39.764  -13.989  18.696 0.0000000000
75157  -36.521  -9.392  21.555 0.0000000000
76389  -37.245  -8.888  22.108 0.0000000000
76399  -37.321  -8.754  21.563 0.0000000000
76408  -37.458  -8.678  20.848 0.0000000000
76419  -37.628  -8.558  20.328 0.0000000000
78815  -42.970  -7.644  18.164 0.0000000000
78825  -40.081  -6.306  18.244 0.0000000000
80071  -41.842  -5.278  16.920 0.0000000000
80085  -44.071  -4.911  16.206 0.0000000000
80105  -49.903  -5.687  14.339 0.0000000000
80116  -53.193  -5.010  13.072 0.0000000000
81102  -40.028  -3.923  18.349 0.0000000000
81103  -40.571  -3.571  18.070 0.0000000000
81122  -41.461  -4.969  17.070 0.0000000000
81126  -44.746  -3.277  16.279 0.0000000000
81150  -49.285  -5.354  14.497 0.0000000000
82209  -42.440  -2.325  18.900 0.0000000000
82215  -40.911  -3.459  18.097 0.0000000000
