#!ascii label  , from subject 3222 vox2ras=TkReg
801
106491  46.948  17.424  12.652 0.0000000000
103385  48.377  14.839  2.259 0.0000000000
110025  51.959  21.301  -2.592 0.0000000000
97378  47.026  8.354  -4.353 0.0000000000
100565  43.337  11.559  8.842 0.0000000000
107808  55.933  18.764  3.479 0.0000000000
101600  47.563  11.942  -3.635 0.0000000000
107849  44.616  18.771  0.930 0.0000000000
108909  51.657  19.464  6.391 0.0000000000
106561  46.833  17.471  6.850 0.0000000000
99577  45.838  10.243  5.076 0.0000000000
111945  50.244  22.716  -1.010 0.0000000000
106626  47.139  17.512  -3.110 0.0000000000
106611  49.858  18.082  -0.624 0.0000000000
104436  47.647  15.727  -6.945 0.0000000000
111936  44.855  21.860  0.520 0.0000000000
107696  49.859  18.351  10.299 0.0000000000
106534  46.943  17.367  10.158 0.0000000000
100586  44.823  11.144  6.607 0.0000000000
110975  55.090  22.309  -2.188 0.0000000000
112944  53.711  23.290  -0.428 0.0000000000
112968  51.166  22.484  -2.263 0.0000000000
110018  48.096  20.786  -1.955 0.0000000000
110043  48.950  19.866  -4.049 0.0000000000
106577  49.098  17.844  3.887 0.0000000000
108962  50.983  19.263  2.817 0.0000000000
105429  49.172  16.501  1.018 0.0000000000
99734  48.469  10.601  -5.729 0.0000000000
103436  47.771  14.361  -5.628 0.0000000000
100718  46.863  11.818  -6.700 0.0000000000
102509  46.134  13.334  -5.226 0.0000000000
98595  45.959  9.333  -4.210 0.0000000000
96198  45.224  7.695  -1.409 0.0000000000
105338  43.537  16.006  12.688 0.0000000000
104313  44.224  15.324  10.588 0.0000000000
109987  54.615  20.523  0.130 0.0000000000
100648  47.371  11.181  0.662 0.0000000000
103406  47.691  13.406  -0.933 0.0000000000
99679  48.238  10.154  -2.020 0.0000000000
99707  50.152  10.214  -3.860 0.0000000000
107719  54.445  18.423  8.403 0.0000000000
106529  52.516  17.961  9.959 0.0000000000
107759  49.061  18.498  6.900 0.0000000000
105400  47.321  15.751  4.710 0.0000000000
104323  44.600  15.544  7.704 0.0000000000
103364  45.801  14.272  5.392 0.0000000000
101558  47.205  12.488  3.738 0.0000000000
97284  47.660  8.775  3.237 0.0000000000
106478  42.009  17.406  13.658 0.0000000000
112928  52.223  22.769  1.503 0.0000000000
111917  48.383  22.438  1.074 0.0000000000
110956  47.061  21.053  -0.481 0.0000000000
106614  46.010  18.221  -0.389 0.0000000000
103399  45.161  14.529  -0.157 0.0000000000
107775  53.757  18.912  5.361 0.0000000000
108976  52.880  20.161  1.306 0.0000000000
109011  50.971  19.355  -2.178 0.0000000000
104399  48.587  15.722  -2.515 0.0000000000
105471  49.160  17.379  -4.339 0.0000000000
107879  49.480  18.735  -4.864 0.0000000000
105459  47.335  17.153  -5.033 0.0000000000
103422  45.513  13.964  -2.616 0.0000000000
111921  44.009  22.288  1.072 0.0000000000
111900  46.302  22.514  2.019 0.0000000000
106503  48.743  17.606  11.745 0.0000000000
106505  47.056  17.169  11.972 0.0000000000
110966  53.488  21.979  -2.108 0.0000000000
111967  53.430  22.727  -2.324 0.0000000000
111969  51.696  22.271  -2.540 0.0000000000
110990  49.885  21.061  -3.025 0.0000000000
110989  50.655  20.982  -2.916 0.0000000000
105416  48.707  15.955  2.498 0.0000000000
106593  49.300  17.020  2.385 0.0000000000
104370  48.632  15.452  1.955 0.0000000000
97405  48.089  9.482  -5.386 0.0000000000
99746  47.552  11.245  -6.541 0.0000000000
98619  47.146  9.919  -5.389 0.0000000000
99725  46.330  10.423  -4.990 0.0000000000
97379  46.474  8.523  -4.177 0.0000000000
96208  45.767  7.503  -2.998 0.0000000000
95070  46.460  7.305  -3.185 0.0000000000
103329  42.695  14.548  11.999 0.0000000000
109986  55.607  20.521  0.201 0.0000000000
108974  54.765  19.882  1.267 0.0000000000
99654  47.664  10.104  0.490 0.0000000000
100654  47.394  10.888  -0.410 0.0000000000
99667  48.153  9.943  -0.651 0.0000000000
99690  50.812  10.372  -2.795 0.0000000000
99706  51.168  10.195  -3.209 0.0000000000
98604  49.910  9.951  -4.591 0.0000000000
107726  48.272  18.304  9.237 0.0000000000
107739  49.034  18.599  7.961 0.0000000000
107760  48.213  18.382  7.168 0.0000000000
106571  47.809  17.431  5.486 0.0000000000
105380  47.232  16.947  5.946 0.0000000000
103340  43.624  14.189  9.447 0.0000000000
104317  44.492  15.414  9.670 0.0000000000
102419  43.755  13.918  8.440 0.0000000000
99578  45.467  10.648  5.622 0.0000000000
101545  44.700  12.592  5.885 0.0000000000
100618  45.500  11.594  5.015 0.0000000000
102443  46.842  13.249  4.507 0.0000000000
100628  46.796  11.590  3.653 0.0000000000
99626  46.878  10.954  2.895 0.0000000000
98483  47.042  9.544  3.978 0.0000000000
96130  50.178  7.909  4.351 0.0000000000
112946  52.007  23.363  -0.821 0.0000000000
112935  53.019  22.924  0.309 0.0000000000
112937  51.305  23.006  0.053 0.0000000000
111915  50.586  22.708  1.191 0.0000000000
111932  49.312  22.608  -0.006 0.0000000000
111934  47.212  21.876  0.214 0.0000000000
111947  48.262  21.833  -0.992 0.0000000000
109018  47.467  19.405  -2.500 0.0000000000
109013  46.924  19.502  -1.252 0.0000000000
107861  46.794  18.494  -1.457 0.0000000000
105431  46.190  16.463  -0.082 0.0000000000
105436  46.456  16.531  -1.093 0.0000000000
107735  52.569  19.042  7.346 0.0000000000
107755  53.830  18.741  6.527 0.0000000000
108921  52.733  19.320  5.451 0.0000000000
107846  50.331  18.716  0.887 0.0000000000
108961  51.803  19.638  2.589 0.0000000000
108994  51.068  19.549  0.323 0.0000000000
109003  51.560  20.019  -0.677 0.0000000000
107860  50.523  18.680  -1.649 0.0000000000
102492  47.354  12.860  -2.699 0.0000000000
103411  47.875  14.760  -2.069 0.0000000000
103420  47.627  13.938  -3.086 0.0000000000
103446  47.644  14.626  -6.520 0.0000000000
104414  48.403  16.070  -5.055 0.0000000000
104424  48.357  16.270  -6.120 0.0000000000
106640  49.246  17.952  -4.816 0.0000000000
106651  48.341  17.601  -5.671 0.0000000000
107891  48.290  18.288  -5.396 0.0000000000
105474  47.091  16.132  -5.970 0.0000000000
100684  45.139  11.650  -3.096 0.0000000000
103430  45.684  13.946  -3.516 0.0000000000
101592  44.520  12.347  -2.356 0.0000000000
102487  44.514  13.003  -1.570 0.0000000000
107773  55.978  18.634  5.518 0.0000000000
111938  43.607  21.494  0.735 0.0000000000
110959  44.689  20.832  0.151 0.0000000000
106500  51.564  17.399  11.506 0.0000000000
106502  49.708  17.734  11.705 0.0000000000
106533  47.794  17.981  9.840 0.0000000000
106542  46.569  17.480  9.010 0.0000000000
100571  43.761  11.491  7.954 0.0000000000
113921  54.800  23.369  -1.453 0.0000000000
112955  52.815  23.437  -1.514 0.0000000000
112957  51.146  22.880  -1.771 0.0000000000
111958  49.003  22.423  -2.120 0.0000000000
111971  49.689  21.917  -2.681 0.0000000000
110027  49.178  20.788  -2.910 0.0000000000
109026  48.051  19.365  -3.813 0.0000000000
107795  49.782  18.578  4.577 0.0000000000
108934  51.034  19.328  4.760 0.0000000000
107812  49.691  18.253  3.503 0.0000000000
107840  49.714  18.021  1.335 0.0000000000
106605  49.398  17.330  0.632 0.0000000000
101611  48.321  11.625  -5.544 0.0000000000
102507  47.730  13.293  -5.332 0.0000000000
101634  48.089  12.046  -6.480 0.0000000000
101635  47.500  12.609  -6.724 0.0000000000
102527  46.933  13.619  -6.864 0.0000000000
103447  46.638  14.489  -6.104 0.0000000000
101624  46.267  12.607  -5.741 0.0000000000
100697  45.675  11.420  -4.579 0.0000000000
99693  45.357  10.066  -3.013 0.0000000000
95051  45.632  6.252  -1.716 0.0000000000
105319  45.476  16.795  12.678 0.0000000000
105345  45.538  16.520  11.540 0.0000000000
104303  44.337  15.873  12.160 0.0000000000
103337  43.010  14.155  10.708 0.0000000000
100559  42.457  12.106  10.199 0.0000000000
109999  55.774  21.260  -0.544 0.0000000000
110000  54.894  21.011  -0.674 0.0000000000
110015  53.311  21.426  -1.493 0.0000000000
101568  47.533  12.636  1.825 0.0000000000
102471  48.000  14.142  1.249 0.0000000000
101574  47.455  12.299  0.830 0.0000000000
101585  47.302  11.612  -1.153 0.0000000000
100669  47.823  10.885  -3.003 0.0000000000
99678  49.247  10.045  -2.102 0.0000000000
99692  48.698  10.359  -3.064 0.0000000000
100682  48.087  11.070  -4.368 0.0000000000
99723  48.871  10.490  -5.182 0.0000000000
98605  49.302  9.671  -4.833 0.0000000000
96220  48.097  8.248  -3.774 0.0000000000
96207  47.675  7.478  -3.039 0.0000000000
107706  53.338  18.295  9.143 0.0000000000
107736  51.792  19.168  7.721 0.0000000000
107709  50.807  18.394  9.705 0.0000000000
107723  50.799  18.784  8.618 0.0000000000
107757  50.433  19.087  6.249 0.0000000000
107796  49.050  18.157  4.827 0.0000000000
105398  48.227  16.585  4.007 0.0000000000
104356  48.038  15.109  3.605 0.0000000000
105351  45.615  16.460  10.741 0.0000000000
105362  45.409  16.562  8.726 0.0000000000
105369  45.391  16.542  7.583 0.0000000000
102429  44.213  13.455  6.957 0.0000000000
104343  44.841  14.736  6.265 0.0000000000
105392  46.160  15.824  5.987 0.0000000000
104349  47.007  15.117  4.983 0.0000000000
103371  47.684  14.292  4.055 0.0000000000
102457  47.712  13.617  2.935 0.0000000000
100636  47.261  11.824  2.758 0.0000000000
99642  47.421  10.330  1.504 0.0000000000
97317  48.389  8.595  1.927 0.0000000000
97267  48.111  8.148  4.206 0.0000000000
97282  49.462  8.036  3.303 0.0000000000
106475  44.899  17.303  13.386 0.0000000000
106477  42.888  17.349  13.510 0.0000000000
104299  40.048  16.137  13.875 0.0000000000
112919  53.694  22.407  1.834 0.0000000000
111895  51.431  22.501  2.630 0.0000000000
111918  47.280  22.307  1.076 0.0000000000
111935  46.044  21.685  0.254 0.0000000000
110007  45.133  20.436  -0.049 0.0000000000
110969  47.637  20.894  -1.151 0.0000000000
109005  46.020  19.410  -0.608 0.0000000000
107848  45.305  18.747  0.412 0.0000000000
107793  54.256  18.877  4.130 0.0000000000
108946  51.818  19.417  3.592 0.0000000000
108944  53.582  19.443  3.241 0.0000000000
108958  54.499  19.517  2.198 0.0000000000
109974  53.298  20.320  0.603 0.0000000000
110003  52.344  20.632  -1.186 0.0000000000
110017  51.760  20.521  -1.925 0.0000000000
104384  48.796  15.095  -0.054 0.0000000000
104390  49.081  15.879  -0.581 0.0000000000
105441  49.324  16.668  -1.110 0.0000000000
103428  47.761  14.138  -4.423 0.0000000000
105448  48.836  16.435  -3.251 0.0000000000
106624  49.732  17.575  -2.769 0.0000000000
106631  50.134  18.237  -3.080 0.0000000000
109017  50.792  19.432  -3.094 0.0000000000
109024  50.443  19.602  -3.801 0.0000000000
110041  49.722  19.602  -4.513 0.0000000000
109033  47.971  18.911  -4.776 0.0000000000
106634  47.173  16.935  -3.861 0.0000000000
103437  46.379  14.373  -5.114 0.0000000000
104400  46.546  15.384  -3.697 0.0000000000
104392  46.471  15.370  -2.398 0.0000000000
103414  45.587  14.350  -1.678 0.0000000000
96186  44.970  7.631  -0.612 0.0000000000
111901  45.215  22.502  1.951 0.0000000000
106472  47.714  17.731  13.300 0.0000000000
106490  47.801  17.565  12.629 0.0000000000
110978  52.419  21.898  -2.476 0.0000000000
110979  51.376  21.396  -2.615 0.0000000000
110988  51.041  20.827  -2.823 0.0000000000
104362  48.400  15.267  2.881 0.0000000000
97406  47.685  9.231  -5.332 0.0000000000
98618  47.455  9.673  -5.470 0.0000000000
98606  47.089  9.203  -5.396 0.0000000000
98607  46.769  9.319  -5.119 0.0000000000
97392  46.831  8.734  -4.777 0.0000000000
96222  46.679  7.911  -3.641 0.0000000000
107807  56.840  18.887  3.768 0.0000000000
107823  56.580  19.078  2.586 0.0000000000
108956  55.987  19.578  2.065 0.0000000000
108957  55.267  19.595  2.024 0.0000000000
98544  48.331  9.417  0.460 0.0000000000
98558  48.658  9.389  -0.078 0.0000000000
98592  51.358  9.928  -3.330 0.0000000000
97374  50.703  9.631  -3.417 0.0000000000
106547  47.392  18.138  7.512 0.0000000000
107740  48.201  18.400  8.246 0.0000000000
106560  47.473  17.980  6.402 0.0000000000
101524  42.858  12.530  9.182 0.0000000000
102420  43.382  13.433  8.783 0.0000000000
101527  43.269  12.496  8.547 0.0000000000
99593  45.798  10.910  4.842 0.0000000000
100617  46.146  11.577  4.397 0.0000000000
99592  46.229  10.574  4.320 0.0000000000
99609  46.666  10.527  3.432 0.0000000000
98484  46.587  9.790  4.153 0.0000000000
112947  51.177  23.111  -0.931 0.0000000000
111931  50.368  22.804  0.043 0.0000000000
111946  49.172  22.501  -1.101 0.0000000000
107866  47.192  18.426  -2.324 0.0000000000
109019  47.102  18.986  -1.888 0.0000000000
106619  46.804  17.542  -1.808 0.0000000000
105442  46.629  16.554  -2.243 0.0000000000
108898  52.080  19.396  6.824 0.0000000000
107756  53.053  19.006  6.515 0.0000000000
108908  52.323  19.390  6.366 0.0000000000
107847  49.709  18.120  0.271 0.0000000000
107854  50.262  18.588  -0.426 0.0000000000
106617  50.030  18.038  -1.187 0.0000000000
102499  47.675  13.052  -4.065 0.0000000000
103457  47.501  15.029  -7.027 0.0000000000
103445  48.019  15.426  -6.721 0.0000000000
104435  48.054  16.067  -6.871 0.0000000000
105487  48.517  17.082  -5.859 0.0000000000
105502  47.748  16.389  -6.673 0.0000000000
106663  47.748  16.911  -6.391 0.0000000000
105489  47.302  16.008  -6.597 0.0000000000
101602  45.167  12.268  -3.132 0.0000000000
100670  44.805  11.609  -2.719 0.0000000000
100662  44.285  11.557  -1.921 0.0000000000
111920  45.047  22.242  1.096 0.0000000000
111937  44.043  21.704  0.681 0.0000000000
110947  43.990  21.130  0.396 0.0000000000
110946  44.727  21.354  0.300 0.0000000000
106487  50.543  17.497  12.514 0.0000000000
106488  49.620  17.572  12.588 0.0000000000
106519  47.816  17.691  10.943 0.0000000000
110963  55.414  22.050  -1.460 0.0000000000
111953  55.347  22.975  -0.968 0.0000000000
112963  54.915  23.284  -1.957 0.0000000000
112967  51.800  23.085  -2.474 0.0000000000
112966  52.705  23.256  -2.223 0.0000000000
112956  51.891  23.485  -1.755 0.0000000000
111957  50.156  22.408  -1.996 0.0000000000
110036  49.436  20.300  -3.688 0.0000000000
110037  48.704  20.118  -3.514 0.0000000000
110038  48.049  19.993  -3.018 0.0000000000
107811  50.376  18.877  4.095 0.0000000000
105422  49.029  16.337  1.963 0.0000000000
106599  49.446  17.138  1.641 0.0000000000
105435  49.201  16.626  -0.016 0.0000000000
100694  48.445  11.148  -5.634 0.0000000000
101621  48.403  11.883  -5.943 0.0000000000
100705  48.300  11.409  -6.263 0.0000000000
99747  47.189  11.466  -6.611 0.0000000000
100717  47.282  11.918  -6.921 0.0000000000
102526  47.149  13.824  -6.737 0.0000000000
101636  46.863  12.799  -7.198 0.0000000000
101623  46.564  12.451  -6.519 0.0000000000
100696  46.253  11.309  -5.245 0.0000000000
99710  45.520  10.469  -3.667 0.0000000000
98580  45.474  9.333  -3.102 0.0000000000
97350  45.466  8.408  -2.673 0.0000000000
95060  45.827  6.674  -2.603 0.0000000000
105320  44.938  16.649  12.947 0.0000000000
105336  44.881  16.311  12.294 0.0000000000
105337  44.251  16.116  12.563 0.0000000000
103333  42.836  14.197  11.261 0.0000000000
102414  42.565  13.487  10.683 0.0000000000
102417  42.505  13.082  10.170 0.0000000000
101522  42.379  12.607  10.444 0.0000000000
110001  54.007  20.763  -0.866 0.0000000000
102472  47.742  13.325  1.054 0.0000000000
100661  47.547  10.808  -1.600 0.0000000000
101591  47.264  11.763  -2.267 0.0000000000
98569  49.886  9.884  -1.418 0.0000000000
99677  50.291  10.392  -2.096 0.0000000000
99691  49.733  10.258  -3.065 0.0000000000
99709  48.378  10.658  -3.713 0.0000000000
99708  49.008  10.437  -4.218 0.0000000000
100681  48.505  10.794  -5.026 0.0000000000
99722  49.470  10.193  -4.781 0.0000000000
98594  49.778  9.589  -4.267 0.0000000000
97376  48.843  9.014  -4.022 0.0000000000
97389  48.630  9.466  -5.106 0.0000000000
106528  53.315  17.954  9.816 0.0000000000
107707  52.518  18.424  9.231 0.0000000000
107721  52.550  18.727  8.394 0.0000000000
107722  51.696  18.893  8.522 0.0000000000
106516  50.776  18.025  10.656 0.0000000000
107695  50.332  18.379  10.078 0.0000000000
107724  49.894  18.656  8.773 0.0000000000
107738  49.890  18.828  7.729 0.0000000000
107737  50.835  19.143  7.462 0.0000000000
107758  49.829  18.780  6.626 0.0000000000
107778  49.735  18.652  5.579 0.0000000000
107779  49.078  18.328  5.856 0.0000000000
105390  47.498  16.517  4.993 0.0000000000
106579  48.067  16.917  4.606 0.0000000000
105399  47.776  16.029  4.022 0.0000000000
105409  48.074  15.734  3.514 0.0000000000
104312  44.956  16.069  11.038 0.0000000000
104316  45.001  15.935  10.226 0.0000000000
104320  44.602  15.603  8.746 0.0000000000
104319  44.997  16.019  9.445 0.0000000000
105363  44.792  16.073  8.262 0.0000000000
104322  45.005  16.066  7.541 0.0000000000
100587  44.372  11.577  6.886 0.0000000000
101529  43.830  12.511  7.288 0.0000000000
101536  44.344  12.603  6.563 0.0000000000
102436  45.137  13.418  5.511 0.0000000000
102437  44.623  13.438  6.198 0.0000000000
103365  44.934  14.277  5.868 0.0000000000
104342  45.400  15.212  6.107 0.0000000000
104341  46.265  15.181  5.441 0.0000000000
103363  46.563  14.536  5.094 0.0000000000
102451  47.180  12.820  4.140 0.0000000000
102442  47.386  13.765  4.310 0.0000000000
102450  47.567  13.365  3.832 0.0000000000
103379  47.878  14.272  3.373 0.0000000000
101557  47.414  12.757  3.183 0.0000000000
101563  47.537  12.953  2.545 0.0000000000
98497  47.066  9.756  3.227 0.0000000000
99625  47.114  10.622  2.443 0.0000000000
98512  47.448  9.503  2.347 0.0000000000
98530  47.953  9.141  1.399 0.0000000000
97300  48.036  8.651  2.421 0.0000000000
97252  48.804  8.139  5.247 0.0000000000
97298  49.781  8.366  2.437 0.0000000000
107681  44.854  18.124  13.726 0.0000000000
106461  42.778  17.963  14.192 0.0000000000
105323  42.167  16.570  13.243 0.0000000000
105324  41.219  16.573  13.561 0.0000000000
112927  53.320  22.769  1.215 0.0000000000
112920  52.989  22.558  2.372 0.0000000000
112921  52.215  22.560  2.927 0.0000000000
111914  51.257  22.658  1.696 0.0000000000
111916  49.465  22.592  1.112 0.0000000000
111898  48.515  22.544  2.175 0.0000000000
111948  47.185  21.432  -0.273 0.0000000000
111949  46.565  21.315  -0.214 0.0000000000
110958  45.349  20.962  -0.079 0.0000000000
110957  46.128  21.149  -0.365 0.0000000000
111959  48.596  21.914  -2.079 0.0000000000
110968  48.267  21.358  -1.592 0.0000000000
107856  46.268  18.707  -0.804 0.0000000000
110020  46.908  20.149  -0.847 0.0000000000
107857  45.764  18.754  -0.206 0.0000000000
106607  45.742  17.651  0.260 0.0000000000
104378  45.674  15.309  -0.184 0.0000000000
107718  55.382  18.390  8.477 0.0000000000
107754  54.731  18.672  6.470 0.0000000000
107774  54.952  18.681  5.382 0.0000000000
108947  51.026  19.250  3.813 0.0000000000
108933  51.822  19.452  4.581 0.0000000000
108977  51.846  19.963  1.485 0.0000000000
108960  52.729  19.816  2.401 0.0000000000
108943  54.150  19.346  2.844 0.0000000000
108959  53.605  19.645  2.204 0.0000000000
108975  53.849  19.881  1.245 0.0000000000
109990  52.108  20.404  -0.611 0.0000000000
110004  51.827  20.352  -1.246 0.0000000000
109016  51.218  20.024  -2.513 0.0000000000
102479  48.039  13.861  0.453 0.0000000000
103398  48.412  14.516  0.620 0.0000000000
103405  48.096  14.223  -0.617 0.0000000000
104391  48.590  15.289  -1.217 0.0000000000
104398  49.078  15.987  -1.554 0.0000000000
105458  48.759  16.693  -4.194 0.0000000000
104406  48.280  15.920  -3.849 0.0000000000
105447  49.281  16.665  -2.332 0.0000000000
105457  49.247  17.135  -3.455 0.0000000000
106632  49.674  17.987  -3.845 0.0000000000
106650  48.965  18.029  -5.134 0.0000000000
107871  49.771  18.575  -4.409 0.0000000000
107878  50.080  19.047  -4.410 0.0000000000
109030  50.003  19.324  -4.543 0.0000000000
109031  49.297  19.222  -4.905 0.0000000000
106642  47.599  17.649  -5.257 0.0000000000
107892  47.939  18.250  -5.368 0.0000000000
107880  47.739  18.292  -4.921 0.0000000000
106633  47.382  17.579  -4.371 0.0000000000
102508  46.513  13.881  -5.716 0.0000000000
102493  45.433  13.504  -3.140 0.0000000000
103429  46.217  14.532  -4.061 0.0000000000
103421  46.169  14.542  -3.078 0.0000000000
103413  46.071  14.507  -2.281 0.0000000000
104393  46.211  14.765  -1.826 0.0000000000
102488  44.073  12.565  -1.327 0.0000000000
102482  43.921  12.809  -0.851 0.0000000000
111902  44.163  22.806  1.828 0.0000000000
106489  48.682  17.539  12.618 0.0000000000
106504  47.841  17.483  11.859 0.0000000000
106520  47.026  17.262  11.130 0.0000000000
111955  54.467  22.274  -2.217 0.0000000000
111966  54.442  22.712  -2.250 0.0000000000
110977  52.967  22.365  -2.479 0.0000000000
111968  52.514  22.683  -2.596 0.0000000000
111970  50.709  21.718  -2.505 0.0000000000
111977  50.369  21.319  -2.767 0.0000000000
105407  48.922  16.758  3.194 0.0000000000
106586  49.214  17.326  3.088 0.0000000000
105415  48.975  16.575  2.753 0.0000000000
104376  48.908  15.861  1.384 0.0000000000
98617  48.233  9.963  -5.602 0.0000000000
99745  48.089  11.052  -6.463 0.0000000000
99735  47.836  10.546  -6.020 0.0000000000
99736  47.057  10.763  -5.929 0.0000000000
99724  46.596  11.056  -5.507 0.0000000000
99737  46.948  10.079  -5.268 0.0000000000
97361  45.872  8.406  -3.492 0.0000000000
96223  46.184  7.719  -3.465 0.0000000000
95059  46.408  6.668  -2.749 0.0000000000
104305  42.587  15.446  12.624 0.0000000000
108988  57.009  19.808  0.813 0.0000000000
108972  56.549  19.469  1.533 0.0000000000
109971  55.703  20.097  0.721 0.0000000000
108990  54.688  20.203  0.717 0.0000000000
98593  50.434  9.874  -3.760 0.0000000000
97375  50.092  9.369  -3.646 0.0000000000
106514  52.508  17.665  10.720 0.0000000000
107711  48.975  18.367  9.913 0.0000000000
107710  49.818  18.496  9.625 0.0000000000
107725  49.024  18.492  8.961 0.0000000000
107780  48.276  18.234  6.087 0.0000000000
103335  44.021  14.802  9.842 0.0000000000
103339  44.158  14.764  9.147 0.0000000000
103343  43.824  14.168  8.825 0.0000000000
103342  44.125  14.567  8.296 0.0000000000
99561  45.277  10.650  6.608 0.0000000000
100603  44.501  12.062  6.277 0.0000000000
100602  44.825  11.537  5.915 0.0000000000
101544  45.227  12.496  5.193 0.0000000000
102444  45.859  13.327  4.929 0.0000000000
103373  46.486  13.899  4.965 0.0000000000
101552  45.968  12.459  4.577 0.0000000000
101551  46.717  12.350  4.188 0.0000000000
100637  46.870  11.234  3.151 0.0000000000
97251  49.864  8.102  5.425 0.0000000000
97264  51.696  8.568  4.827 0.0000000000
112945  52.877  23.212  -0.670 0.0000000000
112934  53.852  23.141  0.419 0.0000000000
112936  52.129  23.068  0.174 0.0000000000
112929  51.499  22.848  0.886 0.0000000000
111933  48.302  22.189  0.033 0.0000000000
110955  47.719  21.314  -0.893 0.0000000000
110029  47.734  20.238  -2.326 0.0000000000
109012  47.399  19.877  -1.898 0.0000000000
106613  46.366  17.697  -0.737 0.0000000000
106606  46.245  17.233  -0.216 0.0000000000
105430  46.362  16.996  -0.513 0.0000000000
105437  46.201  15.857  -0.603 0.0000000000
107720  53.477  18.557  8.362 0.0000000000
107733  54.593  18.523  7.476 0.0000000000
107734  53.647  18.692  7.439 0.0000000000
107776  53.329  18.976  5.959 0.0000000000
108920  53.117  19.298  4.857 0.0000000000
107839  50.300  18.683  2.057 0.0000000000
108978  50.976  19.383  1.708 0.0000000000
108993  52.076  20.286  0.329 0.0000000000
109004  50.939  19.388  -1.070 0.0000000000
103412  47.494  13.699  -1.754 0.0000000000
103435  48.134  15.313  -5.921 0.0000000000
105472  48.733  17.035  -5.165 0.0000000000
106641  48.715  17.588  -5.359 0.0000000000
107890  48.807  18.528  -5.207 0.0000000000
106652  47.795  17.522  -5.954 0.0000000000
105473  47.312  16.970  -5.621 0.0000000000
101601  45.458  12.128  -3.980 0.0000000000
103438  45.863  13.878  -4.370 0.0000000000
102500  45.483  13.048  -3.788 0.0000000000
102501  45.259  12.796  -3.181 0.0000000000
102494  45.091  13.078  -2.701 0.0000000000
103423  45.053  13.677  -1.951 0.0000000000
101586  44.145  12.344  -1.708 0.0000000000
107791  56.359  18.613  4.575 0.0000000000
109991  44.256  20.392  0.326 0.0000000000
108996  44.515  19.629  0.481 0.0000000000
106501  50.665  17.655  11.636 0.0000000000
106517  49.868  18.089  10.947 0.0000000000
106518  48.810  18.073  10.744 0.0000000000
106532  48.454  18.209  10.084 0.0000000000
107712  48.351  18.242  9.777 0.0000000000
106541  47.425  18.091  8.633 0.0000000000
106548  46.590  17.743  7.889 0.0000000000
100572  43.411  11.989  8.313 0.0000000000
99529  44.268  10.563  8.596 0.0000000000
99546  44.634  10.750  7.741 0.0000000000
99562  44.895  10.835  7.073 0.0000000000
98454  45.732  10.027  6.446 0.0000000000
98470  45.859  9.885  5.735 0.0000000000
98469  46.401  9.593  5.212 0.0000000000
98468  47.075  9.133  4.781 0.0000000000
112942  55.004  22.875  -0.480 0.0000000000
112953  54.318  23.344  -0.993 0.0000000000
112965  53.780  23.330  -1.931 0.0000000000
113923  53.973  23.475  -1.752 0.0000000000
112954  53.693  23.438  -1.323 0.0000000000
111972  48.903  22.074  -2.706 0.0000000000
110982  48.698  21.382  -2.461 0.0000000000
110981  49.250  21.579  -2.857 0.0000000000
110028  48.414  20.593  -2.738 0.0000000000
107865  47.438  18.580  -3.299 0.0000000000
108923  50.933  19.336  5.707 0.0000000000
108922  51.747  19.506  5.546 0.0000000000
107794  50.456  19.060  4.894 0.0000000000
107826  50.334  18.704  3.115 0.0000000000
107827  49.668  17.894  2.442 0.0000000000
106612  49.546  17.560  -0.514 0.0000000000
101612  47.971  12.095  -5.089 0.0000000000
101622  47.932  12.587  -6.073 0.0000000000
100716  47.827  11.703  -6.699 0.0000000000
102515  47.570  13.546  -6.279 0.0000000000
103458  46.925  14.473  -6.884 0.0000000000
104437  47.280  15.429  -6.962 0.0000000000
102516  46.592  13.412  -6.318 0.0000000000
102517  46.350  13.114  -5.794 0.0000000000
100707  45.962  11.869  -5.333 0.0000000000
101613  45.733  12.406  -4.815 0.0000000000
100683  45.351  11.518  -3.587 0.0000000000
99711  45.174  11.181  -3.107 0.0000000000
98581  45.275  9.847  -2.699 0.0000000000
97351  45.286  8.250  -1.905 0.0000000000
96197  45.465  7.312  -2.133 0.0000000000
96185  45.257  6.857  -1.209 0.0000000000
106492  46.091  17.251  12.632 0.0000000000
105334  46.232  17.035  12.047 0.0000000000
105335  45.577  16.664  12.198 0.0000000000
105346  45.098  16.297  11.843 0.0000000000
104309  44.498  15.807  11.608 0.0000000000
104304  43.598  15.487  12.039 0.0000000000
104310  43.726  15.190  11.231 0.0000000000
104314  43.675  14.898  10.767 0.0000000000
103336  43.479  14.421  10.311 0.0000000000
102416  42.848  13.540  9.781 0.0000000000
110954  56.170  21.742  -0.198 0.0000000000
110012  55.331  21.649  -1.369 0.0000000000
109985  56.610  20.445  0.294 0.0000000000
110013  55.050  21.440  -1.429 0.0000000000
110014  54.224  21.451  -1.418 0.0000000000
110967  52.884  21.659  -2.044 0.0000000000
110016  52.373  21.186  -1.948 0.0000000000
102465  47.790  13.779  2.018 0.0000000000
102464  48.063  14.299  1.747 0.0000000000
102480  47.792  13.061  -0.104 0.0000000000
101579  47.283  11.963  -0.226 0.0000000000
102486  47.311  12.649  -1.290 0.0000000000
98557  49.272  9.442  -0.626 0.0000000000
99666  48.779  9.822  -1.373 0.0000000000
99733  49.034  10.200  -5.204 0.0000000000
98615  49.402  10.006  -5.048 0.0000000000
98616  48.867  9.929  -5.359 0.0000000000
97404  48.482  9.697  -5.416 0.0000000000
97390  48.044  9.031  -5.014 0.0000000000
97377  47.764  8.498  -4.394 0.0000000000
96221  47.420  7.861  -3.551 0.0000000000
96206  48.421  7.814  -2.910 0.0000000000
107705  54.358  18.224  9.419 0.0000000000
108899  51.762  19.353  7.075 0.0000000000
106515  51.710  17.666  10.755 0.0000000000
106530  51.751  18.002  10.125 0.0000000000
107708  51.687  18.470  9.396 0.0000000000
108910  51.152  19.313  6.707 0.0000000000
107777  50.257  18.963  5.394 0.0000000000
106570  48.482  17.725  5.157 0.0000000000
106578  48.636  17.191  4.195 0.0000000000
105408  48.441  16.271  3.344 0.0000000000
104355  48.219  15.577  3.311 0.0000000000
104363  48.157  14.756  3.160 0.0000000000
105344  46.281  16.913  11.318 0.0000000000
105350  46.325  16.822  10.451 0.0000000000
105356  45.609  16.431  9.849 0.0000000000
105355  46.205  16.883  9.517 0.0000000000
106543  45.941  17.122  8.738 0.0000000000
106549  45.806  17.313  8.190 0.0000000000
105368  46.071  17.069  7.211 0.0000000000
101530  43.483  12.492  8.006 0.0000000000
102422  43.700  13.508  7.877 0.0000000000
103345  44.316  14.402  7.350 0.0000000000
103355  44.595  14.238  6.554 0.0000000000
104334  44.716  15.050  6.772 0.0000000000
104333  45.160  15.774  7.056 0.0000000000
105382  45.800  16.161  6.714 0.0000000000
105381  46.493  16.579  6.343 0.0000000000
105391  46.780  16.034  5.390 0.0000000000
103372  47.134  14.257  4.646 0.0000000000
104348  47.572  15.073  4.365 0.0000000000
103386  48.072  14.433  2.681 0.0000000000
100642  47.411  11.493  1.687 0.0000000000
98529  48.523  8.932  0.938 0.0000000000
97268  47.402  8.920  4.072 0.0000000000
97266  49.334  7.889  4.280 0.0000000000
97283  48.510  8.196  3.300 0.0000000000
97299  48.810  8.297  2.456 0.0000000000
97316  48.949  8.514  1.458 0.0000000000
106473  46.776  17.657  13.350 0.0000000000
106474  45.733  17.359  13.122 0.0000000000
105321  44.107  16.655  13.018 0.0000000000
107682  44.129  18.261  13.947 0.0000000000
106476  43.916  17.475  13.443 0.0000000000
105322  43.063  16.525  13.001 0.0000000000
104296  42.352  15.994  13.021 0.0000000000
105307  40.724  17.072  13.895 0.0000000000
105325  40.501  16.414  13.840 0.0000000000
104298  40.423  15.552  13.708 0.0000000000
111896  50.543  22.543  2.449 0.0000000000
111899  47.409  22.561  2.095 0.0000000000
111919  46.156  22.226  1.075 0.0000000000
110945  45.410  21.432  0.105 0.0000000000
110008  44.707  20.482  0.126 0.0000000000
109007  44.774  20.140  0.157 0.0000000000
110019  47.436  20.291  -1.430 0.0000000000
110005  46.926  20.614  -0.663 0.0000000000
110006  46.008  20.301  -0.589 0.0000000000
109006  45.290  19.614  -0.020 0.0000000000
108995  44.978  19.243  0.508 0.0000000000
106608  45.165  18.198  0.741 0.0000000000
105424  45.743  16.431  0.663 0.0000000000
107792  55.357  18.477  4.336 0.0000000000
107809  54.871  19.028  3.182 0.0000000000
108932  52.594  19.468  4.361 0.0000000000
108945  52.652  19.587  3.416 0.0000000000
108931  53.356  19.353  4.241 0.0000000000
107810  54.214  19.165  3.356 0.0000000000
107825  55.058  19.366  2.542 0.0000000000
109988  53.684  20.435  -0.021 0.0000000000
108992  52.744  20.399  0.535 0.0000000000
109989  52.750  20.574  -0.172 0.0000000000
110002  53.059  20.939  -0.907 0.0000000000
110026  51.409  20.736  -2.647 0.0000000000
103392  48.386  14.689  1.581 0.0000000000
104377  48.743  15.222  1.007 0.0000000000
104383  49.030  15.837  0.464 0.0000000000
103419  48.052  14.942  -3.452 0.0000000000
103427  48.078  15.129  -4.764 0.0000000000
106618  49.730  17.388  -1.680 0.0000000000
106623  50.225  18.043  -2.192 0.0000000000
107864  50.558  18.746  -2.706 0.0000000000
107870  50.323  18.793  -3.730 0.0000000000
109023  50.861  20.048  -3.085 0.0000000000
110034  50.722  20.357  -3.193 0.0000000000
110035  50.102  20.168  -3.904 0.0000000000
110042  49.407  19.799  -4.420 0.0000000000
109039  48.670  18.916  -5.236 0.0000000000
109032  48.679  19.354  -4.673 0.0000000000
107872  47.602  18.514  -4.197 0.0000000000
106625  47.383  18.072  -3.747 0.0000000000
104425  46.805  15.373  -6.547 0.0000000000
104415  46.637  15.359  -5.583 0.0000000000
104407  46.527  15.207  -4.644 0.0000000000
105460  47.050  16.330  -4.700 0.0000000000
105449  46.832  16.354  -3.329 0.0000000000
104385  46.499  15.903  -1.709 0.0000000000
104386  46.185  15.248  -1.221 0.0000000000
103407  45.389  14.520  -0.790 0.0000000000
103415  44.910  13.847  -1.178 0.0000000000
95069  46.858  7.542  -3.303 0.0000000000
95071  46.024  6.991  -3.187 0.0000000000
96131  49.971  7.830  4.237 0.0000000000
96142  50.212  7.869  4.111 0.0000000000
96143  49.902  7.842  3.881 0.0000000000
97265  50.351  8.019  4.569 0.0000000000
97391  47.270  8.913  -5.128 0.0000000000
98498  46.804  9.888  3.656 0.0000000000
98570  49.268  9.756  -1.401 0.0000000000
98572  45.155  9.380  -2.084 0.0000000000
99608  46.881  10.473  2.960 0.0000000000
100627  47.218  12.159  3.341 0.0000000000
100695  48.300  11.357  -5.206 0.0000000000
100706  46.501  11.694  -5.918 0.0000000000
101525  42.541  12.574  9.891 0.0000000000
101587  43.748  12.077  -1.213 0.0000000000
102413  42.954  13.923  10.360 0.0000000000
102423  43.420  12.990  8.291 0.0000000000
103328  43.239  14.803  11.503 0.0000000000
103332  43.341  14.601  10.969 0.0000000000
103393  48.147  14.427  2.074 0.0000000000
103456  47.779  15.542  -6.984 0.0000000000
104308  45.003  16.196  11.515 0.0000000000
104369  48.821  15.890  1.857 0.0000000000
105361  46.015  17.041  9.015 0.0000000000
105370  44.937  16.267  7.927 0.0000000000
105423  48.788  15.903  2.102 0.0000000000
105488  47.501  16.672  -6.290 0.0000000000
105501  48.196  16.787  -6.399 0.0000000000
105503  47.455  15.936  -6.919 0.0000000000
106479  41.294  17.457  13.888 0.0000000000
106531  51.273  18.016  10.301 0.0000000000
106587  48.883  17.046  3.542 0.0000000000
106662  47.974  17.127  -6.405 0.0000000000
107697  49.368  18.261  10.484 0.0000000000
107824  55.621  19.275  2.674 0.0000000000
107855  49.776  18.111  -0.326 0.0000000000
108900  51.371  19.285  7.265 0.0000000000
108973  55.680  19.809  1.289 0.0000000000
108989  56.212  19.927  0.738 0.0000000000
108991  54.222  20.139  0.652 0.0000000000
109010  51.399  19.957  -1.656 0.0000000000
109025  48.663  19.694  -4.076 0.0000000000
109040  48.131  18.881  -5.210 0.0000000000
109041  47.955  18.619  -5.168 0.0000000000
109972  55.191  20.221  0.746 0.0000000000
109973  53.772  20.170  0.616 0.0000000000
110964  55.162  21.779  -1.966 0.0000000000
110965  54.500  21.908  -1.974 0.0000000000
110974  55.190  22.458  -1.998 0.0000000000
110976  54.789  22.161  -2.258 0.0000000000
110980  50.931  21.332  -2.627 0.0000000000
111954  55.353  22.569  -0.951 0.0000000000
111956  54.075  22.364  -2.103 0.0000000000
111963  55.263  22.999  -1.311 0.0000000000
111964  55.262  22.822  -1.707 0.0000000000
111965  55.043  22.889  -2.216 0.0000000000
111978  50.157  21.526  -2.722 0.0000000000
112950  55.401  23.078  -1.107 0.0000000000
112951  55.144  22.985  -0.956 0.0000000000
112952  54.827  23.156  -0.946 0.0000000000
112961  55.203  23.298  -1.455 0.0000000000
112962  55.085  23.304  -1.704 0.0000000000
112964  54.547  23.250  -2.081 0.0000000000
113919  55.319  23.236  -1.225 0.0000000000
113920  55.136  23.308  -1.512 0.0000000000
113922  54.306  23.460  -1.591 0.0000000000
113929  55.008  23.533  -1.731 0.0000000000
113930  54.844  23.624  -1.886 0.0000000000
113931  54.697  23.432  -1.850 0.0000000000
113932  54.213  23.505  -1.913 0.0000000000
113933  53.973  23.600  -1.964 0.0000000000
