#!ascii label  , from subject 3222 vox2ras=TkReg
1580
37523  11.619  -44.631  46.101 0.0000000000
70908  46.036  -16.719  22.110 0.0000000000
43423  32.222  -39.425  37.763 0.0000000000
48269  41.949  -36.058  38.181 0.0000000000
49348  22.508  -34.660  39.088 0.0000000000
43261  19.925  -40.838  47.133 0.0000000000
78492  57.612  -9.742  14.910 0.0000000000
73985  56.617  -12.825  24.047 0.0000000000
58202  41.908  -26.439  29.432 0.0000000000
83157  58.671  -4.788  6.358 0.0000000000
44603  30.826  -39.447  43.422 0.0000000000
41028  15.483  -42.091  47.137 0.0000000000
77419  56.629  -10.284  19.430 0.0000000000
74099  52.011  -12.728  18.482 0.0000000000
67733  46.862  -18.845  25.904 0.0000000000
71867  50.100  -15.605  27.559 0.0000000000
65361  43.100  -21.587  25.337 0.0000000000
50508  37.745  -34.352  32.550 0.0000000000
44739  37.768  -38.751  35.428 0.0000000000
45779  26.374  -38.073  44.629 0.0000000000
43243  25.599  -39.462  48.505 0.0000000000
45814  21.201  -38.268  43.384 0.0000000000
43329  16.733  -40.202  41.656 0.0000000000
47055  26.904  -36.705  39.488 0.0000000000
81915  61.485  -6.800  15.250 0.0000000000
79520  60.331  -8.512  19.616 0.0000000000
71935  51.664  -15.084  22.236 0.0000000000
65244  42.987  -21.755  31.825 0.0000000000
53801  42.544  -31.371  33.409 0.0000000000
80752  57.318  -7.734  9.725 0.0000000000
80758  62.437  -7.516  9.841 0.0000000000
79697  64.409  -7.382  5.047 0.0000000000
44562  31.294  -38.758  46.157 0.0000000000
39844  13.611  -43.031  46.885 0.0000000000
39804  15.179  -43.180  49.504 0.0000000000
37489  13.824  -44.537  49.867 0.0000000000
77448  51.862  -10.266  16.604 0.0000000000
66543  46.682  -20.155  29.028 0.0000000000
67692  48.659  -18.442  29.326 0.0000000000
37468  9.191  -44.477  52.135 0.0000000000
65408  42.463  -20.084  22.464 0.0000000000
44744  32.188  -38.583  35.108 0.0000000000
45945  35.325  -37.174  34.324 0.0000000000
44704  35.223  -39.354  36.913 0.0000000000
48177  24.647  -36.637  42.212 0.0000000000
46935  23.512  -37.850  43.329 0.0000000000
48210  21.793  -36.782  40.626 0.0000000000
49327  24.578  -34.972  40.146 0.0000000000
47005  26.398  -36.981  41.501 0.0000000000
43246  22.460  -40.339  48.311 0.0000000000
79583  59.857  -8.065  14.904 0.0000000000
80679  61.175  -6.778  18.191 0.0000000000
79555  58.989  -8.458  17.925 0.0000000000
74043  57.084  -12.234  20.785 0.0000000000
76305  59.021  -10.798  21.892 0.0000000000
71951  47.118  -16.325  19.427 0.0000000000
72968  49.932  -15.686  19.655 0.0000000000
70916  49.124  -16.144  21.982 0.0000000000
60379  40.663  -24.426  27.758 0.0000000000
63959  41.149  -22.032  28.509 0.0000000000
61504  42.283  -23.700  30.405 0.0000000000
49405  40.009  -35.140  35.113 0.0000000000
52670  40.218  -32.997  33.167 0.0000000000
51535  42.415  -34.051  35.848 0.0000000000
78520  55.110  -8.901  12.080 0.0000000000
80742  56.011  -7.505  10.268 0.0000000000
79602  58.240  -9.177  12.444 0.0000000000
80733  60.630  -7.921  11.699 0.0000000000
80855  62.931  -6.097  3.585 0.0000000000
79716  61.030  -7.469  4.832 0.0000000000
80822  63.436  -7.956  7.303 0.0000000000
79671  60.172  -7.960  6.849 0.0000000000
43368  31.077  -39.974  40.316 0.0000000000
43388  33.703  -39.946  39.503 0.0000000000
43324  33.353  -39.871  42.243 0.0000000000
42166  17.901  -41.815  46.807 0.0000000000
40984  19.776  -42.530  49.754 0.0000000000
39801  17.643  -43.452  49.398 0.0000000000
78479  54.712  -10.224  15.201 0.0000000000
78455  56.432  -9.635  17.544 0.0000000000
78457  54.364  -9.965  17.109 0.0000000000
75183  54.408  -11.336  18.677 0.0000000000
74066  54.319  -13.162  20.388 0.0000000000
69915  45.636  -16.664  24.000 0.0000000000
70880  48.404  -16.505  24.365 0.0000000000
69882  48.243  -17.143  26.890 0.0000000000
56047  39.466  -28.515  28.567 0.0000000000
50388  43.905  -34.188  38.423 0.0000000000
38707  9.428  -44.188  47.368 0.0000000000
35220  12.159  -46.536  50.021 0.0000000000
37491  9.991  -45.120  50.235 0.0000000000
69932  44.413  -17.298  21.521 0.0000000000
68856  44.310  -18.273  23.626 0.0000000000
65339  44.763  -20.701  26.027 0.0000000000
66545  44.795  -20.411  29.440 0.0000000000
48372  35.729  -35.422  32.292 0.0000000000
48334  37.663  -36.139  34.266 0.0000000000
47082  40.039  -37.084  36.909 0.0000000000
43404  36.625  -39.931  38.721 0.0000000000
42250  39.841  -40.445  38.268 0.0000000000
45760  28.917  -38.706  46.579 0.0000000000
43240  28.387  -39.453  48.523 0.0000000000
45751  25.849  -38.448  46.239 0.0000000000
44567  23.057  -38.683  45.936 0.0000000000
44582  20.961  -39.332  45.342 0.0000000000
47032  20.038  -37.349  39.563 0.0000000000
44620  19.276  -39.439  42.309 0.0000000000
42186  18.791  -40.827  44.734 0.0000000000
42188  16.821  -41.270  44.335 0.0000000000
41069  13.937  -41.766  43.421 0.0000000000
39893  12.120  -43.091  44.001 0.0000000000
145532  29.461  -38.195  36.407 0.0000000000
47091  27.667  -37.293  37.491 0.0000000000
44687  29.222  -38.809  38.630 0.0000000000
44630  28.780  -38.819  41.327 0.0000000000
45809  28.572  -38.355  43.484 0.0000000000
78428  61.585  -9.161  18.544 0.0000000000
78430  58.228  -8.816  19.707 0.0000000000
74102  50.083  -14.044  17.208 0.0000000000
72981  51.966  -13.743  19.533 0.0000000000
72939  53.624  -13.964  22.655 0.0000000000
71904  50.516  -14.978  25.301 0.0000000000
72919  53.103  -13.906  24.845 0.0000000000
64020  40.667  -22.440  25.049 0.0000000000
66571  42.067  -20.685  28.731 0.0000000000
66503  43.939  -20.647  32.050 0.0000000000
54934  39.674  -30.669  31.421 0.0000000000
55993  42.395  -28.758  31.338 0.0000000000
52636  44.816  -32.483  35.995 0.0000000000
55974  44.682  -28.756  33.608 0.0000000000
58174  43.887  -26.680  32.320 0.0000000000
60317  44.362  -24.162  34.062 0.0000000000
63881  43.933  -21.719  35.398 0.0000000000
80808  57.487  -6.926  7.456 0.0000000000
80750  60.004  -7.737  9.884 0.0000000000
81950  62.666  -6.592  12.306 0.0000000000
42162  32.387  -40.467  46.288 0.0000000000
39845  12.960  -43.513  46.448 0.0000000000
38698  13.322  -43.837  48.305 0.0000000000
37509  12.593  -44.750  47.863 0.0000000000
66514  46.210  -19.986  30.909 0.0000000000
66513  47.243  -19.871  30.732 0.0000000000
39790  7.805  -42.339  51.731 0.0000000000
44727  31.573  -38.979  36.065 0.0000000000
44725  34.046  -38.692  36.085 0.0000000000
43422  33.288  -39.478  37.602 0.0000000000
49316  23.163  -35.395  40.601 0.0000000000
48192  22.850  -36.218  42.143 0.0000000000
48229  22.147  -35.897  40.140 0.0000000000
50394  24.417  -34.079  38.963 0.0000000000
49328  23.727  -34.706  40.199 0.0000000000
49314  24.298  -35.336  40.942 0.0000000000
43247  21.413  -40.416  48.022 0.0000000000
42131  20.853  -41.127  49.020 0.0000000000
78491  58.177  -9.246  15.010 0.0000000000
79574  59.538  -7.961  16.220 0.0000000000
79576  57.934  -8.836  16.227 0.0000000000
74002  56.861  -12.778  22.923 0.0000000000
74001  57.759  -12.475  22.482 0.0000000000
70933  46.829  -16.744  20.294 0.0000000000
70932  47.678  -16.697  20.768 0.0000000000
70918  47.688  -16.867  21.637 0.0000000000
58224  40.201  -26.179  27.929 0.0000000000
59280  41.720  -25.452  28.350 0.0000000000
61517  41.567  -23.567  28.789 0.0000000000
60365  42.207  -24.563  29.807 0.0000000000
49375  41.080  -35.270  36.468 0.0000000000
50458  41.157  -34.496  35.194 0.0000000000
50427  42.101  -34.712  36.586 0.0000000000
78508  56.415  -9.857  13.475 0.0000000000
79603  57.060  -9.058  11.770 0.0000000000
78517  58.039  -9.558  13.356 0.0000000000
79594  58.861  -9.295  13.537 0.0000000000
82031  59.948  -5.639  4.679 0.0000000000
80833  59.799  -6.821  5.069 0.0000000000
79685  60.284  -7.744  5.986 0.0000000000
80825  58.812  -6.851  6.457 0.0000000000
44628  30.561  -39.699  41.755 0.0000000000
43343  32.263  -39.931  41.239 0.0000000000
44614  31.826  -39.846  42.402 0.0000000000
41038  17.012  -41.958  46.610 0.0000000000
41011  17.569  -42.420  48.344 0.0000000000
41012  16.661  -42.240  48.083 0.0000000000
37474  15.446  -44.883  50.851 0.0000000000
37487  16.664  -44.912  50.365 0.0000000000
78480  53.666  -9.818  14.915 0.0000000000
78468  53.895  -9.993  16.099 0.0000000000
78469  53.103  -9.614  15.656 0.0000000000
76351  51.799  -11.677  17.249 0.0000000000
76349  53.237  -10.871  18.056 0.0000000000
75184  53.701  -11.542  18.488 0.0000000000
74084  54.606  -12.531  19.562 0.0000000000
74086  52.942  -12.915  19.302 0.0000000000
68841  46.278  -17.993  24.763 0.0000000000
69890  47.544  -17.114  25.813 0.0000000000
68828  47.643  -17.797  26.456 0.0000000000
78496  53.351  -9.464  13.798 0.0000000000
37510  10.153  -44.944  48.202 0.0000000000
38689  9.132  -44.297  48.915 0.0000000000
69934  42.233  -17.723  21.460 0.0000000000
69926  43.909  -17.684  22.462 0.0000000000
68877  42.611  -17.928  22.234 0.0000000000
64057  43.264  -21.197  23.536 0.0000000000
65376  44.187  -20.602  24.382 0.0000000000
65360  44.080  -21.036  25.330 0.0000000000
65315  44.881  -20.775  27.122 0.0000000000
65316  43.760  -21.126  27.284 0.0000000000
145577  33.954  -35.662  31.669 0.0000000000
45936  36.793  -37.895  34.819 0.0000000000
47118  36.635  -37.359  34.418 0.0000000000
45935  37.733  -38.027  34.895 0.0000000000
47102  39.052  -37.156  35.873 0.0000000000
45928  39.083  -38.225  36.091 0.0000000000
43364  34.860  -39.917  40.565 0.0000000000
43405  35.545  -39.891  38.673 0.0000000000
43385  36.749  -40.002  39.795 0.0000000000
42243  40.023  -40.542  39.158 0.0000000000
43399  41.280  -39.356  38.713 0.0000000000
45778  27.139  -38.136  44.997 0.0000000000
45749  27.698  -38.695  46.704 0.0000000000
46899  25.799  -37.996  45.159 0.0000000000
45813  22.204  -37.853  42.952 0.0000000000
45782  23.718  -38.330  44.751 0.0000000000
45800  22.107  -38.414  44.013 0.0000000000
44581  21.989  -38.809  44.949 0.0000000000
44594  21.042  -38.792  44.196 0.0000000000
48255  20.492  -36.695  38.510 0.0000000000
44634  17.128  -39.750  40.457 0.0000000000
44651  18.288  -38.941  40.438 0.0000000000
44633  17.907  -39.550  40.971 0.0000000000
43310  18.939  -39.928  43.101 0.0000000000
43311  18.153  -40.437  43.105 0.0000000000
42198  17.344  -40.845  43.489 0.0000000000
43313  16.221  -40.396  42.095 0.0000000000
39892  12.920  -42.434  43.939 0.0000000000
44761  30.311  -38.210  34.601 0.0000000000
145534  28.690  -37.709  35.190 0.0000000000
48253  26.199  -35.856  39.022 0.0000000000
47074  27.356  -36.956  38.244 0.0000000000
45903  28.516  -37.994  37.903 0.0000000000
45885  27.928  -37.563  39.040 0.0000000000
44649  28.475  -38.395  40.192 0.0000000000
44650  27.916  -37.891  40.669 0.0000000000
46955  26.117  -37.635  43.348 0.0000000000
45826  26.974  -37.749  42.913 0.0000000000
45794  27.875  -37.980  44.421 0.0000000000
45793  28.879  -38.377  44.758 0.0000000000
43242  26.498  -39.374  48.487 0.0000000000
34139  12.086  -47.192  50.714 0.0000000000
35214  12.618  -46.765  50.583 0.0000000000
81902  62.304  -6.543  15.930 0.0000000000
80670  60.665  -7.524  19.241 0.0000000000
80668  62.040  -7.289  18.749 0.0000000000
79518  60.889  -9.068  19.094 0.0000000000
77402  61.415  -9.734  21.008 0.0000000000
78442  56.414  -9.587  18.139 0.0000000000
79545  57.682  -9.175  18.367 0.0000000000
78422  57.452  -9.521  20.017 0.0000000000
77385  59.958  -10.539  22.135 0.0000000000
71947  50.715  -15.519  20.960 0.0000000000
72967  50.544  -15.276  19.849 0.0000000000
72954  51.796  -14.870  21.462 0.0000000000
72953  52.610  -14.611  21.734 0.0000000000
72940  52.568  -14.488  23.130 0.0000000000
71882  49.472  -15.499  26.262 0.0000000000
71906  49.555  -16.053  24.700 0.0000000000
72899  50.307  -14.737  26.125 0.0000000000
64021  39.787  -22.897  25.151 0.0000000000
65263  41.377  -21.629  30.403 0.0000000000
65299  41.163  -21.241  28.610 0.0000000000
66533  42.048  -20.758  30.715 0.0000000000
66532  42.807  -20.534  30.477 0.0000000000
66504  43.568  -21.164  32.169 0.0000000000
50525  36.512  -33.609  31.217 0.0000000000
52698  37.273  -32.590  31.508 0.0000000000
52683  41.079  -31.871  33.046 0.0000000000
53818  39.898  -31.646  32.463 0.0000000000
53830  40.823  -30.605  32.056 0.0000000000
54932  41.553  -29.735  31.417 0.0000000000
54919  42.511  -29.762  32.148 0.0000000000
51500  43.920  -33.293  37.808 0.0000000000
57097  44.891  -27.624  34.148 0.0000000000
57102  44.182  -27.688  33.350 0.0000000000
58154  44.736  -26.570  33.701 0.0000000000
59242  43.985  -25.225  32.845 0.0000000000
59233  44.779  -25.442  34.187 0.0000000000
79619  56.914  -7.722  10.252 0.0000000000
80763  57.672  -7.793  8.910 0.0000000000
80762  58.954  -7.985  8.926 0.0000000000
80751  58.805  -8.181  10.021 0.0000000000
81934  61.242  -6.953  13.428 0.0000000000
81943  61.149  -7.168  12.300 0.0000000000
81933  62.248  -6.419  13.739 0.0000000000
83101  63.237  -5.879  13.698 0.0000000000
79713  63.419  -6.992  4.588 0.0000000000
80806  62.668  -7.948  8.290 0.0000000000
80756  63.247  -8.062  9.850 0.0000000000
80748  63.289  -7.143  10.781 0.0000000000
44591  30.660  -38.936  44.401 0.0000000000
44589  32.629  -39.792  44.218 0.0000000000
44576  32.371  -39.368  45.168 0.0000000000
41029  14.799  -42.440  46.743 0.0000000000
41013  15.649  -42.355  48.173 0.0000000000
39819  14.308  -43.188  48.595 0.0000000000
38677  14.253  -44.079  50.095 0.0000000000
36322  14.601  -45.705  51.229 0.0000000000
76361  51.382  -11.152  16.687 0.0000000000
75196  50.977  -12.286  16.806 0.0000000000
66590  46.806  -19.659  27.286 0.0000000000
67710  47.562  -18.908  27.788 0.0000000000
66542  47.369  -19.701  28.854 0.0000000000
67676  48.134  -19.313  30.357 0.0000000000
38678  8.773  -43.655  50.578 0.0000000000
39805  8.133  -42.589  50.783 0.0000000000
38655  8.633  -43.799  52.163 0.0000000000
67773  41.990  -18.588  22.263 0.0000000000
64039  41.760  -21.935  24.018 0.0000000000
45947  33.622  -37.223  33.635 0.0000000000
44743  33.671  -38.337  34.972 0.0000000000
44742  34.922  -38.242  35.358 0.0000000000
44723  36.119  -38.879  36.264 0.0000000000
46957  24.922  -37.214  42.735 0.0000000000
46915  25.402  -37.995  44.658 0.0000000000
46958  23.949  -37.300  42.731 0.0000000000
46984  22.634  -36.960  42.171 0.0000000000
46986  21.502  -37.324  41.442 0.0000000000
43330  15.922  -40.041  41.451 0.0000000000
43349  14.833  -40.033  40.269 0.0000000000
49346  25.492  -35.185  39.235 0.0000000000
48227  25.869  -35.672  40.113 0.0000000000
45842  26.829  -36.937  40.865 0.0000000000
48205  25.493  -35.829  40.883 0.0000000000
46981  25.481  -36.744  42.074 0.0000000000
43245  23.629  -39.786  48.120 0.0000000000
80718  60.466  -7.586  15.006 0.0000000000
81903  61.599  -6.707  16.118 0.0000000000
80698  60.219  -7.349  16.633 0.0000000000
80689  60.242  -7.243  17.686 0.0000000000
79542  59.723  -7.957  18.981 0.0000000000
75148  57.080  -11.437  20.327 0.0000000000
76315  58.022  -10.787  20.647 0.0000000000
75135  58.066  -11.572  21.119 0.0000000000
75111  59.172  -11.832  22.739 0.0000000000
71979  48.396  -15.405  18.369 0.0000000000
71964  48.665  -15.703  19.237 0.0000000000
71948  49.816  -15.950  20.484 0.0000000000
71925  50.138  -15.869  22.738 0.0000000000
71873  50.825  -14.965  27.601 0.0000000000
62760  40.040  -23.455  26.307 0.0000000000
64001  40.874  -22.862  26.530 0.0000000000
62744  40.957  -23.018  27.504 0.0000000000
62720  41.468  -22.863  29.792 0.0000000000
63942  41.759  -22.188  30.918 0.0000000000
50476  38.724  -34.737  33.755 0.0000000000
51580  39.262  -33.420  32.877 0.0000000000
51567  39.937  -33.339  33.762 0.0000000000
51566  41.369  -33.741  34.176 0.0000000000
51565  42.603  -33.019  34.299 0.0000000000
79605  55.152  -7.603  11.945 0.0000000000
79614  55.278  -6.791  11.530 0.0000000000
79604  55.915  -8.564  11.493 0.0000000000
79612  56.770  -8.218  10.872 0.0000000000
79618  57.721  -8.245  10.456 0.0000000000
80741  59.628  -8.344  11.139 0.0000000000
79610  59.023  -8.828  11.727 0.0000000000
80727  59.944  -8.489  12.947 0.0000000000
82041  61.112  -5.194  3.819 0.0000000000
80843  62.131  -6.617  4.106 0.0000000000
79714  62.755  -7.201  4.689 0.0000000000
79681  64.068  -7.709  6.489 0.0000000000
79699  62.351  -7.901  5.679 0.0000000000
78579  61.622  -8.181  6.967 0.0000000000
79649  61.293  -8.342  8.248 0.0000000000
43409  31.510  -39.663  38.575 0.0000000000
43408  32.497  -39.739  38.557 0.0000000000
43389  32.723  -40.000  39.448 0.0000000000
43365  33.887  -39.924  40.459 0.0000000000
43340  35.023  -39.929  41.572 0.0000000000
42153  19.358  -41.128  47.231 0.0000000000
42132  20.242  -41.441  48.795 0.0000000000
41010  18.601  -41.918  48.230 0.0000000000
39813  18.781  -42.802  49.213 0.0000000000
39802  16.748  -43.457  49.572 0.0000000000
37486  17.687  -44.578  49.809 0.0000000000
78494  55.566  -10.103  14.284 0.0000000000
78465  57.239  -9.540  16.750 0.0000000000
78466  56.136  -10.013  16.674 0.0000000000
78456  55.284  -9.730  17.385 0.0000000000
77435  55.608  -9.774  18.238 0.0000000000
77446  53.476  -10.093  16.929 0.0000000000
77437  53.907  -10.082  17.729 0.0000000000
76338  55.565  -10.758  19.062 0.0000000000
75150  55.883  -11.960  19.632 0.0000000000
74044  56.194  -12.716  21.003 0.0000000000
74023  56.025  -12.932  22.094 0.0000000000
70895  46.103  -16.648  23.095 0.0000000000
70894  47.105  -16.794  23.294 0.0000000000
70881  47.314  -16.837  24.312 0.0000000000
70855  48.392  -16.648  26.231 0.0000000000
70845  49.083  -16.305  26.833 0.0000000000
68806  48.190  -17.927  28.242 0.0000000000
69871  48.725  -16.843  27.939 0.0000000000
70827  50.229  -16.152  28.824 0.0000000000
57158  41.195  -27.336  28.761 0.0000000000
49341  42.765  -35.108  38.347 0.0000000000
79606  54.110  -7.125  12.343 0.0000000000
78521  54.481  -8.174  12.333 0.0000000000
78509  55.309  -9.620  13.113 0.0000000000
84255  60.291  -3.348  6.243 0.0000000000
84240  59.204  -3.386  7.240 0.0000000000
37525  10.739  -44.942  46.608 0.0000000000
36350  11.991  -45.335  47.506 0.0000000000
36352  10.812  -45.724  48.019 0.0000000000
36325  10.924  -46.317  50.310 0.0000000000
35216  10.859  -46.652  51.157 0.0000000000
37478  9.976  -45.018  51.081 0.0000000000
70934  45.917  -16.967  20.131 0.0000000000
70936  44.761  -18.175  19.782 0.0000000000
70909  45.186  -16.873  21.895 0.0000000000
69925  44.512  -17.036  22.894 0.0000000000
69902  45.150  -17.619  24.354 0.0000000000
67742  45.914  -18.836  25.150 0.0000000000
66662  43.595  -19.699  23.106 0.0000000000
66649  44.680  -19.633  24.387 0.0000000000
66614  46.056  -19.730  26.172 0.0000000000
66591  46.044  -20.174  27.213 0.0000000000
66544  45.765  -20.447  29.269 0.0000000000
66515  45.237  -20.035  31.011 0.0000000000
49454  36.795  -34.930  32.511 0.0000000000
47137  35.594  -36.379  33.304 0.0000000000
48350  36.577  -35.969  33.563 0.0000000000
49424  38.079  -35.020  33.817 0.0000000000
49406  39.259  -35.546  34.916 0.0000000000
48315  39.575  -35.868  35.924 0.0000000000
48271  40.533  -36.405  37.069 0.0000000000
43421  34.350  -39.670  37.688 0.0000000000
43419  36.370  -39.835  37.767 0.0000000000
44702  36.964  -39.747  36.976 0.0000000000
42245  38.162  -40.540  39.364 0.0000000000
43402  38.533  -40.569  38.484 0.0000000000
43433  39.150  -39.801  36.924 0.0000000000
44686  40.050  -38.939  37.389 0.0000000000
45896  40.893  -37.509  38.219 0.0000000000
47047  41.920  -36.878  38.680 0.0000000000
43256  29.936  -39.321  47.743 0.0000000000
44532  28.675  -38.707  48.200 0.0000000000
44534  26.863  -38.794  48.067 0.0000000000
44535  25.872  -38.884  47.916 0.0000000000
45780  24.946  -37.847  45.145 0.0000000000
44566  24.228  -38.464  46.275 0.0000000000
44552  23.930  -39.134  47.145 0.0000000000
44553  22.853  -39.307  46.837 0.0000000000
43271  21.376  -39.622  46.377 0.0000000000
43272  20.716  -39.865  46.165 0.0000000000
48230  21.591  -36.493  39.686 0.0000000000
47031  20.936  -37.289  39.841 0.0000000000
45844  20.431  -37.944  41.124 0.0000000000
45887  18.362  -37.894  38.692 0.0000000000
45866  19.091  -38.276  40.118 0.0000000000
45829  20.389  -38.493  42.541 0.0000000000
44608  19.542  -39.444  43.548 0.0000000000
43296  19.677  -39.834  44.489 0.0000000000
43273  19.742  -40.825  46.310 0.0000000000
42174  18.643  -41.162  45.320 0.0000000000
42175  17.587  -41.666  45.566 0.0000000000
42177  15.785  -41.773  45.153 0.0000000000
42199  15.959  -40.863  43.033 0.0000000000
42190  14.783  -41.479  44.186 0.0000000000
41050  14.433  -42.104  44.989 0.0000000000
41042  13.887  -42.615  45.409 0.0000000000
39878  12.398  -43.272  44.768 0.0000000000
38735  11.868  -43.647  44.807 0.0000000000
38737  10.353  -43.863  45.219 0.0000000000
39879  9.533  -42.894  45.487 0.0000000000
44760  31.205  -38.122  34.185 0.0000000000
44745  30.985  -38.488  35.267 0.0000000000
43438  30.952  -38.968  37.025 0.0000000000
145541  28.348  -37.658  36.876 0.0000000000
44709  29.119  -38.434  37.494 0.0000000000
43425  30.284  -39.008  37.896 0.0000000000
43392  29.920  -39.444  39.433 0.0000000000
44648  29.413  -39.062  40.361 0.0000000000
44616  30.108  -39.448  42.552 0.0000000000
45841  27.258  -37.551  41.132 0.0000000000
45824  28.284  -38.543  42.675 0.0000000000
44604  29.658  -38.828  43.555 0.0000000000
44592  29.793  -38.594  44.613 0.0000000000
44564  29.580  -38.698  46.346 0.0000000000
36333  12.621  -46.075  49.570 0.0000000000
36323  13.878  -46.010  51.001 0.0000000000
81881  62.607  -6.099  17.823 0.0000000000
79556  58.185  -8.879  17.733 0.0000000000
79533  58.644  -8.725  19.212 0.0000000000
79522  59.689  -8.629  19.822 0.0000000000
77405  59.111  -10.067  21.165 0.0000000000
78408  59.925  -9.427  21.175 0.0000000000
78396  60.863  -8.906  21.525 0.0000000000
75197  50.421  -12.624  16.252 0.0000000000
74100  51.226  -13.051  18.143 0.0000000000
72996  50.370  -14.375  17.934 0.0000000000
72982  51.052  -14.213  18.933 0.0000000000
74087  52.254  -13.145  19.070 0.0000000000
72964  53.630  -13.506  20.481 0.0000000000
72938  54.330  -13.674  22.156 0.0000000000
74004  55.064  -13.385  23.492 0.0000000000
70892  49.074  -16.208  23.590 0.0000000000
71914  50.118  -16.031  23.883 0.0000000000
71913  51.012  -15.037  24.294 0.0000000000
72897  51.385  -14.300  26.435 0.0000000000
72921  51.575  -14.476  25.118 0.0000000000
72941  52.134  -14.474  23.697 0.0000000000
72927  53.310  -13.899  23.820 0.0000000000
73987  54.873  -13.370  24.492 0.0000000000
64040  40.717  -22.290  24.047 0.0000000000
64019  41.449  -21.962  24.943 0.0000000000
65344  41.167  -22.358  26.778 0.0000000000
65343  41.504  -21.870  26.838 0.0000000000
65317  42.813  -20.950  27.549 0.0000000000
66570  43.088  -20.645  28.623 0.0000000000
66516  44.359  -19.992  31.097 0.0000000000
67652  44.790  -20.063  32.438 0.0000000000
52696  38.934  -32.218  32.330 0.0000000000
54960  39.790  -29.603  29.713 0.0000000000
56027  40.722  -28.622  29.644 0.0000000000
57140  42.191  -27.571  30.243 0.0000000000
50425  43.270  -33.958  37.226 0.0000000000
51533  43.925  -33.091  35.589 0.0000000000
52666  43.889  -31.606  34.381 0.0000000000
53784  45.263  -30.884  35.134 0.0000000000
53814  43.617  -30.270  33.119 0.0000000000
55982  43.362  -28.806  32.335 0.0000000000
57127  43.025  -27.432  31.599 0.0000000000
59265  42.757  -25.651  30.674 0.0000000000
60356  43.092  -24.650  31.409 0.0000000000
61479  43.096  -23.521  32.137 0.0000000000
62679  43.180  -22.699  33.073 0.0000000000
60306  44.548  -24.188  35.323 0.0000000000
62644  43.685  -22.534  34.464 0.0000000000
65225  43.321  -21.346  33.629 0.0000000000
66482  43.546  -20.717  34.229 0.0000000000
83137  58.127  -4.799  6.846 0.0000000000
81993  57.870  -5.795  6.715 0.0000000000
79652  58.393  -7.500  7.426 0.0000000000
79631  59.429  -8.002  8.531 0.0000000000
80760  61.096  -7.532  9.530 0.0000000000
80740  60.243  -7.776  10.646 0.0000000000
81961  61.349  -6.857  10.578 0.0000000000
81968  61.990  -7.029  10.259 0.0000000000
81949  63.141  -6.558  12.297 0.0000000000
42150  31.167  -40.179  46.970 0.0000000000
38719  11.991  -44.037  45.953 0.0000000000
38706  12.772  -44.117  47.074 0.0000000000
37516  12.061  -44.942  46.702 0.0000000000
67663  46.857  -19.660  31.713 0.0000000000
43437  31.943  -39.234  36.952 0.0000000000
43436  32.756  -39.262  37.035 0.0000000000
49317  22.573  -35.570  40.206 0.0000000000
49330  22.164  -35.365  39.538 0.0000000000
49329  22.940  -34.798  39.803 0.0000000000
49315  23.866  -35.163  40.920 0.0000000000
43260  20.603  -40.511  47.333 0.0000000000
42142  21.174  -40.839  48.498 0.0000000000
42143  20.471  -40.906  48.241 0.0000000000
78475  58.356  -8.974  15.342 0.0000000000
78476  57.809  -9.180  15.784 0.0000000000
70919  46.835  -16.888  21.389 0.0000000000
58223  41.063  -26.284  28.207 0.0000000000
59291  40.890  -25.361  27.867 0.0000000000
59273  42.035  -25.461  29.222 0.0000000000
49360  41.262  -35.506  37.000 0.0000000000
49374  41.657  -35.071  36.639 0.0000000000
49359  41.724  -35.420  37.399 0.0000000000
78493  56.656  -10.029  14.630 0.0000000000
78507  57.439  -9.941  13.865 0.0000000000
78506  58.252  -9.590  14.257 0.0000000000
82024  59.623  -5.484  5.079 0.0000000000
82013  59.122  -5.589  5.752 0.0000000000
80824  59.180  -6.336  5.769 0.0000000000
82014  58.513  -5.733  6.219 0.0000000000
44615  31.203  -39.648  42.353 0.0000000000
43326  31.791  -39.858  41.897 0.0000000000
41039  16.158  -42.114  46.490 0.0000000000
41027  16.371  -42.045  47.361 0.0000000000
78481  52.583  -9.471  14.826 0.0000000000
75186  51.688  -12.002  17.923 0.0000000000
75185  52.745  -12.053  18.367 0.0000000000
75170  53.478  -12.274  18.894 0.0000000000
74098  52.484  -12.726  18.776 0.0000000000
67741  46.534  -18.426  25.220 0.0000000000
68829  47.275  -17.889  25.819 0.0000000000
67732  47.359  -18.264  26.211 0.0000000000
69943  42.697  -18.250  20.629 0.0000000000
68878  41.641  -17.883  21.876 0.0000000000
64038  42.895  -21.730  24.268 0.0000000000
65377  43.601  -21.329  24.700 0.0000000000
65340  43.923  -21.169  26.290 0.0000000000
65341  42.958  -21.415  26.521 0.0000000000
44740  36.935  -38.522  35.510 0.0000000000
45929  38.544  -38.156  35.385 0.0000000000
44721  38.291  -39.100  36.017 0.0000000000
43363  35.842  -39.907  40.699 0.0000000000
43362  36.776  -40.022  40.870 0.0000000000
45763  26.340  -38.173  45.474 0.0000000000
46898  25.959  -38.028  44.847 0.0000000000
45801  21.480  -38.524  43.966 0.0000000000
43346  17.227  -40.052  41.137 0.0000000000
43328  17.712  -40.015  41.947 0.0000000000
43312  17.053  -40.626  42.458 0.0000000000
48252  26.667  -36.448  38.889 0.0000000000
45886  27.458  -37.195  39.297 0.0000000000
45905  27.662  -37.306  38.687 0.0000000000
45863  27.787  -37.633  40.012 0.0000000000
45796  26.221  -37.949  43.909 0.0000000000
45811  26.623  -37.840  43.408 0.0000000000
45795  26.900  -38.082  44.164 0.0000000000
34140  11.819  -47.351  50.921 0.0000000000
34129  12.431  -47.469  50.907 0.0000000000
81924  62.071  -6.499  14.593 0.0000000000
83073  62.860  -6.414  15.205 0.0000000000
81914  61.964  -6.616  15.356 0.0000000000
80662  60.642  -7.937  19.488 0.0000000000
80661  60.907  -7.874  19.402 0.0000000000
79519  60.704  -8.678  19.393 0.0000000000
78405  60.780  -9.691  19.888 0.0000000000
79511  60.276  -9.100  20.037 0.0000000000
78432  56.911  -9.792  18.629 0.0000000000
77425  56.920  -9.949  19.127 0.0000000000
71946  51.375  -15.229  21.401 0.0000000000
71934  52.160  -14.739  22.687 0.0000000000
71875  49.783  -15.576  26.989 0.0000000000
71881  50.021  -15.059  26.476 0.0000000000
65252  41.886  -21.609  31.132 0.0000000000
65262  41.561  -21.111  30.660 0.0000000000
66519  42.450  -21.157  31.452 0.0000000000
66505  43.187  -21.450  31.715 0.0000000000
50509  36.933  -33.871  31.940 0.0000000000
50524  36.903  -33.295  31.619 0.0000000000
51593  37.278  -32.958  31.848 0.0000000000
53802  41.956  -31.507  33.279 0.0000000000
52682  41.695  -31.635  33.169 0.0000000000
53816  41.741  -30.935  32.661 0.0000000000
54920  41.773  -30.155  32.133 0.0000000000
53815  43.034  -30.640  32.798 0.0000000000
55965  45.557  -28.817  35.546 0.0000000000
58148  45.077  -26.442  34.659 0.0000000000
58143  45.045  -26.365  35.600 0.0000000000
80753  56.334  -7.395  9.647 0.0000000000
80764  56.403  -7.041  8.823 0.0000000000
81925  61.393  -6.817  14.401 0.0000000000
83094  62.572  -6.127  14.096 0.0000000000
80831  64.331  -7.121  4.764 0.0000000000
80830  64.538  -7.205  4.704 0.0000000000
78591  64.389  -7.836  5.544 0.0000000000
80778  62.245  -7.782  8.874 0.0000000000
80777  62.751  -7.966  9.084 0.0000000000
80757  63.010  -7.591  10.182 0.0000000000
44577  31.462  -38.838  45.172 0.0000000000
44561  32.003  -38.810  45.736 0.0000000000
41030  14.137  -42.806  46.328 0.0000000000
41015  14.251  -42.718  47.130 0.0000000000
39831  13.909  -42.938  47.905 0.0000000000
38688  13.554  -44.166  48.992 0.0000000000
38687  14.098  -43.718  49.275 0.0000000000
38661  14.575  -44.464  50.397 0.0000000000
37476  14.090  -45.092  50.619 0.0000000000
76374  50.315  -11.085  16.122 0.0000000000
76362  50.876  -11.689  16.372 0.0000000000
75205  50.514  -11.999  16.239 0.0000000000
66566  46.918  -19.779  28.048 0.0000000000
66527  47.462  -19.916  29.679 0.0000000000
39820  8.346  -42.790  49.763 0.0000000000
38664  8.450  -43.107  51.998 0.0000000000
38656  7.997  -43.514  52.275 0.0000000000
44759  32.692  -37.858  34.308 0.0000000000
44758  33.522  -37.750  34.364 0.0000000000
44724  35.110  -38.688  36.227 0.0000000000
48178  24.365  -36.980  42.323 0.0000000000
48209  22.335  -36.224  41.024 0.0000000000
48193  22.365  -36.510  41.899 0.0000000000
46985  21.855  -36.903  41.973 0.0000000000
47007  21.764  -36.917  41.151 0.0000000000
50376  24.394  -34.445  39.513 0.0000000000
49347  24.824  -34.562  39.056 0.0000000000
49326  25.270  -35.352  39.988 0.0000000000
47030  25.962  -35.934  40.743 0.0000000000
48228  25.157  -35.541  40.417 0.0000000000
48207  24.158  -35.648  41.441 0.0000000000
48189  25.313  -35.970  41.545 0.0000000000
48190  24.779  -35.968  42.060 0.0000000000
46982  24.975  -36.574  42.269 0.0000000000
43231  23.353  -40.425  49.011 0.0000000000
80708  60.331  -7.538  15.647 0.0000000000
79566  58.791  -8.470  16.989 0.0000000000
79565  59.515  -7.835  17.292 0.0000000000
79554  59.566  -7.793  18.246 0.0000000000
74063  56.730  -11.865  20.283 0.0000000000
75136  57.527  -11.737  20.724 0.0000000000
74042  57.636  -12.009  21.006 0.0000000000
75112  58.478  -12.107  22.822 0.0000000000
71966  46.743  -16.152  18.626 0.0000000000
71965  47.777  -16.019  18.804 0.0000000000
70917  48.560  -16.587  21.664 0.0000000000
71949  48.660  -16.241  20.493 0.0000000000
71938  49.150  -16.030  21.267 0.0000000000
71937  49.882  -15.915  21.715 0.0000000000
61546  39.900  -23.675  26.717 0.0000000000
61545  40.451  -23.545  27.187 0.0000000000
62759  40.587  -23.318  26.875 0.0000000000
61532  40.815  -23.535  27.713 0.0000000000
61505  41.969  -23.676  29.649 0.0000000000
62719  41.872  -23.128  30.292 0.0000000000
62707  41.698  -22.620  30.500 0.0000000000
62706  42.010  -22.913  31.037 0.0000000000
49422  39.618  -34.989  34.412 0.0000000000
50475  39.287  -34.249  33.905 0.0000000000
50474  40.400  -34.434  34.416 0.0000000000
50457  41.720  -34.247  35.385 0.0000000000
51552  41.666  -34.229  34.923 0.0000000000
51551  42.340  -33.943  35.132 0.0000000000
79611  57.926  -8.747  11.296 0.0000000000
79584  58.931  -9.036  14.723 0.0000000000
79593  59.719  -8.551  13.738 0.0000000000
79592  60.214  -7.975  14.102 0.0000000000
80844  60.771  -6.744  4.538 0.0000000000
79715  61.723  -7.429  4.716 0.0000000000
79700  61.307  -7.856  5.304 0.0000000000
78580  60.864  -8.137  6.478 0.0000000000
78567  60.844  -8.340  7.302 0.0000000000
78566  61.301  -8.316  7.670 0.0000000000
78554  60.982  -8.577  7.850 0.0000000000
43391  30.787  -39.854  39.410 0.0000000000
43390  31.764  -39.874  39.439 0.0000000000
43367  32.006  -39.941  40.350 0.0000000000
43342  33.148  -39.955  41.328 0.0000000000
43341  34.074  -39.913  41.431 0.0000000000
43323  34.251  -39.892  42.417 0.0000000000
42154  18.534  -41.638  47.404 0.0000000000
42145  19.007  -41.386  47.938 0.0000000000
40998  17.858  -42.721  48.833 0.0000000000
40997  18.429  -42.536  48.761 0.0000000000
39814  18.068  -42.893  49.215 0.0000000000
38672  18.837  -43.557  49.613 0.0000000000
38673  18.086  -43.897  49.442 0.0000000000
39817  15.588  -42.896  48.928 0.0000000000
41000  15.995  -42.737  48.566 0.0000000000
39803  15.840  -43.210  49.706 0.0000000000
78478  55.854  -10.218  15.520 0.0000000000
78467  55.025  -10.300  16.455 0.0000000000
78443  55.427  -9.290  17.945 0.0000000000
78444  54.700  -9.613  17.710 0.0000000000
77455  52.267  -9.607  16.037 0.0000000000
77447  52.579  -10.288  16.826 0.0000000000
76348  54.142  -10.691  18.267 0.0000000000
76339  54.897  -10.743  18.612 0.0000000000
75167  55.788  -11.294  19.512 0.0000000000
75168  55.101  -11.671  19.244 0.0000000000
74065  55.458  -12.706  20.023 0.0000000000
74045  55.180  -13.158  21.223 0.0000000000
70882  46.491  -16.710  23.829 0.0000000000
69914  46.501  -16.854  24.272 0.0000000000
69881  48.653  -16.716  27.110 0.0000000000
67693  47.959  -18.881  29.099 0.0000000000
68790  48.604  -18.198  28.936 0.0000000000
68805  48.838  -17.593  28.728 0.0000000000
69860  49.487  -16.998  29.117 0.0000000000
70828  49.534  -16.541  28.405 0.0000000000
56065  38.915  -27.788  28.085 0.0000000000
57159  40.241  -27.684  28.350 0.0000000000
56046  40.458  -28.119  28.780 0.0000000000
79595  53.778  -8.090  12.599 0.0000000000
78495  54.445  -9.832  13.984 0.0000000000
84239  59.801  -3.123  6.917 0.0000000000
38721  10.070  -44.362  46.197 0.0000000000
37518  10.575  -45.101  47.234 0.0000000000
37501  9.839  -44.812  49.251 0.0000000000
36344  10.579  -45.806  48.919 0.0000000000
36335  10.343  -45.937  49.858 0.0000000000
36326  10.448  -46.080  50.842 0.0000000000
37492  9.334  -44.545  50.440 0.0000000000
37479  9.260  -44.403  51.286 0.0000000000
70935  45.168  -17.324  19.793 0.0000000000
69942  44.065  -18.226  20.551 0.0000000000
69941  44.611  -17.606  20.968 0.0000000000
70896  45.403  -16.715  22.672 0.0000000000
68866  43.997  -18.093  22.892 0.0000000000
68865  44.428  -17.646  23.597 0.0000000000
68855  44.747  -18.020  24.183 0.0000000000
68842  45.489  -18.111  24.512 0.0000000000
67743  45.046  -18.825  24.581 0.0000000000
66671  42.280  -19.430  22.312 0.0000000000
67764  42.810  -18.782  22.357 0.0000000000
66663  42.967  -19.576  22.601 0.0000000000
65359  44.775  -20.426  25.196 0.0000000000
65375  44.766  -20.107  24.729 0.0000000000
66633  45.192  -19.638  25.054 0.0000000000
66615  45.377  -20.124  25.725 0.0000000000
66592  45.468  -20.386  26.444 0.0000000000
66568  45.044  -20.705  28.625 0.0000000000
65294  45.181  -20.807  27.940 0.0000000000
66529  45.516  -20.239  30.167 0.0000000000
49456  34.913  -35.036  31.573 0.0000000000
49455  35.814  -34.726  31.757 0.0000000000
45946  34.528  -37.137  34.228 0.0000000000
47130  34.438  -36.865  33.780 0.0000000000
47127  37.157  -36.343  34.195 0.0000000000
47128  36.324  -36.658  34.020 0.0000000000
48349  37.213  -35.697  33.922 0.0000000000
48362  36.891  -35.562  33.316 0.0000000000
48348  38.027  -35.612  34.174 0.0000000000
48333  38.430  -36.130  34.588 0.0000000000
48293  39.443  -36.372  36.020 0.0000000000
47083  39.709  -36.817  36.233 0.0000000000
48292  40.067  -36.130  36.383 0.0000000000
43407  33.506  -39.815  38.564 0.0000000000
43406  34.522  -39.869  38.616 0.0000000000
43418  37.520  -39.976  37.612 0.0000000000
42251  39.112  -40.665  38.580 0.0000000000
42257  39.349  -40.579  38.024 0.0000000000
43417  38.772  -40.471  37.674 0.0000000000
43416  39.664  -39.865  37.293 0.0000000000
44701  39.615  -39.238  36.882 0.0000000000
43401  40.213  -39.742  37.890 0.0000000000
44684  41.141  -38.856  38.448 0.0000000000
45876  41.562  -37.613  38.595 0.0000000000
44546  29.554  -38.858  47.301 0.0000000000
44531  29.184  -38.775  47.919 0.0000000000
45748  28.447  -38.670  46.927 0.0000000000
45750  26.804  -38.634  46.424 0.0000000000
44549  27.279  -38.693  47.354 0.0000000000
44550  26.309  -38.733  47.127 0.0000000000
44551  25.132  -38.651  46.886 0.0000000000
46934  24.592  -38.184  43.756 0.0000000000
46916  24.874  -38.062  44.655 0.0000000000
45797  24.135  -38.337  44.355 0.0000000000
45767  23.275  -38.447  45.151 0.0000000000
45766  23.863  -38.248  45.498 0.0000000000
44568  21.874  -39.212  46.246 0.0000000000
44569  21.220  -39.484  46.041 0.0000000000
43283  20.486  -39.691  45.451 0.0000000000
48231  20.800  -37.027  39.367 0.0000000000
47009  20.565  -37.603  40.274 0.0000000000
45865  20.027  -37.816  40.268 0.0000000000
45888  17.833  -38.464  39.312 0.0000000000
44632  18.861  -39.241  41.120 0.0000000000
45845  19.651  -38.717  41.592 0.0000000000
45830  19.771  -38.879  42.346 0.0000000000
44619  19.794  -38.940  42.888 0.0000000000
43297  19.039  -40.249  44.167 0.0000000000
44596  19.582  -39.701  44.176 0.0000000000
43285  19.271  -40.754  45.212 0.0000000000
43274  19.159  -41.089  45.782 0.0000000000
42176  16.401  -41.728  45.163 0.0000000000
42219  15.452  -40.276  41.201 0.0000000000
42208  15.524  -40.519  41.782 0.0000000000
42201  13.933  -41.628  43.000 0.0000000000
42200  14.600  -41.358  43.357 0.0000000000
41058  14.845  -41.708  44.635 0.0000000000
41051  13.660  -42.291  44.528 0.0000000000
39877  12.917  -42.759  44.908 0.0000000000
38754  11.520  -43.362  44.243 0.0000000000
38756  10.619  -43.734  44.748 0.0000000000
44746  29.962  -38.200  35.423 0.0000000000
44728  30.511  -38.601  36.225 0.0000000000
47092  27.175  -36.984  36.156 0.0000000000
145540  28.044  -37.499  36.088 0.0000000000
44688  28.816  -38.460  38.308 0.0000000000
44708  29.269  -38.745  38.078 0.0000000000
44707  29.655  -38.802  37.770 0.0000000000
43426  29.629  -38.949  38.202 0.0000000000
43410  30.550  -39.505  38.581 0.0000000000
43411  29.774  -39.135  38.671 0.0000000000
44629  29.709  -39.495  41.436 0.0000000000
47004  26.959  -37.420  42.097 0.0000000000
45825  27.546  -38.058  42.437 0.0000000000
44605  29.072  -38.678  43.222 0.0000000000
45808  29.273  -38.390  44.100 0.0000000000
45776  28.854  -38.753  45.752 0.0000000000
44545  30.260  -38.900  46.772 0.0000000000
42138  29.011  -40.215  48.608 0.0000000000
40996  19.497  -42.089  49.074 0.0000000000
40995  20.604  -41.639  49.498 0.0000000000
40983  20.305  -42.165  50.028 0.0000000000
36343  11.586  -46.102  48.687 0.0000000000
36342  12.407  -45.625  48.360 0.0000000000
35204  13.543  -46.650  51.091 0.0000000000
35213  13.369  -46.400  50.802 0.0000000000
36314  13.938  -46.212  51.285 0.0000000000
35203  14.075  -46.316  51.316 0.0000000000
34137  14.338  -47.413  51.139 0.0000000000
80688  60.963  -6.822  16.960 0.0000000000
81892  61.767  -6.466  17.049 0.0000000000
81882  61.958  -6.016  17.808 0.0000000000
79529  61.689  -8.449  18.572 0.0000000000
78454  57.129  -9.543  17.366 0.0000000000
79568  57.427  -9.360  17.211 0.0000000000
79557  57.337  -9.352  17.660 0.0000000000
79534  58.036  -8.870  19.023 0.0000000000
78429  58.789  -8.794  19.677 0.0000000000
79532  59.296  -8.535  19.465 0.0000000000
78420  59.102  -9.194  20.260 0.0000000000
76314  58.638  -10.859  21.136 0.0000000000
77406  58.483  -10.322  20.658 0.0000000000
77396  59.744  -10.059  21.903 0.0000000000
77395  60.485  -9.882  22.253 0.0000000000
78397  60.511  -9.033  21.843 0.0000000000
77394  61.311  -9.244  22.081 0.0000000000
77393  61.563  -9.575  21.692 0.0000000000
74114  49.367  -13.636  16.753 0.0000000000
74125  49.873  -13.058  16.129 0.0000000000
74113  50.466  -13.268  16.812 0.0000000000
74112  50.941  -12.880  17.448 0.0000000000
74101  50.676  -13.531  17.635 0.0000000000
72984  48.960  -15.256  18.502 0.0000000000
72983  49.772  -15.191  18.868 0.0000000000
72966  51.607  -14.657  20.506 0.0000000000
74088  51.721  -13.395  18.785 0.0000000000
72980  52.495  -13.408  19.530 0.0000000000
72965  52.850  -13.795  20.267 0.0000000000
72952  53.826  -13.767  21.286 0.0000000000
74024  55.078  -13.327  22.383 0.0000000000
74025  54.452  -13.572  22.864 0.0000000000
70893  48.088  -16.644  23.482 0.0000000000
71905  50.117  -15.431  24.942 0.0000000000
71915  49.428  -16.177  24.136 0.0000000000
72909  52.803  -13.922  25.909 0.0000000000
72910  51.873  -14.202  25.809 0.0000000000
72920  52.277  -14.229  25.002 0.0000000000
72929  51.745  -14.538  24.256 0.0000000000
72928  52.485  -14.151  24.094 0.0000000000
64041  39.650  -22.500  24.133 0.0000000000
65363  41.283  -21.721  25.882 0.0000000000
63980  41.062  -22.757  27.162 0.0000000000
65320  41.300  -22.032  27.860 0.0000000000
66572  41.412  -20.795  28.941 0.0000000000
65298  41.490  -20.987  28.342 0.0000000000
65318  41.937  -21.190  27.763 0.0000000000
65342  42.078  -21.602  26.777 0.0000000000
66594  42.510  -20.764  28.144 0.0000000000
65297  43.093  -20.752  28.067 0.0000000000
66517  43.664  -20.304  31.195 0.0000000000
66531  43.601  -20.014  30.351 0.0000000000
66502  44.320  -20.175  31.895 0.0000000000
52685  39.334  -32.773  32.503 0.0000000000
51591  38.936  -32.909  32.490 0.0000000000
53831  39.486  -30.999  32.151 0.0000000000
53844  39.373  -30.787  31.390 0.0000000000
54949  39.562  -30.534  30.695 0.0000000000
54931  42.235  -29.185  31.781 0.0000000000
54947  41.336  -29.343  30.583 0.0000000000
56009  41.783  -28.680  30.470 0.0000000000
56026  41.519  -28.048  30.028 0.0000000000
57128  42.651  -27.762  31.032 0.0000000000
49340  43.396  -34.902  38.475 0.0000000000
49357  42.921  -34.563  38.112 0.0000000000
50406  43.395  -33.841  37.973 0.0000000000
51517  44.514  -32.651  37.174 0.0000000000
51518  43.946  -33.235  36.945 0.0000000000
51549  43.736  -32.824  35.122 0.0000000000
53769  44.817  -31.861  35.283 0.0000000000
54890  45.205  -30.093  35.165 0.0000000000
54891  44.694  -29.936  34.134 0.0000000000
53785  44.699  -31.159  34.705 0.0000000000
54908  44.110  -29.756  33.315 0.0000000000
54918  43.490  -29.702  32.694 0.0000000000
55981  43.944  -28.787  32.982 0.0000000000
57111  44.010  -27.392  32.650 0.0000000000
58175  43.331  -26.716  31.813 0.0000000000
58189  43.014  -26.908  31.352 0.0000000000
59264  43.063  -25.905  31.519 0.0000000000
59256  43.604  -25.701  32.218 0.0000000000
60332  44.097  -24.428  33.403 0.0000000000
61478  43.498  -23.900  32.390 0.0000000000
61464  43.524  -23.458  32.995 0.0000000000
61465  43.106  -23.088  32.721 0.0000000000
59221  44.933  -25.422  36.063 0.0000000000
60298  45.083  -24.537  36.450 0.0000000000
62643  43.895  -22.532  35.075 0.0000000000
63903  43.661  -22.015  34.837 0.0000000000
63904  43.403  -21.857  34.246 0.0000000000
63882  43.649  -21.558  34.817 0.0000000000
66492  43.529  -20.825  33.401 0.0000000000
65218  43.835  -20.931  34.898 0.0000000000
83124  58.686  -3.904  7.235 0.0000000000
79613  55.620  -7.595  11.028 0.0000000000
80743  55.270  -6.525  10.609 0.0000000000
81994  57.278  -5.820  7.241 0.0000000000
80807  58.027  -6.814  6.961 0.0000000000
80761  60.173  -7.974  9.252 0.0000000000
80749  60.685  -7.035  9.833 0.0000000000
81951  61.752  -6.972  11.684 0.0000000000
81952  60.924  -7.133  11.193 0.0000000000
81960  62.271  -6.938  11.113 0.0000000000
81959  62.957  -6.726  11.365 0.0000000000
83107  63.396  -6.121  13.392 0.0000000000
82040  61.921  -5.228  3.776 0.0000000000
82039  62.741  -5.310  3.278 0.0000000000
42163  31.865  -40.003  46.675 0.0000000000
39832  13.160  -43.329  47.394 0.0000000000
37500  13.058  -44.737  49.126 0.0000000000
66528  46.534  -20.291  30.001 0.0000000000
44726  32.826  -38.966  36.114 0.0000000000
44706  33.442  -39.082  36.766 0.0000000000
44705  34.252  -39.095  36.920 0.0000000000
48208  23.343  -35.726  41.469 0.0000000000
48191  23.930  -36.436  42.016 0.0000000000
50377  24.143  -34.109  39.776 0.0000000000
43232  22.786  -40.665  49.017 0.0000000000
42141  21.777  -40.729  48.628 0.0000000000
42130  21.494  -40.947  49.173 0.0000000000
42118  21.727  -41.082  49.784 0.0000000000
79575  58.607  -8.629  15.874 0.0000000000
74022  57.023  -12.792  21.767 0.0000000000
74021  57.739  -12.309  21.478 0.0000000000
73984  57.743  -12.466  23.742 0.0000000000
70946  46.476  -16.571  19.511 0.0000000000
71950  47.824  -16.429  19.785 0.0000000000
70931  48.171  -16.671  21.121 0.0000000000
61531  41.198  -23.807  28.039 0.0000000000
60378  41.548  -24.495  28.024 0.0000000000
60371  42.017  -24.510  28.915 0.0000000000
49390  40.088  -35.380  35.862 0.0000000000
50459  40.593  -34.833  35.007 0.0000000000
49389  40.875  -35.008  35.888 0.0000000000
50443  41.312  -34.644  35.799 0.0000000000
50442  41.846  -34.327  36.025 0.0000000000
78519  56.188  -9.290  12.425 0.0000000000
78518  57.250  -9.535  12.845 0.0000000000
80845  59.959  -6.059  4.580 0.0000000000
80832  60.310  -7.055  4.873 0.0000000000
79701  60.475  -7.484  5.164 0.0000000000
79702  59.967  -7.397  5.561 0.0000000000
79686  59.542  -7.314  6.170 0.0000000000
79687  59.136  -7.294  6.719 0.0000000000
43345  30.536  -39.862  41.048 0.0000000000
43344  31.333  -39.884  41.292 0.0000000000
43325  32.442  -39.875  42.167 0.0000000000
41025  17.972  -41.880  47.801 0.0000000000
41026  17.349  -42.029  47.490 0.0000000000
39827  17.044  -42.725  48.681 0.0000000000
38676  14.947  -43.671  50.081 0.0000000000
38675  16.054  -44.011  50.448 0.0000000000
76360  52.022  -10.698  16.914 0.0000000000
76350  52.370  -11.208  17.371 0.0000000000
75169  54.210  -12.068  18.967 0.0000000000
74085  53.833  -12.712  19.509 0.0000000000
69901  45.653  -17.393  24.462 0.0000000000
69900  46.695  -17.095  24.923 0.0000000000
69891  47.134  -17.458  25.420 0.0000000000
38699  9.306  -44.339  48.355 0.0000000000
37502  9.493  -44.671  49.852 0.0000000000
69933  43.434  -17.649  21.805 0.0000000000
68876  43.486  -17.955  22.316 0.0000000000
68867  43.302  -18.298  22.468 0.0000000000
65392  42.954  -20.489  22.922 0.0000000000
64056  43.735  -20.946  23.865 0.0000000000
65295  44.440  -21.021  27.999 0.0000000000
48364  34.973  -35.949  32.574 0.0000000000
45937  35.846  -37.716  34.636 0.0000000000
47117  37.442  -36.985  34.448 0.0000000000
47116  38.490  -37.141  34.998 0.0000000000
47101  39.631  -37.506  36.271 0.0000000000
43387  34.696  -39.906  39.575 0.0000000000
43386  35.712  -39.918  39.666 0.0000000000
42230  40.713  -40.673  39.824 0.0000000000
43400  40.770  -39.463  38.410 0.0000000000
45761  28.169  -38.939  46.152 0.0000000000
45762  27.346  -38.557  45.822 0.0000000000
45764  25.464  -37.887  45.590 0.0000000000
46936  23.036  -37.802  43.208 0.0000000000
45798  23.641  -38.313  43.996 0.0000000000
45799  22.877  -37.976  43.625 0.0000000000
45783  22.968  -38.352  44.471 0.0000000000
44580  22.769  -38.625  45.013 0.0000000000
47033  19.211  -37.650  39.032 0.0000000000
44652  17.469  -39.035  40.017 0.0000000000
44621  18.461  -39.663  41.743 0.0000000000
43327  18.527  -39.923  42.417 0.0000000000
43298  18.333  -40.613  43.827 0.0000000000
42187  18.067  -40.921  44.388 0.0000000000
42197  17.977  -40.719  43.695 0.0000000000
41070  13.297  -41.934  42.869 0.0000000000
41060  13.499  -42.025  43.734 0.0000000000
39907  12.501  -42.558  42.949 0.0000000000
145538  29.636  -38.115  34.787 0.0000000000
48276  26.625  -36.362  37.983 0.0000000000
47073  27.648  -37.253  37.958 0.0000000000
45904  27.926  -37.501  38.121 0.0000000000
45884  28.371  -37.972  38.658 0.0000000000
44670  28.686  -38.464  39.099 0.0000000000
44669  29.221  -38.909  39.392 0.0000000000
45862  28.275  -37.965  39.410 0.0000000000
46980  26.383  -37.455  42.609 0.0000000000
46979  26.961  -37.610  42.538 0.0000000000
45810  27.393  -38.027  43.494 0.0000000000
45777  28.039  -38.446  45.325 0.0000000000
35221  11.926  -46.751  50.250 0.0000000000
35205  12.978  -47.054  51.000 0.0000000000
80678  62.049  -6.483  18.482 0.0000000000
80669  61.472  -7.082  19.204 0.0000000000
80660  61.366  -7.978  19.192 0.0000000000
78417  61.298  -9.480  19.032 0.0000000000
77415  61.153  -10.057  19.943 0.0000000000
79558  56.785  -9.489  17.847 0.0000000000
79546  57.064  -9.433  18.040 0.0000000000
78441  57.173  -9.541  18.390 0.0000000000
78431  57.439  -9.349  19.247 0.0000000000
78421  57.951  -9.232  20.222 0.0000000000
76294  59.234  -11.366  22.180 0.0000000000
76293  59.633  -11.027  22.130 0.0000000000
70864  48.963  -16.366  25.052 0.0000000000
71894  49.525  -15.731  25.496 0.0000000000
71893  50.083  -15.007  25.797 0.0000000000
71892  50.360  -14.897  25.662 0.0000000000
73970  53.787  -13.743  25.638 0.0000000000
65364  40.785  -22.237  25.967 0.0000000000
65280  41.051  -21.720  28.894 0.0000000000
65300  41.121  -21.724  28.567 0.0000000000
65279  40.991  -21.275  29.552 0.0000000000
66549  41.166  -20.867  29.222 0.0000000000
66548  41.724  -20.651  29.715 0.0000000000
66547  42.820  -20.460  29.587 0.0000000000
66518  43.139  -20.981  31.243 0.0000000000
52669  40.758  -32.768  33.415 0.0000000000
52695  39.563  -31.800  32.424 0.0000000000
53817  40.512  -31.413  32.517 0.0000000000
54933  40.304  -30.396  31.362 0.0000000000
53829  41.437  -30.318  32.112 0.0000000000
50405  43.997  -33.518  38.218 0.0000000000
50387  44.566  -33.872  38.539 0.0000000000
51499  44.463  -32.692  37.976 0.0000000000
52618  44.946  -32.015  36.901 0.0000000000
55966  45.214  -28.796  34.563 0.0000000000
58161  44.290  -26.650  33.007 0.0000000000
59255  44.106  -25.940  32.720 0.0000000000
59241  44.380  -25.550  33.395 0.0000000000
60331  44.238  -24.838  34.013 0.0000000000
80783  57.025  -7.031  7.973 0.0000000000
80782  57.983  -7.808  7.876 0.0000000000
80726  60.524  -7.905  13.091 0.0000000000
81942  61.985  -6.813  12.792 0.0000000000
83109  62.877  -6.251  13.002 0.0000000000
83102  62.791  -6.064  13.608 0.0000000000
80842  63.177  -6.708  4.082 0.0000000000
80854  63.738  -6.306  3.580 0.0000000000
80841  63.984  -6.819  4.339 0.0000000000
80840  64.720  -7.010  4.379 0.0000000000
80805  62.963  -7.907  8.046 0.0000000000
44602  31.975  -39.886  43.171 0.0000000000
44590  31.634  -39.402  44.287 0.0000000000
44575  32.768  -39.748  44.810 0.0000000000
43269  32.304  -39.385  46.242 0.0000000000
41014  14.724  -42.326  47.632 0.0000000000
39830  14.757  -42.756  48.317 0.0000000000
39818  14.816  -43.067  49.003 0.0000000000
38697  13.929  -43.449  48.495 0.0000000000
38660  15.151  -44.373  50.558 0.0000000000
37475  14.759  -44.878  50.822 0.0000000000
35211  15.282  -46.394  51.089 0.0000000000
77456  51.271  -9.950  16.111 0.0000000000
75195  51.456  -11.961  17.247 0.0000000000
67725  47.116  -19.180  26.982 0.0000000000
67711  47.130  -19.406  27.522 0.0000000000
66565  47.510  -19.369  28.441 0.0000000000
67675  48.818  -18.628  29.910 0.0000000000
38690  8.893  -43.999  49.524 0.0000000000
38663  8.753  -43.515  51.553 0.0000000000
39789  8.295  -42.891  51.555 0.0000000000
37469  8.406  -44.580  52.422 0.0000000000
64058  42.135  -21.376  23.030 0.0000000000
64017  42.764  -21.722  24.836 0.0000000000
45939  34.038  -37.648  34.389 0.0000000000
45938  34.738  -37.695  34.691 0.0000000000
44741  35.979  -38.305  35.494 0.0000000000
44722  37.135  -39.208  36.210 0.0000000000
46932  25.873  -37.722  43.647 0.0000000000
46914  25.876  -37.987  44.232 0.0000000000
46933  25.472  -37.844  43.628 0.0000000000
46983  23.317  -37.013  42.160 0.0000000000
46959  22.995  -37.564  42.704 0.0000000000
46960  22.347  -37.403  42.376 0.0000000000
45827  21.957  -37.527  42.320 0.0000000000
45828  21.373  -37.795  42.109 0.0000000000
44671  16.858  -38.908  38.898 0.0000000000
44653  16.325  -39.599  39.684 0.0000000000
43347  16.382  -39.939  40.782 0.0000000000
43370  15.875  -39.835  40.258 0.0000000000
43348  15.503  -40.029  40.683 0.0000000000
48226  26.407  -36.197  39.632 0.0000000000
45864  27.136  -37.028  40.245 0.0000000000
47029  26.365  -36.463  40.502 0.0000000000
47006  25.874  -36.197  41.266 0.0000000000
48206  24.754  -35.662  41.061 0.0000000000
46956  25.719  -37.410  43.020 0.0000000000
80707  60.844  -7.143  15.098 0.0000000000
80697  60.932  -7.064  15.964 0.0000000000
80680  60.252  -7.420  18.642 0.0000000000
80671  60.180  -7.710  19.124 0.0000000000
79530  60.377  -8.076  19.491 0.0000000000
76329  56.732  -10.720  19.957 0.0000000000
77418  57.077  -9.982  19.858 0.0000000000
76328  57.407  -10.699  20.259 0.0000000000
75134  58.698  -11.414  21.625 0.0000000000
75124  58.461  -12.095  21.918 0.0000000000
75123  58.905  -11.620  22.202 0.0000000000
71980  47.649  -15.467  17.663 0.0000000000
71963  49.358  -15.736  19.735 0.0000000000
71936  50.823  -15.605  22.005 0.0000000000
71866  50.496  -15.438  28.011 0.0000000000
71874  50.325  -15.116  27.182 0.0000000000
62779  39.397  -23.290  25.927 0.0000000000
64002  40.316  -23.209  25.914 0.0000000000
63981  40.663  -23.167  26.537 0.0000000000
63966  41.158  -22.332  27.976 0.0000000000
61518  41.205  -23.207  28.325 0.0000000000
62732  41.212  -22.719  28.988 0.0000000000
63958  41.149  -22.030  28.972 0.0000000000
63950  41.259  -22.074  29.698 0.0000000000
65253  41.557  -21.847  30.733 0.0000000000
63935  42.320  -22.219  31.509 0.0000000000
50492  38.601  -34.398  33.199 0.0000000000
51581  38.574  -33.962  32.543 0.0000000000
50491  39.202  -33.967  33.362 0.0000000000
51568  39.455  -33.735  33.502 0.0000000000
50473  41.052  -34.315  34.569 0.0000000000
52668  41.817  -32.145  33.734 0.0000000000
52667  43.162  -32.085  34.137 0.0000000000
79617  58.646  -8.490  10.896 0.0000000000
80734  59.978  -8.522  12.191 0.0000000000
79601  59.358  -8.895  12.756 0.0000000000
80717  60.654  -7.534  14.323 0.0000000000
83198  61.502  -4.604  3.888 0.0000000000
80856  62.260  -5.818  3.809 0.0000000000
82030  60.376  -5.396  4.437 0.0000000000
82029  61.436  -5.862  4.073 0.0000000000
79698  63.623  -7.297  5.292 0.0000000000
79682  63.167  -7.793  6.536 0.0000000000
79683  62.311  -8.025  6.893 0.0000000000
78593  61.499  -8.202  6.068 0.0000000000
78578  61.981  -8.121  6.767 0.0000000000
80823  62.852  -7.989  7.501 0.0000000000
79669  62.254  -7.854  7.846 0.0000000000
79648  61.849  -7.898  8.330 0.0000000000
80779  61.593  -7.902  9.000 0.0000000000
43366  32.940  -40.079  40.383 0.0000000000
43309  32.802  -39.861  42.858 0.0000000000
43308  33.473  -39.812  43.214 0.0000000000
43307  34.429  -39.852  43.390 0.0000000000
49349  21.930  -34.767  38.625 0.0000000000
42152  19.964  -40.841  47.657 0.0000000000
42144  19.629  -41.243  48.231 0.0000000000
41009  19.208  -41.674  48.323 0.0000000000
39799  19.266  -42.944  49.659 0.0000000000
39816  16.460  -42.902  48.923 0.0000000000
38674  17.175  -43.989  50.008 0.0000000000
78477  56.912  -9.827  15.736 0.0000000000
77426  56.185  -10.071  18.840 0.0000000000
77454  53.056  -9.833  16.349 0.0000000000
77438  53.155  -10.548  17.356 0.0000000000
77436  54.815  -9.928  18.147 0.0000000000
77427  55.402  -10.229  18.522 0.0000000000
76330  56.168  -10.719  19.503 0.0000000000
75149  56.379  -11.465  19.915 0.0000000000
74064  56.338  -12.240  20.198 0.0000000000
74003  55.890  -13.017  23.220 0.0000000000
70907  46.920  -16.841  22.362 0.0000000000
69899  47.402  -16.984  25.229 0.0000000000
70865  48.021  -16.683  25.244 0.0000000000
70854  49.020  -16.293  25.854 0.0000000000
67724  47.477  -18.521  26.746 0.0000000000
68817  47.831  -17.926  27.310 0.0000000000
69872  48.232  -17.439  27.612 0.0000000000
70837  49.689  -16.149  27.766 0.0000000000
70836  50.239  -15.906  27.956 0.0000000000
57177  40.528  -27.001  28.044 0.0000000000
48246  42.294  -36.416  38.695 0.0000000000
48268  42.480  -35.476  38.297 0.0000000000
48244  43.757  -35.845  38.948 0.0000000000
78510  54.220  -9.001  12.951 0.0000000000
83135  59.626  -3.850  6.290 0.0000000000
83136  59.073  -4.096  6.741 0.0000000000
37524  11.135  -44.912  46.256 0.0000000000
37517  11.262  -45.205  46.804 0.0000000000
36351  11.557  -45.762  47.860 0.0000000000
36334  11.435  -46.366  49.774 0.0000000000
35215  11.441  -46.850  50.710 0.0000000000
35207  10.539  -46.527  51.697 0.0000000000
35206  11.072  -46.879  51.281 0.0000000000
70920  45.949  -16.869  21.143 0.0000000000
70922  44.992  -17.974  20.564 0.0000000000
70921  45.077  -17.125  20.868 0.0000000000
69924  45.364  -16.678  23.206 0.0000000000
69916  44.798  -17.123  24.157 0.0000000000
67763  43.525  -18.904  22.702 0.0000000000
67755  44.022  -18.920  23.341 0.0000000000
66650  44.119  -19.699  23.793 0.0000000000
67754  44.457  -18.870  24.015 0.0000000000
66632  45.758  -19.536  25.550 0.0000000000
67734  46.130  -19.218  25.722 0.0000000000
66613  46.634  -19.582  26.687 0.0000000000
66567  45.939  -20.535  28.256 0.0000000000
65314  45.538  -20.656  27.635 0.0000000000
67664  45.845  -19.809  31.763 0.0000000000
49466  35.947  -34.239  31.162 0.0000000000
50510  36.352  -34.143  31.494 0.0000000000
49453  37.342  -34.766  32.731 0.0000000000
47138  34.485  -36.542  33.171 0.0000000000
47136  36.192  -36.191  33.479 0.0000000000
48363  36.269  -35.808  32.930 0.0000000000
49441  36.867  -35.326  32.976 0.0000000000
49440  37.450  -35.001  33.139 0.0000000000
49423  38.824  -35.226  34.146 0.0000000000
48316  39.041  -36.185  35.509 0.0000000000
49391  39.569  -35.599  35.532 0.0000000000
49376  40.604  -35.526  36.239 0.0000000000
48291  40.828  -35.835  36.766 0.0000000000
48270  41.086  -36.053  37.535 0.0000000000
43420  35.361  -39.799  37.735 0.0000000000
44703  36.183  -39.584  36.912 0.0000000000
43435  37.646  -39.769  36.572 0.0000000000
43384  37.661  -40.454  40.010 0.0000000000
43403  37.802  -40.334  38.814 0.0000000000
42252  38.474  -40.580  38.972 0.0000000000
43434  38.427  -39.843  36.770 0.0000000000
44720  39.119  -39.141  36.446 0.0000000000
45914  39.798  -38.289  36.700 0.0000000000
44685  40.620  -38.644  38.070 0.0000000000
45897  40.293  -37.851  37.532 0.0000000000
47067  40.477  -36.835  37.738 0.0000000000
47066  41.170  -36.650  38.150 0.0000000000
47065  41.625  -36.692  38.337 0.0000000000
42151  30.465  -40.390  47.549 0.0000000000
43239  29.434  -39.359  48.230 0.0000000000
44548  28.130  -38.562  47.527 0.0000000000
44533  27.803  -38.786  48.179 0.0000000000
44536  24.880  -39.039  47.913 0.0000000000
45781  24.419  -38.146  44.894 0.0000000000
45765  24.627  -37.869  45.806 0.0000000000
45752  25.168  -38.018  46.287 0.0000000000
44537  24.308  -39.441  47.895 0.0000000000
43257  23.276  -39.483  47.392 0.0000000000
43258  22.690  -39.709  47.454 0.0000000000
44554  22.285  -39.570  46.883 0.0000000000
43259  21.666  -39.874  47.113 0.0000000000
47008  21.306  -37.353  40.647 0.0000000000
45843  21.167  -37.623  41.327 0.0000000000
47057  18.898  -37.400  38.147 0.0000000000
45867  18.124  -38.587  40.028 0.0000000000
45815  20.654  -38.555  43.277 0.0000000000
44607  20.266  -38.793  43.549 0.0000000000
44595  20.083  -39.325  44.511 0.0000000000
44583  20.370  -39.596  45.110 0.0000000000
43284  19.937  -40.026  45.166 0.0000000000
42164  19.333  -41.132  46.645 0.0000000000
42165  18.844  -41.424  46.368 0.0000000000
41047  16.641  -41.945  45.895 0.0000000000
41048  15.960  -42.057  45.671 0.0000000000
42209  14.668  -40.900  42.081 0.0000000000
42189  15.542  -41.442  44.431 0.0000000000
41049  15.231  -41.913  45.298 0.0000000000
41040  15.411  -42.263  46.197 0.0000000000
41041  14.697  -42.446  45.813 0.0000000000
39862  13.306  -42.943  45.939 0.0000000000
39863  12.626  -43.438  45.441 0.0000000000
38755  11.039  -43.580  44.447 0.0000000000
38736  11.161  -43.962  45.101 0.0000000000
38720  11.057  -44.471  45.653 0.0000000000
39864  9.125  -43.009  46.629 0.0000000000
39846  8.845  -43.040  47.444 0.0000000000
43439  30.013  -38.668  37.150 0.0000000000
43424  31.267  -39.279  37.805 0.0000000000
43369  30.186  -39.705  40.333 0.0000000000
44631  28.007  -38.231  41.302 0.0000000000
44618  28.172  -38.716  42.063 0.0000000000
44617  29.034  -38.859  42.559 0.0000000000
44578  30.543  -38.676  45.338 0.0000000000
44579  29.663  -38.591  45.503 0.0000000000
44563  30.344  -38.645  46.130 0.0000000000
40994  21.186  -41.215  49.656 0.0000000000
37490  13.407  -45.318  50.084 0.0000000000
36324  13.269  -46.035  50.472 0.0000000000
37477  13.733  -45.647  50.520 0.0000000000
81891  62.405  -6.385  16.985 0.0000000000
78464  57.732  -9.107  16.420 0.0000000000
79567  57.855  -8.925  16.872 0.0000000000
79544  58.450  -8.792  18.517 0.0000000000
79543  59.136  -8.427  18.740 0.0000000000
79531  59.962  -8.082  19.413 0.0000000000
78418  60.138  -8.869  19.984 0.0000000000
77417  57.809  -10.003  20.367 0.0000000000
77416  58.512  -9.761  20.478 0.0000000000
77397  59.330  -10.349  21.746 0.0000000000
77404  59.580  -9.771  21.336 0.0000000000
78419  59.882  -8.960  20.273 0.0000000000
78407  60.374  -9.223  20.701 0.0000000000
77403  61.439  -9.363  21.507 0.0000000000
75187  51.227  -12.398  17.583 0.0000000000
72997  48.910  -14.629  17.617 0.0000000000
72995  50.871  -13.777  18.131 0.0000000000
74067  53.489  -13.179  20.027 0.0000000000
74046  54.481  -13.417  21.125 0.0000000000
72951  54.583  -13.492  21.630 0.0000000000
70906  47.871  -16.831  22.538 0.0000000000
70905  48.709  -16.435  22.656 0.0000000000
70879  49.058  -16.273  24.378 0.0000000000
70904  49.423  -16.088  22.636 0.0000000000
71924  50.964  -15.471  23.089 0.0000000000
72884  50.485  -14.872  26.541 0.0000000000
72898  50.773  -14.568  26.253 0.0000000000
72912  50.535  -14.750  25.786 0.0000000000
72896  52.147  -14.096  26.635 0.0000000000
72911  51.164  -14.437  25.767 0.0000000000
72922  51.033  -14.744  25.175 0.0000000000
72930  51.340  -14.685  24.697 0.0000000000
71912  51.491  -14.753  23.950 0.0000000000
71923  51.757  -14.781  23.358 0.0000000000
73988  53.996  -13.653  24.652 0.0000000000
74005  54.214  -13.624  23.658 0.0000000000
73986  55.703  -13.027  24.290 0.0000000000
64059  40.937  -21.931  23.024 0.0000000000
64018  42.343  -21.788  24.863 0.0000000000
65365  40.644  -22.694  25.989 0.0000000000
65319  41.515  -21.648  27.763 0.0000000000
65362  42.172  -21.704  25.737 0.0000000000
65296  43.551  -20.923  28.065 0.0000000000
66569  44.113  -20.791  28.767 0.0000000000
66546  43.807  -20.258  29.485 0.0000000000
66530  44.543  -19.996  30.243 0.0000000000
66501  44.999  -20.067  31.803 0.0000000000
51592  38.197  -33.245  32.278 0.0000000000
52697  37.825  -32.333  31.729 0.0000000000
53832  38.460  -31.671  31.680 0.0000000000
56028  39.906  -29.006  29.267 0.0000000000
54948  40.671  -29.682  30.365 0.0000000000
54959  40.388  -29.284  29.899 0.0000000000
57141  41.672  -27.452  29.681 0.0000000000
58201  42.280  -26.539  30.089 0.0000000000
49358  42.412  -34.978  37.788 0.0000000000
50426  42.660  -34.395  36.786 0.0000000000
50441  42.492  -34.172  36.120 0.0000000000
51519  43.329  -33.930  36.707 0.0000000000
51534  43.121  -33.834  35.972 0.0000000000
51550  43.267  -33.007  35.039 0.0000000000
52653  43.419  -32.546  34.629 0.0000000000
54874  45.839  -29.945  36.186 0.0000000000
53768  45.454  -31.348  35.791 0.0000000000
53800  43.721  -30.872  33.752 0.0000000000
55992  42.771  -28.711  31.881 0.0000000000
57103  43.832  -28.089  32.654 0.0000000000
57112  43.430  -27.746  32.033 0.0000000000
57113  42.847  -28.074  31.605 0.0000000000
58190  42.747  -26.722  30.778 0.0000000000
60364  42.667  -24.588  30.505 0.0000000000
60355  43.327  -25.040  31.962 0.0000000000
60347  43.384  -24.319  32.044 0.0000000000
61491  42.638  -23.644  31.218 0.0000000000
62695  42.458  -22.883  31.895 0.0000000000
62680  42.964  -22.778  32.528 0.0000000000
63929  43.042  -22.247  32.294 0.0000000000
59225  44.857  -25.229  35.202 0.0000000000
61452  44.331  -23.789  34.459 0.0000000000
61435  44.292  -23.610  35.830 0.0000000000
61442  44.164  -23.432  35.033 0.0000000000
61453  43.996  -23.360  34.085 0.0000000000
62662  43.379  -22.649  33.768 0.0000000000
63919  43.286  -22.019  33.422 0.0000000000
65234  43.316  -21.742  32.845 0.0000000000
65233  43.414  -21.437  32.753 0.0000000000
66491  43.873  -20.460  33.092 0.0000000000
66481  43.766  -20.089  34.092 0.0000000000
66490  44.310  -20.134  32.737 0.0000000000
79672  59.441  -7.690  7.120 0.0000000000
80781  58.717  -7.936  8.300 0.0000000000
79651  58.978  -7.804  7.863 0.0000000000
79650  60.158  -8.382  8.037 0.0000000000
80780  60.893  -8.223  8.995 0.0000000000
80759  61.805  -7.427  9.632 0.0000000000
81962  60.612  -7.114  10.406 0.0000000000
81969  61.379  -6.915  9.877 0.0000000000
81967  62.700  -7.079  10.597 0.0000000000
81958  63.322  -6.903  11.398 0.0000000000
83113  62.970  -6.370  12.560 0.0000000000
81940  63.370  -6.414  12.933 0.0000000000
34127  13.907  -46.962  51.258 0.0000000000
36313  14.139  -46.064  51.316 0.0000000000
36359  11.702  -45.267  47.060 0.0000000000
36360  11.360  -45.484  47.276 0.0000000000
36361  11.029  -45.626  47.549 0.0000000000
37499  13.658  -44.311  49.319 0.0000000000
38662  14.206  -44.558  50.237 0.0000000000
38686  14.751  -43.371  49.506 0.0000000000
39800  18.448  -43.235  49.510 0.0000000000
39815  17.340  -42.922  49.032 0.0000000000
39828  16.810  -42.597  48.459 0.0000000000
39829  15.201  -42.781  48.594 0.0000000000
40999  16.311  -42.581  48.413 0.0000000000
41020  31.339  -40.833  46.709 0.0000000000
41059  14.259  -41.806  44.135 0.0000000000
42155  17.957  -41.879  47.383 0.0000000000
42256  39.619  -40.333  37.748 0.0000000000
43227  26.927  -39.830  48.745 0.0000000000
43248  20.913  -40.639  48.031 0.0000000000
43270  31.514  -39.487  46.605 0.0000000000
43282  32.712  -39.626  45.667 0.0000000000
43382  40.394  -40.103  38.501 0.0000000000
44544  30.726  -38.814  46.527 0.0000000000
44547  28.832  -38.635  47.523 0.0000000000
44565  24.778  -38.223  46.335 0.0000000000
44593  21.658  -38.701  44.240 0.0000000000
44606  20.777  -38.600  43.609 0.0000000000
45747  28.948  -38.664  47.070 0.0000000000
45784  22.479  -38.627  44.584 0.0000000000
45812  22.785  -37.806  43.126 0.0000000000
47048  41.412  -37.042  38.428 0.0000000000
47129  35.110  -36.714  33.889 0.0000000000
49373  42.146  -34.980  37.043 0.0000000000
49388  41.365  -34.888  36.112 0.0000000000
49404  40.557  -34.997  35.443 0.0000000000
49473  36.084  -33.927  30.852 0.0000000000
49474  35.529  -34.154  30.683 0.0000000000
50407  42.924  -34.322  37.623 0.0000000000
51564  43.145  -32.672  34.519 0.0000000000
51579  39.906  -33.114  33.062 0.0000000000
51608  36.886  -32.883  31.406 0.0000000000
52619  44.604  -32.610  36.781 0.0000000000
52635  45.168  -31.975  36.245 0.0000000000
52652  43.981  -32.302  34.945 0.0000000000
52684  40.014  -32.459  32.656 0.0000000000
54975  39.511  -29.195  29.152 0.0000000000
56010  41.105  -29.061  30.269 0.0000000000
58211  41.657  -26.238  28.767 0.0000000000
59272  42.212  -25.518  30.011 0.0000000000
60299  44.696  -24.439  35.867 0.0000000000
60316  44.521  -24.418  34.604 0.0000000000
60346  43.711  -24.556  32.503 0.0000000000
61443  43.923  -22.952  34.691 0.0000000000
62733  41.123  -22.644  28.256 0.0000000000
63920  43.255  -21.980  33.049 0.0000000000
63928  43.165  -22.326  32.886 0.0000000000
63943  41.471  -22.163  30.372 0.0000000000
64037  43.585  -21.262  24.133 0.0000000000
65199  43.799  -21.239  35.011 0.0000000000
65219  43.534  -21.150  34.523 0.0000000000
65226  43.312  -21.676  33.272 0.0000000000
65243  43.352  -21.511  32.091 0.0000000000
65278  41.451  -20.833  30.221 0.0000000000
65345  40.809  -22.775  26.289 0.0000000000
65391  43.710  -20.482  23.546 0.0000000000
66469  43.732  -20.814  34.639 0.0000000000
66593  42.846  -20.720  28.091 0.0000000000
68840  46.913  -17.965  25.227 0.0000000000
70846  48.585  -16.669  26.766 0.0000000000
70866  47.358  -16.944  24.948 0.0000000000
70891  49.675  -16.089  23.196 0.0000000000
71922  52.151  -14.650  23.034 0.0000000000
72913  50.269  -14.791  25.922 0.0000000000
75147  57.649  -11.264  20.565 0.0000000000
76304  59.428  -10.527  21.918 0.0000000000
77384  60.129  -10.296  22.188 0.0000000000
78398  60.176  -9.499  21.899 0.0000000000
78406  60.884  -9.319  20.925 0.0000000000
78409  59.493  -9.642  20.955 0.0000000000
78416  61.633  -9.501  18.730 0.0000000000
78553  61.223  -8.429  7.934 0.0000000000
78592  61.983  -8.191  6.460 0.0000000000
78594  60.857  -7.968  5.768 0.0000000000
79509  60.658  -9.379  19.548 0.0000000000
79510  60.502  -9.280  19.787 0.0000000000
79521  60.002  -8.508  19.690 0.0000000000
79582  60.272  -7.868  14.455 0.0000000000
79632  59.008  -7.910  8.424 0.0000000000
79670  61.727  -8.021  7.728 0.0000000000
79673  58.760  -7.377  7.065 0.0000000000
79684  61.989  -7.966  7.355 0.0000000000
81932  62.599  -6.210  13.538 0.0000000000
81941  62.596  -6.357  13.189 0.0000000000
81948  63.397  -6.736  12.336 0.0000000000
81966  63.146  -7.015  10.835 0.0000000000
83103  62.587  -6.124  13.830 0.0000000000
83108  63.028  -6.062  13.017 0.0000000000
83114  62.925  -6.354  12.755 0.0000000000
