#!ascii label  , from subject 3222 vox2ras=TkReg
568
82532  23.171  -5.613  -30.355 0.0000000000
90064  29.931  1.224  -32.245 0.0000000000
100111  26.056  11.441  -35.405 0.0000000000
96608  19.874  7.460  -31.015 0.0000000000
74664  23.936  -12.171  -29.601 0.0000000000
78040  27.113  -9.377  -30.914 0.0000000000
84816  25.671  -3.100  -32.332 0.0000000000
91192  23.747  2.470  -34.110 0.0000000000
95513  27.444  6.611  -32.922 0.0000000000
101954  32.522  12.363  -34.468 0.0000000000
105935  26.557  15.849  -36.405 0.0000000000
79072  23.584  -8.633  -29.906 0.0000000000
76930  26.052  -10.752  -30.547 0.0000000000
80202  25.405  -7.683  -30.974 0.0000000000
89054  22.722  0.797  -31.706 0.0000000000
92242  21.512  3.074  -31.582 0.0000000000
97803  22.724  9.095  -33.152 0.0000000000
96648  24.059  7.241  -33.862 0.0000000000
98987  26.859  9.556  -33.949 0.0000000000
98984  29.516  9.771  -32.612 0.0000000000
101942  29.650  12.192  -33.539 0.0000000000
107037  23.759  18.447  -34.174 0.0000000000
105909  23.295  16.531  -33.665 0.0000000000
108293  25.858  18.109  -36.414 0.0000000000
88043  28.179  -0.615  -32.179 0.0000000000
84813  28.822  -3.782  -32.170 0.0000000000
87015  30.076  -2.011  -33.444 0.0000000000
101067  22.211  11.682  -32.420 0.0000000000
92253  31.494  3.921  -33.875 0.0000000000
85867  22.377  -2.871  -30.440 0.0000000000
83681  24.428  -4.530  -31.529 0.0000000000
86977  23.570  -1.782  -32.001 0.0000000000
88065  25.046  -0.271  -33.696 0.0000000000
91144  26.343  2.080  -33.417 0.0000000000
93338  22.229  4.609  -32.442 0.0000000000
93354  26.172  4.420  -33.618 0.0000000000
92237  29.319  3.836  -32.038 0.0000000000
94396  31.355  6.326  -32.925 0.0000000000
102847  22.511  13.839  -33.175 0.0000000000
102877  25.634  13.769  -35.568 0.0000000000
109433  28.322  18.969  -38.510 0.0000000000
107066  29.230  17.591  -36.118 0.0000000000
104805  29.108  14.780  -34.848 0.0000000000
104821  32.603  15.465  -35.498 0.0000000000
82550  26.499  -5.455  -31.710 0.0000000000
83640  22.144  -4.832  -29.366 0.0000000000
81317  21.864  -6.419  -29.129 0.0000000000
80181  22.755  -7.387  -29.991 0.0000000000
79094  24.159  -8.532  -30.154 0.0000000000
81338  24.025  -6.690  -30.891 0.0000000000
99002  24.553  10.502  -34.415 0.0000000000
98989  25.179  9.380  -34.264 0.0000000000
99000  25.782  10.079  -34.788 0.0000000000
101063  27.257  11.228  -33.363 0.0000000000
101945  27.038  12.176  -34.260 0.0000000000
108267  25.203  19.419  -35.023 0.0000000000
108280  24.754  18.253  -34.997 0.0000000000
108278  26.344  19.234  -36.271 0.0000000000
89049  29.080  0.141  -32.231 0.0000000000
86996  28.462  -1.633  -32.134 0.0000000000
88041  30.222  -0.841  -33.242 0.0000000000
98945  20.069  10.561  -31.012 0.0000000000
101056  19.495  11.928  -30.500 0.0000000000
76934  22.516  -10.263  -29.050 0.0000000000
74665  23.119  -11.978  -29.294 0.0000000000
73542  24.158  -13.002  -29.326 0.0000000000
74645  25.320  -12.860  -29.078 0.0000000000
78041  26.337  -9.813  -30.853 0.0000000000
75767  26.984  -11.378  -29.553 0.0000000000
84800  23.018  -3.131  -31.277 0.0000000000
86956  22.523  -1.556  -30.712 0.0000000000
90068  23.391  1.363  -33.006 0.0000000000
88067  23.856  0.080  -33.406 0.0000000000
90066  24.520  1.370  -33.750 0.0000000000
89074  25.431  0.516  -33.472 0.0000000000
91165  25.680  2.170  -33.897 0.0000000000
93321  20.792  4.867  -31.299 0.0000000000
95477  21.073  6.155  -31.928 0.0000000000
95515  25.758  6.354  -34.014 0.0000000000
95516  24.745  6.205  -34.088 0.0000000000
94414  26.332  5.486  -33.571 0.0000000000
92255  27.343  4.285  -32.853 0.0000000000
94412  27.972  5.696  -32.497 0.0000000000
94398  29.952  5.537  -31.987 0.0000000000
95495  29.063  6.723  -31.638 0.0000000000
100098  31.974  11.060  -33.583 0.0000000000
98982  31.593  9.476  -33.151 0.0000000000
104829  24.893  15.678  -35.136 0.0000000000
104795  23.895  15.292  -33.288 0.0000000000
103808  24.427  14.326  -34.353 0.0000000000
102864  24.135  13.538  -34.225 0.0000000000
103829  25.910  14.736  -35.447 0.0000000000
105934  29.092  16.210  -35.492 0.0000000000
107054  30.927  17.348  -35.470 0.0000000000
104803  30.903  15.037  -34.698 0.0000000000
83697  25.062  -3.796  -32.071 0.0000000000
82551  25.571  -5.370  -31.580 0.0000000000
83696  25.896  -4.015  -32.027 0.0000000000
83692  29.515  -4.796  -32.969 0.0000000000
82566  28.672  -5.909  -32.703 0.0000000000
78025  22.658  -9.462  -29.298 0.0000000000
76932  24.133  -10.426  -29.761 0.0000000000
75769  25.492  -11.483  -29.919 0.0000000000
78023  24.618  -9.717  -29.922 0.0000000000
78042  25.633  -9.415  -30.922 0.0000000000
79110  26.145  -8.914  -31.482 0.0000000000
89029  22.106  0.697  -30.969 0.0000000000
90044  22.131  1.564  -31.459 0.0000000000
91169  22.735  2.513  -32.898 0.0000000000
97785  21.102  8.170  -32.297 0.0000000000
95496  22.374  6.730  -32.924 0.0000000000
97783  22.672  8.283  -33.041 0.0000000000
97800  25.537  8.369  -34.074 0.0000000000
97798  27.256  8.545  -33.323 0.0000000000
97796  29.011  8.866  -32.503 0.0000000000
98985  28.134  10.124  -32.582 0.0000000000
101077  29.903  11.505  -32.927 0.0000000000
102843  31.152  12.595  -33.488 0.0000000000
107026  22.570  17.372  -32.171 0.0000000000
107047  23.313  17.291  -34.285 0.0000000000
107057  24.896  17.522  -35.263 0.0000000000
105956  26.169  16.953  -36.711 0.0000000000
85905  26.402  -2.290  -32.270 0.0000000000
84815  26.640  -3.324  -32.035 0.0000000000
85904  27.501  -2.472  -31.822 0.0000000000
85902  29.439  -3.132  -32.996 0.0000000000
97774  19.195  8.108  -30.684 0.0000000000
98963  19.711  9.294  -31.027 0.0000000000
100092  22.279  10.148  -32.640 0.0000000000
101094  23.733  11.690  -33.965 0.0000000000
74662  25.762  -12.062  -29.616 0.0000000000
91163  30.677  2.352  -33.094 0.0000000000
89090  31.024  0.961  -34.157 0.0000000000
83639  22.564  -4.653  -30.115 0.0000000000
82531  23.847  -5.480  -30.839 0.0000000000
84778  23.295  -4.288  -31.014 0.0000000000
84799  23.637  -3.749  -31.588 0.0000000000
85907  24.714  -2.165  -32.815 0.0000000000
88018  23.393  -0.975  -32.000 0.0000000000
87000  24.505  -1.584  -32.899 0.0000000000
85923  25.075  -1.615  -32.932 0.0000000000
88045  26.164  -0.324  -32.830 0.0000000000
89051  26.815  0.484  -32.580 0.0000000000
90039  28.896  1.318  -32.306 0.0000000000
92241  22.104  3.530  -32.404 0.0000000000
92259  23.163  3.407  -33.665 0.0000000000
95518  23.034  5.931  -33.239 0.0000000000
94431  23.830  4.423  -34.150 0.0000000000
93370  24.781  3.373  -34.246 0.0000000000
92257  26.219  3.125  -33.681 0.0000000000
92239  27.043  2.922  -32.915 0.0000000000
91141  29.031  2.635  -32.009 0.0000000000
92236  30.418  4.073  -32.356 0.0000000000
93334  31.254  5.383  -33.032 0.0000000000
97782  30.655  8.026  -32.297 0.0000000000
101947  22.411  12.937  -33.153 0.0000000000
101962  24.065  12.728  -34.331 0.0000000000
101974  25.853  12.621  -36.075 0.0000000000
107085  26.946  17.943  -37.711 0.0000000000
105972  27.059  17.178  -37.525 0.0000000000
108291  28.577  18.154  -37.247 0.0000000000
105954  27.816  16.282  -36.898 0.0000000000
104826  27.134  15.007  -36.077 0.0000000000
103826  27.841  14.512  -35.515 0.0000000000
102861  27.499  13.399  -35.062 0.0000000000
102859  29.222  13.275  -34.368 0.0000000000
103802  31.669  14.093  -34.402 0.0000000000
102874  32.848  13.818  -35.324 0.0000000000
82530  24.557  -5.923  -31.232 0.0000000000
81336  25.977  -7.004  -31.044 0.0000000000
80232  26.927  -7.506  -32.262 0.0000000000
82568  27.224  -5.261  -32.075 0.0000000000
81370  28.089  -6.717  -32.604 0.0000000000
82511  22.598  -5.638  -29.785 0.0000000000
82512  22.031  -5.611  -29.255 0.0000000000
81316  22.495  -6.702  -29.679 0.0000000000
81339  23.186  -6.451  -30.261 0.0000000000
80204  23.533  -7.648  -30.331 0.0000000000
100100  25.689  11.136  -35.012 0.0000000000
99001  25.040  10.318  -34.545 0.0000000000
100099  26.214  10.871  -34.864 0.0000000000
101081  26.611  11.378  -34.437 0.0000000000
101091  26.365  11.682  -35.321 0.0000000000
90038  29.749  0.737  -32.431 0.0000000000
89048  29.880  0.135  -32.987 0.0000000000
75771  23.595  -11.254  -29.501 0.0000000000
75772  22.681  -11.196  -28.982 0.0000000000
73541  24.861  -13.120  -29.179 0.0000000000
74663  25.034  -12.357  -29.475 0.0000000000
78020  26.889  -9.785  -30.122 0.0000000000
78019  28.039  -9.549  -30.056 0.0000000000
86957  22.022  -1.215  -30.219 0.0000000000
91168  23.275  2.307  -33.416 0.0000000000
90067  23.834  1.356  -33.566 0.0000000000
91167  23.976  1.947  -34.144 0.0000000000
90065  25.214  1.380  -33.668 0.0000000000
91166  24.791  2.247  -34.130 0.0000000000
94383  20.834  5.727  -31.557 0.0000000000
95478  20.602  6.643  -31.484 0.0000000000
95514  26.590  6.503  -33.466 0.0000000000
94413  27.095  5.643  -32.996 0.0000000000
94399  28.950  5.730  -31.844 0.0000000000
95512  28.329  6.684  -32.316 0.0000000000
101089  32.316  11.605  -33.887 0.0000000000
104807  24.501  15.293  -34.617 0.0000000000
104828  25.687  15.544  -35.407 0.0000000000
103830  24.998  14.608  -35.312 0.0000000000
104827  26.448  15.366  -35.876 0.0000000000
108275  31.719  18.008  -35.706 0.0000000000
107053  31.951  17.140  -35.569 0.0000000000
82564  30.357  -5.244  -33.153 0.0000000000
82565  29.604  -5.463  -32.924 0.0000000000
79073  22.936  -8.416  -29.815 0.0000000000
79074  22.105  -8.773  -29.213 0.0000000000
78024  23.716  -9.325  -29.739 0.0000000000
78044  24.345  -9.186  -30.010 0.0000000000
80203  24.526  -7.634  -30.695 0.0000000000
79093  25.069  -8.479  -30.662 0.0000000000
79092  25.771  -8.420  -31.105 0.0000000000
91147  21.556  2.138  -31.324 0.0000000000
90045  21.585  1.651  -31.039 0.0000000000
91146  22.184  2.426  -32.340 0.0000000000
97784  22.158  8.643  -32.834 0.0000000000
98988  26.011  9.316  -34.231 0.0000000000
97801  24.529  8.411  -33.973 0.0000000000
97799  26.417  8.452  -33.786 0.0000000000
98986  27.427  9.542  -33.105 0.0000000000
101079  27.876  11.672  -33.226 0.0000000000
100088  28.206  10.980  -32.845 0.0000000000
101078  28.906  11.502  -33.178 0.0000000000
101941  30.577  12.125  -33.252 0.0000000000
102844  30.445  12.818  -33.599 0.0000000000
108259  23.613  19.113  -33.545 0.0000000000
108260  23.116  18.510  -33.223 0.0000000000
107025  22.933  17.865  -32.653 0.0000000000
105897  22.884  17.295  -33.250 0.0000000000
107038  23.069  17.911  -33.858 0.0000000000
107056  25.636  17.382  -36.090 0.0000000000
107069  26.078  17.671  -36.741 0.0000000000
86997  27.217  -1.405  -31.949 0.0000000000
86995  29.624  -1.872  -33.079 0.0000000000
85922  30.112  -2.512  -33.418 0.0000000000
84828  30.149  -3.679  -33.701 0.0000000000
97762  17.908  8.294  -30.269 0.0000000000
98948  17.789  9.024  -30.396 0.0000000000
98964  19.158  8.800  -30.748 0.0000000000
98947  18.711  9.675  -30.406 0.0000000000
100066  20.452  11.022  -31.012 0.0000000000
100078  22.035  10.706  -32.253 0.0000000000
100091  22.722  10.604  -32.864 0.0000000000
101082  23.114  11.594  -33.150 0.0000000000
76931  25.158  -10.507  -30.009 0.0000000000
75768  26.330  -11.599  -29.760 0.0000000000
74643  27.125  -12.124  -28.754 0.0000000000
91162  31.284  2.838  -33.872 0.0000000000
85845  22.080  -3.351  -29.764 0.0000000000
84756  22.312  -3.917  -29.953 0.0000000000
84779  22.859  -3.945  -30.747 0.0000000000
85890  23.046  -2.250  -31.287 0.0000000000
85889  23.603  -2.693  -31.897 0.0000000000
84818  24.139  -2.973  -32.478 0.0000000000
85908  24.127  -2.097  -32.513 0.0000000000
88047  22.966  0.254  -32.046 0.0000000000
88019  22.655  -0.369  -31.266 0.0000000000
88066  24.416  -0.112  -33.664 0.0000000000
87019  24.026  -0.516  -33.253 0.0000000000
87018  24.593  -0.905  -33.278 0.0000000000
85924  24.852  -1.439  -32.971 0.0000000000
87017  25.151  -0.969  -33.180 0.0000000000
87016  25.646  -0.855  -32.993 0.0000000000
88064  25.557  -0.261  -33.264 0.0000000000
90042  25.901  1.313  -33.479 0.0000000000
89052  26.038  0.495  -33.101 0.0000000000
90041  26.570  1.298  -33.000 0.0000000000
90040  27.516  1.299  -32.597 0.0000000000
94401  21.510  5.393  -31.947 0.0000000000
93339  21.525  4.188  -31.703 0.0000000000
93358  22.722  3.959  -33.082 0.0000000000
96649  23.116  7.024  -33.490 0.0000000000
95517  23.761  6.083  -33.854 0.0000000000
94415  25.459  5.247  -34.029 0.0000000000
94416  24.389  4.987  -34.155 0.0000000000
93356  24.521  4.318  -34.200 0.0000000000
94430  24.254  4.391  -34.198 0.0000000000
93355  25.166  4.042  -34.115 0.0000000000
92258  25.279  2.978  -34.187 0.0000000000
92256  26.914  3.866  -33.089 0.0000000000
92238  27.928  3.684  -32.451 0.0000000000
91140  30.206  3.006  -32.287 0.0000000000
94397  30.637  5.908  -32.336 0.0000000000
93335  30.592  5.001  -32.392 0.0000000000
94411  31.757  5.895  -33.805 0.0000000000
96642  29.458  8.275  -32.139 0.0000000000
97795  29.975  8.708  -32.172 0.0000000000
105910  22.680  16.108  -32.894 0.0000000000
105911  22.422  15.731  -32.798 0.0000000000
103788  23.273  14.410  -33.349 0.0000000000
103789  22.382  14.645  -32.945 0.0000000000
102848  22.004  14.122  -32.741 0.0000000000
101948  21.960  13.507  -32.737 0.0000000000
101933  21.489  12.728  -32.190 0.0000000000
102863  24.865  13.550  -34.964 0.0000000000
102862  25.407  12.951  -35.438 0.0000000000
101961  25.114  12.564  -34.800 0.0000000000
102876  26.465  13.452  -35.753 0.0000000000
108325  27.311  18.821  -38.971 0.0000000000
108307  27.345  18.349  -38.274 0.0000000000
107084  27.490  17.729  -37.649 0.0000000000
108290  29.346  18.487  -36.781 0.0000000000
107067  28.648  17.532  -36.833 0.0000000000
105970  28.259  16.845  -37.159 0.0000000000
104846  27.471  15.671  -36.486 0.0000000000
105953  28.570  16.552  -36.279 0.0000000000
104824  29.485  15.623  -35.008 0.0000000000
104825  28.225  15.188  -35.656 0.0000000000
104806  28.511  14.545  -35.101 0.0000000000
103807  27.420  13.802  -35.321 0.0000000000
103805  28.800  14.039  -34.781 0.0000000000
102860  28.240  13.388  -34.688 0.0000000000
103804  29.694  14.149  -34.443 0.0000000000
104822  31.622  15.457  -35.061 0.0000000000
103825  31.463  14.693  -34.677 0.0000000000
103824  32.264  14.520  -34.979 0.0000000000
103823  33.055  14.622  -35.612 0.0000000000
83658  23.645  -4.577  -31.109 0.0000000000
82553  24.467  -5.297  -31.260 0.0000000000
81355  25.806  -6.223  -31.483 0.0000000000
81354  26.675  -6.764  -31.771 0.0000000000
81335  26.303  -7.391  -31.407 0.0000000000
84814  27.790  -3.619  -31.699 0.0000000000
83694  27.857  -4.670  -31.941 0.0000000000
81369  29.000  -6.634  -32.646 0.0000000000
80230  28.282  -7.624  -32.303 0.0000000000
79123  27.789  -8.111  -32.304 0.0000000000
79095  23.528  -8.314  -30.068 0.0000000000
98991  23.226  9.675  -33.187 0.0000000000
98990  24.154  9.771  -34.037 0.0000000000
98999  26.391  9.977  -34.627 0.0000000000
98973  27.182  10.084  -33.480 0.0000000000
101065  26.700  10.774  -34.152 0.0000000000
101080  27.097  11.724  -33.714 0.0000000000
101944  27.767  12.234  -33.934 0.0000000000
108268  24.588  18.963  -34.494 0.0000000000
108279  25.690  18.706  -35.556 0.0000000000
108292  26.534  18.566  -36.931 0.0000000000
88042  29.202  -0.789  -32.755 0.0000000000
86994  30.146  -1.461  -33.321 0.0000000000
101042  19.450  11.491  -30.627 0.0000000000
101054  20.936  11.973  -31.183 0.0000000000
76913  21.969  -10.523  -28.629 0.0000000000
74666  22.702  -11.915  -28.942 0.0000000000
73525  24.355  -13.653  -28.912 0.0000000000
73524  25.258  -13.367  -28.620 0.0000000000
76947  25.885  -10.115  -30.879 0.0000000000
76929  26.886  -10.684  -29.850 0.0000000000
86978  23.141  -1.371  -31.373 0.0000000000
89053  23.196  0.774  -32.483 0.0000000000
89077  23.686  0.675  -33.107 0.0000000000
89076  24.224  0.655  -33.555 0.0000000000
89075  24.839  0.578  -33.667 0.0000000000
96647  25.108  7.324  -34.125 0.0000000000
93353  26.901  4.752  -33.136 0.0000000000
93352  27.660  4.803  -32.779 0.0000000000
93337  28.596  4.763  -32.357 0.0000000000
93336  29.660  4.810  -32.097 0.0000000000
94381  29.569  5.972  -31.601 0.0000000000
95474  30.284  6.335  -31.993 0.0000000000
100086  30.290  10.634  -32.683 0.0000000000
98983  30.693  9.609  -32.621 0.0000000000
100085  31.453  10.543  -33.190 0.0000000000
100097  32.286  10.506  -34.045 0.0000000000
105908  24.069  15.697  -34.034 0.0000000000
104796  22.938  15.445  -32.900 0.0000000000
103787  24.173  14.500  -33.511 0.0000000000
103809  23.928  13.918  -33.746 0.0000000000
102846  23.096  13.491  -34.076 0.0000000000
102878  25.194  13.969  -35.303 0.0000000000
103828  26.495  14.429  -35.672 0.0000000000
108277  29.835  18.239  -35.974 0.0000000000
105952  29.255  16.989  -35.550 0.0000000000
107055  29.932  17.587  -35.499 0.0000000000
105933  30.028  16.624  -35.130 0.0000000000
104823  30.561  15.706  -34.938 0.0000000000
104804  30.066  15.022  -34.462 0.0000000000
105932  31.219  16.430  -35.284 0.0000000000
105931  32.212  16.298  -35.408 0.0000000000
82552  24.863  -5.327  -31.628 0.0000000000
83680  25.286  -4.658  -31.854 0.0000000000
83679  26.059  -4.715  -31.573 0.0000000000
83678  26.453  -4.869  -31.749 0.0000000000
83693  28.870  -4.816  -32.228 0.0000000000
78026  22.029  -9.376  -29.104 0.0000000000
76933  23.213  -10.321  -29.384 0.0000000000
75770  24.558  -11.388  -29.772 0.0000000000
78022  25.238  -9.785  -30.286 0.0000000000
78043  24.873  -9.176  -30.275 0.0000000000
76948  25.631  -10.136  -30.559 0.0000000000
78061  26.131  -9.420  -31.306 0.0000000000
78060  26.601  -9.206  -31.423 0.0000000000
90043  22.871  1.676  -32.410 0.0000000000
91145  22.785  2.248  -32.764 0.0000000000
96607  20.402  7.755  -31.732 0.0000000000
96625  21.017  7.183  -32.173 0.0000000000
96624  21.787  7.493  -32.599 0.0000000000
96623  22.577  7.764  -33.002 0.0000000000
97802  23.238  8.428  -33.404 0.0000000000
96646  26.058  7.412  -33.856 0.0000000000
96645  26.948  7.513  -33.424 0.0000000000
96644  27.885  7.611  -32.941 0.0000000000
97797  28.124  8.714  -32.847 0.0000000000
98971  27.828  10.720  -32.840 0.0000000000
100087  29.120  10.786  -32.626 0.0000000000
101076  30.888  11.411  -33.099 0.0000000000
101940  31.301  12.056  -33.314 0.0000000000
101955  31.972  12.498  -33.642 0.0000000000
107046  23.912  17.746  -34.644 0.0000000000
105921  23.534  16.989  -34.485 0.0000000000
105920  24.159  16.458  -34.812 0.0000000000
105937  25.300  16.497  -35.369 0.0000000000
105936  26.147  16.282  -36.071 0.0000000000
85903  28.609  -2.743  -32.292 0.0000000000
84812  29.473  -4.160  -32.972 0.0000000000
97773  19.780  8.357  -31.182 0.0000000000
97772  20.497  8.760  -31.587 0.0000000000
97771  21.290  9.197  -32.085 0.0000000000
98946  19.637  10.237  -30.863 0.0000000000
98961  21.494  10.054  -31.865 0.0000000000
98974  21.885  9.741  -32.532 0.0000000000
100102  24.223  10.893  -34.245 0.0000000000
100101  24.823  11.031  -34.769 0.0000000000
74644  26.068  -12.497  -28.943 0.0000000000
75752  26.814  -11.857  -29.268 0.0000000000
90063  30.434  1.201  -33.059 0.0000000000
90084  30.828  1.174  -33.929 0.0000000000
83659  23.081  -4.901  -30.609 0.0000000000
83698  24.415  -3.609  -32.108 0.0000000000
84817  24.859  -3.034  -32.624 0.0000000000
88001  22.285  -0.924  -30.616 0.0000000000
88046  23.423  -0.180  -32.609 0.0000000000
87001  23.920  -1.194  -32.766 0.0000000000
85906  25.448  -2.151  -32.752 0.0000000000
86998  26.174  -1.287  -32.653 0.0000000000
88044  26.995  -0.407  -32.223 0.0000000000
89050  27.936  0.359  -32.432 0.0000000000
92260  22.633  3.009  -33.055 0.0000000000
92281  23.730  3.069  -34.195 0.0000000000
95497  21.569  6.469  -32.339 0.0000000000
94400  22.285  5.678  -32.659 0.0000000000
94417  23.485  5.111  -33.768 0.0000000000
94418  22.843  4.925  -33.162 0.0000000000
93357  23.187  4.288  -33.776 0.0000000000
93372  23.572  3.814  -34.160 0.0000000000
92280  24.380  3.087  -34.339 0.0000000000
92279  24.762  2.888  -34.266 0.0000000000
92240  26.635  2.540  -33.247 0.0000000000
91143  26.999  2.064  -32.960 0.0000000000
91142  27.895  2.304  -32.517 0.0000000000
91164  30.045  1.904  -32.226 0.0000000000
92254  30.919  3.421  -33.090 0.0000000000
93351  31.060  4.441  -33.128 0.0000000000
96643  28.877  7.749  -32.195 0.0000000000
96621  30.059  7.840  -31.784 0.0000000000
97794  31.157  8.433  -32.672 0.0000000000
95492  31.382  7.186  -32.873 0.0000000000
104797  22.083  15.355  -32.780 0.0000000000
101932  22.228  12.299  -32.795 0.0000000000
101946  23.167  12.465  -33.659 0.0000000000
101066  22.595  11.865  -32.815 0.0000000000
101093  24.591  11.783  -34.448 0.0000000000
101103  25.777  11.829  -35.617 0.0000000000
109434  26.490  19.610  -37.968 0.0000000000
108308  26.762  18.759  -38.418 0.0000000000
107068  26.576  17.394  -37.168 0.0000000000
105955  26.821  16.288  -37.049 0.0000000000
108306  28.105  18.452  -37.856 0.0000000000
107083  28.118  17.555  -37.427 0.0000000000
105971  27.622  16.856  -37.501 0.0000000000
104847  26.864  15.583  -36.463 0.0000000000
103827  27.305  14.245  -35.571 0.0000000000
102875  27.029  13.362  -35.495 0.0000000000
101973  26.552  12.520  -35.705 0.0000000000
101959  26.772  12.256  -34.959 0.0000000000
101958  27.530  12.738  -34.619 0.0000000000
101957  28.470  12.659  -34.304 0.0000000000
102845  29.735  12.883  -33.883 0.0000000000
102858  30.194  13.496  -34.025 0.0000000000
102857  31.280  13.381  -33.863 0.0000000000
102856  32.332  13.383  -34.523 0.0000000000
104843  33.236  15.612  -36.410 0.0000000000
103842  33.434  14.759  -36.449 0.0000000000
102873  33.285  13.761  -36.077 0.0000000000
101970  33.263  13.220  -36.138 0.0000000000
81337  25.009  -6.790  -31.272 0.0000000000
81356  25.118  -5.963  -31.566 0.0000000000
80201  26.056  -7.737  -31.155 0.0000000000
79091  26.260  -8.192  -31.496 0.0000000000
79109  26.743  -8.496  -31.991 0.0000000000
83695  26.792  -4.484  -31.944 0.0000000000
82567  27.793  -5.700  -32.594 0.0000000000
82549  27.191  -6.076  -31.942 0.0000000000
79124  27.282  -8.109  -32.369 0.0000000000
78058  27.616  -8.798  -31.822 0.0000000000
89073  30.714  0.375  -33.800 0.0000000000
88063  30.845  -0.583  -33.876 0.0000000000
72475  24.589  -14.078  -28.316 0.0000000000
78003  22.117  -9.812  -28.955 0.0000000000
78021  26.500  -10.258  -30.348 0.0000000000
78039  27.761  -8.988  -31.236 0.0000000000
78059  27.230  -9.066  -31.737 0.0000000000
79108  27.469  -8.593  -32.141 0.0000000000
79122  28.034  -8.076  -32.226 0.0000000000
80200  26.287  -7.754  -31.428 0.0000000000
80218  26.550  -7.703  -31.736 0.0000000000
80231  27.594  -7.503  -32.418 0.0000000000
81353  27.019  -6.526  -32.043 0.0000000000
81371  27.250  -6.736  -32.322 0.0000000000
81372  26.921  -7.015  -32.190 0.0000000000
82577  30.361  -4.984  -33.665 0.0000000000
83676  28.677  -4.466  -31.932 0.0000000000
83677  28.439  -4.436  -31.850 0.0000000000
84797  28.675  -4.215  -31.882 0.0000000000
84798  28.346  -4.108  -31.674 0.0000000000
86999  25.428  -1.371  -32.898 0.0000000000
91190  24.533  2.713  -34.258 0.0000000000
91191  24.189  2.589  -34.282 0.0000000000
93371  24.281  3.826  -34.251 0.0000000000
94380  30.133  5.983  -31.876 0.0000000000
94382  29.105  6.148  -31.522 0.0000000000
95475  29.792  6.387  -31.569 0.0000000000
95476  29.352  6.360  -31.484 0.0000000000
95494  29.928  6.952  -31.596 0.0000000000
95498  21.024  6.604  -32.047 0.0000000000
96622  29.250  7.344  -31.904 0.0000000000
97761  18.435  8.620  -30.652 0.0000000000
97781  30.904  8.051  -32.439 0.0000000000
98962  20.600  9.967  -31.290 0.0000000000
98972  27.403  10.384  -32.967 0.0000000000
98992  22.487  9.636  -32.871 0.0000000000
100049  19.708  11.024  -30.905 0.0000000000
100065  21.388  10.841  -31.342 0.0000000000
100074  27.604  10.947  -33.063 0.0000000000
100075  27.184  10.662  -33.410 0.0000000000
100076  27.024  10.401  -33.957 0.0000000000
100077  22.432  11.081  -32.538 0.0000000000
100084  31.890  10.014  -33.508 0.0000000000
100089  26.625  10.461  -34.369 0.0000000000
100090  23.583  10.703  -33.529 0.0000000000
100112  25.935  11.561  -35.584 0.0000000000
101055  19.930  11.825  -30.785 0.0000000000
101064  26.826  11.029  -33.771 0.0000000000
101068  21.769  11.612  -31.750 0.0000000000
101083  22.624  11.358  -32.753 0.0000000000
101090  31.687  11.545  -33.413 0.0000000000
101092  25.365  11.784  -34.949 0.0000000000
101102  26.131  11.816  -35.914 0.0000000000
101931  22.701  12.256  -33.111 0.0000000000
101943  28.685  12.003  -33.854 0.0000000000
101956  29.203  12.539  -34.083 0.0000000000
101960  25.544  12.326  -35.441 0.0000000000
101971  33.049  12.739  -35.631 0.0000000000
101972  27.077  12.837  -35.239 0.0000000000
103803  30.769  14.291  -34.321 0.0000000000
103806  27.974  14.144  -35.213 0.0000000000
104794  24.378  15.013  -33.872 0.0000000000
104820  33.152  15.280  -35.923 0.0000000000
104844  32.912  15.761  -36.007 0.0000000000
104845  28.000  15.914  -36.359 0.0000000000
108324  27.780  18.779  -38.589 0.0000000000
