#!ascii label  , from subject 3220 vox2ras=TkReg
1278
60238  -11.880  -16.233  58.772 0.0000000000
67361  -30.037  -12.546  39.008 0.0000000000
78058  -26.534  -5.284  39.056 0.0000000000
66042  -25.524  -11.651  43.918 0.0000000000
75534  -35.059  -4.115  24.296 0.0000000000
82016  -29.797  0.729  29.419 0.0000000000
67266  -32.788  -11.636  45.373 0.0000000000
63370  -27.842  -13.332  40.249 0.0000000000
78242  -40.824  -2.668  26.445 0.0000000000
83287  -43.648  0.352  22.277 0.0000000000
87905  -45.727  3.594  20.212 0.0000000000
81851  -30.620  -0.274  40.832 0.0000000000
79404  -26.884  -1.097  34.513 0.0000000000
83123  -33.972  0.646  35.249 0.0000000000
85455  -36.465  3.770  30.857 0.0000000000
64678  -17.523  -13.488  45.752 0.0000000000
61702  -10.723  -16.243  62.884 0.0000000000
74189  -29.786  -8.487  40.539 0.0000000000
80517  -29.330  -3.192  45.247 0.0000000000
67299  -19.204  -12.156  41.664 0.0000000000
67360  -22.522  -13.353  36.907 0.0000000000
87953  -42.543  3.496  14.337 0.0000000000
93775  -46.660  7.963  18.147 0.0000000000
80776  -33.762  -1.851  26.456 0.0000000000
82028  -39.686  -1.360  28.550 0.0000000000
61837  -11.808  -15.252  54.436 0.0000000000
61699  -5.462  -17.162  63.774 0.0000000000
79587  -42.026  -1.509  24.218 0.0000000000
80620  -32.479  0.068  37.891 0.0000000000
63289  -15.396  -14.246  45.094 0.0000000000
60199  -11.406  -16.226  60.765 0.0000000000
69778  -30.301  -11.315  36.689 0.0000000000
70868  -30.686  -10.845  40.056 0.0000000000
68492  -22.347  -10.534  42.131 0.0000000000
67325  -21.048  -11.765  39.313 0.0000000000
66076  -24.431  -11.803  40.247 0.0000000000
64773  -29.315  -13.138  40.217 0.0000000000
64807  -26.311  -13.755  37.176 0.0000000000
64825  -27.862  -13.182  36.206 0.0000000000
67252  -24.584  -11.434  45.841 0.0000000000
68457  -22.033  -11.083  45.016 0.0000000000
84438  -37.918  0.454  19.047 0.0000000000
86724  -41.051  2.717  15.163 0.0000000000
90266  -46.510  5.699  19.567 0.0000000000
80703  -28.172  -0.366  32.387 0.0000000000
82034  -31.341  -0.519  26.682 0.0000000000
86625  -38.573  2.214  28.557 0.0000000000
63185  -14.764  -14.131  50.189 0.0000000000
63161  -14.412  -14.187  52.160 0.0000000000
63148  -14.341  -14.530  54.199 0.0000000000
61871  -11.657  -15.084  52.199 0.0000000000
61729  -5.807  -17.516  61.756 0.0000000000
67304  -31.877  -12.457  42.052 0.0000000000
71888  -31.632  -10.334  42.709 0.0000000000
71867  -33.543  -9.348  45.547 0.0000000000
64696  -27.672  -12.663  44.627 0.0000000000
64735  -26.892  -12.657  41.497 0.0000000000
63328  -29.310  -13.498  43.410 0.0000000000
64737  -30.030  -13.442  42.390 0.0000000000
76888  -37.753  -3.969  25.549 0.0000000000
80826  -38.202  -2.160  23.406 0.0000000000
83283  -39.518  -0.308  22.084 0.0000000000
86674  -40.994  2.100  20.343 0.0000000000
87915  -41.979  4.004  18.997 0.0000000000
85551  -44.604  1.621  20.462 0.0000000000
80566  -26.872  -1.300  40.464 0.0000000000
80631  -25.626  -2.598  37.149 0.0000000000
80616  -28.446  -0.898  37.687 0.0000000000
80668  -29.996  0.073  35.157 0.0000000000
83166  -31.450  0.833  32.220 0.0000000000
84339  -32.424  2.043  29.636 0.0000000000
84301  -34.246  2.910  32.957 0.0000000000
63228  -17.451  -13.616  48.291 0.0000000000
63247  -15.020  -13.926  47.108 0.0000000000
91492  -46.310  7.913  12.089 0.0000000000
65844  -9.672  -14.859  64.656 0.0000000000
73107  -29.580  -9.395  36.987 0.0000000000
76625  -27.978  -7.004  40.577 0.0000000000
74162  -31.465  -7.864  42.856 0.0000000000
78007  -29.730  -6.084  43.186 0.0000000000
79341  -27.474  -3.981  42.312 0.0000000000
81803  -29.424  -0.582  43.851 0.0000000000
64790  -25.382  -13.085  38.340 0.0000000000
67222  -21.269  -11.713  46.944 0.0000000000
66028  -18.440  -13.037  44.232 0.0000000000
89125  -43.300  5.456  17.449 0.0000000000
90289  -44.356  6.473  16.417 0.0000000000
91459  -45.387  7.456  14.800 0.0000000000
93795  -48.117  9.028  16.520 0.0000000000
60265  -9.428  -16.210  56.701 0.0000000000
60218  -9.306  -16.603  59.308 0.0000000000
76849  -34.994  -3.969  25.714 0.0000000000
84349  -35.241  1.659  27.909 0.0000000000
82039  -36.756  -1.371  27.065 0.0000000000
76837  -37.194  -4.583  26.397 0.0000000000
78211  -39.948  -4.714  27.767 0.0000000000
61794  -11.355  -15.807  56.466 0.0000000000
60186  -9.159  -16.568  61.669 0.0000000000
63108  -7.609  -16.460  63.223 0.0000000000
64481  -5.779  -15.663  64.444 0.0000000000
60209  -11.706  -16.145  60.085 0.0000000000
67372  -29.734  -12.311  37.658 0.0000000000
67373  -30.255  -12.066  37.987 0.0000000000
68540  -30.730  -11.530  40.183 0.0000000000
67288  -23.458  -10.722  42.406 0.0000000000
67301  -22.845  -10.662  41.352 0.0000000000
67289  -24.557  -11.288  41.911 0.0000000000
64796  -29.730  -12.734  39.343 0.0000000000
64810  -28.621  -12.709  37.410 0.0000000000
66125  -29.074  -12.588  37.485 0.0000000000
66149  -28.490  -13.003  35.589 0.0000000000
64680  -26.826  -12.650  45.617 0.0000000000
66010  -26.048  -12.483  46.714 0.0000000000
66030  -25.486  -11.831  45.161 0.0000000000
67274  -23.663  -11.043  43.844 0.0000000000
86716  -40.268  2.613  16.548 0.0000000000
76669  -26.699  -6.361  38.030 0.0000000000
76668  -26.118  -5.890  37.461 0.0000000000
81983  -28.759  -0.267  30.724 0.0000000000
82014  -28.467  -0.761  29.011 0.0000000000
83218  -30.363  0.106  27.817 0.0000000000
63200  -12.844  -14.632  49.574 0.0000000000
63170  -14.586  -14.077  51.133 0.0000000000
63183  -12.779  -14.669  50.639 0.0000000000
63168  -12.498  -14.766  51.720 0.0000000000
63182  -11.855  -15.044  50.771 0.0000000000
67276  -32.125  -12.007  43.732 0.0000000000
69720  -32.197  -10.620  44.024 0.0000000000
69714  -33.261  -10.534  45.601 0.0000000000
63294  -29.014  -13.330  45.221 0.0000000000
63311  -28.766  -13.170  43.640 0.0000000000
63314  -29.867  -13.595  44.840 0.0000000000
67253  -32.701  -12.241  45.575 0.0000000000
64713  -31.279  -13.165  43.966 0.0000000000
66044  -31.670  -12.801  43.841 0.0000000000
64739  -30.718  -12.796  42.244 0.0000000000
76890  -39.199  -3.198  25.587 0.0000000000
79564  -37.835  -3.093  23.751 0.0000000000
78277  -39.428  -3.048  24.542 0.0000000000
80867  -42.285  -0.754  23.026 0.0000000000
82118  -41.220  -0.882  22.376 0.0000000000
83285  -41.720  -0.134  21.772 0.0000000000
85532  -40.485  1.097  21.138 0.0000000000
84425  -42.075  1.393  21.079 0.0000000000
85549  -42.727  1.737  20.587 0.0000000000
84427  -43.997  0.996  20.944 0.0000000000
80567  -28.411  -0.683  40.781 0.0000000000
80598  -27.703  -1.134  38.445 0.0000000000
80600  -30.187  -0.719  38.443 0.0000000000
81889  -33.017  0.421  36.436 0.0000000000
80637  -30.968  -0.065  37.169 0.0000000000
80670  -31.823  0.537  35.177 0.0000000000
81955  -31.150  0.654  33.629 0.0000000000
83150  -32.425  0.950  33.826 0.0000000000
83157  -32.716  1.391  32.939 0.0000000000
84290  -33.902  1.500  34.340 0.0000000000
64663  -18.880  -12.989  47.177 0.0000000000
64627  -18.678  -13.312  48.495 0.0000000000
63272  -17.732  -13.584  47.226 0.0000000000
63268  -15.208  -14.138  46.025 0.0000000000
93836  -47.559  8.737  13.223 0.0000000000
93837  -48.053  9.382  12.797 0.0000000000
64485  -10.005  -15.731  64.198 0.0000000000
71929  -30.291  -9.913  38.322 0.0000000000
71959  -30.485  -10.149  36.314 0.0000000000
73079  -29.475  -9.440  38.963 0.0000000000
74195  -28.423  -8.367  39.127 0.0000000000
75306  -29.293  -7.663  40.147 0.0000000000
73032  -32.416  -9.085  44.538 0.0000000000
73041  -31.695  -9.316  43.196 0.0000000000
75281  -31.988  -7.562  44.537 0.0000000000
79303  -30.569  -4.266  45.747 0.0000000000
77982  -30.169  -5.276  44.701 0.0000000000
79319  -29.503  -4.009  44.498 0.0000000000
77991  -29.042  -4.980  42.745 0.0000000000
79318  -28.280  -3.300  43.802 0.0000000000
80543  -27.928  -1.729  43.091 0.0000000000
81802  -28.785  -1.496  44.465 0.0000000000
67358  -21.275  -13.022  37.477 0.0000000000
64736  -27.313  -13.104  40.999 0.0000000000
64749  -26.253  -13.164  40.347 0.0000000000
64750  -26.843  -13.476  39.998 0.0000000000
64822  -25.440  -14.261  36.141 0.0000000000
67223  -22.399  -11.502  47.297 0.0000000000
67272  -19.626  -11.534  43.352 0.0000000000
67261  -19.522  -11.733  44.073 0.0000000000
66053  -18.751  -12.623  42.688 0.0000000000
64720  -17.267  -14.252  42.570 0.0000000000
87903  -43.660  3.577  19.348 0.0000000000
89110  -42.202  4.595  18.316 0.0000000000
89112  -44.408  5.052  18.809 0.0000000000
91435  -46.558  6.590  18.975 0.0000000000
91433  -45.621  6.733  18.169 0.0000000000
91438  -45.625  7.314  17.523 0.0000000000
91450  -44.731  6.923  15.548 0.0000000000
93793  -46.221  8.292  16.576 0.0000000000
92621  -47.021  8.254  15.519 0.0000000000
93794  -47.381  8.553  16.810 0.0000000000
79384  -26.531  -1.685  35.888 0.0000000000
79389  -25.215  -3.041  35.677 0.0000000000
75516  -32.837  -4.167  24.033 0.0000000000
79531  -34.291  -3.259  26.371 0.0000000000
85464  -34.529  3.306  30.206 0.0000000000
84340  -33.611  2.184  29.198 0.0000000000
85475  -35.161  2.767  28.918 0.0000000000
84353  -39.261  1.084  28.300 0.0000000000
84362  -37.725  0.277  27.273 0.0000000000
82041  -38.036  -1.205  27.846 0.0000000000
80780  -37.290  -2.335  27.478 0.0000000000
80761  -38.273  -2.362  28.216 0.0000000000
78197  -38.913  -3.889  28.113 0.0000000000
79500  -39.505  -3.279  28.502 0.0000000000
61858  -12.643  -14.927  53.638 0.0000000000
61816  -12.862  -15.105  55.736 0.0000000000
61795  -12.288  -15.587  56.571 0.0000000000
61814  -11.161  -15.799  55.237 0.0000000000
61813  -10.265  -16.128  54.792 0.0000000000
61835  -9.897  -16.204  53.765 0.0000000000
60217  -7.985  -17.260  59.192 0.0000000000
60206  -8.667  -16.914  60.122 0.0000000000
60196  -8.251  -16.836  61.025 0.0000000000
61708  -5.843  -17.163  62.936 0.0000000000
61709  -6.978  -16.696  62.715 0.0000000000
63107  -6.790  -16.583  63.278 0.0000000000
63097  -7.287  -16.236  63.831 0.0000000000
63095  -5.204  -16.567  64.245 0.0000000000
64683  -31.369  -13.452  46.232 0.0000000000
79533  -42.741  -3.488  25.522 0.0000000000
79546  -41.263  -2.010  25.088 0.0000000000
79548  -42.993  -2.527  24.713 0.0000000000
80586  -31.475  -0.400  39.132 0.0000000000
64692  -17.018  -13.702  44.758 0.0000000000
63310  -16.470  -13.769  44.963 0.0000000000
61715  -12.079  -15.811  62.101 0.0000000000
61714  -11.076  -16.097  62.313 0.0000000000
67392  -29.227  -12.453  35.303 0.0000000000
69779  -30.487  -11.273  37.601 0.0000000000
73072  -30.678  -9.685  40.288 0.0000000000
81770  -29.934  -1.399  46.706 0.0000000000
68490  -20.410  -11.207  41.528 0.0000000000
67311  -19.782  -12.129  40.384 0.0000000000
68520  -21.578  -11.115  40.558 0.0000000000
67326  -22.200  -11.941  38.898 0.0000000000
67327  -23.066  -12.537  38.567 0.0000000000
63395  -28.805  -13.305  40.351 0.0000000000
63392  -26.910  -13.480  38.825 0.0000000000
64793  -27.968  -12.768  38.589 0.0000000000
64824  -27.021  -13.803  36.042 0.0000000000
66147  -27.583  -13.493  34.125 0.0000000000
67239  -24.488  -11.657  46.934 0.0000000000
67237  -22.121  -11.397  46.306 0.0000000000
68458  -22.991  -11.145  45.398 0.0000000000
68467  -22.096  -10.721  44.073 0.0000000000
83306  -37.310  -0.763  19.716 0.0000000000
87952  -41.965  3.541  14.788 0.0000000000
89091  -47.268  4.377  20.691 0.0000000000
89101  -45.991  4.962  19.871 0.0000000000
80702  -27.139  -0.443  32.949 0.0000000000
80793  -31.026  -2.028  26.021 0.0000000000
82050  -32.807  -1.720  26.308 0.0000000000
86602  -38.266  3.969  30.923 0.0000000000
86609  -37.960  2.920  29.398 0.0000000000
87832  -39.355  3.637  30.553 0.0000000000
63186  -15.532  -13.633  49.989 0.0000000000
63171  -15.343  -13.593  50.794 0.0000000000
63155  -15.006  -13.918  52.620 0.0000000000
63154  -14.355  -14.435  53.199 0.0000000000
63159  -12.369  -14.815  52.732 0.0000000000
61857  -11.445  -15.236  53.203 0.0000000000
61856  -10.428  -15.845  53.157 0.0000000000
61870  -10.451  -15.848  51.883 0.0000000000
67329  -30.783  -12.175  40.876 0.0000000000
69742  -31.413  -11.230  41.463 0.0000000000
69727  -31.819  -10.896  43.121 0.0000000000
71875  -32.827  -9.489  44.782 0.0000000000
64709  -27.136  -12.439  43.953 0.0000000000
66056  -26.183  -12.284  42.046 0.0000000000
64710  -27.951  -12.578  43.466 0.0000000000
64724  -28.495  -13.229  42.557 0.0000000000
63340  -28.916  -13.485  42.432 0.0000000000
63331  -30.688  -13.383  44.825 0.0000000000
63343  -30.107  -13.489  43.174 0.0000000000
63372  -29.080  -13.437  41.352 0.0000000000
64752  -29.792  -13.178  41.460 0.0000000000
66079  -30.418  -12.749  41.526 0.0000000000
64682  -27.902  -13.069  45.496 0.0000000000
76886  -36.244  -4.094  24.924 0.0000000000
76925  -34.757  -4.014  22.270 0.0000000000
78274  -36.780  -3.420  23.893 0.0000000000
80824  -36.910  -2.467  22.951 0.0000000000
82115  -37.686  -1.152  21.963 0.0000000000
80828  -40.314  -1.877  24.080 0.0000000000
83271  -39.006  -0.879  22.384 0.0000000000
84404  -37.855  -0.111  21.038 0.0000000000
84422  -38.330  0.762  20.396 0.0000000000
85546  -39.322  1.634  20.262 0.0000000000
86687  -40.225  2.826  19.304 0.0000000000
87926  -40.295  3.567  17.936 0.0000000000
87901  -41.660  3.371  19.518 0.0000000000
86690  -43.071  2.924  19.994 0.0000000000
86693  -45.533  2.828  20.229 0.0000000000
84429  -45.868  1.170  21.344 0.0000000000
86678  -47.038  2.587  20.904 0.0000000000
79358  -25.921  -3.039  39.999 0.0000000000
79374  -25.710  -3.445  37.993 0.0000000000
80597  -26.686  -1.761  38.374 0.0000000000
80615  -27.293  -1.350  37.619 0.0000000000
80648  -28.355  -0.745  35.994 0.0000000000
80618  -30.716  -0.925  37.805 0.0000000000
80649  -29.532  -0.620  35.952 0.0000000000
80667  -28.594  -0.064  34.978 0.0000000000
81953  -29.195  0.149  32.907 0.0000000000
81972  -29.989  0.204  32.299 0.0000000000
83182  -30.960  0.774  31.284 0.0000000000
83200  -31.487  1.403  29.449 0.0000000000
83184  -31.921  1.612  31.320 0.0000000000
84315  -33.833  2.784  31.990 0.0000000000
85454  -35.230  3.515  31.402 0.0000000000
85424  -35.940  3.513  33.664 0.0000000000
86575  -36.766  4.275  32.964 0.0000000000
63205  -17.331  -13.452  49.065 0.0000000000
63270  -16.461  -13.601  46.493 0.0000000000
63248  -15.975  -13.619  47.072 0.0000000000
63204  -16.477  -13.405  49.060 0.0000000000
63225  -14.867  -13.855  48.230 0.0000000000
75339  -27.564  -7.617  38.352 0.0000000000
78059  -26.667  -6.052  39.685 0.0000000000
70849  -31.315  -10.647  41.256 0.0000000000
73063  -31.262  -9.649  41.603 0.0000000000
74182  -30.601  -8.828  41.345 0.0000000000
76601  -30.705  -7.103  42.762 0.0000000000
76613  -29.659  -7.068  41.714 0.0000000000
78024  -28.803  -6.145  41.762 0.0000000000
78022  -27.343  -5.374  41.214 0.0000000000
78021  -26.720  -4.671  40.719 0.0000000000
79340  -27.139  -2.822  42.271 0.0000000000
81849  -28.677  -0.702  41.795 0.0000000000
81834  -30.169  -0.038  41.799 0.0000000000
84212  -29.883  0.274  45.047 0.0000000000
83042  -30.918  0.188  43.287 0.0000000000
66067  -25.174  -11.857  41.197 0.0000000000
66091  -24.177  -12.226  39.110 0.0000000000
66110  -24.473  -13.093  37.537 0.0000000000
64806  -25.644  -13.656  37.080 0.0000000000
64805  -25.096  -13.339  37.200 0.0000000000
65983  -20.462  -12.271  48.779 0.0000000000
66007  -19.431  -12.350  46.761 0.0000000000
67236  -21.111  -11.779  45.995 0.0000000000
66017  -19.384  -12.207  45.582 0.0000000000
64693  -17.875  -13.355  44.719 0.0000000000
64707  -17.099  -13.890  43.706 0.0000000000
87927  -40.769  3.887  17.469 0.0000000000
89133  -41.735  4.353  16.366 0.0000000000
90287  -42.753  5.295  15.676 0.0000000000
90270  -44.891  6.193  18.514 0.0000000000
90279  -43.721  5.982  17.015 0.0000000000
90298  -43.216  5.357  14.915 0.0000000000
90307  -43.929  5.876  14.180 0.0000000000
91473  -44.443  6.165  13.788 0.0000000000
91490  -45.279  6.313  12.550 0.0000000000
91475  -45.835  7.545  13.816 0.0000000000
92628  -47.012  8.348  14.602 0.0000000000
60251  -10.807  -15.994  57.860 0.0000000000
60236  -10.040  -16.189  58.556 0.0000000000
60235  -8.725  -16.570  58.377 0.0000000000
78076  -25.205  -4.337  36.231 0.0000000000
75518  -34.933  -3.973  24.825 0.0000000000
83201  -32.159  1.461  28.557 0.0000000000
83211  -33.309  0.920  27.385 0.0000000000
83222  -34.113  0.242  26.700 0.0000000000
85485  -36.882  2.284  27.908 0.0000000000
84360  -35.838  0.820  26.879 0.0000000000
80778  -35.183  -2.158  26.549 0.0000000000
79514  -35.476  -3.091  26.626 0.0000000000
78227  -35.903  -4.116  26.091 0.0000000000
75499  -36.532  -4.942  25.951 0.0000000000
75501  -37.752  -5.771  25.814 0.0000000000
76840  -39.144  -4.136  27.036 0.0000000000
76855  -40.208  -3.550  26.766 0.0000000000
61749  -12.666  -15.793  58.574 0.0000000000
61777  -12.550  -15.808  57.381 0.0000000000
60267  -11.266  -15.968  57.277 0.0000000000
60280  -10.853  -16.006  56.567 0.0000000000
61773  -9.007  -16.427  55.554 0.0000000000
60207  -9.935  -16.636  60.097 0.0000000000
60187  -10.140  -16.524  61.513 0.0000000000
61712  -9.507  -16.482  62.645 0.0000000000
60184  -7.512  -16.816  61.835 0.0000000000
61723  -8.011  -16.594  62.415 0.0000000000
63110  -8.919  -16.487  63.089 0.0000000000
63098  -8.254  -16.194  63.742 0.0000000000
65842  -7.365  -14.806  64.745 0.0000000000
63094  -4.268  -16.662  64.371 0.0000000000
64480  -4.787  -15.685  64.470 0.0000000000
60220  -11.433  -16.289  59.387 0.0000000000
67362  -30.309  -12.252  38.813 0.0000000000
68539  -30.693  -11.960  39.573 0.0000000000
67275  -24.559  -11.266  43.223 0.0000000000
66055  -25.454  -11.689  42.589 0.0000000000
67344  -30.077  -12.626  39.566 0.0000000000
66111  -29.711  -12.666  38.982 0.0000000000
66127  -29.751  -12.605  38.517 0.0000000000
66140  -29.487  -12.450  37.997 0.0000000000
66031  -26.322  -12.199  44.511 0.0000000000
85583  -39.906  2.178  16.657 0.0000000000
76645  -26.741  -6.164  38.815 0.0000000000
78069  -26.393  -5.445  38.203 0.0000000000
81996  -29.198  0.348  30.094 0.0000000000
81995  -28.556  -0.517  29.659 0.0000000000
82015  -29.060  -0.199  28.836 0.0000000000
82025  -29.785  0.279  28.632 0.0000000000
82024  -29.841  -0.240  27.960 0.0000000000
83207  -30.186  0.192  28.104 0.0000000000
68469  -32.398  -11.526  44.544 0.0000000000
68482  -32.389  -11.116  44.578 0.0000000000
68470  -32.691  -11.063  45.195 0.0000000000
63295  -29.554  -13.554  45.599 0.0000000000
63296  -30.145  -13.856  45.937 0.0000000000
66033  -32.154  -12.562  44.756 0.0000000000
67265  -32.386  -12.086  44.614 0.0000000000
66045  -31.990  -12.448  43.800 0.0000000000
63275  -29.844  -13.950  46.735 0.0000000000
78241  -39.976  -2.811  26.172 0.0000000000
78254  -39.815  -2.819  25.458 0.0000000000
82120  -42.845  0.018  22.775 0.0000000000
82119  -42.134  -0.583  22.326 0.0000000000
83286  -42.653  0.133  22.004 0.0000000000
84408  -42.334  0.693  21.513 0.0000000000
84409  -43.331  0.672  21.558 0.0000000000
84426  -43.031  1.142  20.998 0.0000000000
80568  -29.969  -0.553  40.216 0.0000000000
80584  -29.399  -0.584  39.398 0.0000000000
80585  -30.570  -0.623  39.204 0.0000000000
81909  -33.699  0.529  35.721 0.0000000000
80652  -32.424  0.382  36.041 0.0000000000
81934  -32.791  0.550  34.799 0.0000000000
81957  -32.661  0.697  34.301 0.0000000000
81958  -32.962  0.601  34.487 0.0000000000
84289  -33.473  1.083  34.116 0.0000000000
83140  -34.159  0.960  34.953 0.0000000000
64647  -18.364  -13.438  47.666 0.0000000000
64662  -18.088  -13.398  46.738 0.0000000000
93823  -48.332  9.180  13.688 0.0000000000
63100  -10.367  -16.187  63.537 0.0000000000
73080  -30.168  -9.660  39.241 0.0000000000
73092  -29.933  -9.647  38.613 0.0000000000
74197  -29.619  -9.209  39.716 0.0000000000
74196  -29.025  -8.453  39.452 0.0000000000
74188  -29.458  -8.138  39.995 0.0000000000
74156  -32.488  -8.145  44.973 0.0000000000
75282  -32.477  -7.517  45.072 0.0000000000
79302  -29.878  -3.815  45.643 0.0000000000
80532  -29.005  -3.107  44.748 0.0000000000
80531  -28.475  -2.506  44.322 0.0000000000
80516  -28.863  -2.448  44.961 0.0000000000
66065  -18.666  -12.889  41.590 0.0000000000
66075  -18.598  -13.236  40.346 0.0000000000
63351  -27.607  -13.280  40.584 0.0000000000
67285  -19.641  -11.463  42.284 0.0000000000
66054  -19.209  -12.003  42.847 0.0000000000
67284  -19.071  -12.233  42.243 0.0000000000
64721  -18.067  -13.538  42.315 0.0000000000
87966  -43.216  3.463  13.968 0.0000000000
87904  -44.672  3.542  19.674 0.0000000000
89099  -44.360  4.158  19.195 0.0000000000
89100  -45.042  4.505  19.617 0.0000000000
92604  -46.763  7.452  18.825 0.0000000000
91439  -45.974  7.081  17.869 0.0000000000
92612  -46.265  7.684  17.554 0.0000000000
92615  -45.937  7.878  17.036 0.0000000000
92613  -46.803  8.260  17.036 0.0000000000
93784  -46.901  8.320  17.603 0.0000000000
79391  -26.785  -1.479  35.190 0.0000000000
79390  -25.919  -2.122  35.255 0.0000000000
79403  -26.266  -1.896  34.332 0.0000000000
79529  -32.540  -2.868  25.674 0.0000000000
78224  -32.823  -3.631  25.230 0.0000000000
79530  -33.491  -3.150  26.116 0.0000000000
76847  -33.484  -3.828  25.427 0.0000000000
80796  -33.995  -2.765  26.511 0.0000000000
85465  -35.705  3.589  29.869 0.0000000000
83213  -39.362  -0.113  28.426 0.0000000000
83212  -38.641  -0.307  27.981 0.0000000000
82027  -38.636  -1.254  28.141 0.0000000000
82026  -37.888  -1.803  27.974 0.0000000000
80762  -39.119  -2.336  28.495 0.0000000000
61838  -12.830  -15.098  54.688 0.0000000000
61815  -12.061  -15.446  55.544 0.0000000000
61836  -10.923  -15.850  54.107 0.0000000000
60205  -7.176  -17.838  60.204 0.0000000000
61707  -5.064  -17.584  63.356 0.0000000000
63096  -6.247  -16.576  63.969 0.0000000000
80571  -32.840  0.375  39.875 0.0000000000
63325  -16.369  -14.224  43.899 0.0000000000
60200  -11.865  -15.784  60.721 0.0000000000
60190  -12.197  -15.643  61.220 0.0000000000
60189  -11.751  -15.827  61.356 0.0000000000
60180  -11.324  -16.028  61.818 0.0000000000
60188  -11.035  -16.319  61.400 0.0000000000
67380  -29.358  -12.406  36.276 0.0000000000
69768  -30.544  -11.279  39.200 0.0000000000
69767  -30.516  -11.173  38.376 0.0000000000
69756  -30.527  -10.869  39.292 0.0000000000
71930  -30.561  -10.195  38.966 0.0000000000
70858  -31.021  -10.324  40.202 0.0000000000
68491  -21.269  -10.786  41.759 0.0000000000
68507  -21.074  -11.026  40.916 0.0000000000
68508  -21.900  -10.851  41.125 0.0000000000
67302  -23.785  -11.233  40.931 0.0000000000
67313  -22.168  -11.324  40.171 0.0000000000
67314  -23.341  -11.742  39.586 0.0000000000
64772  -28.802  -13.172  39.667 0.0000000000
63413  -28.306  -13.083  39.309 0.0000000000
64809  -27.682  -13.046  37.541 0.0000000000
64838  -27.282  -13.702  34.756 0.0000000000
66019  -25.428  -11.941  46.296 0.0000000000
66009  -25.364  -11.932  47.360 0.0000000000
67238  -23.365  -11.338  46.387 0.0000000000
67251  -23.831  -11.272  45.411 0.0000000000
68480  -22.864  -10.794  43.473 0.0000000000
68468  -22.904  -10.996  44.443 0.0000000000
68479  -22.118  -10.608  43.137 0.0000000000
68478  -21.329  -10.720  42.675 0.0000000000
84437  -37.528  -0.186  19.460 0.0000000000
80716  -27.061  -0.769  31.669 0.0000000000
80774  -30.695  -1.273  26.500 0.0000000000
80775  -31.571  -1.381  26.354 0.0000000000
80794  -32.187  -2.067  26.204 0.0000000000
82035  -32.468  -1.029  26.546 0.0000000000
87826  -39.483  3.969  31.229 0.0000000000
87831  -38.823  3.716  30.598 0.0000000000
84343  -40.602  1.125  29.049 0.0000000000
63162  -15.242  -13.590  51.712 0.0000000000
63160  -13.421  -14.595  52.721 0.0000000000
67315  -31.384  -12.217  41.625 0.0000000000
67316  -31.864  -12.160  41.815 0.0000000000
68494  -31.903  -11.589  42.583 0.0000000000
70821  -33.146  -9.989  45.173 0.0000000000
70829  -32.553  -10.153  44.544 0.0000000000
64697  -28.369  -12.806  44.187 0.0000000000
63312  -29.008  -13.309  44.041 0.0000000000
63327  -28.954  -13.376  43.128 0.0000000000
63339  -28.512  -13.319  42.062 0.0000000000
64684  -31.764  -13.408  46.137 0.0000000000
63316  -30.919  -13.359  45.863 0.0000000000
64726  -30.470  -13.372  43.122 0.0000000000
63344  -30.488  -13.486  43.883 0.0000000000
64725  -30.085  -13.556  42.714 0.0000000000
63355  -29.703  -13.477  42.377 0.0000000000
63374  -29.929  -13.385  42.166 0.0000000000
63373  -29.596  -13.375  41.761 0.0000000000
67290  -31.909  -12.612  42.510 0.0000000000
66069  -30.576  -12.789  41.988 0.0000000000
66080  -30.702  -12.470  41.274 0.0000000000
63273  -28.464  -13.340  46.119 0.0000000000
64695  -26.974  -12.499  45.010 0.0000000000
76887  -37.198  -4.083  25.131 0.0000000000
76906  -36.389  -3.809  24.482 0.0000000000
76907  -37.190  -3.694  24.797 0.0000000000
79565  -38.878  -2.749  24.027 0.0000000000
80825  -37.455  -2.468  23.256 0.0000000000
80848  -37.668  -2.039  23.093 0.0000000000
82098  -36.928  -1.711  22.358 0.0000000000
82099  -37.880  -1.490  22.723 0.0000000000
79569  -41.675  -1.852  24.718 0.0000000000
79568  -40.777  -1.831  24.655 0.0000000000
80829  -40.845  -1.573  24.220 0.0000000000
82117  -40.259  -0.834  22.378 0.0000000000
83282  -38.326  -0.666  21.976 0.0000000000
84405  -38.853  0.253  21.363 0.0000000000
85547  -40.692  1.620  20.736 0.0000000000
86673  -40.278  2.357  20.224 0.0000000000
86672  -39.549  2.216  19.530 0.0000000000
87899  -40.505  3.153  19.186 0.0000000000
86688  -41.208  2.720  20.074 0.0000000000
85550  -43.630  1.567  20.522 0.0000000000
85567  -43.351  2.180  20.200 0.0000000000
85568  -44.067  2.018  20.157 0.0000000000
86691  -44.096  2.670  19.756 0.0000000000
86676  -45.264  2.274  20.252 0.0000000000
80565  -26.216  -2.240  40.100 0.0000000000
80581  -26.118  -2.339  39.180 0.0000000000
80582  -26.779  -1.393  39.261 0.0000000000
80599  -28.928  -0.664  38.500 0.0000000000
80634  -27.873  -1.014  36.857 0.0000000000
80635  -29.017  -0.649  36.918 0.0000000000
80602  -31.964  -0.310  38.504 0.0000000000
80601  -31.103  -0.880  38.388 0.0000000000
80619  -31.485  -0.383  37.863 0.0000000000
80650  -30.514  0.028  36.190 0.0000000000
80688  -28.174  0.264  33.600 0.0000000000
81930  -29.474  0.288  34.075 0.0000000000
81974  -31.423  0.740  33.035 0.0000000000
81973  -30.827  0.438  32.734 0.0000000000
81986  -31.128  0.562  32.442 0.0000000000
81985  -30.705  0.480  31.837 0.0000000000
83165  -31.074  0.604  31.776 0.0000000000
83183  -31.518  1.325  30.992 0.0000000000
83167  -32.099  1.487  32.055 0.0000000000
84300  -33.729  2.236  33.239 0.0000000000
84314  -32.999  1.997  32.282 0.0000000000
84316  -34.604  3.053  32.150 0.0000000000
85442  -35.092  3.165  33.005 0.0000000000
86557  -36.577  4.086  34.248 0.0000000000
87799  -38.587  4.621  32.748 0.0000000000
63229  -18.078  -13.757  48.161 0.0000000000
63206  -18.250  -13.554  49.026 0.0000000000
63189  -18.020  -13.474  49.870 0.0000000000
63290  -16.095  -13.744  45.453 0.0000000000
63269  -15.812  -13.766  46.009 0.0000000000
63226  -15.789  -13.612  48.162 0.0000000000
65843  -8.515  -14.640  64.855 0.0000000000
70902  -30.293  -10.644  35.542 0.0000000000
73106  -29.024  -9.139  36.770 0.0000000000
75318  -28.149  -8.044  39.404 0.0000000000
75340  -27.765  -7.961  38.810 0.0000000000
76647  -27.589  -7.436  39.875 0.0000000000
76646  -27.098  -6.829  39.361 0.0000000000
76624  -27.209  -6.648  40.213 0.0000000000
70842  -31.644  -10.760  42.412 0.0000000000
70850  -31.514  -10.905  41.689 0.0000000000
70841  -31.534  -10.505  41.982 0.0000000000
74163  -31.692  -8.187  43.406 0.0000000000
73051  -31.404  -9.568  42.193 0.0000000000
74173  -31.479  -8.894  42.537 0.0000000000
73050  -31.203  -9.139  41.787 0.0000000000
74172  -31.214  -8.043  42.162 0.0000000000
77993  -29.904  -5.966  43.972 0.0000000000
76588  -30.771  -6.546  43.621 0.0000000000
76587  -30.059  -6.384  43.412 0.0000000000
76600  -29.913  -6.726  42.723 0.0000000000
76599  -29.323  -6.517  42.014 0.0000000000
76612  -29.136  -6.674  41.297 0.0000000000
78006  -29.262  -5.897  42.544 0.0000000000
79342  -28.279  -4.774  42.541 0.0000000000
78004  -27.735  -5.078  41.985 0.0000000000
79351  -27.059  -4.499  41.516 0.0000000000
79350  -26.409  -3.131  41.094 0.0000000000
81817  -28.622  -1.106  43.429 0.0000000000
81816  -28.281  -1.257  43.061 0.0000000000
81832  -28.388  -0.996  42.642 0.0000000000
81833  -29.184  -0.518  42.277 0.0000000000
81818  -29.792  -0.191  42.857 0.0000000000
84184  -30.314  0.249  46.330 0.0000000000
83013  -29.520  -0.183  45.511 0.0000000000
84198  -30.476  0.381  45.807 0.0000000000
81805  -31.540  0.271  42.754 0.0000000000
68528  -20.505  -11.934  39.619 0.0000000000
67324  -19.945  -12.427  39.421 0.0000000000
66090  -19.596  -13.199  38.521 0.0000000000
66068  -25.868  -12.730  40.967 0.0000000000
64769  -25.589  -13.013  39.437 0.0000000000
64748  -25.688  -13.002  40.040 0.0000000000
66092  -24.834  -12.704  38.693 0.0000000000
66109  -23.787  -12.722  37.951 0.0000000000
63423  -26.697  -13.530  37.995 0.0000000000
64792  -26.403  -13.512  38.083 0.0000000000
65997  -20.375  -12.050  47.478 0.0000000000
68445  -22.316  -11.266  45.681 0.0000000000
67250  -21.706  -11.413  45.636 0.0000000000
66029  -19.034  -12.334  44.401 0.0000000000
67248  -19.863  -11.724  44.835 0.0000000000
64694  -18.693  -12.842  44.986 0.0000000000
64708  -17.854  -13.466  43.516 0.0000000000
89108  -40.762  3.885  18.448 0.0000000000
89122  -40.777  4.198  17.985 0.0000000000
89109  -41.343  4.235  18.412 0.0000000000
89111  -43.269  5.011  18.322 0.0000000000
89124  -42.439  4.976  17.275 0.0000000000
89134  -42.362  5.003  16.234 0.0000000000
90278  -42.973  5.497  16.598 0.0000000000
89113  -45.366  5.442  19.174 0.0000000000
89114  -46.039  5.688  19.256 0.0000000000
91437  -44.859  7.101  17.185 0.0000000000
90280  -44.414  6.486  17.579 0.0000000000
90288  -43.452  5.886  15.954 0.0000000000
90299  -44.034  6.195  15.232 0.0000000000
91458  -44.597  6.543  14.501 0.0000000000
91474  -45.098  6.599  13.515 0.0000000000
90321  -44.945  5.999  12.927 0.0000000000
93802  -47.600  8.617  15.967 0.0000000000
93808  -47.695  8.680  15.068 0.0000000000
93803  -48.305  9.178  15.595 0.0000000000
60250  -9.653  -16.064  57.649 0.0000000000
78068  -25.767  -4.616  37.438 0.0000000000
79382  -25.371  -3.072  36.966 0.0000000000
76868  -33.917  -3.864  25.093 0.0000000000
75517  -33.806  -3.825  24.361 0.0000000000
75533  -33.725  -4.083  23.601 0.0000000000
76869  -34.918  -3.925  25.350 0.0000000000
84348  -34.072  1.416  27.847 0.0000000000
84359  -34.893  0.869  27.124 0.0000000000
85477  -37.386  2.764  28.649 0.0000000000
85486  -38.009  2.077  27.878 0.0000000000
83225  -37.244  -0.469  27.172 0.0000000000
84361  -36.823  0.496  27.179 0.0000000000
83224  -36.305  -0.340  26.892 0.0000000000
82038  -35.752  -1.275  26.738 0.0000000000
80779  -36.186  -2.275  26.918 0.0000000000
79516  -37.487  -3.309  27.377 0.0000000000
79515  -36.557  -3.130  26.900 0.0000000000
78208  -36.966  -4.050  26.475 0.0000000000
76851  -36.975  -4.866  26.214 0.0000000000
75500  -37.061  -5.321  25.946 0.0000000000
76838  -37.611  -4.472  26.485 0.0000000000
78210  -39.085  -4.154  27.592 0.0000000000
76841  -39.897  -4.299  27.080 0.0000000000
61776  -11.932  -15.922  57.305 0.0000000000
61760  -12.258  -16.065  57.736 0.0000000000
61792  -9.587  -16.295  55.258 0.0000000000
61791  -8.631  -16.743  54.982 0.0000000000
60219  -10.509  -16.422  59.339 0.0000000000
60197  -9.462  -16.658  60.880 0.0000000000
60178  -9.817  -16.487  62.150 0.0000000000
60177  -9.009  -16.507  62.306 0.0000000000
60194  -5.818  -17.800  61.416 0.0000000000
60195  -7.027  -17.136  61.439 0.0000000000
61731  -6.776  -17.045  61.928 0.0000000000
61710  -7.843  -16.558  62.713 0.0000000000
63109  -8.433  -16.466  63.147 0.0000000000
64482  -6.816  -15.622  64.347 0.0000000000
65841  -6.355  -14.789  64.740 0.0000000000
68551  -30.525  -11.740  38.746 0.0000000000
69757  -30.584  -11.168  39.883 0.0000000000
66066  -24.514  -11.590  40.890 0.0000000000
64774  -29.762  -12.868  40.154 0.0000000000
64794  -28.595  -12.873  38.799 0.0000000000
64795  -29.322  -12.767  38.876 0.0000000000
64826  -28.453  -13.050  36.166 0.0000000000
66138  -28.865  -12.909  36.645 0.0000000000
66150  -28.948  -13.022  36.067 0.0000000000
64664  -26.709  -12.751  46.194 0.0000000000
66020  -26.246  -12.454  45.638 0.0000000000
67263  -23.597  -11.167  44.756 0.0000000000
67264  -24.502  -11.327  44.618 0.0000000000
84439  -38.427  0.917  18.803 0.0000000000
86723  -40.618  2.640  15.825 0.0000000000
75338  -27.026  -7.288  37.768 0.0000000000
80717  -28.118  -0.716  31.282 0.0000000000
80726  -28.097  -1.049  30.259 0.0000000000
80744  -28.009  -1.436  29.156 0.0000000000
82033  -30.459  -0.496  27.186 0.0000000000
83219  -30.964  0.294  27.409 0.0000000000
63201  -13.909  -14.360  49.402 0.0000000000
63184  -13.803  -14.368  50.416 0.0000000000
63169  -13.643  -14.434  51.481 0.0000000000
63167  -11.457  -15.250  51.383 0.0000000000
61880  -10.785  -15.884  50.336 0.0000000000
67291  -32.072  -12.115  42.748 0.0000000000
68481  -32.122  -11.318  43.753 0.0000000000
69721  -32.570  -10.655  44.728 0.0000000000
63293  -28.619  -13.116  44.762 0.0000000000
63313  -29.385  -13.450  44.418 0.0000000000
64699  -31.525  -13.182  45.051 0.0000000000
66032  -31.837  -12.932  44.856 0.0000000000
64727  -30.988  -12.871  42.900 0.0000000000
66057  -31.730  -12.778  42.975 0.0000000000
66058  -32.060  -12.465  43.087 0.0000000000
63274  -29.135  -13.604  46.554 0.0000000000
78252  -38.444  -3.560  25.222 0.0000000000
76908  -37.733  -3.628  24.846 0.0000000000
78276  -38.348  -3.383  24.647 0.0000000000
80852  -42.457  -0.961  23.760 0.0000000000
80851  -41.283  -1.285  23.507 0.0000000000
80866  -41.730  -0.923  22.760 0.0000000000
83284  -40.660  -0.120  21.924 0.0000000000
84406  -39.982  0.693  21.544 0.0000000000
84407  -41.190  0.821  21.320 0.0000000000
84424  -41.410  1.433  20.899 0.0000000000
85548  -41.693  1.972  20.537 0.0000000000
80583  -28.010  -0.822  39.422 0.0000000000
80617  -29.648  -0.763  37.720 0.0000000000
80638  -32.134  0.151  36.973 0.0000000000
80651  -31.618  0.331  36.057 0.0000000000
80669  -31.021  0.538  35.311 0.0000000000
81931  -30.609  0.474  34.355 0.0000000000
81932  -31.542  0.669  34.521 0.0000000000
81956  -32.001  0.953  33.930 0.0000000000
83155  -31.904  1.047  33.373 0.0000000000
84299  -33.312  1.437  33.517 0.0000000000
84291  -34.357  2.519  33.996 0.0000000000
64628  -19.400  -12.857  48.873 0.0000000000
64648  -19.085  -12.946  48.086 0.0000000000
63250  -17.523  -13.634  47.656 0.0000000000
63246  -14.139  -14.538  47.207 0.0000000000
92654  -46.719  8.238  12.720 0.0000000000
93847  -47.357  8.774  12.331 0.0000000000
92669  -47.119  8.735  11.620 0.0000000000
64484  -8.941  -15.575  64.197 0.0000000000
70887  -30.565  -10.522  37.013 0.0000000000
70877  -30.475  -10.220  37.676 0.0000000000
71928  -30.043  -9.690  37.880 0.0000000000
73091  -29.642  -9.605  38.025 0.0000000000
73090  -28.870  -9.298  37.661 0.0000000000
74212  -28.856  -9.276  38.572 0.0000000000
75319  -28.810  -7.778  39.687 0.0000000000
75305  -28.436  -7.527  40.094 0.0000000000
71882  -31.865  -9.784  43.501 0.0000000000
71881  -31.678  -9.728  43.104 0.0000000000
73031  -31.898  -8.760  44.207 0.0000000000
74155  -31.984  -8.190  44.351 0.0000000000
75287  -31.673  -7.530  43.781 0.0000000000
77983  -31.025  -5.557  45.268 0.0000000000
79320  -30.583  -4.837  45.390 0.0000000000
77981  -29.711  -5.059  43.962 0.0000000000
79333  -29.297  -4.690  43.471 0.0000000000
79332  -28.632  -4.064  43.105 0.0000000000
79331  -27.587  -3.025  43.139 0.0000000000
80530  -27.965  -2.579  43.694 0.0000000000
80544  -28.165  -1.908  43.735 0.0000000000
83014  -31.172  0.390  45.190 0.0000000000
67341  -21.261  -12.388  38.236 0.0000000000
64723  -27.955  -12.914  42.216 0.0000000000
64770  -26.095  -13.311  39.212 0.0000000000
64823  -26.124  -14.061  35.993 0.0000000000
67262  -20.420  -11.356  44.089 0.0000000000
67249  -20.989  -11.601  45.066 0.0000000000
66041  -19.092  -12.176  43.501 0.0000000000
66040  -18.551  -12.890  43.468 0.0000000000
64733  -17.408  -14.670  41.341 0.0000000000
87916  -42.909  4.284  19.024 0.0000000000
87917  -43.754  4.375  18.888 0.0000000000
90271  -45.814  6.114  18.679 0.0000000000
91434  -46.229  6.889  18.377 0.0000000000
91443  -44.870  7.180  16.404 0.0000000000
91444  -45.385  7.550  16.792 0.0000000000
91451  -45.277  7.586  15.947 0.0000000000
92626  -45.708  8.057  15.658 0.0000000000
92627  -46.195  8.196  15.028 0.0000000000
92620  -46.294  8.328  16.096 0.0000000000
92617  -47.000  8.208  16.361 0.0000000000
60264  -8.345  -16.879  55.993 0.0000000000
60249  -8.476  -16.747  57.286 0.0000000000
79383  -25.858  -2.180  36.265 0.0000000000
79402  -25.182  -2.911  34.284 0.0000000000
76867  -32.985  -3.892  24.710 0.0000000000
76848  -34.009  -3.999  25.645 0.0000000000
85463  -33.956  2.646  30.102 0.0000000000
85474  -34.350  2.568  29.436 0.0000000000
84341  -34.494  2.072  28.692 0.0000000000
85487  -38.819  1.768  28.389 0.0000000000
84352  -38.453  0.648  27.736 0.0000000000
84363  -38.153  0.143  27.388 0.0000000000
82040  -37.577  -1.293  27.516 0.0000000000
80760  -37.772  -2.384  28.033 0.0000000000
79517  -37.894  -3.511  27.936 0.0000000000
78209  -38.156  -3.893  27.442 0.0000000000
78196  -38.477  -3.833  28.030 0.0000000000
78198  -39.797  -4.150  28.376 0.0000000000
63153  -13.607  -14.768  53.901 0.0000000000
63147  -13.550  -14.676  54.917 0.0000000000
61812  -9.273  -16.462  54.358 0.0000000000
61720  -5.779  -17.399  62.122 0.0000000000
61721  -6.488  -17.036  62.262 0.0000000000
63298  -31.177  -13.655  46.705 0.0000000000
67240  -33.102  -12.415  46.552 0.0000000000
78243  -41.780  -2.884  25.650 0.0000000000
78255  -40.836  -2.284  25.401 0.0000000000
78256  -41.717  -2.432  25.237 0.0000000000
79547  -42.136  -2.299  24.945 0.0000000000
79570  -42.616  -1.720  24.810 0.0000000000
82121  -44.042  0.238  23.465 0.0000000000
83288  -44.708  0.474  22.442 0.0000000000
81852  -31.665  -0.129  40.591 0.0000000000
80569  -31.064  -0.455  39.966 0.0000000000
80570  -32.032  -0.203  39.867 0.0000000000
80587  -32.412  0.039  39.198 0.0000000000
80603  -32.906  0.256  38.613 0.0000000000
80639  -33.011  0.322  37.317 0.0000000000
83141  -34.553  1.030  35.391 0.0000000000
63309  -15.789  -14.332  44.358 0.0000000000
68568  -29.528  -11.905  35.899 0.0000000000
68560  -29.780  -11.839  37.109 0.0000000000
70888  -30.566  -10.958  37.605 0.0000000000
70878  -30.540  -10.516  38.368 0.0000000000
71918  -30.747  -9.925  39.514 0.0000000000
73071  -30.147  -9.435  40.085 0.0000000000
81781  -29.048  -1.956  45.661 0.0000000000
67310  -19.121  -12.439  40.867 0.0000000000
67300  -19.697  -11.771  41.235 0.0000000000
68518  -20.384  -11.840  40.001 0.0000000000
68529  -20.721  -11.696  39.756 0.0000000000
67342  -22.115  -12.445  37.817 0.0000000000
67343  -22.794  -12.968  37.495 0.0000000000
63371  -28.486  -13.345  40.819 0.0000000000
63394  -28.063  -13.247  39.799 0.0000000000
63412  -27.573  -13.165  38.581 0.0000000000
63424  -26.982  -13.528  37.861 0.0000000000
64808  -26.940  -13.753  37.099 0.0000000000
66148  -27.937  -13.192  34.673 0.0000000000
67224  -23.481  -11.787  47.549 0.0000000000
68446  -22.709  -11.244  45.967 0.0000000000
68456  -21.321  -11.011  44.435 0.0000000000
68466  -21.241  -10.735  43.631 0.0000000000
67273  -20.450  -11.100  43.080 0.0000000000
83299  -37.386  -0.787  20.561 0.0000000000
89148  -42.394  3.979  14.704 0.0000000000
87906  -46.500  4.309  20.346 0.0000000000
89102  -46.867  5.108  20.090 0.0000000000
93776  -47.375  8.417  18.468 0.0000000000
80687  -27.459  -0.503  34.176 0.0000000000
79423  -26.639  -1.270  33.583 0.0000000000
80795  -33.362  -2.173  26.269 0.0000000000
86592  -37.282  4.265  31.588 0.0000000000
85466  -36.909  3.270  29.660 0.0000000000
86601  -37.616  3.582  30.403 0.0000000000
86610  -38.798  3.242  30.015 0.0000000000
86618  -38.851  2.438  28.906 0.0000000000
85478  -39.080  2.010  28.644 0.0000000000
85479  -39.585  1.797  28.655 0.0000000000
84342  -39.848  0.817  28.605 0.0000000000
83202  -40.274  0.223  28.806 0.0000000000
82017  -40.342  -0.674  28.771 0.0000000000
67345  -30.334  -12.374  39.915 0.0000000000
67346  -30.779  -11.942  40.294 0.0000000000
68521  -31.291  -11.941  41.367 0.0000000000
69734  -31.693  -11.261  42.087 0.0000000000
70836  -31.756  -10.412  43.128 0.0000000000
70828  -32.142  -10.129  43.919 0.0000000000
71874  -32.238  -9.615  44.258 0.0000000000
70811  -33.726  -9.818  46.054 0.0000000000
66043  -26.323  -12.186  43.299 0.0000000000
64722  -27.162  -12.469  42.739 0.0000000000
64711  -28.469  -13.049  43.130 0.0000000000
63353  -28.778  -13.432  41.698 0.0000000000
63315  -30.396  -13.516  45.343 0.0000000000
63329  -29.749  -13.537  43.740 0.0000000000
64712  -30.951  -13.329  44.338 0.0000000000
63342  -29.714  -13.523  42.876 0.0000000000
63341  -29.214  -13.530  42.699 0.0000000000
63354  -29.185  -13.502  42.070 0.0000000000
64751  -29.569  -13.243  41.208 0.0000000000
64738  -30.331  -13.070  42.072 0.0000000000
64753  -30.005  -12.881  41.076 0.0000000000
64775  -29.957  -12.811  40.502 0.0000000000
67328  -30.420  -12.439  40.572 0.0000000000
64666  -27.754  -13.383  46.882 0.0000000000
64681  -27.253  -12.781  45.578 0.0000000000
76885  -35.707  -4.084  24.614 0.0000000000
76905  -35.301  -4.050  23.687 0.0000000000
78273  -36.052  -3.769  23.793 0.0000000000
78292  -35.714  -3.531  23.054 0.0000000000
79544  -37.281  -3.265  23.778 0.0000000000
79563  -37.034  -3.013  23.303 0.0000000000
80845  -36.016  -2.493  22.221 0.0000000000
78278  -40.251  -2.747  24.603 0.0000000000
79566  -39.826  -2.540  24.299 0.0000000000
80827  -39.303  -1.865  23.714 0.0000000000
82102  -40.599  -1.243  22.844 0.0000000000
80849  -39.631  -1.501  23.204 0.0000000000
82100  -39.046  -1.307  22.930 0.0000000000
83270  -38.566  -1.099  22.489 0.0000000000
83281  -37.637  -0.998  21.358 0.0000000000
84421  -37.526  0.025  20.073 0.0000000000
84423  -39.258  0.964  20.947 0.0000000000
85545  -38.521  1.124  19.578 0.0000000000
85564  -38.809  1.513  18.988 0.0000000000
86686  -39.436  2.292  18.648 0.0000000000
86699  -39.472  2.327  17.888 0.0000000000
86709  -39.875  2.587  17.331 0.0000000000
86700  -39.923  2.854  18.328 0.0000000000
87913  -40.476  3.373  18.826 0.0000000000
85566  -42.484  2.356  20.300 0.0000000000
86689  -42.158  2.887  19.977 0.0000000000
87902  -42.590  3.522  19.510 0.0000000000
84410  -44.339  0.641  21.635 0.0000000000
84428  -44.967  1.043  21.082 0.0000000000
86677  -46.076  2.654  20.519 0.0000000000
87890  -46.157  3.207  20.449 0.0000000000
87892  -47.653  3.378  21.158 0.0000000000
79359  -26.600  -3.941  39.910 0.0000000000
78057  -26.255  -4.428  38.461 0.0000000000
79365  -26.108  -3.456  39.020 0.0000000000
80596  -25.887  -2.488  38.319 0.0000000000
80614  -26.392  -2.009  37.593 0.0000000000
80633  -26.760  -1.651  36.749 0.0000000000
80647  -27.362  -1.256  35.982 0.0000000000
80666  -27.567  -0.793  35.176 0.0000000000
80636  -30.138  -0.716  36.927 0.0000000000
81954  -30.253  0.324  33.326 0.0000000000
81971  -29.028  -0.172  31.808 0.0000000000
81984  -29.603  0.353  31.282 0.0000000000
81997  -30.106  0.851  30.722 0.0000000000
83199  -30.625  1.201  30.083 0.0000000000
84338  -31.848  1.769  30.451 0.0000000000
84328  -32.295  1.950  31.202 0.0000000000
84313  -32.477  1.784  31.993 0.0000000000
84329  -33.258  2.439  30.748 0.0000000000
84330  -33.976  2.902  30.883 0.0000000000
84279  -34.779  1.559  35.031 0.0000000000
85423  -35.283  2.661  34.388 0.0000000000
85406  -36.125  2.946  34.836 0.0000000000
85443  -36.141  3.697  32.268 0.0000000000
87813  -37.867  4.457  31.773 0.0000000000
87814  -38.546  4.347  31.678 0.0000000000
63291  -16.871  -13.733  45.973 0.0000000000
63271  -17.137  -13.554  46.924 0.0000000000
63249  -16.873  -13.557  47.465 0.0000000000
63227  -16.661  -13.532  48.213 0.0000000000
63203  -15.644  -13.598  49.124 0.0000000000
63202  -14.841  -14.028  49.249 0.0000000000
63224  -14.045  -14.468  48.365 0.0000000000
93848  -47.664  9.454  11.813 0.0000000000
74211  -28.215  -8.454  38.397 0.0000000000
74210  -27.524  -7.853  37.754 0.0000000000
76670  -27.090  -6.967  38.544 0.0000000000
69749  -31.047  -11.074  40.948 0.0000000000
69748  -30.863  -11.120  40.611 0.0000000000
70859  -30.969  -10.711  40.565 0.0000000000
71887  -31.549  -9.959  42.591 0.0000000000
71900  -31.355  -10.066  41.424 0.0000000000
71910  -31.189  -10.403  40.800 0.0000000000
73062  -30.998  -9.602  41.076 0.0000000000
74190  -30.327  -9.350  40.757 0.0000000000
75280  -31.574  -6.996  44.098 0.0000000000
75286  -31.336  -7.410  43.089 0.0000000000
75294  -30.997  -7.425  42.434 0.0000000000
74181  -30.630  -7.943  41.356 0.0000000000
75300  -29.982  -7.598  41.163 0.0000000000
75299  -29.445  -7.245  40.916 0.0000000000
76626  -28.845  -6.998  40.605 0.0000000000
76611  -28.444  -6.471  41.093 0.0000000000
78005  -28.580  -5.437  42.151 0.0000000000
78023  -28.114  -5.805  41.517 0.0000000000
78042  -27.623  -6.239  40.913 0.0000000000
78041  -26.861  -5.763  40.540 0.0000000000
78040  -26.578  -5.065  39.872 0.0000000000
80554  -27.139  -1.695  41.657 0.0000000000
80542  -27.390  -2.146  42.563 0.0000000000
81850  -29.526  -0.460  41.245 0.0000000000
81793  -28.919  -1.787  45.287 0.0000000000
81794  -29.195  -0.871  44.884 0.0000000000
83031  -31.069  0.318  44.242 0.0000000000
83030  -29.966  0.125  44.307 0.0000000000
83041  -30.151  0.028  43.333 0.0000000000
81819  -30.878  0.152  42.527 0.0000000000
81835  -31.305  0.072  41.438 0.0000000000
66077  -25.231  -12.529  39.994 0.0000000000
66123  -23.247  -13.479  36.706 0.0000000000
63369  -27.214  -13.478  39.669 0.0000000000
64771  -26.570  -13.430  38.993 0.0000000000
64791  -25.868  -13.436  38.157 0.0000000000
66124  -24.235  -13.655  36.693 0.0000000000
65996  -19.601  -12.496  47.805 0.0000000000
64679  -18.599  -13.038  45.964 0.0000000000
66018  -20.260  -11.743  45.601 0.0000000000
66008  -20.231  -11.863  46.419 0.0000000000
87934  -40.457  3.296  17.074 0.0000000000
87935  -41.055  3.760  16.784 0.0000000000
89123  -41.433  4.373  17.524 0.0000000000
87943  -41.219  3.483  15.819 0.0000000000
89140  -41.720  4.018  15.706 0.0000000000
89141  -42.244  4.463  15.311 0.0000000000
90269  -43.991  5.747  17.996 0.0000000000
90297  -42.744  4.987  15.217 0.0000000000
89149  -42.889  4.376  14.435 0.0000000000
90306  -43.514  5.055  13.873 0.0000000000
90319  -43.883  4.730  13.438 0.0000000000
90320  -44.389  5.409  13.152 0.0000000000
91491  -45.822  7.375  12.602 0.0000000000
92653  -46.298  7.982  13.380 0.0000000000
91460  -45.913  7.871  14.437 0.0000000000
92639  -46.372  8.063  14.157 0.0000000000
92640  -46.964  8.337  13.698 0.0000000000
93822  -47.694  8.706  14.144 0.0000000000
93809  -48.415  9.165  14.621 0.0000000000
60237  -11.142  -16.244  58.641 0.0000000000
79422  -25.848  -2.307  33.205 0.0000000000
83208  -30.496  0.609  28.518 0.0000000000
83209  -31.571  0.912  28.042 0.0000000000
83220  -31.955  0.249  27.001 0.0000000000
84347  -32.933  1.746  28.200 0.0000000000
83210  -32.480  0.938  27.618 0.0000000000
83221  -32.995  0.036  26.914 0.0000000000
82036  -33.609  -1.190  26.468 0.0000000000
85484  -35.934  2.375  28.058 0.0000000000
84351  -37.348  1.187  27.627 0.0000000000
84350  -36.336  1.530  27.487 0.0000000000
83223  -35.266  -0.143  26.763 0.0000000000
82037  -34.691  -1.136  26.637 0.0000000000
80777  -34.189  -2.071  26.528 0.0000000000
79513  -34.645  -2.796  26.515 0.0000000000
79532  -34.852  -3.148  26.386 0.0000000000
78226  -35.006  -3.583  26.105 0.0000000000
78207  -35.898  -3.620  26.469 0.0000000000
76870  -35.557  -4.140  25.488 0.0000000000
75519  -35.926  -4.555  25.613 0.0000000000
75535  -36.254  -4.260  25.256 0.0000000000
75536  -37.016  -4.637  25.453 0.0000000000
76871  -38.254  -5.039  25.889 0.0000000000
76839  -38.335  -4.013  26.665 0.0000000000
76853  -38.352  -4.196  26.415 0.0000000000
76872  -38.451  -3.889  26.126 0.0000000000
76873  -39.384  -3.201  26.170 0.0000000000
76874  -40.062  -2.941  26.456 0.0000000000
82029  -40.342  -1.426  28.795 0.0000000000
60253  -12.208  -16.170  58.410 0.0000000000
61761  -12.564  -16.007  58.088 0.0000000000
60252  -11.823  -16.219  58.004 0.0000000000
60266  -10.490  -16.011  56.915 0.0000000000
61775  -10.055  -16.209  56.393 0.0000000000
61793  -10.482  -16.178  55.961 0.0000000000
61774  -9.525  -16.279  55.973 0.0000000000
60208  -11.011  -16.500  60.090 0.0000000000
60198  -10.543  -16.535  60.812 0.0000000000
60179  -10.646  -16.331  61.978 0.0000000000
61713  -10.298  -16.378  62.518 0.0000000000
61701  -9.922  -16.449  63.033 0.0000000000
60185  -8.182  -16.638  62.006 0.0000000000
61722  -7.346  -16.768  62.156 0.0000000000
60176  -8.630  -16.516  62.382 0.0000000000
61711  -8.655  -16.510  62.664 0.0000000000
61700  -9.267  -16.486  63.008 0.0000000000
63099  -9.275  -16.319  63.546 0.0000000000
64483  -7.882  -15.616  64.374 0.0000000000
61698  -4.653  -17.473  63.937 0.0000000000
61697  -3.849  -17.621  64.291 0.0000000000
60281  -11.005  -15.950  56.843 0.0000000000
61724  -12.206  -15.697  61.556 0.0000000000
61730  -6.233  -17.221  61.781 0.0000000000
63251  -17.930  -13.716  47.687 0.0000000000
63292  -17.448  -13.546  46.552 0.0000000000
63297  -30.693  -13.687  46.376 0.0000000000
63326  -28.743  -13.354  42.817 0.0000000000
63330  -30.204  -13.546  44.249 0.0000000000
63338  -27.992  -13.170  41.407 0.0000000000
63352  -28.245  -13.287  41.165 0.0000000000
63356  -29.957  -13.553  42.550 0.0000000000
63393  -27.434  -13.358  39.286 0.0000000000
63396  -29.348  -13.320  41.048 0.0000000000
63410  -26.769  -13.486  38.354 0.0000000000
63411  -27.065  -13.442  38.488 0.0000000000
63425  -27.287  -13.347  37.773 0.0000000000
64665  -27.213  -13.058  46.457 0.0000000000
64677  -16.954  -13.698  45.392 0.0000000000
64811  -28.988  -12.516  38.020 0.0000000000
64839  -28.087  -13.112  35.517 0.0000000000
64840  -28.353  -13.066  35.778 0.0000000000
66070  -31.125  -12.601  42.117 0.0000000000
66078  -25.758  -12.917  40.350 0.0000000000
66093  -29.972  -12.757  40.173 0.0000000000
66094  -30.186  -12.657  40.540 0.0000000000
66095  -30.488  -12.451  40.851 0.0000000000
66112  -29.874  -12.701  39.432 0.0000000000
66113  -30.094  -12.646  39.869 0.0000000000
66126  -29.496  -12.544  38.324 0.0000000000
66139  -29.204  -12.565  37.224 0.0000000000
67286  -20.588  -10.985  42.279 0.0000000000
67287  -22.954  -10.520  41.938 0.0000000000
67303  -24.541  -11.481  41.226 0.0000000000
67305  -32.005  -12.053  42.008 0.0000000000
67312  -21.468  -11.453  39.858 0.0000000000
67371  -29.353  -12.427  36.946 0.0000000000
68493  -22.732  -10.644  42.795 0.0000000000
68506  -20.380  -11.533  40.687 0.0000000000
68509  -31.882  -11.747  42.024 0.0000000000
68519  -21.077  -11.344  40.101 0.0000000000
68522  -31.580  -11.616  41.633 0.0000000000
68530  -30.934  -11.588  40.893 0.0000000000
68531  -31.269  -11.495  41.305 0.0000000000
68552  -30.638  -11.528  39.543 0.0000000000
68561  -30.356  -11.598  37.746 0.0000000000
69741  -31.150  -10.966  41.145 0.0000000000
70867  -30.713  -10.474  39.601 0.0000000000
71899  -31.232  -9.873  40.998 0.0000000000
71909  -31.201  -9.934  40.546 0.0000000000
71917  -30.412  -9.876  39.020 0.0000000000
71939  -30.067  -9.653  37.328 0.0000000000
71940  -30.398  -9.984  37.055 0.0000000000
73042  -31.864  -9.300  43.973 0.0000000000
73081  -30.482  -9.694  39.778 0.0000000000
73127  -29.482  -9.304  36.353 0.0000000000
74171  -30.844  -7.733  41.785 0.0000000000
74209  -27.244  -7.656  37.597 0.0000000000
75274  -32.914  -7.388  45.348 0.0000000000
75293  -30.487  -7.435  42.003 0.0000000000
75307  -29.669  -7.707  40.661 0.0000000000
75317  -27.481  -7.521  39.052 0.0000000000
75520  -37.050  -5.066  25.636 0.0000000000
75521  -37.638  -5.124  25.539 0.0000000000
75537  -37.382  -4.610  25.515 0.0000000000
75550  -34.532  -4.079  23.577 0.0000000000
76850  -35.983  -4.432  25.838 0.0000000000
76852  -37.909  -5.199  26.373 0.0000000000
76854  -39.161  -3.725  26.737 0.0000000000
76889  -38.701  -3.541  25.608 0.0000000000
77992  -29.516  -5.420  43.282 0.0000000000
78206  -35.505  -3.456  26.418 0.0000000000
78225  -33.798  -3.793  26.021 0.0000000000
78228  -36.454  -4.525  26.158 0.0000000000
78250  -37.087  -3.356  23.904 0.0000000000
78251  -37.300  -3.388  24.000 0.0000000000
78253  -38.954  -3.210  25.157 0.0000000000
78275  -37.548  -3.452  24.274 0.0000000000
78279  -40.582  -2.193  24.814 0.0000000000
79284  -29.982  -3.726  46.069 0.0000000000
79317  -27.851  -3.027  43.630 0.0000000000
79321  -31.132  -5.106  45.666 0.0000000000
79330  -27.316  -2.670  42.696 0.0000000000
79349  -26.111  -2.791  40.419 0.0000000000
79366  -26.465  -4.435  39.246 0.0000000000
79498  -37.774  -2.940  28.066 0.0000000000
79499  -38.478  -3.335  28.242 0.0000000000
79545  -37.531  -3.338  23.934 0.0000000000
79567  -40.366  -2.417  24.351 0.0000000000
79585  -36.414  -2.694  22.774 0.0000000000
79586  -41.278  -1.556  24.347 0.0000000000
80502  -29.143  -2.402  45.581 0.0000000000
80555  -27.893  -1.186  42.109 0.0000000000
80613  -25.711  -2.580  37.524 0.0000000000
80632  -25.888  -2.245  37.046 0.0000000000
80745  -28.446  -1.043  28.555 0.0000000000
80763  -40.262  -2.272  28.803 0.0000000000
80847  -37.186  -2.013  22.861 0.0000000000
80850  -40.198  -1.527  23.348 0.0000000000
81782  -29.289  -1.602  46.036 0.0000000000
81804  -31.138  0.172  42.852 0.0000000000
81907  -32.355  0.489  35.339 0.0000000000
81908  -32.939  0.481  35.488 0.0000000000
81933  -32.290  0.673  34.663 0.0000000000
81935  -33.201  0.574  34.860 0.0000000000
82051  -33.083  -1.544  26.394 0.0000000000
82082  -38.150  -1.776  23.174 0.0000000000
82083  -38.498  -1.686  23.257 0.0000000000
82101  -39.905  -1.265  22.839 0.0000000000
82116  -39.563  -0.977  22.458 0.0000000000
82999  -29.629  0.084  46.038 0.0000000000
83000  -29.866  -0.370  46.516 0.0000000000
83012  -29.684  0.176  45.739 0.0000000000
83015  -31.976  0.495  45.324 0.0000000000
83053  -30.371  0.061  42.905 0.0000000000
83054  -30.606  0.110  43.008 0.0000000000
83124  -34.315  0.740  35.595 0.0000000000
83139  -33.632  0.685  34.867 0.0000000000
83149  -32.199  1.027  33.746 0.0000000000
83151  -33.078  0.786  34.025 0.0000000000
83152  -33.643  0.921  34.468 0.0000000000
83156  -32.233  1.173  33.161 0.0000000000
83168  -32.576  1.643  32.341 0.0000000000
83226  -38.111  -0.464  27.551 0.0000000000
84182  -29.783  0.299  45.927 0.0000000000
84183  -29.932  0.313  46.132 0.0000000000
84196  -29.978  0.332  45.785 0.0000000000
84197  -29.881  0.336  45.588 0.0000000000
84213  -30.440  0.356  45.022 0.0000000000
84278  -34.282  1.293  34.804 0.0000000000
84327  -31.867  1.679  30.996 0.0000000000
85453  -34.407  3.173  31.346 0.0000000000
85476  -36.307  3.040  28.723 0.0000000000
85488  -39.203  1.533  28.480 0.0000000000
85531  -39.935  1.336  21.034 0.0000000000
85563  -38.455  0.990  19.124 0.0000000000
85565  -41.905  2.467  20.237 0.0000000000
86593  -37.972  4.312  31.463 0.0000000000
86617  -38.201  2.465  28.606 0.0000000000
86624  -38.399  2.146  28.357 0.0000000000
86675  -44.630  2.235  20.037 0.0000000000
86692  -45.006  2.849  20.006 0.0000000000
87798  -37.738  4.524  32.383 0.0000000000
87815  -39.509  4.323  32.065 0.0000000000
87825  -38.895  3.954  30.986 0.0000000000
87891  -46.637  3.428  20.620 0.0000000000
87900  -40.823  3.274  19.417 0.0000000000
87914  -41.159  3.728  18.963 0.0000000000
87942  -40.674  3.185  16.385 0.0000000000
87944  -41.721  3.752  15.351 0.0000000000
89142  -42.759  4.811  14.958 0.0000000000
90272  -46.383  6.119  18.937 0.0000000000
91432  -44.991  6.952  17.976 0.0000000000
92603  -46.457  7.594  18.106 0.0000000000
92611  -45.927  7.575  17.355 0.0000000000
92616  -46.416  8.203  16.832 0.0000000000
92619  -45.751  8.085  16.392 0.0000000000
93774  -46.552  7.825  18.075 0.0000000000
93783  -46.515  7.875  17.858 0.0000000000
93792  -46.174  8.185  16.837 0.0000000000
93800  -45.997  8.230  16.679 0.0000000000
93801  -46.027  8.355  16.385 0.0000000000
