#!ascii label  , from subject 3220 vox2ras=TkReg
991
63966  22.803  -8.438  48.204 0.0000000000
61315  33.354  -12.050  50.768 0.0000000000
81249  41.439  4.670  28.190 0.0000000000
77606  31.741  -0.604  38.230 0.0000000000
68870  35.924  -7.345  44.244 0.0000000000
90464  53.420  11.531  18.185 0.0000000000
81178  40.826  4.715  33.008 0.0000000000
81207  35.737  4.392  31.712 0.0000000000
63952  17.576  -9.549  49.059 0.0000000000
62642  28.172  -10.941  50.039 0.0000000000
60146  30.136  -11.526  46.154 0.0000000000
64029  24.213  -8.858  44.274 0.0000000000
86143  48.251  8.518  24.371 0.0000000000
65201  25.831  -9.717  52.832 0.0000000000
66444  22.831  -7.191  52.377 0.0000000000
86073  46.188  7.857  28.701 0.0000000000
66446  18.014  -7.992  53.247 0.0000000000
61238  15.151  -11.468  55.495 0.0000000000
83525  34.291  4.699  39.224 0.0000000000
73990  34.496  -3.750  41.443 0.0000000000
66593  31.761  -9.167  39.773 0.0000000000
61546  31.227  -11.109  42.643 0.0000000000
82355  40.766  5.462  36.390 0.0000000000
81181  38.186  4.954  33.008 0.0000000000
82380  37.581  5.574  34.852 0.0000000000
82353  42.321  5.702  36.128 0.0000000000
65290  21.112  -8.686  46.501 0.0000000000
64005  18.092  -10.652  46.758 0.0000000000
63968  19.891  -8.641  48.133 0.0000000000
62645  25.771  -9.426  48.977 0.0000000000
62695  26.427  -9.944  47.439 0.0000000000
65270  23.461  -8.521  46.363 0.0000000000
65313  21.242  -9.474  44.145 0.0000000000
83708  41.156  5.862  26.420 0.0000000000
82434  43.688  5.103  31.272 0.0000000000
83673  42.949  5.939  28.718 0.0000000000
86108  43.755  7.930  26.719 0.0000000000
71199  22.153  -5.226  54.081 0.0000000000
68787  19.509  -6.562  52.253 0.0000000000
68759  19.134  -6.597  54.595 0.0000000000
65155  17.168  -9.277  59.357 0.0000000000
63872  17.226  -9.175  56.762 0.0000000000
61214  15.122  -11.284  57.403 0.0000000000
59946  13.462  -12.003  58.536 0.0000000000
61191  14.170  -11.387  60.747 0.0000000000
75189  35.089  -3.056  43.217 0.0000000000
71349  35.397  -5.445  42.343 0.0000000000
70120  34.525  -6.800  40.204 0.0000000000
67719  34.136  -7.624  42.381 0.0000000000
62769  28.648  -9.977  43.650 0.0000000000
60188  31.266  -11.514  44.456 0.0000000000
62810  29.511  -10.950  41.385 0.0000000000
62845  29.934  -12.228  40.044 0.0000000000
81098  31.899  2.953  38.610 0.0000000000
79913  31.472  2.996  35.545 0.0000000000
78777  30.518  1.299  35.909 0.0000000000
90500  55.884  11.774  15.851 0.0000000000
89423  54.570  9.847  16.026 0.0000000000
79978  41.196  4.215  30.599 0.0000000000
80008  38.616  3.654  29.874 0.0000000000
81176  42.834  5.264  33.375 0.0000000000
61318  30.663  -11.137  50.864 0.0000000000
60108  32.416  -11.903  48.406 0.0000000000
61396  29.150  -11.143  48.438 0.0000000000
61467  27.834  -10.453  46.072 0.0000000000
64044  25.803  -9.914  42.797 0.0000000000
86103  49.636  8.438  26.522 0.0000000000
86162  50.524  8.759  23.687 0.0000000000
89375  50.069  10.086  21.804 0.0000000000
90455  50.863  11.359  18.430 0.0000000000
63915  24.816  -8.947  51.279 0.0000000000
65219  22.987  -7.963  50.571 0.0000000000
66443  23.897  -8.049  52.573 0.0000000000
63913  27.367  -10.215  51.330 0.0000000000
86105  46.686  8.768  26.482 0.0000000000
65221  19.806  -7.934  50.360 0.0000000000
65232  17.535  -8.730  50.404 0.0000000000
62623  16.084  -10.571  52.621 0.0000000000
66415  17.904  -8.010  55.227 0.0000000000
62593  16.211  -10.304  54.601 0.0000000000
62537  12.181  -11.329  63.234 0.0000000000
83538  37.829  6.448  38.298 0.0000000000
78696  33.103  0.324  41.030 0.0000000000
76368  34.808  -1.559  42.309 0.0000000000
76404  33.099  -2.035  39.469 0.0000000000
71387  33.163  -5.058  39.022 0.0000000000
68935  31.666  -7.024  38.617 0.0000000000
66610  30.183  -9.855  37.333 0.0000000000
61440  33.375  -11.523  46.849 0.0000000000
62747  34.049  -11.186  45.321 0.0000000000
65334  33.535  -9.095  43.905 0.0000000000
64105  31.812  -10.688  40.831 0.0000000000
64126  30.198  -11.476  38.735 0.0000000000
82382  35.169  5.762  35.267 0.0000000000
79938  32.743  3.349  32.106 0.0000000000
82335  40.435  5.890  37.124 0.0000000000
82357  38.618  5.544  35.933 0.0000000000
82336  39.505  6.272  36.927 0.0000000000
82334  41.209  5.753  37.229 0.0000000000
63985  21.785  -8.521  47.550 0.0000000000
63986  20.303  -8.809  47.095 0.0000000000
63967  21.433  -8.532  48.171 0.0000000000
63947  24.008  -8.636  48.868 0.0000000000
63964  24.987  -8.841  47.924 0.0000000000
63984  22.896  -8.471  47.486 0.0000000000
65289  21.866  -8.475  46.299 0.0000000000
82471  40.922  5.044  27.141 0.0000000000
81241  42.281  4.559  29.090 0.0000000000
82451  43.304  5.536  29.660 0.0000000000
82461  42.621  5.218  28.628 0.0000000000
83689  42.029  5.792  28.145 0.0000000000
63858  16.201  -10.277  59.803 0.0000000000
62560  16.200  -10.281  58.919 0.0000000000
62562  14.929  -11.222  58.588 0.0000000000
61216  13.964  -11.619  58.193 0.0000000000
61196  14.616  -11.306  59.605 0.0000000000
61205  13.609  -11.950  59.409 0.0000000000
71332  35.728  -5.781  43.814 0.0000000000
70090  35.694  -6.290  43.432 0.0000000000
68893  34.720  -6.785  42.477 0.0000000000
67708  34.924  -7.633  43.314 0.0000000000
61341  33.971  -12.200  50.010 0.0000000000
62790  27.855  -9.876  42.953 0.0000000000
62768  29.235  -10.385  43.191 0.0000000000
64079  27.750  -10.759  41.419 0.0000000000
64094  27.465  -10.669  40.225 0.0000000000
78744  31.970  0.640  38.516 0.0000000000
78760  31.480  1.041  37.627 0.0000000000
90452  53.266  12.195  19.326 0.0000000000
91528  54.853  12.079  18.867 0.0000000000
90462  55.019  11.761  17.892 0.0000000000
90486  54.994  10.601  16.385 0.0000000000
90475  54.240  10.795  17.195 0.0000000000
81202  40.733  4.475  32.077 0.0000000000
79979  40.313  4.134  30.649 0.0000000000
79936  40.083  4.570  32.279 0.0000000000
81182  37.315  4.780  32.909 0.0000000000
79982  37.450  3.843  30.627 0.0000000000
79983  36.496  3.786  30.478 0.0000000000
81136  41.611  5.392  34.968 0.0000000000
81177  41.865  5.069  33.149 0.0000000000
81200  42.607  4.730  32.266 0.0000000000
63988  17.694  -10.490  47.497 0.0000000000
62662  16.670  -10.814  49.027 0.0000000000
61320  29.086  -11.478  50.439 0.0000000000
61344  29.754  -11.571  49.982 0.0000000000
61345  29.047  -11.629  49.877 0.0000000000
62730  25.823  -9.341  46.227 0.0000000000
62694  27.030  -10.287  47.268 0.0000000000
62729  26.348  -9.509  45.816 0.0000000000
62750  26.550  -9.466  45.034 0.0000000000
64028  24.931  -9.195  44.047 0.0000000000
64046  23.576  -9.841  43.242 0.0000000000
71410  31.742  -4.958  37.328 0.0000000000
86124  48.983  8.657  25.421 0.0000000000
86123  50.296  8.482  25.352 0.0000000000
86142  49.707  8.800  24.265 0.0000000000
87337  49.683  9.460  22.014 0.0000000000
88373  48.733  9.825  20.567 0.0000000000
89386  49.947  10.725  20.690 0.0000000000
63903  25.403  -9.569  51.980 0.0000000000
65209  24.715  -8.826  51.749 0.0000000000
65190  24.842  -8.851  53.148 0.0000000000
63902  26.577  -9.988  52.262 0.0000000000
63914  26.000  -9.589  51.301 0.0000000000
86087  47.158  8.582  27.799 0.0000000000
86088  46.010  8.177  27.575 0.0000000000
86128  44.491  8.246  25.562 0.0000000000
66460  22.859  -7.479  51.758 0.0000000000
65220  21.449  -8.023  50.799 0.0000000000
66461  21.324  -7.374  51.497 0.0000000000
67626  18.759  -7.058  52.367 0.0000000000
66477  18.151  -7.954  51.466 0.0000000000
66478  17.472  -8.346  52.179 0.0000000000
63917  16.701  -9.741  52.030 0.0000000000
65213  17.079  -8.996  52.569 0.0000000000
66403  18.384  -7.500  56.811 0.0000000000
62574  15.654  -10.827  56.110 0.0000000000
63881  16.739  -9.625  55.132 0.0000000000
62580  15.605  -10.886  55.060 0.0000000000
61261  15.060  -11.591  53.746 0.0000000000
79847  33.114  1.603  41.808 0.0000000000
73982  35.073  -3.855  42.098 0.0000000000
76367  35.135  -1.931  42.815 0.0000000000
75204  34.269  -2.716  41.299 0.0000000000
76395  34.106  -1.957  40.788 0.0000000000
75218  33.787  -2.752  40.744 0.0000000000
74019  33.138  -3.926  38.951 0.0000000000
72641  33.420  -4.605  39.356 0.0000000000
67739  33.044  -7.182  40.569 0.0000000000
68921  32.635  -6.591  39.956 0.0000000000
67741  31.410  -7.983  39.601 0.0000000000
67749  30.853  -8.112  38.682 0.0000000000
66609  30.501  -9.341  38.320 0.0000000000
60129  31.726  -11.739  47.621 0.0000000000
60127  32.833  -11.862  47.893 0.0000000000
60144  31.620  -11.633  46.851 0.0000000000
61526  31.203  -11.335  43.148 0.0000000000
61482  32.534  -11.258  45.258 0.0000000000
61524  32.200  -10.978  43.460 0.0000000000
64059  33.929  -9.983  44.090 0.0000000000
62805  32.236  -10.443  42.865 0.0000000000
64091  32.181  -9.651  42.266 0.0000000000
62824  31.358  -10.546  42.022 0.0000000000
62865  28.249  -11.549  38.605 0.0000000000
62863  30.388  -12.099  39.465 0.0000000000
83540  35.811  5.410  38.580 0.0000000000
83572  36.173  6.073  36.771 0.0000000000
83574  34.321  5.368  36.817 0.0000000000
79925  30.640  2.132  33.780 0.0000000000
81162  32.454  4.144  34.034 0.0000000000
91567  55.471  12.000  14.763 0.0000000000
81137  40.800  5.143  34.878 0.0000000000
81179  39.820  4.976  32.997 0.0000000000
81139  39.012  5.263  34.823 0.0000000000
81140  38.303  5.339  34.496 0.0000000000
81159  36.879  5.135  33.594 0.0000000000
82311  42.574  6.020  38.251 0.0000000000
82354  41.529  5.625  36.373 0.0000000000
64004  18.733  -10.073  45.964 0.0000000000
63987  18.773  -9.535  47.290 0.0000000000
63969  18.545  -9.291  48.215 0.0000000000
62634  26.824  -10.326  49.978 0.0000000000
61347  27.891  -10.765  49.171 0.0000000000
62660  26.175  -9.766  48.647 0.0000000000
63982  25.176  -9.052  47.151 0.0000000000
64014  24.357  -8.757  45.393 0.0000000000
65300  23.418  -8.587  44.554 0.0000000000
65301  22.436  -8.497  44.842 0.0000000000
65302  21.508  -8.661  45.443 0.0000000000
86166  46.378  8.260  23.377 0.0000000000
66413  25.539  -8.453  54.601 0.0000000000
83649  44.362  6.592  31.016 0.0000000000
83659  44.412  6.570  30.079 0.0000000000
84867  44.450  7.230  28.712 0.0000000000
86089  44.860  8.108  27.660 0.0000000000
84877  43.467  7.019  27.859 0.0000000000
84889  41.775  6.464  26.645 0.0000000000
68772  22.198  -6.526  52.940 0.0000000000
67624  21.214  -6.825  52.148 0.0000000000
69968  21.032  -6.037  52.785 0.0000000000
69970  19.473  -6.246  53.558 0.0000000000
67611  18.529  -7.422  53.676 0.0000000000
66392  17.727  -8.107  57.473 0.0000000000
63860  17.340  -9.240  58.167 0.0000000000
62568  15.601  -10.777  57.169 0.0000000000
61227  15.172  -11.387  56.518 0.0000000000
61228  14.598  -11.669  56.879 0.0000000000
72609  35.524  -4.971  43.263 0.0000000000
72619  35.032  -4.657  41.907 0.0000000000
72629  34.668  -5.079  40.707 0.0000000000
70118  34.944  -5.902  41.674 0.0000000000
68908  34.234  -7.162  40.933 0.0000000000
67731  32.678  -8.325  40.796 0.0000000000
61464  29.752  -11.254  45.427 0.0000000000
60159  30.858  -11.668  45.606 0.0000000000
61506  30.257  -10.899  43.870 0.0000000000
61528  30.448  -10.894  42.880 0.0000000000
61566  30.546  -12.066  41.835 0.0000000000
62826  31.187  -12.091  41.574 0.0000000000
62828  29.303  -11.876  40.786 0.0000000000
64108  28.057  -11.130  39.464 0.0000000000
82318  32.603  3.680  38.800 0.0000000000
82362  32.962  4.692  36.562 0.0000000000
81109  31.507  3.235  37.770 0.0000000000
79914  30.794  2.172  34.705 0.0000000000
90492  56.280  11.601  16.633 0.0000000000
90494  55.239  10.421  15.542 0.0000000000
80005  41.388  4.188  29.792 0.0000000000
80047  40.723  4.464  28.137 0.0000000000
80006  40.477  4.025  29.823 0.0000000000
79955  39.227  4.269  31.783 0.0000000000
80009  37.651  3.604  29.820 0.0000000000
82351  43.648  5.740  35.904 0.0000000000
82375  44.304  6.020  34.908 0.0000000000
82416  44.109  6.007  33.424 0.0000000000
81220  43.654  4.706  31.777 0.0000000000
81221  42.696  4.600  31.213 0.0000000000
61316  32.353  -11.751  51.061 0.0000000000
60068  32.883  -11.869  49.698 0.0000000000
60070  31.304  -11.207  49.926 0.0000000000
60089  31.182  -11.360  49.053 0.0000000000
60112  29.802  -11.173  47.838 0.0000000000
61372  27.798  -10.661  48.525 0.0000000000
61420  28.361  -10.763  47.277 0.0000000000
61443  28.949  -11.068  46.501 0.0000000000
62748  28.236  -10.031  44.629 0.0000000000
64026  26.689  -9.684  43.593 0.0000000000
87317  51.625  8.749  23.636 0.0000000000
86177  49.450  9.202  22.645 0.0000000000
88355  50.654  9.037  22.655 0.0000000000
88353  51.292  9.910  22.821 0.0000000000
89373  51.433  11.341  21.972 0.0000000000
90444  51.618  11.902  19.917 0.0000000000
90465  52.516  11.628  17.956 0.0000000000
90477  52.533  10.848  17.176 0.0000000000
63932  23.982  -8.602  49.656 0.0000000000
63933  22.490  -8.308  49.701 0.0000000000
63924  23.847  -8.456  50.436 0.0000000000
66459  23.616  -7.901  51.831 0.0000000000
66426  23.701  -7.505  53.153 0.0000000000
67594  24.923  -7.683  54.024 0.0000000000
68757  23.692  -6.454  53.607 0.0000000000
69951  22.971  -5.762  53.656 0.0000000000
61291  32.858  -11.833  51.756 0.0000000000
61292  31.822  -11.531  51.904 0.0000000000
61294  29.904  -11.147  51.385 0.0000000000
62620  29.221  -10.850  51.511 0.0000000000
62607  28.655  -10.477  51.813 0.0000000000
62622  27.885  -10.451  50.742 0.0000000000
63922  26.521  -9.908  50.453 0.0000000000
63931  25.476  -9.221  49.570 0.0000000000
87271  50.196  8.184  28.389 0.0000000000
86104  48.188  8.964  26.651 0.0000000000
86125  47.589  8.814  25.427 0.0000000000
86107  44.760  8.204  26.590 0.0000000000
86127  45.595  8.330  25.569 0.0000000000
86145  45.987  8.541  24.412 0.0000000000
63934  20.779  -8.375  49.473 0.0000000000
63935  19.527  -8.583  49.343 0.0000000000
63936  18.584  -8.806  49.453 0.0000000000
66476  19.549  -7.511  50.977 0.0000000000
65231  18.683  -8.649  50.056 0.0000000000
63937  17.290  -9.410  49.774 0.0000000000
62646  16.290  -10.659  50.268 0.0000000000
62635  16.105  -10.645  51.488 0.0000000000
68749  18.752  -7.242  54.963 0.0000000000
66428  17.906  -8.232  54.187 0.0000000000
65181  17.183  -9.086  54.889 0.0000000000
65192  17.388  -8.893  54.146 0.0000000000
62608  16.128  -10.417  53.621 0.0000000000
61168  13.210  -11.267  62.413 0.0000000000
83537  38.644  7.173  38.182 0.0000000000
82295  33.953  3.877  39.853 0.0000000000
81085  32.747  2.827  40.040 0.0000000000
79860  32.483  1.606  39.691 0.0000000000
78728  32.696  -0.380  39.495 0.0000000000
77573  33.730  -0.951  41.072 0.0000000000
77585  33.111  -1.033  40.029 0.0000000000
76411  32.699  -2.111  38.831 0.0000000000
75237  32.755  -2.909  38.368 0.0000000000
72660  32.828  -4.358  38.061 0.0000000000
71400  32.261  -5.077  37.976 0.0000000000
71376  33.926  -5.353  39.456 0.0000000000
70140  32.661  -5.689  39.144 0.0000000000
68949  31.447  -6.755  37.663 0.0000000000
67769  30.846  -8.489  36.524 0.0000000000
66650  30.978  -9.622  36.025 0.0000000000
67699  36.138  -8.065  44.538 0.0000000000
60106  33.486  -11.763  48.817 0.0000000000
61395  33.983  -11.571  48.386 0.0000000000
61439  34.301  -11.412  46.739 0.0000000000
60172  32.409  -11.333  46.051 0.0000000000
61462  33.627  -11.454  45.872 0.0000000000
62725  34.688  -11.202  45.988 0.0000000000
64025  34.987  -10.371  45.119 0.0000000000
65322  35.301  -9.547  44.520 0.0000000000
66566  35.099  -8.230  44.150 0.0000000000
66575  33.982  -8.231  42.968 0.0000000000
66577  32.766  -8.719  41.956 0.0000000000
65366  32.309  -10.103  40.197 0.0000000000
62844  31.111  -12.350  40.286 0.0000000000
64125  31.016  -11.174  39.334 0.0000000000
65386  30.651  -10.431  38.915 0.0000000000
65387  30.123  -10.490  37.974 0.0000000000
82338  37.456  6.656  36.682 0.0000000000
82381  36.318  5.840  35.130 0.0000000000
81160  35.768  5.116  33.687 0.0000000000
81142  32.987  4.560  35.401 0.0000000000
81161  34.147  5.029  34.211 0.0000000000
81208  34.473  4.231  31.550 0.0000000000
89425  53.274  9.742  16.104 0.0000000000
82314  40.431  6.954  37.647 0.0000000000
82313  40.977  6.323  38.057 0.0000000000
63965  23.979  -8.541  48.076 0.0000000000
81256  40.931  4.783  27.583 0.0000000000
81248  42.055  4.660  28.563 0.0000000000
81247  42.567  4.744  28.981 0.0000000000
81255  41.694  4.827  28.096 0.0000000000
82470  41.627  5.251  27.783 0.0000000000
62556  15.738  -10.545  59.621 0.0000000000
62555  16.197  -10.280  59.523 0.0000000000
62557  15.049  -11.041  59.191 0.0000000000
68878  35.911  -6.804  44.076 0.0000000000
70077  36.053  -6.397  44.334 0.0000000000
68879  35.643  -7.038  43.508 0.0000000000
68892  35.234  -6.874  42.881 0.0000000000
61314  34.362  -12.482  50.981 0.0000000000
64062  27.371  -10.458  42.191 0.0000000000
64080  26.734  -10.724  41.110 0.0000000000
77596  32.244  -0.176  38.736 0.0000000000
77615  31.341  0.241  37.463 0.0000000000
90451  54.096  12.204  19.631 0.0000000000
90463  54.452  11.732  18.297 0.0000000000
81206  36.800  4.366  32.024 0.0000000000
79958  36.289  4.193  31.097 0.0000000000
79984  35.437  3.656  30.456 0.0000000000
79959  35.731  4.188  30.981 0.0000000000
81154  41.291  5.038  34.067 0.0000000000
81153  42.192  5.389  34.211 0.0000000000
63970  17.414  -10.256  48.377 0.0000000000
63989  17.035  -10.992  47.806 0.0000000000
62681  16.793  -10.937  48.345 0.0000000000
61321  28.617  -11.359  50.119 0.0000000000
64013  25.259  -9.097  45.293 0.0000000000
64012  25.803  -9.316  44.873 0.0000000000
71401  31.689  -5.569  37.289 0.0000000000
89397  49.141  10.406  19.865 0.0000000000
65202  24.795  -8.882  52.416 0.0000000000
65189  25.329  -9.345  53.410 0.0000000000
84854  45.508  7.294  29.761 0.0000000000
86072  47.183  8.435  29.007 0.0000000000
65212  22.122  -7.747  51.398 0.0000000000
66445  21.895  -7.157  52.182 0.0000000000
66463  17.975  -7.829  52.327 0.0000000000
66464  17.560  -8.530  52.967 0.0000000000
66391  18.311  -7.530  57.603 0.0000000000
61249  15.095  -11.532  54.525 0.0000000000
75203  34.656  -2.896  41.890 0.0000000000
73991  33.997  -3.249  41.159 0.0000000000
74006  33.324  -3.864  39.756 0.0000000000
74005  33.799  -3.766  40.742 0.0000000000
67740  32.358  -7.919  40.319 0.0000000000
68922  32.065  -7.409  39.618 0.0000000000
66608  30.972  -8.836  39.267 0.0000000000
60130  31.077  -11.619  47.439 0.0000000000
60145  30.947  -11.708  46.536 0.0000000000
61547  31.063  -11.298  42.517 0.0000000000
61525  31.658  -11.065  43.199 0.0000000000
62786  31.985  -10.863  43.211 0.0000000000
62785  32.732  -10.773  43.402 0.0000000000
62806  31.571  -10.790  42.707 0.0000000000
64078  31.931  -10.220  42.402 0.0000000000
62825  31.109  -11.220  41.771 0.0000000000
83541  34.683  5.280  38.646 0.0000000000
83555  35.459  5.609  37.655 0.0000000000
83556  34.400  5.363  37.648 0.0000000000
81122  40.373  5.337  35.591 0.0000000000
81138  39.956  5.361  34.790 0.0000000000
81123  39.594  5.341  35.491 0.0000000000
82379  38.411  5.401  35.033 0.0000000000
81158  37.768  5.210  33.838 0.0000000000
81121  41.167  5.313  35.677 0.0000000000
63950  19.691  -8.637  48.926 0.0000000000
62644  26.488  -9.944  49.391 0.0000000000
63983  23.972  -8.599  47.165 0.0000000000
64002  24.305  -8.721  46.328 0.0000000000
65287  23.481  -8.510  45.582 0.0000000000
66533  21.453  -8.585  46.267 0.0000000000
65303  20.762  -9.007  45.735 0.0000000000
82433  43.809  5.979  31.682 0.0000000000
82443  43.530  5.364  30.739 0.0000000000
82460  43.054  5.736  29.009 0.0000000000
83660  43.818  6.258  29.646 0.0000000000
83672  43.538  6.324  29.018 0.0000000000
84855  44.643  6.930  29.496 0.0000000000
84868  43.657  6.727  28.516 0.0000000000
83687  43.257  6.378  28.465 0.0000000000
82479  41.281  5.548  27.102 0.0000000000
83707  41.662  6.064  27.518 0.0000000000
69952  21.917  -5.867  53.315 0.0000000000
69967  21.702  -6.299  52.937 0.0000000000
69953  20.676  -5.677  53.637 0.0000000000
69954  19.521  -6.121  54.268 0.0000000000
69955  19.265  -6.446  53.818 0.0000000000
68760  18.953  -6.859  54.309 0.0000000000
65154  17.402  -8.620  58.966 0.0000000000
62561  15.405  -10.827  58.346 0.0000000000
62567  16.254  -10.308  57.820 0.0000000000
59965  13.414  -12.211  57.618 0.0000000000
61198  13.700  -11.847  60.242 0.0000000000
61192  13.638  -11.562  61.042 0.0000000000
71340  35.521  -5.627  42.934 0.0000000000
72618  35.313  -4.815  42.498 0.0000000000
71350  35.030  -5.362  41.801 0.0000000000
68907  34.353  -6.873  41.780 0.0000000000
67729  34.005  -7.356  41.577 0.0000000000
67730  33.257  -7.667  41.222 0.0000000000
67720  33.438  -7.984  42.020 0.0000000000
61508  28.999  -10.290  44.496 0.0000000000
61485  30.031  -11.033  44.721 0.0000000000
61507  29.537  -10.522  44.037 0.0000000000
62788  29.530  -10.615  42.416 0.0000000000
62787  30.262  -10.861  41.855 0.0000000000
61549  30.690  -11.352  42.092 0.0000000000
62809  30.076  -11.733  41.582 0.0000000000
64093  28.503  -11.284  40.173 0.0000000000
78761  31.049  0.813  36.973 0.0000000000
78776  31.101  1.759  36.684 0.0000000000
89435  54.846  9.708  15.701 0.0000000000
80029  40.595  4.224  29.000 0.0000000000
79980  39.401  3.998  30.740 0.0000000000
80007  39.544  3.863  29.854 0.0000000000
80031  38.707  3.580  28.968 0.0000000000
81180  38.998  4.947  33.134 0.0000000000
81203  39.260  4.635  32.554 0.0000000000
81204  38.598  4.517  32.385 0.0000000000
82331  43.349  5.895  36.869 0.0000000000
82352  43.033  5.505  36.193 0.0000000000
81152  43.150  5.481  34.502 0.0000000000
82400  43.492  5.643  34.897 0.0000000000
82399  43.780  5.782  34.423 0.0000000000
82398  44.339  5.955  34.182 0.0000000000
81175  43.603  5.644  33.605 0.0000000000
81198  43.779  5.677  32.934 0.0000000000
81199  43.471  5.139  32.687 0.0000000000
79952  41.845  4.501  31.364 0.0000000000
79977  42.002  4.429  30.522 0.0000000000
61317  31.462  -11.330  51.175 0.0000000000
60054  31.874  -11.598  50.462 0.0000000000
60055  31.332  -11.232  50.605 0.0000000000
61369  29.510  -11.479  49.640 0.0000000000
60090  30.196  -11.301  49.130 0.0000000000
60091  29.790  -11.222  48.615 0.0000000000
60111  30.454  -11.301  48.110 0.0000000000
62659  27.018  -10.400  48.822 0.0000000000
62678  27.098  -10.268  48.026 0.0000000000
62711  27.007  -10.201  46.485 0.0000000000
61421  27.658  -10.489  46.986 0.0000000000
61444  28.151  -10.583  46.513 0.0000000000
61466  28.288  -10.504  45.662 0.0000000000
62727  27.758  -10.089  45.133 0.0000000000
64027  25.932  -9.554  44.003 0.0000000000
62749  27.201  -9.625  44.566 0.0000000000
64043  26.887  -10.003  42.877 0.0000000000
65312  22.405  -8.899  43.739 0.0000000000
65323  22.646  -9.650  43.297 0.0000000000
65324  21.784  -9.958  43.391 0.0000000000
86085  50.375  8.168  27.366 0.0000000000
86141  51.054  8.531  24.340 0.0000000000
86122  51.201  8.579  25.354 0.0000000000
87305  51.740  8.833  24.193 0.0000000000
87318  51.165  8.754  23.471 0.0000000000
86179  47.661  8.724  22.166 0.0000000000
86178  48.820  9.049  22.618 0.0000000000
89376  49.794  9.745  21.806 0.0000000000
88364  50.258  9.393  22.242 0.0000000000
88354  51.057  9.022  22.886 0.0000000000
88363  50.667  9.762  22.367 0.0000000000
88362  50.895  10.388  22.343 0.0000000000
89374  50.549  10.676  21.675 0.0000000000
89396  50.132  10.749  18.995 0.0000000000
89385  50.806  11.430  20.311 0.0000000000
89395  50.770  11.390  19.199 0.0000000000
90454  51.471  11.756  18.945 0.0000000000
65203  24.134  -8.277  52.077 0.0000000000
66414  25.153  -8.027  54.242 0.0000000000
67583  24.884  -7.150  54.124 0.0000000000
67596  23.415  -6.957  53.292 0.0000000000
63901  27.991  -10.233  52.395 0.0000000000
63912  28.179  -10.294  51.652 0.0000000000
63921  27.314  -10.361  50.719 0.0000000000
63923  25.132  -9.123  50.457 0.0000000000
80048  39.657  3.949  28.083 0.0000000000
86126  46.420  8.613  25.387 0.0000000000
86090  44.160  7.852  27.404 0.0000000000
86147  44.151  8.026  24.462 0.0000000000
86146  45.043  8.289  24.477 0.0000000000
86167  45.450  8.158  23.404 0.0000000000
63925  23.019  -8.118  50.139 0.0000000000
65229  21.744  -8.350  50.120 0.0000000000
65230  20.090  -8.288  49.838 0.0000000000
67625  20.094  -6.747  51.666 0.0000000000
66462  20.140  -7.192  51.282 0.0000000000
65222  18.491  -8.240  50.693 0.0000000000
62624  15.419  -11.521  52.188 0.0000000000
67570  18.493  -7.440  56.348 0.0000000000
67585  18.532  -7.494  55.574 0.0000000000
67597  18.455  -7.590  54.678 0.0000000000
63893  16.846  -9.599  54.130 0.0000000000
63905  16.700  -9.743  53.084 0.0000000000
61181  13.487  -11.287  61.876 0.0000000000
62535  13.267  -10.985  62.843 0.0000000000
62536  12.577  -11.289  63.184 0.0000000000
83505  36.774  4.919  40.247 0.0000000000
82278  34.255  3.720  40.977 0.0000000000
81070  33.304  2.882  40.927 0.0000000000
79859  32.749  1.586  40.616 0.0000000000
78711  32.722  0.325  39.960 0.0000000000
78712  32.405  0.887  39.409 0.0000000000
77556  34.427  -0.931  42.064 0.0000000000
76396  33.540  -2.050  40.233 0.0000000000
77584  33.596  -1.547  40.555 0.0000000000
77595  32.529  -0.970  39.084 0.0000000000
75229  33.137  -3.052  39.003 0.0000000000
72649  33.055  -4.415  38.640 0.0000000000
74032  33.031  -3.717  38.372 0.0000000000
71399  32.832  -4.791  38.439 0.0000000000
70129  34.697  -6.153  40.105 0.0000000000
71375  34.398  -5.623  39.909 0.0000000000
70130  33.952  -6.274  39.655 0.0000000000
68934  32.325  -6.363  39.046 0.0000000000
70141  32.213  -6.163  38.546 0.0000000000
68950  30.880  -7.328  37.227 0.0000000000
68936  30.834  -7.584  38.104 0.0000000000
66628  30.558  -9.245  37.031 0.0000000000
66629  30.291  -9.951  36.456 0.0000000000
60087  32.603  -11.855  49.073 0.0000000000
60086  33.124  -11.826  49.233 0.0000000000
60107  32.947  -11.862  48.552 0.0000000000
60142  32.796  -11.618  47.242 0.0000000000
60126  33.333  -11.716  48.093 0.0000000000
61418  33.760  -11.494  47.552 0.0000000000
61417  34.498  -11.232  47.868 0.0000000000
60175  30.835  -11.498  44.676 0.0000000000
60174  31.327  -11.562  45.172 0.0000000000
60187  31.629  -11.472  44.871 0.0000000000
61481  33.251  -11.133  44.886 0.0000000000
62726  34.193  -11.430  45.779 0.0000000000
62724  35.221  -10.642  45.769 0.0000000000
62746  34.625  -10.680  45.164 0.0000000000
64058  34.356  -9.793  44.449 0.0000000000
65333  34.400  -9.315  44.437 0.0000000000
66559  35.045  -8.900  44.242 0.0000000000
66567  34.306  -8.389  43.757 0.0000000000
66568  33.586  -8.597  43.292 0.0000000000
64092  31.800  -10.125  41.657 0.0000000000
65342  32.721  -9.166  42.426 0.0000000000
65351  32.238  -9.274  41.652 0.0000000000
65365  32.307  -9.366  40.903 0.0000000000
65352  32.115  -9.912  41.015 0.0000000000
64107  31.059  -11.891  39.426 0.0000000000
65367  31.407  -10.350  39.582 0.0000000000
64141  29.674  -11.294  37.579 0.0000000000
83552  38.123  7.073  37.617 0.0000000000
83553  37.498  6.426  37.375 0.0000000000
82359  35.784  5.995  35.972 0.0000000000
82403  35.467  5.547  34.535 0.0000000000
81124  31.962  3.835  36.694 0.0000000000
81186  32.469  3.459  33.040 0.0000000000
81185  33.526  4.146  32.740 0.0000000000
81209  33.506  3.674  31.694 0.0000000000
92664  55.541  12.832  14.719 0.0000000000
92665  55.024  12.629  14.562 0.0000000000
93831  54.683  13.247  14.749 0.0000000000
89413  53.287  10.383  16.734 0.0000000000
82356  39.897  5.551  36.247 0.0000000000
65273  21.301  -8.627  47.089 0.0000000000
63949  21.157  -8.461  48.914 0.0000000000
63946  25.038  -8.867  48.672 0.0000000000
62661  25.543  -9.301  48.460 0.0000000000
65271  22.813  -8.458  46.732 0.0000000000
65272  21.971  -8.478  46.990 0.0000000000
81239  43.182  4.919  30.250 0.0000000000
82452  42.888  4.952  29.174 0.0000000000
83688  42.672  6.064  28.320 0.0000000000
82469  42.251  5.496  28.287 0.0000000000
72467  21.833  -4.415  55.060 0.0000000000
71200  21.314  -5.395  54.101 0.0000000000
71183  21.363  -4.890  54.995 0.0000000000
61215  14.647  -11.414  57.936 0.0000000000
61203  14.538  -11.361  58.781 0.0000000000
61204  14.067  -11.610  59.084 0.0000000000
61197  14.201  -11.609  59.937 0.0000000000
70104  35.560  -5.993  42.756 0.0000000000
70105  35.254  -6.131  42.361 0.0000000000
70091  35.555  -6.441  42.943 0.0000000000
67718  34.810  -7.236  42.779 0.0000000000
62789  28.483  -10.341  42.616 0.0000000000
64061  28.062  -10.548  42.023 0.0000000000
62811  28.641  -10.712  41.827 0.0000000000
62829  28.528  -10.976  40.934 0.0000000000
79871  32.181  1.521  38.968 0.0000000000
79884  31.767  1.945  38.092 0.0000000000
90442  53.059  12.539  20.619 0.0000000000
90441  53.992  12.370  20.888 0.0000000000
90473  56.476  11.076  17.702 0.0000000000
90474  55.316  11.386  17.496 0.0000000000
90487  54.463  10.330  16.404 0.0000000000
79953  40.985  4.301  31.407 0.0000000000
79954  40.145  4.314  31.476 0.0000000000
81205  37.728  4.436  32.208 0.0000000000
79957  37.187  4.167  31.313 0.0000000000
81119  42.213  5.704  35.689 0.0000000000
82378  42.781  5.518  35.755 0.0000000000
81201  41.501  4.589  32.216 0.0000000000
61319  29.798  -11.377  50.641 0.0000000000
61343  30.348  -11.313  50.223 0.0000000000
61370  29.217  -11.370  49.237 0.0000000000
62713  25.814  -9.492  46.891 0.0000000000
62712  26.400  -9.808  46.715 0.0000000000
62728  27.282  -10.118  45.642 0.0000000000
64045  24.737  -9.889  42.990 0.0000000000
72661  32.254  -4.402  37.565 0.0000000000
87329  48.968  9.180  22.136 0.0000000000
87338  48.776  9.357  21.369 0.0000000000
89387  49.532  10.056  21.091 0.0000000000
63904  24.933  -9.124  51.855 0.0000000000
66442  24.566  -8.577  52.983 0.0000000000
86129  43.555  7.994  25.474 0.0000000000
65211  22.898  -7.700  51.246 0.0000000000
66475  20.571  -7.674  50.834 0.0000000000
67638  19.411  -7.100  51.444 0.0000000000
67639  18.655  -7.389  51.608 0.0000000000
65223  17.281  -8.691  51.421 0.0000000000
66404  17.945  -7.852  56.466 0.0000000000
62573  16.275  -10.263  56.698 0.0000000000
63873  16.794  -9.506  56.116 0.0000000000
62579  16.249  -10.250  55.625 0.0000000000
62594  15.448  -10.930  54.092 0.0000000000
79833  33.645  2.199  42.601 0.0000000000
76366  35.339  -2.275  43.493 0.0000000000
75190  34.896  -2.998  42.493 0.0000000000
76384  34.858  -2.212  42.186 0.0000000000
76385  34.569  -1.863  41.568 0.0000000000
75219  33.458  -2.907  39.948 0.0000000000
68920  33.844  -7.327  40.074 0.0000000000
60109  31.790  -11.774  48.341 0.0000000000
60128  32.319  -11.838  47.747 0.0000000000
60143  32.219  -11.637  47.097 0.0000000000
60156  32.589  -11.474  46.666 0.0000000000
61504  31.144  -11.454  43.801 0.0000000000
61503  31.735  -11.393  44.211 0.0000000000
61502  32.535  -11.159  44.066 0.0000000000
61501  33.115  -11.028  44.349 0.0000000000
62766  33.635  -10.661  44.471 0.0000000000
62784  33.420  -10.434  43.813 0.0000000000
64060  33.331  -10.248  43.412 0.0000000000
64076  33.421  -9.728  43.376 0.0000000000
65341  33.210  -9.187  43.075 0.0000000000
64077  32.780  -9.979  42.838 0.0000000000
62846  28.885  -11.799  39.695 0.0000000000
62864  29.441  -11.949  38.941 0.0000000000
62881  28.897  -11.803  38.061 0.0000000000
64127  29.503  -11.834  38.059 0.0000000000
64142  29.039  -11.831  37.257 0.0000000000
83539  36.990  5.615  38.353 0.0000000000
83554  36.536  5.799  37.511 0.0000000000
83573  35.113  5.788  36.810 0.0000000000
82360  34.747  5.546  36.072 0.0000000000
79924  31.622  2.808  33.805 0.0000000000
90501  55.592  11.173  15.353 0.0000000000
90516  55.705  11.867  15.294 0.0000000000
81155  40.380  5.183  33.945 0.0000000000
81156  39.473  5.336  33.917 0.0000000000
81157  38.633  5.250  33.869 0.0000000000
81183  36.297  4.667  32.803 0.0000000000
82310  43.272  6.324  37.666 0.0000000000
82332  42.669  5.689  36.928 0.0000000000
82333  41.980  5.736  37.195 0.0000000000
81120  41.837  5.725  35.654 0.0000000000
63951  18.475  -9.035  48.905 0.0000000000
62643  27.525  -10.588  49.651 0.0000000000
62679  26.393  -9.943  48.093 0.0000000000
62680  25.683  -9.483  47.977 0.0000000000
62696  25.892  -9.630  47.517 0.0000000000
64001  25.166  -9.030  46.233 0.0000000000
65288  22.619  -8.390  45.898 0.0000000000
86165  47.423  8.447  23.350 0.0000000000
66424  25.811  -9.235  54.215 0.0000000000
83638  45.055  6.680  32.005 0.0000000000
83648  45.047  6.894  31.341 0.0000000000
82442  43.812  6.063  30.560 0.0000000000
84866  45.371  7.569  28.909 0.0000000000
86074  45.350  7.847  28.349 0.0000000000
84876  44.189  7.586  27.941 0.0000000000
84887  43.219  7.323  27.125 0.0000000000
84878  42.806  6.450  27.852 0.0000000000
84888  42.595  6.737  27.241 0.0000000000
86109  43.024  7.493  26.411 0.0000000000
86110  42.303  7.013  26.212 0.0000000000
67610  22.119  -6.901  52.562 0.0000000000
68773  21.568  -6.545  52.625 0.0000000000
68785  20.986  -6.367  52.404 0.0000000000
68786  20.209  -6.227  52.324 0.0000000000
69969  19.964  -5.935  53.059 0.0000000000
68774  19.740  -6.194  52.752 0.0000000000
68775  19.295  -6.520  53.112 0.0000000000
65157  17.522  -8.731  58.021 0.0000000000
63865  17.318  -9.240  57.607 0.0000000000
63866  16.819  -9.696  57.252 0.0000000000
61239  14.617  -11.863  55.871 0.0000000000
61240  14.005  -12.151  56.223 0.0000000000
61229  13.957  -11.822  57.228 0.0000000000
73973  35.356  -4.111  43.726 0.0000000000
73981  35.222  -4.010  42.800 0.0000000000
72628  34.647  -4.677  41.128 0.0000000000
72639  34.254  -4.330  40.799 0.0000000000
71362  34.864  -5.468  41.115 0.0000000000
70119  34.794  -6.332  41.012 0.0000000000
70106  34.729  -6.325  41.958 0.0000000000
60160  30.359  -11.422  45.222 0.0000000000
60176  30.468  -11.305  44.765 0.0000000000
61484  30.512  -11.223  44.382 0.0000000000
61529  29.859  -10.613  43.274 0.0000000000
61505  30.765  -11.314  43.816 0.0000000000
61527  30.909  -11.349  42.987 0.0000000000
61548  30.897  -11.617  42.161 0.0000000000
62808  31.040  -11.610  41.969 0.0000000000
61565  30.779  -12.213  41.709 0.0000000000
62827  30.416  -12.321  41.151 0.0000000000
82317  33.536  4.578  38.624 0.0000000000
82340  32.341  4.248  37.843 0.0000000000
79898  31.350  2.521  37.120 0.0000000000
90485  55.863  11.328  16.965 0.0000000000
90493  55.700  11.068  16.079 0.0000000000
89442  54.965  9.627  14.926 0.0000000000
80028  41.658  4.414  29.022 0.0000000000
80030  39.616  3.910  28.986 0.0000000000
79937  39.611  4.598  32.406 0.0000000000
79981  38.436  3.836  30.765 0.0000000000
79956  38.122  4.097  31.547 0.0000000000
80032  37.789  3.366  28.938 0.0000000000
83590  44.161  5.995  35.532 0.0000000000
82426  43.928  6.097  32.644 0.0000000000
81219  43.962  5.311  32.349 0.0000000000
81233  42.683  4.622  30.387 0.0000000000
60053  32.674  -11.856  50.297 0.0000000000
60069  32.219  -11.768  49.726 0.0000000000
60088  31.925  -11.716  49.054 0.0000000000
60071  30.524  -11.281  49.677 0.0000000000
60110  31.128  -11.476  48.286 0.0000000000
60131  30.390  -11.422  47.177 0.0000000000
61371  28.491  -11.040  48.919 0.0000000000
61397  28.447  -10.887  48.128 0.0000000000
61398  27.760  -10.525  47.754 0.0000000000
61419  29.075  -11.085  47.552 0.0000000000
60132  29.677  -11.285  46.947 0.0000000000
60147  29.573  -11.343  46.395 0.0000000000
61465  29.127  -10.964  45.599 0.0000000000
61487  28.840  -10.519  45.077 0.0000000000
62770  27.624  -9.711  43.699 0.0000000000
64063  26.123  -10.413  41.888 0.0000000000
65311  23.289  -8.950  43.624 0.0000000000
76412  32.294  -1.977  38.360 0.0000000000
88345  51.835  9.307  23.643 0.0000000000
86164  48.610  8.779  23.349 0.0000000000
86163  49.733  9.081  23.229 0.0000000000
87328  50.127  9.306  22.624 0.0000000000
87319  50.474  8.909  23.246 0.0000000000
88346  51.500  8.791  23.415 0.0000000000
89356  52.277  9.986  23.720 0.0000000000
89364  52.018  10.356  23.255 0.0000000000
89384  51.463  11.757  20.709 0.0000000000
90443  52.114  12.197  20.460 0.0000000000
90453  52.393  12.084  19.078 0.0000000000
90476  53.344  10.906  17.367 0.0000000000
63948  22.661  -8.379  48.922 0.0000000000
63916  24.177  -8.507  50.989 0.0000000000
65218  23.805  -8.312  50.851 0.0000000000
66425  24.681  -8.413  53.703 0.0000000000
66427  23.231  -7.098  52.947 0.0000000000
67609  22.828  -6.833  52.869 0.0000000000
68758  22.901  -6.371  53.184 0.0000000000
71198  22.909  -5.331  54.279 0.0000000000
71181  23.197  -5.161  54.820 0.0000000000
71182  22.352  -4.724  54.731 0.0000000000
61290  33.794  -12.219  51.712 0.0000000000
61293  30.698  -11.009  52.104 0.0000000000
61295  29.371  -11.223  50.924 0.0000000000
62631  28.928  -11.090  50.862 0.0000000000
62621  28.435  -10.593  51.158 0.0000000000
62632  28.433  -10.943  50.481 0.0000000000
62633  27.566  -10.501  50.290 0.0000000000
63930  26.387  -9.815  49.871 0.0000000000
80065  40.331  4.511  27.475 0.0000000000
86086  48.867  8.681  28.176 0.0000000000
86144  47.022  8.429  24.405 0.0000000000
86106  45.701  8.282  26.511 0.0000000000
87296  45.895  8.335  25.714 0.0000000000
63926  16.902  -9.698  50.912 0.0000000000
68748  19.040  -6.774  55.198 0.0000000000
66447  17.607  -8.606  53.710 0.0000000000
65168  17.343  -8.687  55.825 0.0000000000
65169  17.042  -9.199  55.481 0.0000000000
65180  17.526  -8.566  54.718 0.0000000000
66429  17.603  -8.626  53.961 0.0000000000
65204  17.204  -9.066  53.469 0.0000000000
61180  14.085  -11.071  61.535 0.0000000000
61193  13.020  -11.737  61.290 0.0000000000
61182  12.908  -11.512  62.036 0.0000000000
83519  39.976  7.067  39.017 0.0000000000
83523  36.296  5.139  39.409 0.0000000000
83524  34.951  5.066  39.782 0.0000000000
82296  33.011  3.594  39.354 0.0000000000
81086  32.405  2.704  39.289 0.0000000000
78729  32.413  0.240  39.131 0.0000000000
78695  33.668  0.090  41.958 0.0000000000
77574  33.135  -0.376  40.526 0.0000000000
77605  32.309  -1.468  38.701 0.0000000000
74033  32.581  -3.667  37.838 0.0000000000
72640  34.219  -4.739  40.207 0.0000000000
70131  33.124  -5.877  39.803 0.0000000000
71388  32.694  -5.187  38.569 0.0000000000
70148  32.354  -5.630  38.369 0.0000000000
70149  31.870  -6.149  37.741 0.0000000000
70150  31.295  -6.630  37.130 0.0000000000
67750  30.643  -8.325  37.657 0.0000000000
61342  33.466  -12.064  50.192 0.0000000000
60085  33.604  -11.906  49.492 0.0000000000
61368  34.119  -11.877  49.177 0.0000000000
61394  34.732  -11.539  48.805 0.0000000000
61438  35.043  -10.999  47.359 0.0000000000
60158  31.470  -11.573  46.009 0.0000000000
60157  32.046  -11.428  46.396 0.0000000000
61463  32.934  -11.407  46.268 0.0000000000
61461  34.246  -11.510  46.052 0.0000000000
62710  34.915  -11.112  46.672 0.0000000000
62709  35.544  -10.741  46.846 0.0000000000
64041  34.710  -10.057  44.766 0.0000000000
64040  35.419  -9.949  44.794 0.0000000000
65321  35.936  -9.872  44.670 0.0000000000
66558  35.870  -8.934  44.299 0.0000000000
67700  35.554  -7.823  44.129 0.0000000000
67709  34.393  -8.001  43.044 0.0000000000
66576  33.352  -8.459  42.517 0.0000000000
66584  33.074  -8.282  41.809 0.0000000000
66585  32.646  -8.650  41.247 0.0000000000
66592  32.452  -8.980  40.468 0.0000000000
62843  31.674  -11.640  40.958 0.0000000000
64106  31.902  -11.392  39.888 0.0000000000
66594  30.929  -9.633  39.312 0.0000000000
64160  29.418  -11.208  36.665 0.0000000000
65401  29.827  -10.510  36.926 0.0000000000
65417  29.868  -10.622  35.776 0.0000000000
82315  39.326  7.311  37.727 0.0000000000
82337  38.292  7.012  36.763 0.0000000000
82358  37.141  6.492  35.949 0.0000000000
83571  36.968  6.401  36.816 0.0000000000
82402  36.590  5.523  34.279 0.0000000000
82339  33.468  5.063  37.306 0.0000000000
82361  33.871  5.079  36.326 0.0000000000
82383  34.125  5.160  35.366 0.0000000000
81141  33.777  4.893  34.995 0.0000000000
81184  35.013  4.669  32.750 0.0000000000
89412  53.764  10.510  16.904 0.0000000000
89424  54.045  10.066  16.315 0.0000000000
88403  54.008  9.300  15.845 0.0000000000
60052  33.172  -11.941  50.153 0.0000000000
60066  33.636  -12.013  49.793 0.0000000000
60067  33.389  -11.950  49.816 0.0000000000
60141  33.192  -11.632  47.518 0.0000000000
60173  31.898  -11.365  45.547 0.0000000000
60189  31.025  -11.461  44.174 0.0000000000
61346  28.426  -11.177  49.625 0.0000000000
61441  32.951  -11.486  46.784 0.0000000000
61442  29.473  -11.370  45.993 0.0000000000
61445  27.588  -10.414  46.372 0.0000000000
61483  31.962  -11.361  45.012 0.0000000000
61486  29.400  -10.782  44.913 0.0000000000
62542  13.452  -11.087  62.381 0.0000000000
62745  35.073  -10.466  45.306 0.0000000000
62765  34.307  -10.441  44.754 0.0000000000
62767  33.020  -11.015  44.048 0.0000000000
62807  31.052  -11.344  42.150 0.0000000000
62842  31.419  -10.829  41.408 0.0000000000
63857  16.555  -9.887  59.679 0.0000000000
64024  35.449  -10.212  45.252 0.0000000000
64042  34.159  -10.286  44.541 0.0000000000
65191  17.579  -8.596  54.211 0.0000000000
65210  24.051  -8.337  51.441 0.0000000000
65228  22.576  -8.196  50.116 0.0000000000
66532  21.483  -8.572  46.018 0.0000000000
66542  21.267  -8.681  45.847 0.0000000000
66543  21.236  -8.655  46.098 0.0000000000
67569  18.675  -7.006  56.804 0.0000000000
69982  20.701  -6.208  52.508 0.0000000000
69983  20.495  -6.089  52.628 0.0000000000
70139  33.402  -5.584  39.480 0.0000000000
71363  34.737  -5.541  40.453 0.0000000000
74004  34.285  -4.139  41.079 0.0000000000
80004  42.147  4.407  29.777 0.0000000000
80027  42.227  4.482  29.364 0.0000000000
80046  41.522  4.555  28.478 0.0000000000
81151  43.526  5.632  34.170 0.0000000000
81174  43.813  5.825  33.272 0.0000000000
81222  35.224  4.222  30.955 0.0000000000
81232  43.273  4.820  30.941 0.0000000000
81240  42.704  4.711  29.578 0.0000000000
82293  40.029  7.250  38.436 0.0000000000
82316  38.596  7.218  37.549 0.0000000000
82376  43.775  5.813  35.200 0.0000000000
82384  33.516  4.818  35.911 0.0000000000
82401  37.254  5.396  34.123 0.0000000000
82404  34.734  5.430  34.826 0.0000000000
82417  43.971  5.863  33.892 0.0000000000
82450  43.808  6.122  30.009 0.0000000000
82462  42.069  4.921  28.267 0.0000000000
83520  39.294  7.010  38.802 0.0000000000
83536  39.106  7.265  38.241 0.0000000000
83639  44.431  6.690  31.639 0.0000000000
83671  44.197  6.624  29.382 0.0000000000
83706  42.312  6.254  27.944 0.0000000000
87282  46.088  8.461  25.923 0.0000000000
87283  45.825  8.324  25.929 0.0000000000
87295  46.038  8.429  25.604 0.0000000000
87306  51.425  8.508  23.973 0.0000000000
87327  50.797  8.894  22.863 0.0000000000
91534  55.376  11.809  18.137 0.0000000000
92661  55.016  12.150  14.381 0.0000000000
92663  55.896  12.957  14.914 0.0000000000
