#!ascii label  , from subject 3220 vox2ras=TkReg
727
56352  30.517  -16.967  58.616 0.0000000000
79870  45.526  0.583  38.313 0.0000000000
81131  53.053  2.619  35.649 0.0000000000
70040  47.079  -6.518  46.944 0.0000000000
58798  36.529  -16.521  52.312 0.0000000000
52507  33.957  -19.435  55.409 0.0000000000
82328  49.911  2.655  37.290 0.0000000000
79814  50.603  0.542  42.056 0.0000000000
66508  44.249  -9.537  48.310 0.0000000000
57629  40.843  -17.400  50.391 0.0000000000
83663  59.602  4.460  28.330 0.0000000000
83628  54.148  4.728  32.615 0.0000000000
73948  42.750  -4.054  44.139 0.0000000000
78612  46.066  0.047  45.053 0.0000000000
58732  33.514  -16.447  55.555 0.0000000000
55121  32.944  -18.130  56.771 0.0000000000
81108  47.558  1.569  37.639 0.0000000000
81066  49.694  2.809  40.390 0.0000000000
81051  47.676  1.635  41.159 0.0000000000
58888  45.259  -14.846  46.271 0.0000000000
53847  37.408  -19.170  52.912 0.0000000000
57632  39.005  -17.170  51.432 0.0000000000
52565  39.807  -19.880  52.074 0.0000000000
84844  57.697  5.344  29.380 0.0000000000
80018  57.877  2.653  28.922 0.0000000000
83643  57.044  3.996  30.463 0.0000000000
83603  50.873  4.016  34.425 0.0000000000
84811  51.479  4.772  32.545 0.0000000000
83600  52.759  3.793  34.267 0.0000000000
81168  53.820  3.386  32.591 0.0000000000
79930  51.817  2.521  33.802 0.0000000000
67651  46.040  -8.038  48.113 0.0000000000
70042  44.010  -6.721  46.904 0.0000000000
72528  44.659  -4.655  48.218 0.0000000000
76302  43.405  -1.856  44.965 0.0000000000
75097  46.353  -2.959  47.331 0.0000000000
76301  47.681  -1.547  45.011 0.0000000000
72573  47.320  -4.317  45.192 0.0000000000
56394  35.967  -17.518  54.623 0.0000000000
82396  49.268  2.454  34.525 0.0000000000
82326  52.086  3.403  37.309 0.0000000000
81095  51.899  2.388  38.917 0.0000000000
78689  52.123  0.037  40.231 0.0000000000
60083  43.496  -14.963  48.804 0.0000000000
61388  45.224  -13.610  48.355 0.0000000000
62688  46.136  -12.312  46.856 0.0000000000
65281  47.033  -10.167  45.708 0.0000000000
67695  47.426  -8.656  43.967 0.0000000000
58848  41.300  -16.418  48.961 0.0000000000
56426  42.837  -17.331  49.563 0.0000000000
82466  59.669  4.125  26.612 0.0000000000
84833  54.397  5.224  30.383 0.0000000000
82421  55.618  3.479  32.178 0.0000000000
79969  54.311  2.018  30.664 0.0000000000
79820  46.150  0.590  41.952 0.0000000000
79786  48.178  0.667  43.886 0.0000000000
76327  50.045  -1.278  42.941 0.0000000000
55106  30.874  -18.254  58.027 0.0000000000
56363  31.460  -17.405  57.537 0.0000000000
55123  31.326  -18.744  57.482 0.0000000000
79881  46.760  1.307  38.081 0.0000000000
81084  47.364  1.536  39.598 0.0000000000
79856  46.598  1.206  39.942 0.0000000000
52550  39.058  -19.601  52.642 0.0000000000
84845  56.707  5.159  28.974 0.0000000000
84830  57.073  4.763  29.959 0.0000000000
84831  56.150  4.650  29.993 0.0000000000
83583  52.753  4.155  35.311 0.0000000000
83601  52.332  4.161  34.281 0.0000000000
82372  53.023  3.282  35.111 0.0000000000
82394  52.640  3.534  34.220 0.0000000000
68837  46.519  -7.423  47.529 0.0000000000
70031  45.452  -6.426  48.253 0.0000000000
71265  45.919  -5.362  48.183 0.0000000000
73886  45.694  -3.600  48.212 0.0000000000
72539  46.762  -4.330  46.981 0.0000000000
73918  47.173  -3.695  46.392 0.0000000000
71289  47.784  -5.282  46.060 0.0000000000
57574  34.957  -16.554  55.054 0.0000000000
53814  35.177  -18.666  54.997 0.0000000000
53827  35.803  -19.200  54.406 0.0000000000
81132  48.780  1.946  36.211 0.0000000000
81149  48.789  1.889  35.200 0.0000000000
82350  49.102  2.664  36.655 0.0000000000
82348  50.772  3.551  36.210 0.0000000000
82327  51.017  3.161  36.994 0.0000000000
82304  52.550  2.864  37.767 0.0000000000
82306  50.493  2.535  38.270 0.0000000000
81048  50.029  2.191  41.008 0.0000000000
79842  51.280  1.493  40.675 0.0000000000
79827  51.455  0.623  41.175 0.0000000000
77550  51.921  -0.654  40.956 0.0000000000
78656  51.312  -0.185  41.911 0.0000000000
58844  44.089  -16.047  48.856 0.0000000000
61362  44.056  -13.954  48.813 0.0000000000
58858  44.984  -15.566  48.353 0.0000000000
60122  45.778  -13.950  46.573 0.0000000000
63976  46.617  -10.895  46.359 0.0000000000
57631  39.398  -17.642  50.812 0.0000000000
58831  39.769  -16.991  50.084 0.0000000000
58829  41.446  -16.664  49.621 0.0000000000
57663  42.400  -16.755  49.625 0.0000000000
56418  41.708  -17.724  50.112 0.0000000000
86068  58.744  5.934  28.481 0.0000000000
82455  59.994  3.828  27.669 0.0000000000
80020  56.589  2.589  29.485 0.0000000000
84810  52.165  5.142  32.410 0.0000000000
84823  51.567  5.093  31.699 0.0000000000
84822  52.379  5.356  31.538 0.0000000000
84834  53.508  5.348  30.518 0.0000000000
84820  54.143  5.274  31.296 0.0000000000
84806  55.746  5.073  31.961 0.0000000000
83627  54.842  4.126  32.361 0.0000000000
79946  52.373  2.721  31.634 0.0000000000
79945  53.434  2.323  31.738 0.0000000000
65254  42.911  -10.676  48.076 0.0000000000
66519  43.597  -9.502  47.473 0.0000000000
71291  43.784  -5.668  45.960 0.0000000000
70054  43.135  -6.770  45.126 0.0000000000
77489  44.741  -0.909  45.356 0.0000000000
77499  43.687  -1.291  44.326 0.0000000000
78628  44.521  -0.678  44.030 0.0000000000
78660  44.721  -0.262  41.840 0.0000000000
78627  45.630  0.247  43.833 0.0000000000
79804  47.085  1.094  43.103 0.0000000000
78626  46.703  0.491  44.393 0.0000000000
73946  47.578  -2.548  43.705 0.0000000000
76314  48.552  -1.274  43.877 0.0000000000
73945  48.591  -2.217  43.199 0.0000000000
75172  49.701  -2.408  42.231 0.0000000000
56374  32.925  -17.431  56.585 0.0000000000
55138  33.257  -18.707  56.365 0.0000000000
52509  32.335  -19.851  55.739 0.0000000000
53818  32.070  -19.380  56.520 0.0000000000
82330  48.710  1.852  38.058 0.0000000000
82286  49.883  3.078  39.060 0.0000000000
81082  48.865  2.296  39.380 0.0000000000
81049  49.253  2.164  41.036 0.0000000000
81033  48.794  2.102  42.052 0.0000000000
57598  37.339  -16.758  53.026 0.0000000000
58797  37.318  -16.389  52.186 0.0000000000
56411  37.972  -17.975  52.687 0.0000000000
55161  38.932  -18.500  52.224 0.0000000000
55168  39.660  -18.349  51.033 0.0000000000
53861  40.133  -18.299  50.052 0.0000000000
51325  39.274  -19.482  49.782 0.0000000000
84843  58.398  5.214  29.027 0.0000000000
82446  58.723  3.782  28.633 0.0000000000
83653  58.415  4.261  29.404 0.0000000000
82437  58.078  3.488  30.232 0.0000000000
81229  57.078  3.212  30.270 0.0000000000
83621  50.318  3.408  33.374 0.0000000000
84800  51.323  4.389  33.343 0.0000000000
83618  52.376  4.446  33.500 0.0000000000
84797  53.443  4.933  32.935 0.0000000000
83615  54.252  3.932  32.688 0.0000000000
82411  53.314  3.682  33.123 0.0000000000
81169  52.496  3.290  33.471 0.0000000000
66507  45.081  -9.392  48.528 0.0000000000
67654  43.975  -8.568  48.066 0.0000000000
68826  44.342  -7.498  48.169 0.0000000000
71268  44.237  -5.646  47.381 0.0000000000
73920  43.097  -4.090  46.049 0.0000000000
75131  43.238  -3.403  45.456 0.0000000000
75117  44.207  -3.242  46.546 0.0000000000
76267  45.466  -1.847  46.958 0.0000000000
77463  46.165  -1.460  46.851 0.0000000000
77486  47.316  -0.683  45.688 0.0000000000
76283  47.151  -1.843  46.392 0.0000000000
73933  47.103  -3.185  45.097 0.0000000000
73960  46.933  -3.258  43.759 0.0000000000
58761  34.190  -16.172  54.282 0.0000000000
58760  35.019  -15.789  54.270 0.0000000000
58778  36.371  -15.997  53.230 0.0000000000
55146  36.302  -18.274  54.079 0.0000000000
52553  36.565  -19.857  53.189 0.0000000000
83586  50.527  3.603  35.085 0.0000000000
83566  51.378  3.882  36.045 0.0000000000
83547  52.755  3.430  36.508 0.0000000000
82303  52.815  2.716  37.306 0.0000000000
81093  53.147  2.140  37.798 0.0000000000
79867  53.035  0.768  38.149 0.0000000000
81081  51.031  2.655  39.847 0.0000000000
79855  52.269  0.899  39.567 0.0000000000
60104  42.387  -14.533  48.139 0.0000000000
62673  42.619  -12.885  48.286 0.0000000000
63942  43.786  -12.288  48.773 0.0000000000
63958  44.811  -11.771  48.566 0.0000000000
58873  45.322  -14.818  46.972 0.0000000000
62671  45.436  -12.554  48.227 0.0000000000
65251  45.344  -10.416  48.373 0.0000000000
65265  46.455  -10.268  47.413 0.0000000000
66517  46.959  -9.471  47.158 0.0000000000
67672  47.781  -8.637  46.338 0.0000000000
68858  48.011  -7.812  45.069 0.0000000000
67688  47.624  -8.868  44.754 0.0000000000
58859  42.443  -15.476  48.581 0.0000000000
58827  43.011  -16.650  49.487 0.0000000000
56434  43.821  -17.108  48.537 0.0000000000
53870  41.715  -18.401  49.212 0.0000000000
53878  42.362  -18.321  48.534 0.0000000000
83693  59.904  4.944  25.552 0.0000000000
84847  54.638  5.087  29.470 0.0000000000
84818  55.921  4.895  30.935 0.0000000000
83634  56.752  3.885  31.664 0.0000000000
81214  56.131  2.610  31.349 0.0000000000
81192  54.778  3.035  32.187 0.0000000000
79968  55.198  2.017  31.024 0.0000000000
78834  54.907  1.888  29.679 0.0000000000
68848  43.513  -7.839  46.121 0.0000000000
78674  44.740  -0.040  40.812 0.0000000000
78690  45.539  0.423  40.079 0.0000000000
81036  46.964  1.160  41.698 0.0000000000
79817  48.388  1.421  42.643 0.0000000000
79801  49.511  0.619  43.462 0.0000000000
78609  48.280  -0.621  44.246 0.0000000000
78622  49.632  -0.313  43.800 0.0000000000
78640  50.292  -0.219  42.837 0.0000000000
76343  51.083  -1.290  42.367 0.0000000000
70061  48.006  -6.716  44.651 0.0000000000
71328  47.037  -5.666  43.732 0.0000000000
56364  30.941  -17.452  58.169 0.0000000000
56365  30.456  -17.628  58.585 0.0000000000
55105  31.253  -17.847  57.759 0.0000000000
79869  46.058  0.984  38.619 0.0000000000
79868  46.699  1.257  39.054 0.0000000000
84846  55.551  4.998  29.293 0.0000000000
83582  53.100  3.630  35.499 0.0000000000
70041  46.587  -6.326  47.470 0.0000000000
71279  46.377  -5.693  47.711 0.0000000000
72540  46.391  -4.812  47.629 0.0000000000
71278  46.719  -5.466  47.058 0.0000000000
72556  47.130  -4.774  46.429 0.0000000000
70048  47.458  -6.242  46.384 0.0000000000
53816  33.857  -19.105  55.663 0.0000000000
55136  34.580  -18.113  55.391 0.0000000000
53829  34.461  -19.168  55.264 0.0000000000
52525  34.405  -19.562  55.005 0.0000000000
79829  50.262  1.468  41.505 0.0000000000
79828  51.001  0.824  41.503 0.0000000000
78672  51.192  0.229  41.770 0.0000000000
78657  50.730  0.079  42.247 0.0000000000
57660  44.563  -16.488  48.605 0.0000000000
60081  44.539  -15.503  48.601 0.0000000000
57675  44.898  -16.582  48.429 0.0000000000
57630  40.168  -17.535  50.453 0.0000000000
57648  40.196  -17.099  50.331 0.0000000000
58830  40.677  -16.574  49.864 0.0000000000
57647  40.868  -16.942  50.272 0.0000000000
57646  41.685  -16.983  50.124 0.0000000000
56419  41.150  -17.664  50.347 0.0000000000
84858  59.353  5.388  28.382 0.0000000000
86067  59.552  6.154  27.902 0.0000000000
83662  60.149  4.573  27.690 0.0000000000
84809  52.969  5.325  32.307 0.0000000000
84808  53.858  5.321  32.203 0.0000000000
84821  53.251  5.395  31.413 0.0000000000
84807  54.744  5.214  32.148 0.0000000000
79970  52.939  2.248  30.790 0.0000000000
65253  43.668  -10.614  48.406 0.0000000000
66510  42.978  -10.189  47.672 0.0000000000
66509  43.468  -9.687  47.885 0.0000000000
72558  43.180  -5.002  45.705 0.0000000000
72587  42.707  -4.956  44.359 0.0000000000
77488  45.556  -0.596  45.662 0.0000000000
78614  44.727  -0.786  44.731 0.0000000000
78613  45.217  -0.432  44.792 0.0000000000
73959  47.891  -2.835  43.038 0.0000000000
73970  48.606  -2.909  42.387 0.0000000000
56375  32.270  -17.662  57.073 0.0000000000
55120  33.328  -17.872  56.496 0.0000000000
53801  32.555  -18.787  56.770 0.0000000000
79895  47.020  1.093  36.895 0.0000000000
81118  47.530  1.374  37.147 0.0000000000
81107  48.292  1.792  37.590 0.0000000000
81096  48.099  1.895  38.285 0.0000000000
82309  48.630  1.924  38.632 0.0000000000
81068  48.029  1.738  40.269 0.0000000000
81050  48.427  2.029  41.099 0.0000000000
56402  37.377  -17.899  53.185 0.0000000000
57597  37.896  -17.277  52.852 0.0000000000
51299  39.279  -20.435  52.227 0.0000000000
53855  39.349  -19.068  52.249 0.0000000000
55169  39.401  -18.519  51.649 0.0000000000
52564  39.575  -19.284  51.140 0.0000000000
52578  39.440  -18.910  50.241 0.0000000000
86060  57.611  5.495  28.686 0.0000000000
86059  58.179  5.562  28.740 0.0000000000
84829  58.008  4.911  30.111 0.0000000000
83642  58.002  4.172  30.190 0.0000000000
82429  56.817  3.451  31.126 0.0000000000
83620  50.769  3.993  33.647 0.0000000000
83619  51.189  4.202  33.936 0.0000000000
83617  52.898  4.346  33.491 0.0000000000
83616  53.637  4.078  33.131 0.0000000000
83599  53.127  3.990  33.678 0.0000000000
81170  51.827  2.696  33.173 0.0000000000
81194  52.598  3.049  32.403 0.0000000000
67652  45.470  -8.296  48.496 0.0000000000
67653  44.708  -8.438  48.366 0.0000000000
68825  45.050  -7.401  48.399 0.0000000000
71266  45.082  -5.479  48.313 0.0000000000
71267  44.472  -5.579  47.983 0.0000000000
72529  44.141  -4.747  47.833 0.0000000000
72541  43.959  -4.763  47.075 0.0000000000
73919  43.825  -4.024  46.552 0.0000000000
73903  44.206  -3.810  47.448 0.0000000000
75081  46.191  -3.153  47.708 0.0000000000
75099  45.006  -2.755  47.526 0.0000000000
75098  45.774  -2.570  47.504 0.0000000000
76285  45.276  -1.383  46.528 0.0000000000
76266  46.327  -1.941  47.002 0.0000000000
76284  46.767  -1.821  46.709 0.0000000000
76265  46.766  -2.335  46.773 0.0000000000
72555  47.451  -4.028  45.845 0.0000000000
73917  47.256  -3.011  45.700 0.0000000000
73947  46.970  -3.302  44.445 0.0000000000
72586  47.088  -4.363  44.435 0.0000000000
58746  33.218  -16.270  55.263 0.0000000000
58762  33.439  -16.461  54.476 0.0000000000
58745  34.009  -16.506  55.059 0.0000000000
56395  35.503  -17.116  55.096 0.0000000000
57586  35.657  -16.107  54.558 0.0000000000
58759  35.868  -15.755  53.975 0.0000000000
57585  36.458  -16.428  54.268 0.0000000000
56404  36.688  -17.278  54.290 0.0000000000
56393  36.450  -17.741  54.213 0.0000000000
82374  48.987  2.853  35.551 0.0000000000
82373  49.880  3.064  34.886 0.0000000000
83567  50.740  3.745  35.734 0.0000000000
83549  51.863  3.587  36.576 0.0000000000
83565  52.304  4.035  36.072 0.0000000000
83548  52.455  3.503  36.543 0.0000000000
82325  52.728  3.178  36.866 0.0000000000
81094  52.371  2.318  38.520 0.0000000000
81078  52.618  1.492  38.708 0.0000000000
82267  50.139  3.095  39.807 0.0000000000
82285  50.744  2.831  39.341 0.0000000000
82266  50.503  3.020  39.826 0.0000000000
79841  51.666  0.825  40.663 0.0000000000
81063  51.697  1.633  39.990 0.0000000000
78705  52.429  0.275  39.678 0.0000000000
78704  52.691  0.194  39.138 0.0000000000
78688  52.460  0.006  39.703 0.0000000000
60084  42.892  -14.772  48.664 0.0000000000
61390  42.411  -13.558  48.060 0.0000000000
61363  43.377  -13.905  48.663 0.0000000000
61389  44.666  -13.680  48.681 0.0000000000
62655  43.699  -13.057  48.739 0.0000000000
62654  44.345  -12.800  48.767 0.0000000000
63941  44.250  -12.079  48.789 0.0000000000
62672  44.933  -12.884  48.587 0.0000000000
57688  45.158  -16.041  47.430 0.0000000000
61412  46.033  -12.962  46.425 0.0000000000
61413  45.988  -13.158  47.150 0.0000000000
62670  45.938  -12.198  47.567 0.0000000000
63957  45.559  -11.381  48.035 0.0000000000
63956  45.977  -11.064  47.562 0.0000000000
65250  46.049  -10.285  48.027 0.0000000000
65282  47.031  -10.189  46.190 0.0000000000
65264  46.759  -10.241  46.729 0.0000000000
66527  47.328  -9.497  46.540 0.0000000000
67673  47.349  -8.877  46.838 0.0000000000
66526  47.680  -9.566  45.974 0.0000000000
67681  47.972  -8.758  45.566 0.0000000000
66537  47.460  -9.593  45.327 0.0000000000
58796  38.115  -16.364  51.888 0.0000000000
58814  37.688  -16.576  51.193 0.0000000000
58813  38.486  -16.999  51.152 0.0000000000
58861  41.153  -16.153  48.192 0.0000000000
58874  41.538  -15.470  47.641 0.0000000000
58860  41.875  -15.614  48.250 0.0000000000
57645  42.477  -16.977  49.948 0.0000000000
58828  42.721  -16.685  49.553 0.0000000000
57644  42.917  -17.061  49.825 0.0000000000
57662  43.453  -16.730  49.335 0.0000000000
56435  43.321  -17.155  49.005 0.0000000000
53871  40.965  -18.606  49.789 0.0000000000
53887  43.021  -18.504  47.993 0.0000000000
82475  59.616  4.172  25.940 0.0000000000
80073  59.276  3.235  25.678 0.0000000000
81236  58.215  3.081  29.273 0.0000000000
84812  50.942  4.368  32.694 0.0000000000
83637  49.810  4.105  31.797 0.0000000000
84824  50.967  4.596  31.928 0.0000000000
84849  52.916  5.157  29.817 0.0000000000
84848  53.744  5.197  29.631 0.0000000000
84832  55.293  5.029  30.227 0.0000000000
84819  55.052  5.065  31.165 0.0000000000
83626  56.198  4.072  32.102 0.0000000000
82420  56.561  3.398  31.965 0.0000000000
81190  56.606  2.985  31.961 0.0000000000
81191  56.053  2.940  31.861 0.0000000000
81167  54.357  3.329  32.461 0.0000000000
82410  54.273  3.612  32.613 0.0000000000
79944  54.534  2.023  31.902 0.0000000000
79997  54.338  1.984  29.808 0.0000000000
68838  43.897  -7.647  47.630 0.0000000000
68839  43.799  -7.861  46.838 0.0000000000
70043  43.777  -7.314  46.443 0.0000000000
76303  43.337  -2.627  45.161 0.0000000000
78645  43.928  -0.803  43.115 0.0000000000
78659  45.537  0.068  41.447 0.0000000000
78691  45.036  0.189  39.773 0.0000000000
79831  46.050  0.620  41.081 0.0000000000
79844  45.889  0.842  40.259 0.0000000000
79830  46.563  1.019  41.506 0.0000000000
79803  47.911  1.102  43.271 0.0000000000
79818  47.610  1.290  42.504 0.0000000000
79802  48.729  1.080  43.434 0.0000000000
77471  47.631  -1.405  45.602 0.0000000000
78610  47.715  -0.433  44.739 0.0000000000
77485  47.716  -1.129  45.072 0.0000000000
76313  49.250  -1.336  43.517 0.0000000000
77497  48.886  -0.844  44.064 0.0000000000
77496  49.472  -0.793  43.704 0.0000000000
78642  49.701  0.188  43.783 0.0000000000
77514  49.948  -0.663  43.302 0.0000000000
77513  50.584  -0.761  42.707 0.0000000000
75156  50.288  -1.528  42.527 0.0000000000
73968  50.114  -2.675  41.671 0.0000000000
70053  48.004  -6.930  45.369 0.0000000000
68864  48.041  -7.757  44.236 0.0000000000
57553  31.828  -16.919  57.004 0.0000000000
55122  31.843  -18.237  57.309 0.0000000000
81097  47.408  1.683  38.637 0.0000000000
81069  47.214  1.390  40.493 0.0000000000
52552  37.084  -19.790  52.913 0.0000000000
52551  38.196  -19.701  52.729 0.0000000000
52567  38.113  -20.182  52.588 0.0000000000
51300  38.677  -20.645  52.280 0.0000000000
83644  56.505  4.478  30.570 0.0000000000
83584  51.926  4.124  35.228 0.0000000000
83602  51.546  4.197  34.388 0.0000000000
82393  52.973  3.797  33.627 0.0000000000
81148  52.430  2.923  34.977 0.0000000000
68823  46.055  -7.349  47.882 0.0000000000
68824  45.697  -7.351  48.187 0.0000000000
70030  46.119  -6.546  47.920 0.0000000000
72527  45.395  -4.469  48.352 0.0000000000
73887  44.828  -3.595  48.195 0.0000000000
72526  46.138  -4.219  48.166 0.0000000000
73901  46.489  -3.849  47.535 0.0000000000
73900  46.780  -3.393  46.888 0.0000000000
57575  34.315  -16.789  55.354 0.0000000000
57563  34.449  -17.057  55.493 0.0000000000
56384  34.959  -17.407  55.349 0.0000000000
55135  35.294  -17.966  54.996 0.0000000000
55147  35.749  -18.458  54.577 0.0000000000
81133  48.145  1.471  35.849 0.0000000000
82349  50.049  3.256  36.063 0.0000000000
82305  51.549  2.805  38.424 0.0000000000
81065  50.538  2.702  40.223 0.0000000000
81047  50.754  1.879  40.904 0.0000000000
77569  52.049  -0.599  40.296 0.0000000000
78671  51.517  0.101  41.246 0.0000000000
77531  51.772  -0.735  41.919 0.0000000000
76363  51.909  -1.387  41.440 0.0000000000
60082  44.137  -15.050  48.686 0.0000000000
60102  44.794  -14.601  48.496 0.0000000000
58887  45.586  -14.373  46.039 0.0000000000
62687  46.439  -11.854  46.300 0.0000000000
63977  46.306  -11.272  46.940 0.0000000000
62704  46.503  -11.618  45.787 0.0000000000
58812  39.054  -17.561  50.744 0.0000000000
58850  39.557  -16.722  49.192 0.0000000000
58849  40.455  -16.468  49.131 0.0000000000
58847  42.038  -16.254  48.919 0.0000000000
56428  41.886  -17.411  50.089 0.0000000000
56427  42.304  -17.497  49.913 0.0000000000
84857  60.017  5.417  27.629 0.0000000000
81251  59.394  3.626  27.244 0.0000000000
79994  57.702  2.704  29.708 0.0000000000
84836  51.749  5.213  30.769 0.0000000000
84835  52.633  5.308  30.629 0.0000000000
81193  53.644  2.950  32.281 0.0000000000
63978  42.572  -11.289  47.950 0.0000000000
70049  44.111  -6.227  46.283 0.0000000000
70050  43.661  -6.785  45.921 0.0000000000
71292  43.431  -5.904  45.360 0.0000000000
70063  42.728  -6.276  43.908 0.0000000000
77490  44.015  -1.377  45.280 0.0000000000
76315  43.191  -1.703  44.408 0.0000000000
77498  44.309  -0.960  44.766 0.0000000000
78629  43.815  -0.953  43.729 0.0000000000
78661  43.957  -0.603  42.206 0.0000000000
78644  44.732  -0.343  42.929 0.0000000000
78643  45.560  0.104  42.496 0.0000000000
79805  46.245  0.777  42.904 0.0000000000
79787  47.367  0.912  43.882 0.0000000000
78625  47.609  0.279  44.389 0.0000000000
75129  47.735  -1.638  44.243 0.0000000000
76300  47.862  -1.249  44.277 0.0000000000
75143  48.054  -1.736  43.755 0.0000000000
75142  48.914  -1.801  43.277 0.0000000000
75157  49.561  -1.911  42.812 0.0000000000
73958  49.021  -2.487  42.577 0.0000000000
58733  33.231  -15.916  56.101 0.0000000000
57565  33.130  -16.893  56.186 0.0000000000
56386  33.453  -17.372  56.121 0.0000000000
56373  33.505  -17.722  56.270 0.0000000000
55137  33.748  -18.232  56.072 0.0000000000
52508  33.519  -19.494  55.517 0.0000000000
53817  32.985  -19.244  56.146 0.0000000000
53802  31.810  -19.005  57.095 0.0000000000
81117  47.971  1.546  36.846 0.0000000000
81116  48.781  1.893  37.079 0.0000000000
82329  49.269  2.044  37.612 0.0000000000
82307  49.697  2.345  38.402 0.0000000000
82308  49.153  2.045  38.551 0.0000000000
82287  49.175  2.684  39.149 0.0000000000
82268  49.477  3.023  39.718 0.0000000000
81083  48.314  1.868  39.229 0.0000000000
81067  48.876  2.440  40.040 0.0000000000
81032  49.620  1.769  41.850 0.0000000000
56441  45.246  -16.769  47.512 0.0000000000
58777  36.895  -16.383  52.849 0.0000000000
57615  37.862  -16.664  52.482 0.0000000000
57614  38.602  -16.830  52.194 0.0000000000
55162  38.124  -18.548  52.562 0.0000000000
56410  38.579  -18.011  52.151 0.0000000000
57613  38.984  -17.462  51.859 0.0000000000
56415  39.178  -18.044  51.505 0.0000000000
56414  39.548  -18.133  51.158 0.0000000000
56420  40.157  -17.893  50.613 0.0000000000
55178  40.273  -18.089  50.489 0.0000000000
52577  40.040  -18.530  49.573 0.0000000000
52602  40.004  -18.907  48.977 0.0000000000
84842  58.898  4.828  28.729 0.0000000000
83652  58.859  4.328  28.705 0.0000000000
82447  58.356  3.604  29.405 0.0000000000
81228  58.045  2.879  30.132 0.0000000000
79995  56.813  2.906  29.803 0.0000000000
79996  56.322  2.407  30.002 0.0000000000
83629  50.526  4.024  32.975 0.0000000000
84801  50.888  4.210  33.164 0.0000000000
84786  51.859  4.354  33.746 0.0000000000
84799  51.995  4.695  33.107 0.0000000000
84798  52.665  4.950  33.041 0.0000000000
82412  52.839  3.641  33.628 0.0000000000
70033  44.144  -6.566  47.830 0.0000000000
70032  44.727  -6.482  48.199 0.0000000000
71280  44.081  -5.600  46.643 0.0000000000
72557  43.640  -4.835  46.325 0.0000000000
73934  42.958  -4.276  45.084 0.0000000000
75145  43.084  -3.267  44.627 0.0000000000
75118  43.712  -3.352  45.968 0.0000000000
76287  43.918  -2.267  46.034 0.0000000000
73902  44.580  -3.244  47.633 0.0000000000
76268  44.666  -2.359  46.794 0.0000000000
76286  44.758  -1.660  46.462 0.0000000000
77474  45.797  -1.014  46.508 0.0000000000
77487  46.439  -0.484  45.868 0.0000000000
77472  47.548  -1.308  45.984 0.0000000000
76282  47.605  -1.803  45.675 0.0000000000
75116  47.173  -2.670  46.313 0.0000000000
75115  47.448  -2.402  45.665 0.0000000000
75130  47.540  -2.099  44.879 0.0000000000
75144  47.389  -2.542  44.361 0.0000000000
58817  35.395  -17.020  51.927 0.0000000000
58744  34.556  -16.200  54.705 0.0000000000
58800  34.908  -16.714  52.595 0.0000000000
58799  35.795  -16.567  52.538 0.0000000000
57599  36.884  -16.433  53.479 0.0000000000
56403  36.870  -17.740  53.781 0.0000000000
55155  36.831  -18.403  53.443 0.0000000000
53826  36.086  -18.824  54.260 0.0000000000
53838  36.454  -19.132  53.698 0.0000000000
53848  36.896  -19.436  53.195 0.0000000000
83604  50.583  3.303  34.226 0.0000000000
83585  51.127  4.060  35.178 0.0000000000
83564  53.028  3.689  36.217 0.0000000000
82346  53.297  3.149  36.039 0.0000000000
81115  53.007  2.275  36.380 0.0000000000
82347  53.060  3.204  36.501 0.0000000000
82324  52.966  2.680  36.836 0.0000000000
81105  53.010  2.001  37.019 0.0000000000
82284  51.182  2.635  39.019 0.0000000000
81080  51.407  2.365  39.377 0.0000000000
81064  51.198  2.218  40.245 0.0000000000
81079  52.139  1.906  39.237 0.0000000000
79854  52.679  0.862  38.908 0.0000000000
61391  42.125  -13.791  47.569 0.0000000000
63961  42.388  -12.373  48.135 0.0000000000
63943  43.392  -12.531  48.681 0.0000000000
63960  42.973  -11.867  48.469 0.0000000000
63959  44.003  -11.501  48.752 0.0000000000
65252  44.544  -10.534  48.563 0.0000000000
58857  45.507  -15.797  47.948 0.0000000000
60101  45.453  -14.571  47.992 0.0000000000
58872  45.544  -14.416  46.407 0.0000000000
61387  45.907  -13.397  47.947 0.0000000000
66506  46.032  -9.201  48.519 0.0000000000
66518  46.608  -9.400  47.863 0.0000000000
67663  46.464  -8.522  47.928 0.0000000000
67662  46.879  -8.509  47.261 0.0000000000
68836  47.142  -7.558  46.839 0.0000000000
68846  47.495  -7.639  46.369 0.0000000000
68847  47.449  -6.913  46.528 0.0000000000
68852  47.865  -7.747  45.802 0.0000000000
65317  46.790  -10.080  44.497 0.0000000000
66554  47.187  -9.540  44.292 0.0000000000
58815  36.851  -16.466  51.365 0.0000000000
58833  37.975  -17.181  50.217 0.0000000000
60105  41.889  -14.720  47.599 0.0000000000
58846  42.798  -16.074  49.100 0.0000000000
58845  43.523  -15.962  49.044 0.0000000000
57661  44.161  -16.657  48.756 0.0000000000
57676  44.356  -16.890  48.520 0.0000000000
55177  41.172  -18.182  50.195 0.0000000000
55176  41.842  -17.934  49.948 0.0000000000
55186  42.228  -17.923  49.608 0.0000000000
55185  42.656  -17.713  49.078 0.0000000000
55193  43.023  -17.639  48.372 0.0000000000
57529  30.502  -16.551  58.518 0.0000000000
82474  60.010  4.378  25.303 0.0000000000
83635  56.386  4.401  31.348 0.0000000000
79966  56.461  2.710  30.653 0.0000000000
78816  55.764  2.130  30.417 0.0000000000
82422  54.895  3.515  32.339 0.0000000000
79943  55.480  2.369  31.622 0.0000000000
78817  55.531  2.062  30.430 0.0000000000
78848  54.744  1.739  28.725 0.0000000000
78706  44.993  0.272  38.762 0.0000000000
67664  43.792  -8.868  47.347 0.0000000000
67665  43.597  -8.839  46.454 0.0000000000
78675  43.701  -0.508  41.133 0.0000000000
78707  44.217  0.085  39.069 0.0000000000
79858  45.560  0.553  39.113 0.0000000000
79857  45.977  1.026  39.467 0.0000000000
79843  46.542  1.079  40.760 0.0000000000
81052  47.061  1.259  41.239 0.0000000000
79819  46.832  1.085  42.219 0.0000000000
81035  47.373  1.362  41.802 0.0000000000
81034  47.945  1.932  41.998 0.0000000000
79816  49.208  1.323  42.685 0.0000000000
79815  50.069  0.715  42.413 0.0000000000
78611  47.031  -0.025  45.120 0.0000000000
78624  48.325  0.003  44.130 0.0000000000
77484  48.054  -0.920  44.248 0.0000000000
79785  48.919  0.593  43.995 0.0000000000
79800  49.885  0.502  43.079 0.0000000000
78658  50.270  0.176  42.703 0.0000000000
77532  51.159  -0.578  42.280 0.0000000000
75170  51.343  -1.771  41.802 0.0000000000
75171  50.349  -1.908  42.044 0.0000000000
75187  50.722  -2.232  41.407 0.0000000000
70047  47.824  -6.636  46.017 0.0000000000
71302  47.704  -5.693  45.179 0.0000000000
70072  47.760  -6.632  43.900 0.0000000000
71314  47.304  -5.585  44.293 0.0000000000
52523  35.822  -19.467  54.285 0.0000000000
52537  36.558  -19.586  53.412 0.0000000000
52566  38.918  -20.159  52.584 0.0000000000
52591  39.572  -18.994  49.456 0.0000000000
52592  39.346  -19.470  50.161 0.0000000000
53815  34.477  -18.767  55.379 0.0000000000
53837  36.966  -18.820  53.202 0.0000000000
53846  38.515  -19.092  52.600 0.0000000000
53854  39.567  -18.969  51.505 0.0000000000
53862  39.635  -18.612  50.734 0.0000000000
53869  42.270  -18.109  49.133 0.0000000000
55154  37.436  -18.480  52.992 0.0000000000
55187  41.639  -18.244  49.807 0.0000000000
56383  35.443  -17.516  55.049 0.0000000000
56421  39.673  -17.906  50.908 0.0000000000
56443  44.287  -17.098  48.252 0.0000000000
57543  30.464  -16.297  58.455 0.0000000000
57564  33.755  -16.886  55.728 0.0000000000
57573  35.769  -16.712  54.807 0.0000000000
57583  37.353  -17.351  53.369 0.0000000000
57584  37.180  -16.935  53.866 0.0000000000
57596  38.465  -17.512  52.433 0.0000000000
57664  42.101  -16.657  49.436 0.0000000000
57674  45.459  -16.631  47.921 0.0000000000
58779  35.432  -15.925  53.322 0.0000000000
58782  32.792  -16.753  53.856 0.0000000000
58816  36.011  -16.713  51.550 0.0000000000
58843  44.576  -16.173  48.624 0.0000000000
60103  44.440  -14.299  48.688 0.0000000000
60123  45.728  -13.987  47.352 0.0000000000
61364  42.825  -13.759  48.393 0.0000000000
62656  43.115  -12.980  48.612 0.0000000000
63995  46.647  -10.889  46.014 0.0000000000
66547  47.144  -9.766  44.805 0.0000000000
67661  47.256  -8.199  46.640 0.0000000000
68835  47.264  -7.789  46.589 0.0000000000
71290  47.194  -5.694  46.518 0.0000000000
71303  43.148  -6.083  44.816 0.0000000000
73885  46.197  -3.452  47.880 0.0000000000
73888  44.336  -4.159  48.055 0.0000000000
75082  46.020  -3.042  47.910 0.0000000000
75083  45.448  -3.066  47.940 0.0000000000
75096  46.773  -2.842  46.827 0.0000000000
75100  44.479  -2.997  47.121 0.0000000000
76269  44.357  -2.718  46.598 0.0000000000
76288  43.639  -2.933  45.566 0.0000000000
76326  50.504  -1.240  42.628 0.0000000000
76342  51.762  -1.370  42.056 0.0000000000
77462  46.406  -1.526  46.813 0.0000000000
77473  46.712  -1.273  46.533 0.0000000000
77475  45.044  -1.052  46.156 0.0000000000
77476  44.356  -1.303  45.985 0.0000000000
78623  49.160  0.039  44.106 0.0000000000
78641  50.052  0.171  43.288 0.0000000000
78673  45.535  0.232  40.557 0.0000000000
78723  45.070  0.362  38.085 0.0000000000
78818  55.160  1.951  30.360 0.0000000000
78832  55.901  2.129  30.110 0.0000000000
79784  49.302  0.472  43.944 0.0000000000
79788  46.542  0.921  43.702 0.0000000000
79845  45.627  0.568  39.738 0.0000000000
79967  55.863  2.242  30.742 0.0000000000
80019  57.127  2.674  29.087 0.0000000000
81106  48.774  1.857  37.591 0.0000000000
81213  56.677  2.936  31.470 0.0000000000
81235  58.436  3.328  28.473 0.0000000000
81260  60.039  4.001  25.310 0.0000000000
81261  59.607  3.835  25.843 0.0000000000
82288  48.904  2.123  39.026 0.0000000000
82438  57.085  3.535  30.362 0.0000000000
83563  53.195  3.530  35.919 0.0000000000
83625  56.593  3.782  32.032 0.0000000000
83636  50.446  4.197  32.247 0.0000000000
84787  51.484  4.287  33.854 0.0000000000
84859  58.838  5.351  28.653 0.0000000000
86058  58.437  5.551  28.728 0.0000000000
