#!ascii label  , from subject 3220 vox2ras=TkReg
753
63651  24.203  -12.515  -19.385 0.1428571492
62361  23.342  -13.341  -18.917 0.1428571492
64968  23.423  -11.456  -20.620 0.1428571492
63625  24.982  -12.894  -18.825 0.1428571492
64939  24.291  -11.795  -19.886 0.2857142985
64940  23.380  -11.945  -19.759 0.1428571492
63650  25.083  -12.318  -19.300 0.1428571492
64987  24.099  -10.965  -21.373 0.5714285970
64938  25.222  -11.618  -19.747 0.1428571492
64965  26.370  -10.922  -20.115 0.2857142985
67389  26.453  -9.702  -20.840 0.1428571492
66202  26.496  -10.307  -20.513 0.2857142985
69759  27.354  -7.199  -22.360 0.2857142985
69737  27.129  -7.809  -21.709 0.1428571492
69738  26.636  -8.016  -21.890 0.2857142985
72285  27.915  -5.480  -23.430 0.2857142985
71011  27.912  -6.319  -22.592 0.2857142985
73655  28.058  -4.120  -25.072 0.2857142985
73642  27.876  -5.186  -24.006 0.2857142985
76051  28.916  -2.648  -25.600 0.2857142985
78414  29.712  -0.521  -27.004 0.8571428657
76086  29.051  -2.001  -26.847 0.4285714328
74878  28.905  -3.390  -24.538 0.2857142985
80785  30.623  1.403  -28.514 0.7142857313
79563  30.990  0.668  -28.196 0.7142857313
79543  30.354  0.224  -27.545 0.7142857313
77261  28.971  -1.307  -26.723 0.7142857313
81990  31.596  2.709  -29.455 0.8571428657
81969  31.202  2.117  -28.893 0.5714285970
79564  30.179  0.734  -28.047 0.7142857313
79544  29.531  0.367  -27.542 0.7142857313
84421  32.192  4.194  -31.571 0.4285714328
83174  31.829  3.492  -29.802 0.7142857313
85703  33.236  5.910  -34.142 0.2857142985
86877  33.012  6.493  -33.032 0.5714285970
84433  32.541  4.447  -32.575 0.7142857313
84405  32.204  4.281  -30.297 0.8571428657
87992  34.379  8.007  -34.063 0.1428571492
86889  34.078  7.039  -34.782 0.1428571492
87993  33.381  7.750  -33.978 0.4285714328
85683  32.976  5.745  -32.196 0.5714285970
85655  32.482  4.988  -31.024 0.8571428657
88966  35.642  8.927  -31.485 0.1428571492
86874  35.411  7.413  -33.516 0.1428571492
86859  35.168  7.456  -32.399 0.1428571492
86860  34.205  7.624  -32.173 0.4285714328
85654  32.916  5.605  -30.565 0.8571428657
91007  34.968  10.401  -31.676 0.1428571492
89992  35.517  9.618  -32.051 0.1428571492
89975  35.169  9.965  -30.822 0.1428571492
87952  35.431  8.101  -31.606 0.1428571492
88948  35.005  8.377  -29.493 0.4285714328
86830  34.925  6.753  -30.509 0.5714285970
86831  34.016  6.713  -30.224 0.7142857313
85636  32.832  5.653  -30.166 0.8571428657
90992  34.874  10.729  -30.564 0.1428571492
92063  34.811  11.585  -30.327 0.1428571492
89951  34.873  9.822  -29.816 0.1428571492
87935  34.791  7.125  -29.603 0.8571428657
86832  33.178  6.018  -29.838 0.8571428657
87936  33.566  7.182  -29.446 0.8571428657
93220  33.893  12.030  -31.148 0.1428571492
94356  34.185  12.843  -30.252 0.2857142985
90973  34.795  11.177  -29.651 0.1428571492
92043  34.339  11.987  -29.128 0.8571428657
89930  34.531  9.257  -29.059 0.8571428657
89931  33.684  9.534  -28.577 0.8571428657
95554  33.686  14.267  -30.372 0.1428571492
95568  33.137  13.988  -30.994 0.1428571492
94339  33.926  13.426  -29.607 0.4285714328
93186  33.129  12.926  -28.560 0.8571428657
92044  33.466  12.116  -28.613 0.8571428657
90957  33.546  10.442  -28.429 0.8571428657
90958  32.753  9.929  -28.738 0.8571428657
95533  33.732  14.235  -29.551 0.4285714328
93171  32.950  12.734  -28.542 0.8571428657
92045  32.504  11.908  -28.425 0.8571428657
95555  33.179  14.713  -30.846 0.1428571492
96824  32.912  15.502  -31.065 0.2857142985
96803  33.477  15.314  -29.655 0.5714285970
96804  33.209  15.651  -29.144 0.8571428657
94341  32.570  14.090  -28.344 0.8571428657
95535  32.006  14.750  -28.356 0.8571428657
93187  31.860  13.403  -28.541 0.8571428657
98054  32.533  16.569  -31.278 0.2857142985
98042  33.080  16.408  -30.366 0.7142857313
98041  33.467  15.871  -29.935 0.5714285970
98020  33.199  16.211  -29.480 0.8571428657
95514  32.641  15.384  -28.474 0.8571428657
96806  30.943  15.300  -27.931 0.8571428657
94342  31.298  13.849  -28.381 0.8571428657
99232  32.654  17.304  -29.602 0.8571428657
100443  32.245  17.798  -29.079 0.8571428657
96787  30.756  15.921  -28.157 0.8571428657
99215  30.427  17.511  -28.498 0.7142857313
97999  30.800  16.954  -28.678 0.7142857313
99254  32.573  17.748  -30.637 0.8571428657
100455  32.420  18.602  -29.577 0.8571428657
98021  31.692  17.133  -28.902 0.8571428657
100457  30.919  18.009  -28.492 0.8571428657
101633  31.685  19.406  -29.331 0.8571428657
100445  29.986  18.005  -27.959 0.7142857313
101676  32.529  19.789  -32.122 0.7142857313
101651  32.153  19.558  -30.105 0.8571428657
102816  31.899  20.683  -30.825 0.8571428657
103935  31.881  22.194  -31.905 0.7142857313
99234  31.040  17.551  -28.736 0.8571428657
101652  31.519  20.150  -30.041 0.8571428657
151132  31.337  21.395  -35.579 0.1428571492
102837  32.391  20.731  -31.727 0.8571428657
103949  32.144  22.175  -32.373 0.7142857313
105052  32.200  22.882  -33.086 0.7142857313
103920  32.034  21.473  -31.512 0.8571428657
106211  30.142  22.935  -36.828 0.1428571492
105066  32.385  22.576  -34.053 0.5714285970
106186  32.122  23.407  -34.339 0.5714285970
108430  31.380  24.973  -34.625 0.5714285970
106197  31.176  23.380  -35.777 0.1428571492
106227  29.395  23.271  -37.330 0.1428571492
108431  31.026  25.626  -35.215 0.5714285970
107346  29.023  24.767  -38.172 0.1428571492
107347  28.316  24.422  -38.627 0.1428571492
108438  30.674  25.222  -36.679 0.1428571492
108448  28.414  25.478  -39.560 0.1428571492
108434  31.147  25.304  -35.983 0.5714285970
108443  28.906  25.487  -38.825 0.1428571492
109470  29.229  26.330  -38.489 0.1428571492
109479  27.779  26.338  -40.059 0.1428571492
110565  28.173  27.691  -39.223 0.1428571492
63627  23.682  -13.241  -18.983 0.1428571492
62340  23.116  -13.689  -18.502 0.1428571492
64937  26.202  -11.497  -19.503 0.2857142985
64966  25.456  -11.070  -20.319 0.2857142985
68567  27.751  -8.438  -21.139 0.2857142985
68568  26.815  -8.525  -21.477 0.2857142985
74892  28.108  -3.108  -25.685 0.2857142985
77246  29.592  -1.316  -26.461 0.4285714328
81989  32.427  3.106  -29.875 0.2857142985
83226  32.814  3.943  -33.185 0.1428571492
84406  31.485  4.238  -29.538 0.8571428657
86850  33.497  6.215  -30.867 0.7142857313
92076  34.454  11.405  -31.159 0.1428571492
90974  34.151  10.773  -28.763 0.8571428657
89952  34.297  9.856  -29.072 0.8571428657
89932  32.318  9.017  -28.501 0.8571428657
90976  31.996  10.881  -28.684 0.8571428657
100489  32.572  18.761  -31.448 0.8571428657
103966  32.378  21.827  -33.582 0.7142857313
105067  32.035  22.585  -34.739 0.2857142985
107319  31.025  24.328  -36.177 0.1428571492
107334  29.612  24.424  -37.538 0.1428571492
108454  28.224  25.365  -40.394 0.1428571492
66204  25.015  -10.840  -20.907 0.4285714328
67390  25.953  -9.935  -20.890 0.2857142985
66203  25.554  -10.419  -20.944 0.4285714328
66219  24.555  -10.523  -21.485 0.2857142985
67403  26.540  -9.208  -21.198 0.1428571492
69758  27.847  -6.955  -21.979 0.2857142985
71012  27.199  -6.805  -22.994 0.2857142985
71027  27.427  -5.937  -23.464 0.2857142985
88977  35.848  8.802  -32.356 0.1428571492
93206  33.724  12.606  -30.850 0.1428571492
94357  33.884  13.195  -30.293 0.2857142985
94358  33.401  13.266  -30.922 0.1428571492
93185  33.759  12.825  -29.100 0.8571428657
88929  33.298  8.224  -28.762 0.8571428657
87915  32.710  7.483  -29.071 1.0000000000
95569  32.494  14.353  -31.350 0.1428571492
96836  32.083  15.433  -31.867 0.1428571492
98067  32.110  16.632  -32.111 0.2857142985
96788  30.475  15.696  -27.883 0.8571428657
100502  32.377  18.677  -32.529 0.5714285970
101684  32.223  19.828  -33.108 0.5714285970
102853  32.365  20.963  -32.788 0.7142857313
103977  32.274  21.827  -34.339 0.4285714328
102869  32.202  20.832  -34.009 0.2857142985
151131  31.770  21.049  -34.848 0.2857142985
151135  31.480  22.481  -35.452 0.1428571492
105079  31.069  22.717  -36.036 0.1428571492
106210  30.683  23.384  -36.480 0.1428571492
109466  30.265  26.173  -36.866 0.2857142985
106226  30.046  23.685  -37.027 0.1428571492
108442  29.505  25.402  -38.102 0.1428571492
110558  29.407  26.709  -38.031 0.1428571492
110559  28.987  27.432  -38.354 0.1428571492
107335  28.785  24.135  -37.703 0.1428571492
110566  27.770  27.855  -39.740 0.1428571492
111547  27.911  28.364  -39.430 0.1428571492
110572  27.808  27.846  -40.271 0.1428571492
99269  32.385  17.661  -31.756 0.4285714328
100516  31.989  18.972  -33.352 0.4285714328
63652  23.293  -12.819  -19.321 0.1428571492
62362  22.752  -13.296  -19.080 0.1428571492
64988  23.735  -11.142  -21.207 0.4285714328
64967  24.484  -11.235  -20.749 0.5714285970
79565  29.805  0.758  -27.955 0.7142857313
83173  32.287  3.540  -30.237 0.8571428657
85695  32.589  5.725  -33.678 0.5714285970
87963  33.624  7.557  -32.695 0.5714285970
88947  35.496  8.784  -30.552 0.2857142985
87962  35.621  8.115  -32.788 0.1428571492
86848  35.130  7.086  -31.427 0.1428571492
93184  34.405  12.700  -29.646 0.5714285970
88949  34.249  7.847  -29.135 0.8571428657
94340  33.446  13.786  -29.006 0.8571428657
96786  32.961  15.859  -28.887 0.8571428657
95534  33.169  15.034  -28.833 0.8571428657
95536  30.699  14.707  -28.061 0.8571428657
97997  32.509  16.879  -29.084 0.8571428657
100473  32.545  18.915  -30.541 0.8571428657
101632  32.203  19.263  -29.573 0.8571428657
103993  31.066  21.580  -36.121 0.1428571492
107307  31.551  24.224  -34.933 0.5714285970
107296  31.766  24.276  -34.097 0.5714285970
106228  28.431  23.321  -37.829 0.1428571492
109465  30.728  25.765  -36.416 0.4285714328
108439  30.131  25.292  -37.409 0.1428571492
107360  28.070  24.588  -39.666 0.1428571492
107333  30.396  24.390  -36.924 0.1428571492
109474  28.244  26.652  -39.230 0.1428571492
66218  25.134  -10.156  -21.615 0.4285714328
110552  29.575  26.868  -37.445 0.1428571492
71028  26.755  -6.459  -23.802 0.5714285970
71046  25.776  -6.514  -24.468 0.5714285970
71047  25.015  -6.361  -24.385 0.2857142985
72298  26.766  -5.452  -24.868 0.5714285970
72318  26.067  -4.930  -25.146 0.5714285970
69776  25.283  -7.490  -23.662 0.4285714328
71048  24.480  -5.997  -24.236 0.2857142985
72319  25.330  -4.961  -24.840 0.4285714328
73672  27.671  -3.741  -25.530 0.4285714328
73673  27.219  -4.357  -25.537 0.5714285970
73674  26.336  -4.223  -25.503 0.5714285970
74895  25.852  -3.458  -25.553 0.4285714328
74912  27.593  -2.680  -25.982 0.5714285970
74913  27.198  -2.804  -25.710 0.5714285970
74894  26.765  -3.233  -25.623 0.4285714328
76074  27.823  -2.213  -26.507 0.7142857313
77247  27.282  -1.768  -26.641 0.4285714328
76088  27.904  -1.733  -26.757 0.4285714328
72320  24.724  -4.953  -24.652 0.2857142985
72301  24.251  -5.234  -24.371 0.2857142985
74911  28.007  -2.595  -26.228 0.7142857313
78416  27.974  -0.598  -27.019 0.7142857313
79546  27.502  0.245  -27.104 0.4285714328
80765  28.001  1.023  -27.312 0.7142857313
81954  27.491  1.769  -27.705 0.5714285970
81953  28.520  1.729  -27.589 0.7142857313
78415  28.862  -0.532  -26.930 0.5714285970
79545  28.493  0.209  -27.231 0.5714285970
81971  29.015  2.587  -27.981 0.7142857313
83155  28.174  3.575  -28.254 0.7142857313
83154  29.295  3.576  -28.428 0.7142857313
84384  28.457  4.560  -28.627 0.7142857313
80786  29.587  1.311  -28.114 0.5714285970
81970  30.264  2.557  -28.644 0.5714285970
83153  30.193  3.724  -28.647 0.5714285970
84383  29.565  4.594  -28.536 0.7142857313
85621  29.952  5.581  -28.522 0.7142857313
86815  30.297  6.452  -28.887 0.7142857313
85622  28.803  5.622  -28.726 0.7142857313
87919  28.817  7.526  -28.908 0.5714285970
85639  31.063  4.770  -29.329 0.5714285970
85620  30.845  5.519  -29.086 0.7142857313
84382  30.561  4.546  -28.890 0.7142857313
87917  30.625  7.412  -29.120 0.8571428657
85623  27.558  5.620  -28.915 0.4285714328
87939  29.838  7.868  -29.283 0.7142857313
89953  30.822  8.539  -29.067 0.7142857313
88932  28.771  8.001  -29.203 0.5714285970
88951  29.949  8.315  -29.132 0.7142857313
85638  31.575  5.358  -29.523 0.5714285970
87916  31.829  7.065  -28.992 0.8571428657
88931  31.196  8.104  -29.106 0.8571428657
89954  30.352  8.753  -28.976 0.7142857313
89955  29.496  8.957  -28.941 0.5714285970
92048  28.625  11.021  -28.808 0.2857142985
87937  32.705  6.753  -29.314 0.7142857313
89933  31.166  9.066  -28.850 0.7142857313
93190  28.486  11.948  -28.859 0.7142857313
88930  32.099  8.188  -28.911 0.7142857313
89934  30.108  9.523  -28.914 0.8571428657
94343  30.245  13.392  -28.396 0.8571428657
90960  30.681  10.270  -28.965 0.8571428657
93173  29.094  11.307  -28.706 0.5714285970
93189  29.665  11.873  -28.636 0.8571428657
94344  29.000  12.782  -29.004 0.8571428657
90959  31.659  10.010  -28.577 0.8571428657
92047  30.031  11.505  -28.701 0.8571428657
94325  30.035  13.985  -28.093 0.8571428657
95515  30.401  14.689  -27.781 0.8571428657
95517  29.250  14.826  -28.333 0.7142857313
101634  30.422  19.100  -28.724 0.7142857313
101635  29.352  18.990  -29.105 0.7142857313
102801  30.760  20.163  -29.577 0.5714285970
101636  28.422  18.928  -29.602 0.7142857313
102802  29.745  19.947  -29.586 0.7142857313
102817  30.965  20.922  -30.449 0.8571428657
103922  30.324  21.845  -30.703 0.7142857313
102819  29.086  20.755  -30.204 0.7142857313
105017  29.584  22.532  -31.125 0.7142857313
106145  29.586  23.365  -31.518 0.7142857313
105026  28.642  22.449  -31.535 0.5714285970
105015  31.002  22.779  -31.315 0.7142857313
106144  30.440  23.675  -31.756 0.7142857313
106146  28.713  23.328  -31.935 0.5714285970
107265  29.998  24.335  -32.092 0.4285714328
107267  29.123  23.758  -31.913 0.5714285970
106155  28.445  23.588  -32.328 0.5714285970
106143  31.048  23.639  -32.058 0.5714285970
105027  27.882  22.435  -32.045 0.5714285970
107274  29.512  24.761  -32.339 0.5714285970
108407  28.778  25.308  -32.747 0.5714285970
107275  28.613  24.170  -32.420 0.5714285970
106156  28.051  23.226  -32.680 0.4285714328
106157  27.210  23.037  -33.163 0.5714285970
105037  27.332  22.418  -32.694 0.4285714328
108409  27.302  24.593  -33.461 0.5714285970
107276  27.697  24.109  -33.158 0.5714285970
108406  29.641  25.743  -32.669 0.5714285970
106170  26.622  23.433  -33.631 0.4285714328
102855  25.845  20.287  -33.448 0.4285714328
107283  27.019  24.131  -33.665 0.5714285970
106169  27.373  23.552  -33.349 0.5714285970
107297  25.921  24.781  -34.378 0.4285714328
78399  30.072  -0.742  -26.735 0.2857142985
83175  31.007  3.473  -29.196 0.5714285970
108418  26.256  24.848  -34.270 0.2857142985
107284  26.276  24.215  -34.321 0.4285714328
106171  25.586  23.494  -33.732 0.2857142985
71029  26.165  -7.033  -24.128 0.5714285970
73656  27.673  -4.966  -24.643 0.2857142985
72286  27.366  -5.576  -24.063 0.4285714328
69793  25.730  -7.126  -24.038 0.5714285970
69795  24.666  -6.529  -24.052 0.2857142985
73675  25.518  -4.275  -25.259 0.4285714328
76053  26.286  -2.709  -25.760 0.4285714328
76075  26.944  -2.367  -26.062 0.5714285970
73676  24.697  -4.359  -25.016 0.2857142985
74896  24.883  -3.619  -25.486 0.2857142985
78417  27.026  -0.562  -26.878 0.5714285970
79542  31.130  0.303  -27.385 0.2857142985
80767  26.172  1.032  -27.968 0.2857142985
81972  27.829  2.625  -27.863 0.7142857313
92030  29.327  10.826  -28.788 0.7142857313
99216  29.920  17.407  -28.489 0.7142857313
100446  29.479  18.077  -28.793 0.7142857313
99235  29.333  17.327  -29.261 0.7142857313
103923  29.425  21.612  -30.675 0.7142857313
103936  27.917  22.018  -31.517 0.5714285970
105038  26.499  22.623  -33.213 0.2857142985
106153  31.432  23.688  -32.577 0.5714285970
107272  31.068  24.386  -32.715 0.5714285970
107281  31.456  24.424  -33.319 0.5714285970
107282  30.963  24.910  -33.031 0.5714285970
108408  27.746  25.161  -33.146 0.5714285970
109440  27.965  26.242  -33.843 0.2857142985
76076  26.027  -2.130  -26.270 0.4285714328
81991  31.036  2.653  -29.080 0.7142857313
85637  32.439  5.413  -30.138 0.7142857313
86813  31.732  6.351  -29.204 0.7142857313
92046  30.908  10.993  -28.922 0.7142857313
103921  31.296  22.013  -31.124 0.8571428657
76087  28.441  -1.896  -26.813 0.5714285970
77262  28.296  -1.298  -26.827 0.5714285970
96789  29.716  15.860  -28.459 0.7142857313
71045  26.282  -6.047  -24.510 0.5714285970
72300  25.051  -5.696  -24.602 0.5714285970
72299  25.879  -5.641  -24.782 0.4285714328
69794  25.189  -6.838  -24.039 0.5714285970
72317  26.601  -4.791  -25.334 0.5714285970
68601  24.660  -8.053  -23.276 0.5714285970
74893  27.414  -3.312  -25.681 0.5714285970
76054  25.292  -2.600  -25.796 0.4285714328
77263  27.559  -1.266  -26.836 0.5714285970
77264  26.768  -1.217  -26.745 0.4285714328
80766  26.979  1.135  -27.524 0.4285714328
79547  26.480  0.286  -27.236 0.4285714328
80764  28.875  0.911  -27.533 0.7142857313
81955  26.920  1.722  -27.886 0.2857142985
86816  29.278  6.581  -28.749 0.7142857313
86814  31.239  6.231  -29.122 0.5714285970
87918  29.707  7.305  -29.022 0.7142857313
87920  28.218  7.692  -29.229 0.2857142985
89936  28.660  9.872  -28.842 0.5714285970
90978  28.240  10.342  -28.844 0.2857142985
92029  30.031  10.948  -28.861 0.8571428657
102818  30.066  20.998  -29.993 0.7142857313
105016  30.469  22.829  -31.159 0.8571428657
108416  27.436  25.549  -33.791 0.5714285970
105053  26.173  23.122  -33.539 0.4285714328
66205  23.137  -11.041  -21.259 0.4285714328
73622  29.073  -5.159  -23.001 0.1428571492
73641  28.614  -4.687  -23.716 0.1428571492
76072  29.251  -2.146  -26.216 0.1428571492
74864  29.190  -3.942  -23.685 0.1428571492
77228  29.811  -1.826  -25.790 0.1428571492
76036  29.416  -2.684  -24.947 0.1428571492
77245  30.092  -0.936  -26.417 0.1428571492
80763  31.682  1.137  -27.692 0.2857142985
81968  32.121  2.109  -29.159 0.1428571492
98000  30.022  16.781  -28.615 0.5714285970
113492  27.262  30.847  -40.498 0.1428571492
95538  28.909  15.127  -28.869 0.4285714328
113493  26.663  31.617  -40.346 0.1428571492
111540  28.334  28.427  -38.786 0.1428571492
99236  28.717  17.154  -30.028 0.4285714328
100458  29.154  18.145  -29.564 0.5714285970
112506  27.142  29.441  -36.867 0.2857142985
110532  28.226  27.085  -34.560 0.2857142985
109439  28.947  26.780  -33.440 0.2857142985
110539  28.546  27.636  -35.493 0.2857142985
99258  25.983  17.196  -31.336 0.1428571492
102804  28.040  19.570  -30.357 0.5714285970
110540  27.422  27.412  -35.233 0.2857142985
108415  30.531  25.671  -33.250 0.4285714328
100490  26.863  18.565  -31.450 0.4285714328
103925  27.801  20.827  -31.210 0.5714285970
110533  27.614  26.849  -34.854 0.2857142985
101667  26.078  18.680  -32.687 0.4285714328
101677  26.562  19.247  -33.034 0.2857142985
109448  27.120  26.183  -35.034 0.1428571492
109447  27.713  26.618  -34.570 0.1428571492
101678  25.938  19.160  -33.565 0.1428571492
102839  26.461  20.651  -33.029 0.4285714328
108426  26.229  25.345  -34.546 0.1428571492
109457  26.309  26.772  -35.229 0.1428571492
110541  26.544  27.522  -35.188 0.1428571492
107298  25.702  25.033  -34.384 0.2857142985
107286  24.557  24.425  -33.593 0.1428571492
109449  25.911  26.110  -34.962 0.1428571492
110542  25.969  27.368  -35.060 0.1428571492
108427  25.454  25.482  -34.460 0.1428571492
109450  25.226  26.507  -34.407 0.1428571492
109458  25.736  26.829  -34.922 0.1428571492
66220  23.552  -10.548  -21.562 0.4285714328
68570  23.613  -9.172  -22.364 0.2857142985
72273  28.663  -5.489  -22.897 0.1428571492
78398  30.475  -0.525  -26.419 0.1428571492
98024  28.707  16.615  -29.264 0.2857142985
106168  32.081  23.402  -33.394 0.4285714328
110538  29.660  27.234  -35.470 0.2857142985
111520  26.769  28.426  -35.460 0.2857142985
111518  28.486  28.012  -36.187 0.2857142985
111521  25.965  28.355  -35.019 0.2857142985
68571  23.114  -8.807  -22.061 0.2857142985
67402  27.463  -9.262  -20.849 0.1428571492
67388  26.964  -9.539  -20.818 0.1428571492
70988  28.363  -6.955  -21.740 0.1428571492
70987  29.152  -6.694  -21.724 0.1428571492
78413  30.441  -0.224  -27.018 0.1428571492
96808  28.126  15.933  -29.031 0.4285714328
100491  26.142  18.303  -31.598 0.2857142985
108424  30.958  25.671  -34.228 0.4285714328
112496  26.793  29.188  -36.082 0.2857142985
111519  27.717  28.435  -36.159 0.2857142985
110547  29.110  27.723  -36.257 0.2857142985
112516  27.347  29.683  -37.850 0.1428571492
113476  26.218  30.619  -37.967 0.1428571492
111541  27.738  29.059  -39.225 0.1428571492
112524  27.299  29.880  -38.902 0.1428571492
113482  27.141  30.312  -39.475 0.1428571492
111534  28.783  28.536  -37.836 0.1428571492
111535  27.966  29.147  -38.337 0.1428571492
82003  32.776  3.213  -30.390 0.2857142985
110545  30.280  26.658  -36.204 0.4285714328
112507  26.145  29.872  -36.677 0.2857142985
110553  29.211  27.689  -37.206 0.2857142985
111527  28.580  28.268  -36.808 0.1428571492
80784  31.447  1.487  -28.505 0.4285714328
108423  31.437  24.960  -33.952 0.4285714328
109454  30.427  26.454  -35.069 0.2857142985
110546  29.874  27.010  -36.477 0.2857142985
100459  28.434  18.061  -30.094 0.4285714328
102803  28.697  19.881  -29.689 0.5714285970
102820  28.220  20.432  -30.592 0.5714285970
103924  28.389  21.478  -31.030 0.5714285970
109445  30.264  26.452  -34.027 0.2857142985
108417  26.797  25.082  -33.848 0.4285714328
106172  24.909  23.942  -33.902 0.2857142985
108425  26.851  25.541  -34.486 0.2857142985
98023  29.339  16.660  -28.973 0.5714285970
103937  27.307  21.353  -32.073 0.5714285970
109433  28.307  25.746  -33.141 0.2857142985
76050  29.554  -2.313  -25.506 0.1428571492
77227  30.307  -1.118  -25.778 0.1428571492
99237  27.621  17.428  -30.325 0.2857142985
110525  28.874  27.210  -34.031 0.2857142985
110531  29.124  27.292  -34.654 0.2857142985
100476  26.821  18.153  -30.830 0.2857142985
102805  27.706  19.292  -30.773 0.4285714328
109456  26.857  26.928  -35.284 0.1428571492
101666  27.076  18.883  -32.210 0.4285714328
102821  27.490  19.928  -31.357 0.5714285970
103938  26.709  20.854  -32.699 0.4285714328
67407  22.895  -9.667  -21.571 0.2857142985
78382  30.727  -0.570  -25.803 0.1428571492
96809  27.486  15.611  -29.853 0.2857142985
111528  27.992  29.001  -37.267 0.2857142985
113483  26.460  30.676  -39.175 0.1428571492
86817  28.051  6.828  -29.015 0.4285714328
89956  28.303  9.257  -29.240 0.2857142985
112499  24.575  30.460  -35.269 0.1428571492
112497  25.947  29.245  -35.766 0.1428571492
113461  24.061  30.966  -35.739 0.1428571492
110528  25.400  27.631  -33.858 0.1428571492
112489  24.648  30.789  -34.804 0.1428571492
112498  25.074  29.442  -35.388 0.1428571492
112508  25.035  29.810  -36.387 0.1428571492
111512  25.542  28.690  -34.535 0.1428571492
111506  25.520  28.930  -33.874 0.1428571492
112488  25.235  30.211  -34.485 0.1428571492
114439  23.776  32.077  -34.341 0.1428571492
112473  25.629  30.806  -32.773 0.1428571492
113446  24.760  31.431  -33.505 0.1428571492
89976  28.110  8.768  -29.812 0.2857142985
113433  25.317  31.257  -32.942 0.1428571492
115413  23.924  32.629  -35.127 0.1428571492
76073  28.505  -2.374  -26.367 0.2857142985
113468  25.500  30.782  -37.135 0.1428571492
112509  24.473  30.168  -35.908 0.1428571492
113469  24.540  30.748  -36.462 0.1428571492
112482  25.639  30.154  -33.345 0.1428571492
111505  25.980  28.859  -33.377 0.1428571492
68600  25.448  -8.137  -23.124 0.4285714328
68586  25.598  -8.632  -22.335 0.2857142985
68585  26.257  -8.266  -22.099 0.1428571492
69775  26.132  -7.481  -23.485 0.2857142985
68599  25.998  -8.057  -22.742 0.1428571492
67416  25.170  -9.041  -22.295 0.2857142985
68587  24.938  -8.750  -22.804 0.4285714328
69774  26.813  -7.162  -23.078 0.1428571492
69760  26.598  -7.705  -22.498 0.1428571492
68569  26.089  -8.768  -21.673 0.1428571492
100460  27.534  18.299  -30.401 0.2857142985
67418  24.291  -9.466  -22.379 0.2857142985
67406  23.816  -9.671  -22.109 0.2857142985
67417  24.755  -9.302  -22.390 0.2857142985
68588  23.927  -8.903  -22.847 0.2857142985
77248  26.519  -1.667  -26.545 0.2857142985
83156  27.100  3.550  -28.206 0.1428571492
84385  27.363  4.518  -28.626 0.2857142985
89957  27.267  9.526  -29.694 0.1428571492
90979  27.478  10.354  -29.314 0.1428571492
93191  27.483  12.482  -29.192 0.1428571492
92032  27.179  11.745  -28.893 0.1428571492
94345  28.295  13.706  -29.001 0.1428571492
93207  27.190  12.898  -30.011 0.1428571492
98043  27.228  16.442  -30.374 0.1428571492
99257  26.736  17.224  -30.812 0.1428571492
103951  26.296  21.468  -33.054 0.1428571492
103952  24.969  21.434  -33.478 0.1428571492
102856  24.485  20.468  -33.674 0.1428571492
105039  25.394  22.646  -33.261 0.1428571492
94359  27.022  13.645  -30.387 0.1428571492
66221  22.668  -10.456  -21.330 0.2857142985
77265  26.260  -1.190  -26.684 0.2857142985
78418  25.918  -0.630  -26.969 0.2857142985
84386  26.425  4.480  -28.653 0.1428571492
86835  27.167  7.177  -29.313 0.1428571492
87941  27.562  7.789  -29.322 0.1428571492
88953  28.166  8.340  -29.580 0.1428571492
89958  26.418  9.601  -30.394 0.1428571492
92050  26.929  11.360  -29.395 0.1428571492
92064  26.404  11.476  -30.290 0.1428571492
95539  27.874  14.762  -29.555 0.1428571492
98044  26.481  16.361  -30.793 0.1428571492
78400  25.510  -0.903  -26.783 0.2857142985
67405  24.694  -9.848  -22.030 0.2857142985
92049  27.726  11.385  -28.975 0.1428571492
101679  24.864  19.485  -33.529 0.1428571492
94346  27.912  13.595  -30.038 0.1428571492
98025  27.873  16.591  -29.658 0.1428571492
79548  25.605  0.350  -27.514 0.1428571492
90980  26.772  10.463  -30.027 0.1428571492
67408  22.110  -9.828  -21.242 0.1428571492
68602  23.850  -7.670  -23.173 0.1428571492
83188  32.665  3.448  -30.902 0.1428571492
82002  33.026  3.209  -30.566 0.1428571492
99283  32.042  17.539  -32.614 0.1428571492
64969  22.513  -11.542  -20.227 0.1428571492
69777  24.492  -7.112  -23.636 0.1428571492
68589  23.037  -7.831  -22.790 0.1428571492
71030  24.102  -6.379  -23.759 0.1428571492
100503  31.927  18.222  -33.162 0.1428571492
71049  23.838  -5.721  -23.857 0.1428571492
96852  31.764  16.008  -32.341 0.1428571492
66206  22.505  -11.051  -20.903 0.1428571492
83203  32.694  3.678  -32.180 0.1428571492
66222  21.994  -10.435  -20.994 0.1428571492
69778  23.621  -6.960  -23.519 0.1428571492
62339  23.941  -13.532  -18.489 0.1428571492
76052  26.722  -2.720  -25.720 0.4285714328
77218  29.959  -2.124  -25.370 0.1428571492
77249  25.726  -1.283  -26.574 0.2857142985
80787  26.538  1.638  -27.960 0.2857142985
84407  31.049  4.238  -29.235 0.5714285970
84453  32.702  4.763  -33.435 0.5714285970
85619  31.199  5.710  -29.281 0.7142857313
85666  32.999  5.671  -31.452 0.8571428657
85667  32.579  5.037  -31.968 0.7142857313
85684  32.693  5.430  -32.812 0.5714285970
85702  33.963  6.026  -34.363 0.1428571492
86833  32.159  6.126  -29.475 0.7142857313
86834  31.666  6.019  -29.343 0.7142857313
86849  34.142  6.939  -31.172 0.5714285970
86861  33.297  6.724  -32.102 0.7142857313
86862  33.153  6.835  -32.658 0.5714285970
86875  34.646  7.215  -33.150 0.1428571492
86876  33.030  6.077  -32.554 0.5714285970
86886  33.009  6.549  -33.889 0.2857142985
86890  33.581  6.757  -34.493 0.1428571492
86891  33.342  6.803  -34.389 0.2857142985
86895  33.673  7.435  -35.125 0.1428571492
86896  33.544  7.182  -35.030 0.1428571492
86897  33.401  6.964  -34.804 0.1428571492
87934  35.323  7.590  -30.467 0.1428571492
87938  30.255  7.960  -29.364 0.7142857313
87940  29.278  7.831  -29.093 0.5714285970
87964  33.287  7.163  -32.770 0.5714285970
87965  33.127  6.903  -32.871 0.5714285970
87980  33.956  8.256  -33.157 0.4285714328
87981  33.505  7.673  -33.334 0.4285714328
87982  33.214  7.082  -33.107 0.5714285970
87994  33.235  7.125  -33.612 0.4285714328
88001  34.274  7.804  -34.881 0.1428571492
88002  33.346  7.701  -34.700 0.4285714328
88003  33.296  7.202  -34.267 0.4285714328
88007  33.816  7.714  -35.198 0.1428571492
88008  33.445  7.589  -35.174 0.4285714328
88009  33.333  7.261  -34.801 0.4285714328
88928  34.241  8.615  -28.871 0.8571428657
88933  28.490  7.905  -29.241 0.2857142985
88950  30.542  8.195  -29.199 0.7142857313
88952  29.104  8.352  -29.116 0.5714285970
88994  33.785  8.270  -33.656 0.4285714328
88995  33.683  8.130  -33.481 0.4285714328
89009  33.827  8.356  -34.000 0.1428571492
89010  33.571  8.130  -33.804 0.4285714328
89018  33.930  8.206  -34.701 0.1428571492
89019  33.556  8.100  -34.417 0.4285714328
89023  33.917  8.065  -35.148 0.1428571492
89024  33.574  8.041  -35.060 0.4285714328
89935  29.211  9.701  -28.905 0.5714285970
89950  35.331  9.502  -30.527 0.1428571492
89974  35.446  9.426  -31.105 0.1428571492
89993  35.305  9.855  -31.388 0.1428571492
90961  29.721  10.288  -28.923 0.7142857313
90962  28.969  10.350  -28.804 0.5714285970
90975  33.004  10.993  -28.132 0.8571428657
90977  31.258  10.564  -28.884 0.8571428657
92026  33.317  12.839  -29.010 0.8571428657
92027  33.179  12.520  -28.604 0.8571428657
92028  30.514  10.733  -28.971 0.7142857313
92031  27.462  11.943  -28.913 0.1428571492
92042  34.819  12.057  -29.778 0.5714285970
93170  33.076  12.950  -28.798 0.8571428657
93172  29.533  11.174  -28.732 0.8571428657
93174  27.207  12.136  -28.837 0.1428571492
93175  26.857  12.074  -29.007 0.1428571492
93183  34.367  12.943  -29.769 0.2857142985
93188  30.608  12.685  -28.869 0.8571428657
93192  26.705  12.238  -29.583 0.1428571492
93204  34.555  12.913  -30.079 0.2857142985
93205  34.424  12.433  -30.461 0.2857142985
94326  29.143  14.080  -28.160 0.8571428657
94327  28.947  14.788  -29.004 0.2857142985
94338  34.156  13.031  -29.995 0.4285714328
95513  33.004  15.467  -28.769 0.8571428657
95516  30.033  14.760  -27.986 0.7142857313
95532  33.884  13.811  -29.618 0.4285714328
95537  29.346  15.332  -28.390 0.7142857313
95553  33.982  13.814  -29.876 0.4285714328
96805  30.829  15.104  -28.135 0.8571428657
96807  29.027  16.007  -28.767 0.7142857313
96823  33.339  15.362  -30.372 0.5714285970
97998  31.811  16.936  -28.728 0.8571428657
98019  33.411  15.809  -29.680 0.8571428657
98022  31.455  17.143  -28.834 0.8571428657
99213  32.385  17.350  -29.156 0.8571428657
99214  32.157  17.380  -28.904 0.8571428657
99233  31.814  17.402  -28.789 0.8571428657
99255  29.142  17.490  -29.861 0.5714285970
99256  28.947  17.611  -30.131 0.5714285970
100444  32.046  17.729  -28.734 0.8571428657
100456  31.679  18.265  -28.708 0.8571428657
100474  29.207  17.687  -29.668 0.5714285970
100475  29.110  17.832  -29.975 0.5714285970
100477  26.339  17.747  -31.107 0.1428571492
101623  30.016  18.528  -28.261 0.7142857313
101624  29.797  18.680  -28.475 0.7142857313
101637  27.763  18.872  -30.218 0.5714285970
101653  27.402  18.828  -31.090 0.4285714328
101665  32.376  19.740  -31.118 0.7142857313
102838  26.853  20.064  -32.764 0.2857142985
102854  26.352  19.636  -33.266 0.1428571492
102883  32.091  21.369  -34.553 0.2857142985
103934  32.288  21.621  -32.170 0.7142857313
103948  32.312  22.098  -32.837 0.7142857313
103950  26.876  21.956  -32.775 0.1428571492
105018  29.056  21.984  -31.146 0.5714285970
105023  31.266  23.007  -31.811 0.7142857313
105024  30.813  23.091  -31.473 0.7142857313
105025  29.134  22.940  -31.488 0.7142857313
105035  32.231  22.613  -32.975 0.7142857313
105036  32.001  22.782  -32.593 0.7142857313
105051  32.330  22.691  -33.398 0.7142857313
105054  25.919  22.974  -33.458 0.1428571492
105092  31.248  22.083  -36.009 0.1428571492
105093  30.790  22.208  -36.512 0.1428571492
106138  30.123  23.259  -31.351 0.7142857313
106139  29.950  23.052  -31.172 0.8571428657
106147  28.342  22.855  -32.065 0.5714285970
106154  30.900  24.044  -32.291 0.5714285970
106167  32.303  23.063  -33.496 0.7142857313
106185  32.343  23.056  -33.746 0.5714285970
106196  31.632  23.352  -35.129 0.2857142985
107266  29.555  24.058  -31.938 0.5714285970
107273  30.386  24.684  -32.537 0.4285714328
107285  25.298  24.557  -34.253 0.2857142985
107308  31.349  23.979  -35.524 0.1428571492
107318  31.296  24.572  -35.586 0.5714285970
107372  27.881  24.502  -40.323 0.1428571492
108414  31.127  25.171  -33.533 0.4285714328
108433  31.313  24.957  -35.280 0.5714285970
109431  29.312  26.333  -33.047 0.5714285970
109432  28.791  26.119  -33.001 0.7142857313
109438  29.765  26.424  -33.313 0.5714285970
109441  27.264  25.678  -34.275 0.2857142985
109446  29.479  26.874  -33.996 0.2857142985
109455  29.781  26.847  -34.643 0.2857142985
109461  30.672  26.244  -36.037 0.4285714328
109462  30.288  26.532  -36.418 0.4285714328
109469  29.707  26.138  -37.747 0.1428571492
109475  27.809  27.335  -39.486 0.1428571492
109480  27.580  27.161  -39.852 0.1428571492
110526  28.493  26.919  -33.921 0.2857142985
110537  30.233  26.776  -35.859 0.4285714328
112525  26.803  30.235  -38.292 0.1428571492
113447  24.073  31.618  -33.982 0.1428571492
113454  24.605  31.136  -34.331 0.1428571492
113455  24.179  31.285  -34.820 0.1428571492
114444  23.983  32.045  -35.263 0.1428571492
114445  23.881  32.506  -34.738 0.1428571492
114448  24.806  31.383  -36.909 0.1428571492
114464  26.918  31.799  -40.358 0.1428571492
114465  26.328  32.037  -40.421 0.1428571492
115409  23.936  32.773  -34.794 0.1428571492
115412  24.032  32.882  -35.817 0.1428571492
115427  26.502  32.259  -40.339 0.1428571492
151129  31.325  20.613  -35.354 0.1428571492
151130  31.105  20.896  -35.703 0.1428571492
151134  31.853  21.790  -34.924 0.1428571492
