#!ascii label  , from subject 3264 vox2ras=TkReg
791
102373  -33.436  -37.958  81.769 0.0000000000
34921  -19.278  -38.183  80.843 0.0000000000
32024  -27.800  -42.375  81.276 0.0000000000
49943  -43.255  -16.733  70.222 0.0000000000
103388  -46.357  -13.299  62.871 0.0000000000
36947  -11.133  -36.953  84.179 0.0000000000
102874  -38.940  -22.087  70.487 0.0000000000
38785  -33.764  -32.953  81.880 0.0000000000
32028  -31.063  -41.949  81.882 0.0000000000
35583  -14.723  -37.218  81.056 0.0000000000
34829  -14.251  -38.188  86.131 0.0000000000
34217  -31.829  -37.812  80.154 0.0000000000
38224  -32.403  -32.950  80.561 0.0000000000
102224  -24.106  -40.619  79.451 0.0000000000
33434  -29.753  -39.832  79.719 0.0000000000
39480  -35.954  -30.724  68.461 0.0000000000
102729  -40.140  -28.114  67.912 0.0000000000
48571  -40.460  -20.528  68.111 0.0000000000
34098  -9.650  -39.392  85.239 0.0000000000
31244  -4.118  -43.960  83.990 0.0000000000
102404  -30.589  -32.389  76.280 0.0000000000
40854  -29.500  -29.280  72.613 0.0000000000
40220  -32.841  -30.664  69.329 0.0000000000
34075  -10.637  -38.905  87.232 0.0000000000
34167  -19.270  -39.077  83.200 0.0000000000
34183  -21.479  -39.587  82.232 0.0000000000
33406  -32.612  -40.460  82.088 0.0000000000
36346  -17.813  -36.625  77.967 0.0000000000
35603  -17.111  -37.277  80.431 0.0000000000
34893  -16.754  -37.947  83.040 0.0000000000
102381  -32.443  -36.819  82.762 0.0000000000
34216  -31.189  -38.793  80.202 0.0000000000
40967  -35.713  -28.890  66.865 0.0000000000
40250  -37.929  -30.259  67.950 0.0000000000
102758  -37.726  -27.184  66.434 0.0000000000
47817  -38.742  -20.461  68.292 0.0000000000
48551  -41.360  -18.885  68.022 0.0000000000
102887  -42.341  -19.572  67.598 0.0000000000
49958  -43.490  -17.678  67.583 0.0000000000
49966  -44.298  -17.135  66.679 0.0000000000
39398  -30.585  -31.273  79.461 0.0000000000
102399  -31.426  -32.198  78.360 0.0000000000
39423  -29.021  -31.192  77.398 0.0000000000
40135  -26.935  -30.742  73.041 0.0000000000
40872  -27.932  -29.506  71.045 0.0000000000
40897  -30.895  -29.496  70.633 0.0000000000
40943  -29.383  -29.446  67.921 0.0000000000
40308  -31.817  -30.115  65.451 0.0000000000
32031  -25.883  -41.911  80.480 0.0000000000
35500  -9.811  -37.885  85.832 0.0000000000
35513  -10.634  -38.584  85.192 0.0000000000
29668  -3.385  -45.514  87.024 0.0000000000
28926  -1.493  -46.377  87.161 0.0000000000
102755  -39.764  -25.521  69.440 0.0000000000
39401  -33.997  -31.469  80.366 0.0000000000
32026  -29.703  -41.928  81.457 0.0000000000
36284  -11.756  -38.276  82.331 0.0000000000
34848  -12.391  -38.136  84.917 0.0000000000
35544  -14.956  -37.806  84.062 0.0000000000
103399  -46.737  -12.092  61.444 0.0000000000
102366  -32.985  -37.411  79.708 0.0000000000
102368  -32.880  -36.479  81.084 0.0000000000
102401  -32.754  -34.339  81.860 0.0000000000
35628  -20.493  -37.975  78.440 0.0000000000
34211  -21.858  -39.234  79.956 0.0000000000
33462  -23.678  -39.825  77.657 0.0000000000
32786  -25.098  -40.828  78.011 0.0000000000
32772  -27.309  -41.394  78.638 0.0000000000
33433  -28.321  -40.340  79.594 0.0000000000
32760  -28.494  -41.273  79.896 0.0000000000
32761  -29.930  -40.735  80.141 0.0000000000
33436  -31.672  -39.761  79.874 0.0000000000
40170  -36.619  -30.521  71.244 0.0000000000
102845  -38.822  -23.269  69.257 0.0000000000
102838  -39.439  -23.020  68.160 0.0000000000
49974  -45.575  -16.310  64.699 0.0000000000
33395  -7.756  -40.439  81.455 0.0000000000
31208  -5.503  -43.741  85.708 0.0000000000
102397  -33.109  -34.538  81.596 0.0000000000
38799  -32.294  -32.413  78.976 0.0000000000
40092  -32.014  -30.582  76.789 0.0000000000
39427  -27.560  -31.002  75.573 0.0000000000
40824  -29.331  -30.794  74.542 0.0000000000
40814  -32.600  -29.358  75.375 0.0000000000
40829  -33.838  -29.345  74.272 0.0000000000
40859  -34.561  -29.795  72.348 0.0000000000
40169  -35.572  -30.462  71.291 0.0000000000
40221  -33.946  -30.883  69.108 0.0000000000
40271  -34.269  -29.797  67.267 0.0000000000
32734  -23.314  -40.809  82.537 0.0000000000
34803  -9.007  -38.528  86.163 0.0000000000
34074  -10.122  -39.170  86.568 0.0000000000
34807  -12.539  -38.299  86.775 0.0000000000
28241  -0.213  -46.927  86.993 0.0000000000
34910  -19.529  -38.537  81.775 0.0000000000
34168  -20.421  -39.383  82.866 0.0000000000
34911  -20.363  -38.899  81.790 0.0000000000
34176  -33.180  -39.340  81.084 0.0000000000
35618  -19.415  -37.690  79.670 0.0000000000
35616  -16.762  -36.846  79.392 0.0000000000
35604  -18.445  -37.686  80.624 0.0000000000
34909  -18.384  -38.100  81.786 0.0000000000
41762  -36.295  -28.316  67.096 0.0000000000
40968  -36.764  -28.348  66.492 0.0000000000
102771  -37.851  -26.707  66.955 0.0000000000
49235  -41.927  -17.804  70.677 0.0000000000
49241  -41.302  -18.468  70.101 0.0000000000
49242  -42.038  -18.266  69.187 0.0000000000
49243  -42.762  -17.870  68.568 0.0000000000
49950  -43.529  -17.009  68.991 0.0000000000
49959  -44.177  -16.702  68.223 0.0000000000
39405  -29.525  -30.884  78.635 0.0000000000
40871  -26.460  -29.385  70.996 0.0000000000
40918  -28.597  -29.203  68.945 0.0000000000
40941  -28.007  -28.370  68.274 0.0000000000
40962  -29.211  -28.515  66.778 0.0000000000
32032  -26.494  -42.044  80.500 0.0000000000
32022  -25.651  -42.121  81.193 0.0000000000
32010  -27.274  -42.898  82.190 0.0000000000
35501  -10.143  -38.110  85.465 0.0000000000
36249  -10.434  -37.602  84.997 0.0000000000
103373  -46.856  -13.777  63.823 0.0000000000
29667  -2.696  -45.838  87.066 0.0000000000
38777  -33.772  -33.803  82.784 0.0000000000
39390  -33.744  -32.582  81.434 0.0000000000
32027  -30.562  -41.912  81.671 0.0000000000
32014  -30.730  -42.377  82.223 0.0000000000
35601  -14.252  -37.247  79.919 0.0000000000
35599  -11.673  -38.219  79.507 0.0000000000
36295  -11.078  -37.440  81.169 0.0000000000
35567  -12.454  -38.032  81.589 0.0000000000
35555  -12.757  -37.823  82.552 0.0000000000
35556  -14.005  -37.524  82.942 0.0000000000
34149  -17.937  -38.975  84.263 0.0000000000
34870  -16.697  -38.491  84.590 0.0000000000
102374  -32.025  -37.561  79.676 0.0000000000
102375  -32.331  -37.194  80.045 0.0000000000
102380  -32.851  -35.959  81.870 0.0000000000
36357  -20.818  -37.770  76.800 0.0000000000
102240  -21.547  -38.442  77.366 0.0000000000
33472  -22.545  -38.501  76.371 0.0000000000
33463  -25.208  -39.561  76.356 0.0000000000
32788  -26.863  -40.275  76.785 0.0000000000
32779  -26.189  -41.263  78.071 0.0000000000
32780  -27.114  -40.919  77.544 0.0000000000
33419  -29.278  -40.009  80.783 0.0000000000
33447  -30.955  -39.146  79.753 0.0000000000
33448  -31.328  -38.939  79.207 0.0000000000
34204  -32.295  -39.035  79.176 0.0000000000
40223  -36.308  -30.899  69.313 0.0000000000
40196  -36.938  -30.712  70.231 0.0000000000
40224  -37.226  -30.826  69.343 0.0000000000
102713  -38.873  -29.685  68.151 0.0000000000
40226  -39.052  -30.141  68.842 0.0000000000
102859  -39.418  -23.049  70.331 0.0000000000
102846  -39.451  -23.767  69.890 0.0000000000
102861  -38.935  -22.953  69.891 0.0000000000
48561  -39.788  -19.800  68.187 0.0000000000
102855  -39.886  -21.289  68.130 0.0000000000
102842  -40.164  -22.073  68.609 0.0000000000
49973  -44.968  -16.399  65.400 0.0000000000
50586  -45.314  -15.480  65.536 0.0000000000
50591  -45.466  -15.141  64.929 0.0000000000
34097  -8.881  -39.159  84.799 0.0000000000
34096  -7.908  -39.560  85.168 0.0000000000
34116  -8.746  -39.564  84.656 0.0000000000
31939  -6.698  -42.314  86.434 0.0000000000
31166  -4.505  -43.789  87.780 0.0000000000
102410  -32.938  -34.111  81.398 0.0000000000
102415  -30.987  -32.268  77.819 0.0000000000
102414  -31.562  -32.216  77.699 0.0000000000
39415  -32.139  -31.327  77.378 0.0000000000
40108  -31.054  -31.325  76.114 0.0000000000
40106  -26.666  -30.433  75.697 0.0000000000
40837  -28.188  -30.131  73.111 0.0000000000
40136  -27.914  -30.676  73.430 0.0000000000
40839  -30.181  -29.429  73.801 0.0000000000
40826  -30.959  -29.506  74.799 0.0000000000
40827  -31.973  -29.075  74.611 0.0000000000
40828  -32.963  -29.105  74.423 0.0000000000
40840  -31.304  -29.013  73.687 0.0000000000
40191  -32.091  -30.116  70.310 0.0000000000
40876  -32.225  -29.364  71.605 0.0000000000
40167  -33.496  -30.167  71.105 0.0000000000
40152  -34.801  -30.070  72.059 0.0000000000
40193  -33.695  -30.609  70.312 0.0000000000
40194  -34.790  -30.749  70.227 0.0000000000
41776  -31.969  -29.169  65.475 0.0000000000
40986  -32.564  -29.666  65.526 0.0000000000
40945  -33.526  -29.080  67.033 0.0000000000
102226  -23.293  -40.043  79.719 0.0000000000
33429  -22.950  -40.303  81.211 0.0000000000
32743  -23.597  -40.905  81.764 0.0000000000
34805  -10.342  -38.765  85.895 0.0000000000
34804  -9.780  -38.507  85.436 0.0000000000
34849  -13.769  -37.889  85.291 0.0000000000
34827  -11.747  -38.313  85.641 0.0000000000
34808  -13.688  -38.290  86.885 0.0000000000
34150  -18.525  -39.099  83.890 0.0000000000
34151  -19.489  -39.498  83.893 0.0000000000
34153  -21.284  -39.947  83.696 0.0000000000
33398  -21.684  -40.100  83.565 0.0000000000
32750  -32.163  -40.913  81.608 0.0000000000
32016  -31.752  -41.949  82.671 0.0000000000
36345  -16.433  -36.488  77.990 0.0000000000
35615  -15.934  -36.754  79.396 0.0000000000
35584  -16.144  -37.312  81.324 0.0000000000
35570  -16.535  -37.659  82.497 0.0000000000
35571  -17.323  -37.810  82.239 0.0000000000
34884  -18.424  -38.807  83.459 0.0000000000
34924  -31.869  -37.624  81.864 0.0000000000
34187  -30.276  -39.503  80.896 0.0000000000
34202  -30.705  -39.259  80.238 0.0000000000
40248  -36.001  -30.116  67.496 0.0000000000
39495  -37.130  -30.607  68.157 0.0000000000
40273  -36.311  -29.388  66.904 0.0000000000
40275  -38.370  -29.164  67.226 0.0000000000
102731  -38.937  -27.839  66.801 0.0000000000
102872  -38.519  -21.340  69.570 0.0000000000
48549  -39.349  -19.506  69.825 0.0000000000
48550  -40.690  -19.003  69.028 0.0000000000
48562  -40.909  -19.607  68.075 0.0000000000
48572  -41.683  -20.006  67.997 0.0000000000
48563  -41.489  -19.281  67.636 0.0000000000
49251  -42.304  -18.682  67.374 0.0000000000
49965  -43.289  -18.165  66.471 0.0000000000
33323  -9.238  -39.763  86.402 0.0000000000
33322  -8.661  -40.348  86.237 0.0000000000
33310  -8.074  -40.597  87.687 0.0000000000
39389  -31.422  -31.797  80.255 0.0000000000
38793  -31.839  -32.405  79.634 0.0000000000
38792  -31.036  -31.739  79.071 0.0000000000
38798  -30.435  -31.626  78.280 0.0000000000
102405  -29.549  -32.078  76.598 0.0000000000
40120  -25.993  -30.403  74.108 0.0000000000
40148  -25.837  -30.319  72.431 0.0000000000
40852  -27.567  -29.765  71.760 0.0000000000
40873  -29.049  -29.224  71.348 0.0000000000
40874  -30.211  -29.133  71.528 0.0000000000
40896  -29.888  -29.365  70.375 0.0000000000
40920  -30.794  -29.808  69.507 0.0000000000
40243  -31.169  -30.288  68.731 0.0000000000
40244  -32.011  -30.518  68.322 0.0000000000
40964  -30.103  -29.944  66.951 0.0000000000
32756  -24.583  -41.461  80.639 0.0000000000
32744  -24.425  -41.514  81.448 0.0000000000
32021  -24.999  -41.883  81.415 0.0000000000
34806  -11.234  -38.526  86.685 0.0000000000
29714  -4.045  -45.130  84.721 0.0000000000
31226  -3.520  -43.984  85.149 0.0000000000
28955  -2.867  -46.056  85.653 0.0000000000
28954  -2.258  -46.255  85.749 0.0000000000
28953  -1.650  -46.348  85.925 0.0000000000
40044  -33.793  -31.341  79.775 0.0000000000
32025  -28.731  -41.947  81.084 0.0000000000
32011  -28.307  -42.760  82.018 0.0000000000
36968  -11.207  -37.157  82.665 0.0000000000
36272  -10.772  -37.672  83.277 0.0000000000
36262  -10.664  -38.336  84.175 0.0000000000
35541  -11.875  -38.352  84.063 0.0000000000
34867  -13.365  -37.761  84.460 0.0000000000
34850  -14.915  -38.051  85.356 0.0000000000
34881  -16.030  -37.870  83.689 0.0000000000
34869  -15.659  -37.991  84.362 0.0000000000
34830  -15.223  -38.433  86.134 0.0000000000
103472  -46.511  -12.626  62.837 0.0000000000
102365  -33.550  -38.099  80.333 0.0000000000
102367  -33.179  -36.815  81.262 0.0000000000
102371  -32.601  -36.905  80.655 0.0000000000
102393  -32.854  -35.963  80.713 0.0000000000
102409  -32.754  -33.761  81.403 0.0000000000
102396  -32.630  -34.387  82.145 0.0000000000
38776  -32.378  -33.011  81.652 0.0000000000
38783  -32.071  -32.620  80.931 0.0000000000
39388  -30.829  -31.090  80.622 0.0000000000
35619  -20.213  -38.056  79.348 0.0000000000
34931  -21.081  -38.749  79.882 0.0000000000
34937  -20.736  -38.400  79.265 0.0000000000
102230  -21.829  -38.783  78.776 0.0000000000
33473  -23.879  -38.471  76.153 0.0000000000
33454  -24.463  -40.703  78.896 0.0000000000
32770  -25.395  -41.500  79.464 0.0000000000
32758  -26.074  -41.781  79.896 0.0000000000
32033  -27.489  -42.006  80.522 0.0000000000
33446  -28.003  -39.768  77.932 0.0000000000
32773  -28.057  -40.742  78.322 0.0000000000
32034  -28.143  -41.905  80.672 0.0000000000
32746  -28.847  -41.515  80.553 0.0000000000
32748  -30.332  -41.354  80.903 0.0000000000
33435  -30.740  -39.885  79.603 0.0000000000
32763  -31.465  -40.558  80.516 0.0000000000
33421  -32.386  -40.209  80.786 0.0000000000
34189  -32.933  -39.290  80.259 0.0000000000
36347  -18.981  -36.926  77.636 0.0000000000
40225  -38.081  -30.679  69.025 0.0000000000
102783  -38.479  -25.855  67.200 0.0000000000
102743  -39.135  -26.087  66.902 0.0000000000
102779  -39.434  -24.563  68.657 0.0000000000
102869  -38.632  -22.914  68.569 0.0000000000
102835  -39.469  -23.830  67.973 0.0000000000
102788  -39.989  -24.316  67.809 0.0000000000
49983  -46.194  -15.286  64.082 0.0000000000
49988  -45.656  -14.945  64.316 0.0000000000
50592  -45.814  -14.398  64.509 0.0000000000
33352  -6.414  -40.665  84.942 0.0000000000
31995  -5.582  -42.740  82.340 0.0000000000
31956  -8.006  -41.434  84.586 0.0000000000
31246  -6.449  -43.250  83.301 0.0000000000
30497  -5.075  -44.185  83.502 0.0000000000
30455  -4.563  -44.824  85.922 0.0000000000
102391  -32.929  -35.786  81.148 0.0000000000
39400  -33.181  -33.431  80.873 0.0000000000
39408  -32.756  -31.832  78.781 0.0000000000
40058  -33.466  -31.261  79.028 0.0000000000
40075  -33.026  -30.667  77.888 0.0000000000
39428  -28.503  -31.446  76.010 0.0000000000
38817  -28.965  -31.919  75.850 0.0000000000
39440  -27.316  -31.028  73.766 0.0000000000
39442  -28.851  -31.720  74.735 0.0000000000
40123  -30.173  -31.661  75.255 0.0000000000
40812  -30.957  -30.366  75.732 0.0000000000
40802  -32.289  -29.818  76.197 0.0000000000
40856  -31.784  -28.997  72.573 0.0000000000
40843  -34.177  -29.456  73.315 0.0000000000
40195  -35.892  -30.770  70.208 0.0000000000
40222  -35.181  -30.916  68.978 0.0000000000
40245  -33.063  -30.544  68.043 0.0000000000
40246  -34.163  -30.490  67.956 0.0000000000
40247  -35.261  -30.383  67.830 0.0000000000
40272  -35.356  -29.567  67.259 0.0000000000
41761  -35.293  -28.821  67.252 0.0000000000
34199  -21.764  -39.422  81.083 0.0000000000
33428  -22.225  -39.994  81.930 0.0000000000
32735  -24.022  -41.426  82.604 0.0000000000
34826  -9.429  -38.839  84.896 0.0000000000
34073  -9.989  -39.137  85.687 0.0000000000
33324  -9.672  -39.473  86.774 0.0000000000
35527  -11.101  -38.590  84.861 0.0000000000
29653  -1.010  -45.887  88.539 0.0000000000
28925  -0.659  -46.619  87.371 0.0000000000
28938  -0.776  -46.485  86.523 0.0000000000
102378  -33.399  -37.732  81.658 0.0000000000
34922  -20.547  -38.780  80.897 0.0000000000
34902  -33.432  -38.229  81.395 0.0000000000
35605  -19.181  -37.861  80.362 0.0000000000
34920  -18.605  -37.936  81.147 0.0000000000
102790  -36.908  -28.138  67.720 0.0000000000
102781  -37.069  -27.649  67.160 0.0000000000
49942  -42.639  -17.308  70.369 0.0000000000
49949  -42.882  -17.453  69.485 0.0000000000
40917  -27.713  -28.715  68.980 0.0000000000
32023  -26.771  -42.442  81.346 0.0000000000
35600  -12.887  -37.726  79.808 0.0000000000
35582  -13.309  -37.582  80.808 0.0000000000
35581  -12.056  -38.187  80.565 0.0000000000
35568  -13.719  -37.458  81.881 0.0000000000
34227  -31.961  -37.702  79.397 0.0000000000
102236  -21.405  -38.090  76.459 0.0000000000
34225  -27.491  -39.619  76.654 0.0000000000
33464  -27.098  -39.826  76.480 0.0000000000
32789  -27.584  -40.070  76.632 0.0000000000
32781  -27.714  -40.305  77.215 0.0000000000
39481  -36.724  -30.807  68.664 0.0000000000
102733  -39.583  -29.044  68.099 0.0000000000
102707  -39.611  -29.747  68.870 0.0000000000
102720  -40.381  -28.356  68.314 0.0000000000
47834  -39.505  -20.749  67.726 0.0000000000
33337  -8.959  -40.204  85.115 0.0000000000
102413  -32.607  -33.304  80.862 0.0000000000
102406  -31.172  -32.090  76.373 0.0000000000
102407  -30.903  -32.330  76.045 0.0000000000
40838  -28.965  -30.131  73.726 0.0000000000
40219  -31.761  -30.230  69.662 0.0000000000
40192  -32.693  -30.190  70.562 0.0000000000
32755  -23.856  -40.956  80.732 0.0000000000
34828  -13.062  -38.021  86.000 0.0000000000
31969  -4.489  -42.804  84.482 0.0000000000
31968  -3.847  -43.443  84.958 0.0000000000
102395  -33.590  -34.674  83.308 0.0000000000
34166  -18.734  -38.887  83.346 0.0000000000
34897  -20.376  -39.096  82.252 0.0000000000
34169  -21.471  -39.821  83.096 0.0000000000
36354  -17.220  -36.158  77.298 0.0000000000
35602  -15.676  -36.886  80.086 0.0000000000
35585  -17.515  -37.645  81.559 0.0000000000
34895  -18.668  -38.643  82.811 0.0000000000
36290  -32.558  -35.731  82.824 0.0000000000
40274  -37.402  -29.244  66.847 0.0000000000
40969  -38.204  -27.749  66.519 0.0000000000
102735  -38.671  -28.572  67.026 0.0000000000
102732  -38.677  -27.033  66.577 0.0000000000
48541  -40.106  -18.942  71.371 0.0000000000
48542  -40.509  -18.775  70.447 0.0000000000
49252  -43.059  -17.869  68.091 0.0000000000
49259  -43.773  -17.897  65.907 0.0000000000
39399  -31.341  -31.815  79.754 0.0000000000
39413  -29.294  -31.039  77.988 0.0000000000
39414  -29.874  -31.170  78.373 0.0000000000
38804  -29.417  -31.642  77.149 0.0000000000
102402  -30.090  -32.179  76.976 0.0000000000
40190  -27.264  -29.499  70.598 0.0000000000
40165  -27.150  -29.780  71.328 0.0000000000
40895  -28.789  -29.337  70.116 0.0000000000
40919  -29.601  -29.554  69.176 0.0000000000
40944  -30.294  -30.019  68.258 0.0000000000
40268  -31.070  -30.412  67.328 0.0000000000
40983  -29.809  -28.662  65.709 0.0000000000
32757  -25.300  -41.660  80.347 0.0000000000
32745  -24.993  -41.746  81.002 0.0000000000
32009  -25.943  -42.805  82.542 0.0000000000
29686  -4.025  -45.391  85.987 0.0000000000
29701  -3.451  -45.460  85.375 0.0000000000
28956  -3.196  -45.911  85.710 0.0000000000
28927  -2.175  -46.265  86.791 0.0000000000
28940  -2.596  -46.247  86.219 0.0000000000
28939  -1.856  -46.424  86.311 0.0000000000
32012  -29.248  -42.645  81.951 0.0000000000
36296  -11.376  -38.198  81.388 0.0000000000
36283  -10.915  -37.771  82.352 0.0000000000
36282  -11.012  -37.384  82.866 0.0000000000
36273  -11.355  -38.388  83.268 0.0000000000
36274  -12.098  -38.161  82.927 0.0000000000
35543  -14.186  -37.668  83.863 0.0000000000
35542  -12.741  -37.866  83.565 0.0000000000
34868  -14.507  -37.804  84.596 0.0000000000
35558  -16.299  -37.833  83.270 0.0000000000
34851  -15.899  -38.386  85.387 0.0000000000
102377  -32.571  -36.847  80.378 0.0000000000
36291  -32.630  -35.425  82.406 0.0000000000
36987  -32.645  -34.848  82.286 0.0000000000
38775  -31.969  -32.333  81.901 0.0000000000
38784  -32.381  -32.976  81.270 0.0000000000
32787  -25.707  -40.657  77.172 0.0000000000
32777  -24.908  -41.228  79.172 0.0000000000
32778  -25.378  -41.295  78.711 0.0000000000
32771  -26.266  -41.573  79.028 0.0000000000
32759  -27.062  -41.710  79.698 0.0000000000
33418  -28.252  -40.410  80.981 0.0000000000
32762  -30.932  -40.624  80.331 0.0000000000
33420  -31.767  -40.482  80.610 0.0000000000
34205  -33.092  -38.666  79.468 0.0000000000
34190  -33.330  -38.832  80.289 0.0000000000
35632  -19.763  -37.348  77.765 0.0000000000
35627  -18.894  -37.221  78.535 0.0000000000
40197  -37.972  -30.668  70.123 0.0000000000
40172  -38.810  -30.495  71.051 0.0000000000
39496  -37.510  -30.572  68.345 0.0000000000
39482  -37.379  -30.727  68.688 0.0000000000
39483  -37.702  -30.591  68.517 0.0000000000
102801  -39.152  -26.420  68.733 0.0000000000
102780  -39.242  -23.679  69.621 0.0000000000
102768  -39.361  -25.604  67.994 0.0000000000
102754  -39.323  -27.106  66.969 0.0000000000
102870  -39.209  -22.029  67.996 0.0000000000
102834  -39.164  -22.899  68.048 0.0000000000
102839  -39.878  -23.595  68.103 0.0000000000
102841  -40.498  -22.585  68.747 0.0000000000
49266  -44.501  -17.859  65.823 0.0000000000
49987  -45.680  -14.787  64.499 0.0000000000
33368  -8.349  -39.826  83.306 0.0000000000
33353  -7.441  -40.122  84.449 0.0000000000
32707  -6.802  -40.581  83.081 0.0000000000
32706  -6.137  -41.260  82.863 0.0000000000
32731  -6.846  -41.478  81.190 0.0000000000
32662  -8.129  -40.966  86.107 0.0000000000
32680  -8.238  -41.138  85.068 0.0000000000
32679  -7.669  -41.653  85.396 0.0000000000
31954  -6.298  -42.932  85.861 0.0000000000
31209  -6.261  -43.239  85.137 0.0000000000
31228  -5.712  -43.808  84.606 0.0000000000
30498  -5.392  -44.023  83.487 0.0000000000
30472  -5.156  -44.408  84.832 0.0000000000
30471  -4.625  -44.814  85.048 0.0000000000
31207  -4.956  -44.236  86.135 0.0000000000
31165  -3.941  -44.325  88.043 0.0000000000
39416  -32.519  -31.306  77.885 0.0000000000
40074  -32.480  -30.786  77.387 0.0000000000
39421  -27.898  -30.856  76.384 0.0000000000
39434  -28.601  -31.779  75.203 0.0000000000
40134  -26.247  -30.661  73.188 0.0000000000
39432  -26.709  -30.913  73.952 0.0000000000
40137  -28.900  -31.212  74.420 0.0000000000
102411  -29.634  -32.128  75.067 0.0000000000
40122  -29.596  -31.325  74.883 0.0000000000
40107  -30.521  -31.106  75.598 0.0000000000
40811  -30.490  -30.639  75.449 0.0000000000
40813  -31.703  -29.600  75.536 0.0000000000
40093  -32.761  -30.179  76.897 0.0000000000
40803  -33.124  -29.599  76.116 0.0000000000
40875  -31.283  -29.223  71.595 0.0000000000
40858  -33.678  -29.473  72.437 0.0000000000
40168  -34.503  -30.251  71.481 0.0000000000
40153  -35.313  -30.078  72.353 0.0000000000
40154  -36.320  -30.325  72.299 0.0000000000
40269  -32.169  -30.406  66.982 0.0000000000
40291  -32.238  -30.163  65.838 0.0000000000
40965  -33.078  -29.373  66.588 0.0000000000
40270  -33.127  -30.086  66.786 0.0000000000
40966  -34.506  -29.209  67.244 0.0000000000
34923  -21.301  -39.086  80.432 0.0000000000
33414  -22.855  -40.486  82.112 0.0000000000
33400  -22.749  -40.509  82.832 0.0000000000
34825  -8.899  -38.722  85.550 0.0000000000
35499  -9.421  -37.876  86.471 0.0000000000
35528  -11.365  -38.503  84.468 0.0000000000
34847  -11.585  -38.426  84.972 0.0000000000
103398  -46.800  -12.759  62.409 0.0000000000
28228  0.044  -46.965  87.604 0.0000000000
28914  -0.492  -46.457  88.358 0.0000000000
34896  -19.795  -38.892  82.461 0.0000000000
34182  -20.887  -39.251  81.924 0.0000000000
35626  -17.696  -36.868  78.812 0.0000000000
35617  -18.050  -37.291  79.568 0.0000000000
35586  -18.254  -37.824  81.292 0.0000000000
41777  -36.760  -27.841  66.630 0.0000000000
40987  -37.326  -27.485  66.528 0.0000000000
49951  -44.069  -16.420  68.989 0.0000000000
39397  -29.894  -30.922  78.984 0.0000000000
40042  -29.201  -30.537  79.235 0.0000000000
40057  -28.699  -30.492  78.601 0.0000000000
40894  -27.813  -29.312  69.898 0.0000000000
40942  -28.578  -28.681  67.812 0.0000000000
40963  -29.417  -29.199  66.653 0.0000000000
29656  -3.006  -45.307  87.651 0.0000000000
29684  -3.051  -45.928  86.440 0.0000000000
29655  -2.428  -45.381  88.015 0.0000000000
29666  -2.099  -45.974  87.411 0.0000000000
29654  -1.621  -45.757  88.106 0.0000000000
32013  -30.059  -42.511  82.062 0.0000000000
31290  -30.285  -42.731  82.599 0.0000000000
32000  -30.819  -42.645  82.891 0.0000000000
36331  -14.559  -36.995  78.977 0.0000000000
35613  -12.765  -37.637  78.918 0.0000000000
35612  -11.765  -37.866  78.795 0.0000000000
36321  -10.746  -38.157  79.425 0.0000000000
36312  -11.065  -38.096  80.320 0.0000000000
34883  -17.734  -38.652  83.774 0.0000000000
34882  -16.662  -38.161  83.633 0.0000000000
34871  -17.429  -38.968  84.780 0.0000000000
102369  -32.261  -37.450  79.450 0.0000000000
102370  -32.531  -36.976  79.885 0.0000000000
35633  -20.513  -37.705  77.399 0.0000000000
102239  -21.283  -38.436  78.119 0.0000000000
33449  -31.820  -39.050  78.921 0.0000000000
34218  -32.124  -38.080  78.761 0.0000000000
40171  -37.680  -30.535  71.198 0.0000000000
102769  -39.948  -24.242  70.044 0.0000000000
102837  -39.593  -22.835  68.227 0.0000000000
47866  -40.689  -21.492  68.899 0.0000000000
49981  -45.265  -15.642  65.011 0.0000000000
34115  -8.319  -39.595  84.521 0.0000000000
33369  -9.392  -40.032  83.279 0.0000000000
31185  -5.090  -43.737  86.760 0.0000000000
39407  -32.226  -31.895  77.981 0.0000000000
102416  -31.938  -31.822  77.415 0.0000000000
39424  -31.643  -31.484  76.833 0.0000000000
40151  -27.837  -30.166  72.815 0.0000000000
40825  -30.048  -30.495  74.953 0.0000000000
40841  -32.375  -28.944  73.533 0.0000000000
40898  -31.853  -29.757  70.677 0.0000000000
40899  -32.469  -29.746  71.058 0.0000000000
40877  -33.079  -29.695  71.454 0.0000000000
40878  -33.963  -29.882  71.758 0.0000000000
40879  -34.353  -29.990  71.856 0.0000000000
41789  -32.215  -29.392  64.641 0.0000000000
34134  -18.643  -39.508  84.704 0.0000000000
34136  -20.273  -39.966  84.655 0.0000000000
34152  -20.573  -39.832  83.970 0.0000000000
32749  -31.466  -41.259  81.327 0.0000000000
32736  -31.685  -41.678  81.937 0.0000000000
36344  -15.167  -36.571  78.199 0.0000000000
36333  -16.911  -36.625  78.578 0.0000000000
36332  -15.870  -36.700  78.800 0.0000000000
36322  -14.966  -36.917  79.569 0.0000000000
35569  -15.122  -37.400  82.207 0.0000000000
34894  -17.456  -38.162  82.717 0.0000000000
34908  -17.692  -37.903  82.094 0.0000000000
34203  -31.180  -38.738  81.043 0.0000000000
39493  -35.898  -30.470  67.950 0.0000000000
39494  -36.414  -30.542  68.012 0.0000000000
40249  -36.852  -30.112  67.456 0.0000000000
102723  -38.978  -29.058  67.621 0.0000000000
102741  -39.795  -27.871  67.489 0.0000000000
33338  -9.188  -39.737  85.481 0.0000000000
38223  -32.197  -32.779  80.464 0.0000000000
39406  -30.105  -31.159  78.716 0.0000000000
102403  -29.495  -32.284  76.000 0.0000000000
40133  -25.643  -30.250  73.212 0.0000000000
40149  -26.390  -30.469  72.354 0.0000000000
40870  -25.923  -29.755  71.738 0.0000000000
40164  -26.478  -30.015  71.570 0.0000000000
40150  -27.266  -30.238  72.287 0.0000000000
40853  -28.217  -29.698  72.375 0.0000000000
40855  -30.688  -29.011  72.645 0.0000000000
40218  -31.248  -30.125  69.293 0.0000000000
40290  -31.376  -30.237  65.948 0.0000000000
40984  -30.434  -29.669  65.627 0.0000000000
41002  -31.464  -29.506  64.787 0.0000000000
41775  -31.663  -28.453  65.423 0.0000000000
41758  -31.387  -28.557  66.785 0.0000000000
32769  -24.445  -41.124  79.761 0.0000000000
32008  -24.929  -42.068  82.049 0.0000000000
34809  -14.745  -38.532  86.944 0.0000000000
30483  -3.804  -44.756  84.642 0.0000000000
31243  -3.659  -44.308  84.643 0.0000000000
30470  -3.097  -44.885  85.248 0.0000000000
29700  -2.625  -45.751  85.468 0.0000000000
28941  -3.064  -46.101  85.961 0.0000000000
29699  -1.864  -46.019  85.542 0.0000000000
102858  -40.363  -22.669  71.186 0.0000000000
48548  -40.293  -20.469  72.145 0.0000000000
40059  -34.426  -30.557  78.726 0.0000000000
32015  -31.430  -42.040  82.289 0.0000000000
36958  -11.298  -36.975  83.143 0.0000000000
36263  -11.181  -38.597  83.954 0.0000000000
34866  -12.579  -37.998  84.274 0.0000000000
35557  -15.379  -37.682  83.384 0.0000000000
102398  -32.554  -33.901  82.231 0.0000000000
102400  -32.533  -33.310  81.290 0.0000000000
38219  -32.359  -32.922  80.800 0.0000000000
34929  -19.509  -37.992  80.232 0.0000000000
34930  -20.124  -38.254  80.021 0.0000000000
32747  -29.337  -41.444  80.666 0.0000000000
33437  -32.479  -39.375  79.875 0.0000000000
34177  -33.457  -38.655  80.726 0.0000000000
36355  -18.563  -36.533  77.127 0.0000000000
40198  -39.109  -30.365  69.848 0.0000000000
102802  -38.195  -26.182  66.653 0.0000000000
102744  -38.898  -25.670  66.896 0.0000000000
102742  -38.521  -26.434  66.653 0.0000000000
102753  -39.940  -27.473  67.494 0.0000000000
102873  -38.310  -21.882  69.923 0.0000000000
102856  -38.481  -22.387  69.608 0.0000000000
102752  -40.444  -27.239  68.045 0.0000000000
102764  -40.836  -25.408  68.273 0.0000000000
102854  -40.174  -23.070  68.436 0.0000000000
49982  -45.518  -15.386  64.612 0.0000000000
103390  -45.875  -14.166  63.923 0.0000000000
51202  -46.279  -13.791  65.070 0.0000000000
32694  -6.063  -41.241  84.177 0.0000000000
31970  -5.333  -42.151  84.104 0.0000000000
31981  -4.725  -43.200  83.200 0.0000000000
32697  -9.123  -40.386  83.660 0.0000000000
32721  -8.501  -41.109  82.603 0.0000000000
31955  -7.263  -42.230  85.096 0.0000000000
31971  -7.136  -42.498  83.796 0.0000000000
31996  -7.235  -42.659  81.992 0.0000000000
31278  -6.041  -43.061  82.031 0.0000000000
31994  -5.105  -43.418  82.865 0.0000000000
31261  -4.769  -43.914  83.320 0.0000000000
30484  -4.541  -44.515  84.275 0.0000000000
29702  -4.192  -45.228  85.229 0.0000000000
29669  -3.826  -45.373  86.642 0.0000000000
31184  -4.692  -44.315  86.712 0.0000000000
30421  -4.035  -44.588  87.584 0.0000000000
30436  -3.842  -45.070  87.225 0.0000000000
39412  -28.663  -30.862  77.615 0.0000000000
40090  -27.641  -30.549  77.038 0.0000000000
40072  -27.835  -30.406  77.745 0.0000000000
39422  -28.606  -31.153  76.926 0.0000000000
38813  -29.117  -31.795  76.434 0.0000000000
40121  -26.745  -30.691  74.821 0.0000000000
39433  -27.510  -31.231  74.557 0.0000000000
39441  -28.184  -31.396  74.310 0.0000000000
102412  -30.363  -32.224  75.474 0.0000000000
102408  -30.758  -32.004  75.772 0.0000000000
40091  -31.417  -30.692  76.306 0.0000000000
40801  -31.596  -30.166  76.152 0.0000000000
40076  -34.101  -30.263  77.754 0.0000000000
40815  -33.485  -29.363  75.216 0.0000000000
40842  -33.331  -29.184  73.408 0.0000000000
40857  -32.774  -29.183  72.476 0.0000000000
34198  -20.872  -39.136  81.399 0.0000000000
34184  -21.919  -39.912  82.506 0.0000000000
34170  -21.984  -40.031  82.799 0.0000000000
32724  -23.163  -40.860  83.431 0.0000000000
34072  -8.456  -38.987  85.835 0.0000000000
33312  -9.770  -39.465  87.401 0.0000000000
34789  -12.255  -38.505  87.565 0.0000000000
34788  -11.761  -38.563  87.498 0.0000000000
34076  -11.153  -38.749  87.646 0.0000000000
28915  -1.036  -46.231  87.878 0.0000000000
29698  -1.284  -46.210  85.906 0.0000000000
28240  0.613  -47.320  86.759 0.0000000000
29685  -3.451  -45.750  86.119 0.0000000000
29715  -4.324  -44.986  84.758 0.0000000000
30420  -3.496  -44.789  87.894 0.0000000000
30437  -4.283  -44.848  86.866 0.0000000000
30456  -4.955  -44.447  85.521 0.0000000000
30485  -5.291  -44.266  84.010 0.0000000000
31227  -3.837  -43.716  84.554 0.0000000000
31229  -6.408  -43.168  84.281 0.0000000000
31245  -5.788  -43.765  83.734 0.0000000000
31262  -5.584  -43.580  82.918 0.0000000000
31263  -6.496  -43.067  82.427 0.0000000000
31279  -6.628  -42.739  81.793 0.0000000000
31972  -7.832  -41.618  84.038 0.0000000000
31982  -5.374  -42.155  83.241 0.0000000000
31983  -7.194  -42.674  82.831 0.0000000000
31984  -7.810  -41.849  83.181 0.0000000000
31997  -7.853  -42.056  82.393 0.0000000000
32005  -6.342  -42.413  81.598 0.0000000000
32006  -7.197  -42.302  81.237 0.0000000000
32007  -7.760  -42.180  81.699 0.0000000000
32019  -7.621  -42.022  81.117 0.0000000000
32020  -7.648  -42.147  81.329 0.0000000000
32661  -7.562  -41.682  85.957 0.0000000000
32695  -6.921  -40.437  83.767 0.0000000000
32696  -8.587  -40.755  84.026 0.0000000000
32708  -8.448  -41.121  83.414 0.0000000000
32709  -8.905  -40.536  83.417 0.0000000000
32719  -5.997  -41.698  82.072 0.0000000000
32720  -6.770  -40.777  82.039 0.0000000000
32722  -8.708  -40.734  83.092 0.0000000000
32730  -6.073  -42.077  81.616 0.0000000000
32732  -8.352  -41.526  82.170 0.0000000000
32733  -8.342  -41.719  81.964 0.0000000000
32740  -7.638  -41.713  80.940 0.0000000000
32741  -8.037  -41.898  81.360 0.0000000000
32742  -8.289  -41.710  81.436 0.0000000000
32753  -8.299  -41.863  81.304 0.0000000000
32754  -8.293  -41.687  81.082 0.0000000000
33354  -8.908  -39.952  84.242 0.0000000000
33355  -9.194  -40.259  83.856 0.0000000000
33367  -7.511  -40.206  83.396 0.0000000000
33380  -7.689  -40.218  82.528 0.0000000000
33381  -8.443  -40.459  82.551 0.0000000000
33382  -8.942  -40.493  82.946 0.0000000000
33396  -8.551  -40.920  81.481 0.0000000000
33397  -8.411  -41.486  81.494 0.0000000000
33399  -22.151  -40.210  83.126 0.0000000000
33410  -7.884  -41.013  80.684 0.0000000000
33411  -8.265  -41.505  81.016 0.0000000000
33412  -8.302  -41.589  81.239 0.0000000000
33413  -22.316  -40.212  82.529 0.0000000000
33426  -8.157  -41.755  81.151 0.0000000000
33427  -8.277  -41.847  80.990 0.0000000000
33456  -27.887  -39.694  76.442 0.0000000000
33465  -27.871  -39.911  76.416 0.0000000000
33466  -28.120  -39.932  76.395 0.0000000000
34226  -28.085  -39.701  76.332 0.0000000000
34235  -27.693  -39.736  76.459 0.0000000000
34236  -28.178  -39.854  76.192 0.0000000000
35598  -11.195  -38.164  79.044 0.0000000000
35614  -13.598  -37.395  79.244 0.0000000000
35623  -11.271  -37.615  78.891 0.0000000000
35625  -12.437  -37.408  78.484 0.0000000000
36311  -11.136  -37.230  79.775 0.0000000000
36323  -15.401  -36.811  79.341 0.0000000000
36330  -13.619  -37.255  78.812 0.0000000000
38809  -29.077  -31.568  76.803 0.0000000000
39439  -26.774  -30.833  73.472 0.0000000000
40073  -28.449  -30.561  78.100 0.0000000000
40163  -26.018  -30.283  71.917 0.0000000000
40166  -33.098  -30.028  71.019 0.0000000000
40189  -26.795  -29.586  70.877 0.0000000000
40289  -30.679  -30.190  66.380 0.0000000000
40307  -31.461  -30.077  65.262 0.0000000000
40800  -31.329  -30.375  76.071 0.0000000000
40921  -31.333  -29.812  70.113 0.0000000000
40985  -31.037  -29.943  65.375 0.0000000000
41003  -32.009  -29.839  64.984 0.0000000000
41014  -31.757  -29.529  64.530 0.0000000000
41015  -31.854  -29.685  64.629 0.0000000000
41788  -31.737  -28.723  64.371 0.0000000000
41798  -31.892  -29.386  64.405 0.0000000000
41799  -32.025  -29.572  64.619 0.0000000000
50597  -45.746  -14.676  64.311 0.0000000000
102714  -39.248  -29.697  68.484 0.0000000000
102715  -39.648  -29.466  68.571 0.0000000000
102724  -38.922  -29.462  67.976 0.0000000000
102725  -39.403  -29.436  68.344 0.0000000000
102730  -39.779  -28.462  67.828 0.0000000000
102734  -38.937  -28.571  67.205 0.0000000000
102736  -38.970  -29.404  67.984 0.0000000000
102740  -40.113  -27.690  67.698 0.0000000000
102745  -39.280  -28.308  67.290 0.0000000000
102746  -39.022  -28.376  67.122 0.0000000000
102747  -38.850  -28.244  66.917 0.0000000000
102787  -40.373  -24.834  67.926 0.0000000000
102789  -40.379  -24.603  67.989 0.0000000000
102791  -40.204  -24.321  67.892 0.0000000000
102792  -40.185  -24.100  67.967 0.0000000000
102794  -38.140  -26.370  66.463 0.0000000000
102803  -40.405  -24.283  68.095 0.0000000000
102804  -39.966  -23.988  67.866 0.0000000000
102840  -40.133  -23.524  68.249 0.0000000000
102852  -40.053  -23.839  68.017 0.0000000000
102853  -40.873  -22.966  68.936 0.0000000000
102860  -39.330  -23.501  69.973 0.0000000000
102883  -40.689  -22.707  68.855 0.0000000000
