#!ascii label  , from subject 3264 vox2ras=TkReg
2175
69085  -50.593  9.557  60.733 0.6999999881
69087  -50.912  9.521  59.882 0.6999999881
68367  -50.994  8.630  59.047 0.6999999881
70589  -50.254  11.068  60.531 0.6999999881
70597  -50.415  11.322  59.865 0.6999999881
70588  -49.816  11.465  60.982 0.6000000238
69815  -50.901  10.462  59.502 0.6999999881
69816  -51.125  10.431  58.755 0.6999999881
69810  -50.264  10.454  61.071 0.6000000238
69813  -50.586  10.398  60.284 0.6999999881
69088  -51.168  9.665  59.094 0.8000000119
69082  -50.305  9.606  61.439 0.5000000000
69090  -51.291  9.720  58.442 0.8000000119
67667  -47.561  7.232  52.286 0.8999999762
65336  -45.476  4.193  44.504 0.8000000119
70596  -50.050  11.637  60.337 0.6999999881
70599  -50.754  11.335  58.918 0.6999999881
70600  -51.065  10.968  58.374 0.6999999881
69820  -51.388  10.410  57.310 0.6999999881
68371  -51.390  8.994  58.223 0.6999999881
69818  -51.234  10.378  58.069 0.8000000119
68374  -51.575  8.647  57.225 0.6999999881
69092  -51.468  9.630  57.707 0.8000000119
69094  -51.727  9.639  56.864 0.8000000119
67637  -51.580  8.040  56.066 0.6999999881
67647  -51.450  7.934  54.769 0.8000000119
67646  -50.814  7.326  55.337 0.6999999881
67654  -50.352  7.175  54.102 0.8000000119
67662  -49.449  7.172  52.929 0.8999999762
67668  -48.537  7.457  52.113 0.8999999762
67673  -47.683  7.512  51.296 0.8999999762
66901  -46.251  6.412  51.036 0.8999999762
67672  -46.833  7.063  51.616 0.8999999762
66893  -45.639  5.708  51.439 0.8000000119
66900  -45.541  5.713  50.526 0.8000000119
66089  -44.240  4.391  50.541 0.8000000119
66098  -44.281  4.331  50.012 0.8000000119
66106  -44.082  4.125  49.582 0.8999999762
65315  -43.632  3.480  49.318 0.8000000119
65316  -43.525  3.233  48.680 0.8000000119
66122  -44.524  4.276  47.523 0.8000000119
66143  -46.106  5.170  44.878 0.8000000119
66144  -46.778  5.509  44.634 0.8000000119
71317  -50.130  12.338  59.371 0.6000000238
71313  -49.701  12.376  60.277 0.5000000000
70602  -50.892  11.487  58.253 0.6000000238
69822  -51.553  10.459  56.434 0.6999999881
69097  -51.972  9.712  55.962 0.8000000119
68383  -51.907  8.825  54.167 0.8999999762
67655  -51.237  7.981  53.651 1.0000000000
67663  -50.591  7.666  52.709 1.0000000000
67669  -49.559  7.653  51.930 0.8999999762
67679  -47.711  7.995  50.124 0.8999999762
67674  -48.735  8.006  51.003 0.8999999762
66909  -46.203  6.441  50.091 0.8999999762
67678  -46.843  7.196  50.631 0.8999999762
66099  -44.715  5.120  50.130 0.8000000119
66090  -44.752  5.180  50.903 0.8000000119
66908  -45.490  5.676  49.672 0.8000000119
66107  -44.669  4.939  49.434 0.8999999762
66115  -44.467  4.459  48.658 0.8999999762
66932  -45.321  5.256  47.333 0.8000000119
66942  -45.214  4.971  46.803 0.8000000119
66933  -46.258  6.310  47.120 0.8000000119
66943  -45.838  5.689  46.188 0.8000000119
66951  -46.916  6.166  45.201 0.8000000119
66950  -46.131  5.604  45.430 0.8000000119
69173  -49.003  9.482  40.232 0.1000000015
66952  -47.482  6.804  44.790 0.6999999881
69163  -49.137  9.857  41.399 0.1000000015
69164  -49.566  9.074  41.009 0.2000000030
68448  -49.663  8.303  41.548 0.2000000030
67701  -47.848  7.421  44.553 0.6999999881
66957  -47.172  5.805  44.605 0.8000000119
68439  -49.364  8.419  42.456 0.4000000060
67707  -49.104  7.398  43.037 0.5000000000
66958  -47.698  6.325  44.296 0.6999999881
70605  -51.213  11.231  56.942 0.6999999881
69824  -51.756  10.512  55.464 0.6999999881
69098  -52.127  9.731  55.165 0.6999999881
70615  -51.598  11.346  54.106 0.6999999881
69828  -51.778  10.785  54.709 0.6999999881
68390  -51.542  8.625  53.132 1.0000000000
70616  -51.929  10.971  53.496 0.6999999881
68389  -51.150  8.235  52.632 1.0000000000
67670  -50.274  7.965  51.718 1.0000000000
67675  -49.702  8.064  51.256 0.8999999762
68395  -49.457  8.296  50.714 1.0000000000
68400  -48.392  8.401  49.821 1.0000000000
67682  -46.786  7.254  49.588 1.0000000000
66916  -45.478  5.542  48.825 0.8999999762
66917  -46.200  6.382  49.149 0.8999999762
66925  -46.201  6.335  48.200 1.0000000000
66924  -45.558  5.601  47.989 0.8999999762
66944  -46.765  6.512  46.213 0.8000000119
69896  -48.144  10.190  39.747 0.1000000015
67700  -47.515  7.217  45.154 0.8000000119
69884  -48.393  10.474  40.809 0.1000000015
69877  -48.412  10.553  41.929 0.2000000030
69153  -49.424  9.103  41.817 0.2000000030
67705  -48.342  7.414  43.777 0.6999999881
66960  -48.500  6.320  43.396 0.6000000238
71316  -49.739  12.846  59.752 0.5000000000
71319  -50.560  12.237  58.189 0.6000000238
71320  -50.912  11.706  57.940 0.6999999881
71324  -50.899  11.862  57.456 0.6999999881
71332  -51.117  12.139  54.609 0.6999999881
69825  -52.046  10.240  54.786 0.6999999881
69107  -51.946  9.298  53.432 0.8000000119
71334  -51.226  12.199  53.588 0.6999999881
70619  -51.694  11.547  53.165 0.6999999881
69834  -52.069  10.422  53.256 0.6999999881
69108  -52.131  9.840  53.685 0.6999999881
68393  -51.421  8.722  52.274 0.8999999762
71338  -51.452  12.211  52.426 0.6999999881
70624  -51.806  11.517  52.513 0.6999999881
70620  -52.015  11.015  52.826 0.8000000119
69838  -52.063  10.410  52.452 0.8000000119
68392  -50.882  8.265  52.020 1.0000000000
71341  -51.487  12.629  51.306 0.8000000119
72042  -50.945  13.240  52.011 0.6999999881
71342  -51.836  11.839  51.611 0.8000000119
71339  -51.782  11.672  52.141 0.8000000119
70625  -52.028  11.144  52.000 0.8000000119
69841  -51.996  10.268  51.385 0.8000000119
68396  -50.064  8.326  50.862 1.0000000000
68402  -49.834  8.550  50.256 1.0000000000
72045  -51.023  13.605  50.806 0.8000000119
71344  -51.570  12.735  50.263 0.8000000119
71345  -51.932  12.045  50.718 0.8000000119
70627  -52.041  11.256  51.015 0.8000000119
68401  -49.024  8.463  50.140 1.0000000000
72049  -51.488  13.183  48.543 0.8000000119
72047  -51.291  13.347  49.617 0.8000000119
71347  -51.661  12.639  49.323 0.8000000119
70629  -52.005  11.513  50.239 0.8000000119
69844  -51.896  10.762  50.154 0.8000000119
67680  -48.426  8.252  50.282 1.0000000000
72706  -50.992  13.866  48.943 0.8000000119
71348  -51.915  12.083  49.845 0.8000000119
69848  -51.763  10.945  49.132 0.8000000119
68406  -48.158  8.415  49.170 1.0000000000
72711  -51.199  13.885  47.951 0.8000000119
72052  -51.414  13.371  47.356 0.8000000119
71350  -51.704  12.458  48.664 0.8000000119
71354  -51.762  11.957  48.435 0.8000000119
70633  -51.584  11.389  48.423 0.6999999881
67683  -47.441  7.838  48.956 1.0000000000
72715  -50.991  14.269  47.130 0.6000000238
72710  -50.607  14.386  48.339 0.6999999881
69856  -50.966  11.260  47.902 0.6999999881
67686  -47.482  7.559  48.014 1.0000000000
67689  -47.396  7.412  47.181 1.0000000000
72721  -50.506  14.150  45.963 0.6000000238
72051  -51.257  13.718  46.926 0.6000000238
71353  -51.619  12.498  48.005 0.6999999881
70642  -51.153  11.804  47.363 0.6999999881
70637  -51.380  11.699  47.961 0.6999999881
70636  -50.920  11.483  47.531 0.6999999881
69855  -50.447  10.732  47.558 0.6000000238
67685  -46.825  7.077  48.590 1.0000000000
67688  -46.902  6.899  47.679 1.0000000000
72055  -51.427  12.910  46.828 0.6999999881
71357  -51.444  12.317  47.209 0.6999999881
69860  -50.313  11.083  46.743 0.6000000238
69859  -49.642  10.609  46.420 0.6000000238
69854  -49.765  10.310  47.229 0.6000000238
67691  -46.994  6.849  47.015 1.0000000000
72058  -50.517  13.486  45.475 0.6000000238
72054  -51.173  13.400  46.409 0.6999999881
71360  -50.843  12.384  45.835 0.6999999881
71356  -51.254  12.514  46.536 0.6999999881
70646  -50.507  11.745  46.084 0.6999999881
70641  -50.821  11.703  46.775 0.6000000238
69858  -48.986  9.963  46.053 0.6000000238
69139  -48.464  9.250  45.816 0.6999999881
66934  -46.861  6.681  46.685 0.8999999762
67692  -47.274  7.151  46.464 0.8999999762
71359  -50.194  12.678  45.314 0.5000000000
70645  -49.909  11.723  45.636 0.6000000238
70640  -50.243  11.363  46.314 0.6000000238
69862  -49.036  10.428  45.262 0.5000000000
70649  -49.485  11.789  45.017 0.6000000238
69863  -49.526  10.995  45.600 0.5000000000
69144  -48.438  9.395  44.719 0.6000000238
70644  -49.393  11.310  45.183 0.5000000000
68429  -47.604  7.563  45.493 0.8000000119
67697  -47.315  7.051  45.732 0.8000000119
68430  -47.959  8.189  45.226 0.6999999881
68434  -48.295  8.418  44.202 0.6000000238
69152  -48.880  9.579  42.547 0.3000000119
68438  -48.752  8.482  43.294 0.4000000060
69871  -48.064  10.690  43.025 0.3000000119
72016  -49.766  13.351  59.366 0.5000000000
72012  -49.257  13.091  60.603 0.5000000000
71323  -50.556  12.582  57.231 0.6000000238
71328  -50.842  12.158  56.575 0.6999999881
72025  -50.557  12.716  56.517 0.6999999881
70608  -51.294  11.295  56.019 0.6999999881
72028  -50.574  12.764  56.035 0.6000000238
70611  -51.417  11.351  55.083 0.6999999881
72035  -50.591  12.881  54.127 0.6000000238
69112  -51.808  9.275  52.638 0.8999999762
68398  -51.163  8.761  51.519 0.8000000119
72039  -50.809  13.035  53.093 0.6999999881
69113  -52.060  9.839  52.961 0.8000000119
69115  -51.679  9.368  51.712 0.8000000119
68404  -50.907  8.781  51.036 1.0000000000
69116  -51.993  9.818  52.235 0.8000000119
69119  -51.248  9.233  50.842 0.8999999762
69840  -51.710  9.673  51.102 0.8000000119
68409  -50.170  8.847  49.955 1.0000000000
69843  -51.628  9.915  50.489 0.8000000119
68407  -48.850  8.697  49.348 1.0000000000
69847  -51.209  10.213  49.487 0.8000000119
68413  -49.208  9.019  48.998 0.8999999762
69851  -51.239  10.952  48.460 0.6999999881
69850  -50.663  10.269  48.667 0.6999999881
68411  -48.046  8.283  48.253 0.8999999762
69131  -50.188  9.941  48.281 0.6999999881
69125  -49.304  9.388  48.107 0.8999999762
69130  -49.701  9.850  47.772 0.6999999881
69129  -49.070  9.425  47.616 0.6999999881
69134  -49.376  9.968  47.156 0.6999999881
68415  -47.884  8.127  47.370 0.8999999762
72726  -50.298  13.979  45.511 0.5000000000
69133  -48.841  9.566  46.753 0.8000000119
72725  -49.735  14.185  45.227 0.5000000000
72057  -49.959  13.307  44.997 0.5000000000
71362  -49.190  12.726  44.149 0.5000000000
71363  -49.629  12.488  44.829 0.5000000000
68424  -47.625  7.731  45.911 0.8000000119
70648  -49.007  11.648  44.455 0.5000000000
69867  -48.411  10.540  44.173 0.5000000000
69148  -48.459  9.532  43.666 0.3000000119
70652  -48.351  11.450  43.644 0.4000000060
72019  -50.094  13.264  58.609 0.6000000238
71327  -50.555  12.679  56.763 0.6000000238
72024  -50.360  13.282  56.693 0.6000000238
72032  -50.565  12.821  55.130 0.6000000238
69123  -51.107  9.605  50.168 0.8000000119
69118  -50.851  9.258  50.315 0.8999999762
69122  -50.519  9.375  49.685 0.8000000119
68408  -49.667  8.908  49.499 0.8999999762
69846  -50.690  9.886  49.187 0.8000000119
69127  -50.311  9.669  48.921 0.8000000119
69126  -49.648  9.374  48.642 0.8999999762
68412  -48.802  8.967  48.464 0.8999999762
68416  -48.446  8.862  47.522 0.8999999762
68419  -48.206  8.699  46.678 0.8000000119
68418  -47.727  7.925  46.597 0.8999999762
72061  -49.436  13.597  44.469 0.5000000000
72730  -49.281  14.145  44.638 0.5000000000
72060  -48.894  13.463  43.840 0.5000000000
71366  -48.621  12.508  43.429 0.4000000060
70651  -48.048  11.806  42.958 0.4000000060
68425  -47.969  8.383  46.037 0.8000000119
66133  -45.665  5.197  45.587 0.8000000119
68376  -51.987  8.944  56.342 0.8000000119
68379  -52.125  8.887  55.287 0.8000000119
66114  -43.811  3.832  49.387 0.8000000119
67708  -49.649  7.376  42.141 0.3000000119
69102  -52.159  9.625  54.431 0.6999999881
71330  -51.033  12.116  55.586 0.6999999881
70631  -51.944  11.460  49.525 0.8000000119
69852  -51.664  11.177  48.662 0.8000000119
72022  -50.298  13.307  57.697 0.6000000238
66140  -53.778  5.214  46.117 0.2000000030
66947  -53.635  5.789  45.905 0.2000000030
66954  -53.429  5.996  45.605 0.2000000030
66139  -53.488  5.377  45.623 0.2000000030
66149  -53.180  5.567  45.254 0.2000000030
66148  -52.583  5.715  45.086 0.2000000030
65341  -52.101  4.999  44.378 0.2000000030
66120  -53.529  5.119  48.098 0.2000000030
65319  -53.855  4.334  47.696 0.2000000030
66130  -53.653  5.185  46.900 0.2000000030
66955  -54.178  5.967  45.827 0.2000000030
66953  -53.091  6.631  45.430 0.2000000030
66147  -51.581  5.694  44.943 0.2000000030
65348  -51.512  4.510  43.675 0.3000000119
66129  -53.342  5.606  47.253 0.2000000030
66940  -53.389  5.971  46.501 0.2000000030
68427  -54.228  7.141  46.092 0.2000000030
69873  -53.337  7.063  44.839 0.2000000030
64423  -50.120  3.380  42.534 0.3000000119
64417  -50.853  4.018  42.975 0.3000000119
65340  -51.071  5.253  44.170 0.2000000030
65301  -54.080  4.228  50.939 0.3000000119
66112  -53.666  4.994  49.336 0.3000000119
65307  -53.865  4.201  49.949 0.3000000119
66161  -50.381  4.808  40.558 0.1000000015
66119  -53.148  5.730  47.887 0.2000000030
65355  -50.339  4.204  41.142 0.1000000015
64429  -50.320  3.430  41.698 0.3000000119
66939  -52.891  6.136  47.010 0.2000000030
67694  -53.539  6.701  46.231 0.2000000030
67693  -52.957  6.899  46.038 0.2000000030
66138  -52.023  6.158  45.670 0.2000000030
64422  -48.985  3.135  43.081 0.3000000119
66146  -50.616  5.686  44.903 0.3000000119
64416  -49.706  3.837  43.306 0.4000000060
65346  -49.491  4.479  43.891 0.4000000060
65339  -50.064  5.155  44.301 0.3000000119
65347  -50.443  4.606  43.631 0.3000000119
65248  -53.791  4.332  54.300 0.3000000119
65281  -54.046  4.330  52.833 0.3000000119
64347  -54.315  3.661  53.459 0.3000000119
64359  -54.346  3.555  52.519 0.3000000119
65294  -54.061  4.239  51.891 0.3000000119
64370  -54.325  3.472  51.569 0.3000000119
66096  -53.933  4.992  51.344 0.3000000119
66095  -53.480  5.444  50.834 0.3000000119
66103  -53.388  5.497  49.951 0.3000000119
66104  -53.862  4.949  50.374 0.3000000119
66922  -52.749  6.238  49.061 0.2000000030
66111  -53.211  5.712  48.898 0.2000000030
66930  -52.760  6.164  48.230 0.2000000030
66929  -52.143  6.478  47.763 0.2000000030
66928  -51.271  6.534  47.527 0.2000000030
65354  -49.229  3.870  41.782 0.3000000119
64428  -48.720  3.177  42.514 0.3000000119
66160  -49.849  5.130  41.305 0.3000000119
66938  -52.069  6.327  46.575 0.2000000030
66937  -51.031  6.444  46.612 0.2000000030
66159  -48.893  4.500  42.090 0.3000000119
63430  -48.316  2.743  42.992 0.4000000060
66145  -49.829  5.480  44.981 0.4000000060
66136  -50.155  5.910  45.650 0.3000000119
66137  -51.026  6.192  45.641 0.3000000119
63426  -48.403  3.068  43.256 0.4000000060
65266  -54.012  4.308  53.706 0.3000000119
65303  -43.941  3.724  50.304 0.8000000119
65304  -44.530  3.453  50.210 0.8000000119
65305  -45.441  3.825  49.769 0.4000000060
66100  -47.299  5.056  48.355 0.3000000119
66101  -48.174  5.578  48.641 0.3000000119
66910  -49.859  6.451  49.068 0.2000000030
66921  -52.194  6.499  48.781 0.3000000119
66906  -53.083  5.863  50.545 0.3000000119
65311  -45.256  3.229  48.909 0.6000000238
65306  -46.375  4.547  49.061 0.4000000060
66102  -49.021  6.031  48.912 0.3000000119
66920  -51.415  6.670  48.516 0.2000000030
66914  -52.948  6.065  49.763 0.3000000119
65309  -43.642  3.463  49.947 0.6999999881
65310  -44.067  2.759  49.586 0.6999999881
66110  -48.888  5.964  47.990 0.3000000119
66918  -49.686  6.379  48.165 0.2000000030
66919  -50.542  6.624  48.317 0.2000000030
65312  -46.408  4.251  48.109 0.4000000060
66108  -47.332  4.905  47.454 0.4000000060
66109  -48.116  5.469  47.745 0.2000000030
64384  -44.243  2.320  49.200 0.6999999881
65317  -45.746  3.247  47.806 0.6000000238
65318  -46.666  4.163  47.127 0.4000000060
66117  -48.083  5.365  46.857 0.4000000060
66118  -48.843  5.753  47.154 0.2000000030
66927  -50.366  6.505  47.389 0.2000000030
64395  -43.860  1.738  47.893 0.6999999881
64396  -45.327  2.282  47.171 0.6999999881
65323  -46.206  3.361  46.885 0.6000000238
65324  -47.027  4.049  46.020 0.4000000060
66124  -48.063  5.132  46.016 0.4000000060
66935  -49.435  5.904  46.686 0.3000000119
65322  -43.706  3.194  47.380 0.6999999881
65321  -43.283  2.308  47.150 0.6999999881
65325  -47.743  4.620  45.659 0.4000000060
66125  -48.881  5.536  46.302 0.4000000060
66936  -50.159  6.268  46.465 0.2000000030
65353  -47.504  3.259  42.527 0.4000000060
63437  -47.549  2.591  42.530 0.6000000238
104094  -47.463  2.817  43.886 0.5000000000
65330  -47.702  4.217  44.986 0.4000000060
66135  -49.331  5.409  45.552 0.4000000060
66127  -51.076  6.419  46.109 0.2000000030
66156  -48.402  5.069  42.808 0.5000000000
104102  -47.275  2.796  42.267 0.5000000000
104096  -46.181  2.390  42.580 0.6000000238
104105  -48.227  3.757  43.832 0.4000000060
65338  -49.094  4.808  44.735 0.4000000060
66155  -47.262  4.426  43.408 0.6000000238
104101  -46.422  3.056  42.472 0.6000000238
64415  -45.833  3.478  43.256 0.6000000238
66153  -47.890  5.431  43.677 0.6000000238
104103  -46.497  4.484  43.885 0.6000000238
65345  -45.986  4.199  43.933 0.6000000238
65280  -53.731  4.673  53.221 0.3000000119
66087  -53.793  4.894  52.268 0.3000000119
66086  -53.232  5.548  51.775 0.3000000119
66898  -53.174  5.736  51.076 0.3000000119
66897  -52.778  6.034  51.198 0.3000000119
66091  -47.397  5.230  49.166 0.3000000119
66902  -50.066  6.457  49.798 0.3000000119
66912  -51.521  6.641  49.486 0.2000000030
66905  -52.507  6.263  50.491 0.3000000119
66913  -52.302  6.397  49.660 0.3000000119
63410  -43.585  0.754  47.140 0.6999999881
63411  -44.787  1.154  46.778 0.6000000238
63412  -45.256  1.841  46.560 0.6000000238
64400  -42.824  1.387  46.640 0.6999999881
61704  -43.927  0.322  45.727 0.6000000238
63417  -45.288  1.717  46.062 0.6000000238
64397  -46.176  3.076  46.175 0.5000000000
66132  -44.982  4.547  46.342 0.6999999881
65329  -44.452  3.730  45.698 0.6999999881
63421  -43.878  1.776  43.830 0.6000000238
62548  -45.523  1.151  44.246 0.6000000238
64404  -46.839  3.103  44.860 0.5000000000
66142  -45.368  4.593  45.373 0.6999999881
64414  -44.411  2.687  43.703 0.6000000238
62552  -45.313  1.690  42.922 0.6000000238
66151  -46.543  5.017  44.367 0.6999999881
63425  -44.932  2.148  43.126 0.6000000238
66074  -53.315  5.136  52.957 0.3000000119
66065  -53.048  5.011  53.575 0.3000000119
66075  -53.744  4.784  52.819 0.3000000119
66079  -44.110  4.528  51.264 0.6999999881
65296  -44.031  3.689  50.521 0.6999999881
65299  -47.039  4.905  50.129 0.3000000119
66092  -48.252  5.539  49.647 0.3000000119
66911  -50.676  6.692  49.252 0.3000000119
66904  -51.690  6.513  50.423 0.3000000119
66068  -43.832  4.825  52.369 0.6999999881
66061  -44.978  5.792  53.392 0.8000000119
66069  -44.896  5.579  52.803 0.8000000119
66886  -45.674  5.903  52.402 0.6999999881
66887  -46.357  6.566  52.793 0.8000000119
66073  -52.486  5.627  52.632 0.3000000119
66085  -52.365  6.031  51.891 0.3000000119
66903  -50.698  6.595  50.277 0.3000000119
65297  -44.771  3.601  50.693 0.6999999881
65298  -45.674  4.212  50.562 0.4000000060
66093  -49.281  6.060  49.894 0.3000000119
66060  -44.277  5.552  53.304 0.8000000119
66878  -44.909  5.965  53.899 0.6999999881
66879  -45.702  6.297  53.468 0.6999999881
67661  -48.310  7.025  53.171 0.6999999881
66881  -47.676  6.864  53.583 0.6999999881
67653  -49.205  6.856  53.791 0.6999999881
66072  -51.604  5.977  52.331 0.3000000119
65262  -50.479  4.493  53.712 0.3000000119
64345  -49.375  3.137  54.249 0.3000000119
65273  -43.423  4.164  51.492 0.6999999881
66059  -42.969  5.263  53.444 0.8000000119
66877  -44.086  5.827  53.940 0.8000000119
66851  -44.413  6.500  55.247 0.6999999881
66867  -44.653  6.229  54.569 0.6999999881
66868  -45.562  6.520  54.520 0.6999999881
66869  -46.599  6.765  54.471 0.6999999881
66870  -47.738  6.709  54.358 0.6999999881
66855  -48.566  6.558  55.257 0.6999999881
66873  -50.080  6.903  54.488 0.6999999881
66071  -50.526  5.919  52.071 0.3000000119
65279  -50.342  5.253  52.740 0.3000000119
66062  -50.880  5.499  52.887 0.3000000119
65261  -48.998  4.038  53.181 0.3000000119
66084  -51.921  6.179  51.881 0.3000000119
66866  -43.606  6.059  54.507 0.8000000119
67644  -45.076  6.884  55.773 0.6999999881
66852  -45.277  6.648  55.227 0.6999999881
67645  -45.612  6.891  55.676 0.6999999881
66853  -46.309  6.848  55.562 0.6999999881
66854  -47.524  6.638  55.392 0.6999999881
66840  -48.472  6.495  56.228 0.6999999881
66872  -49.685  6.805  54.465 0.6999999881
72027  -50.258  13.561  55.704 0.5000000000
66896  -51.931  6.314  51.366 0.3000000119
66888  -51.345  6.286  51.822 0.3000000119
66081  -48.674  5.575  50.390 0.3000000119
67643  -44.292  6.875  55.933 0.6999999881
67634  -45.063  7.195  56.416 0.6999999881
67613  -45.788  7.046  57.645 0.6999999881
66815  -46.240  6.717  58.467 0.6999999881
67635  -45.761  7.040  56.167 0.6999999881
66827  -46.540  6.776  57.589 0.6999999881
66838  -46.573  6.853  56.689 0.6999999881
66816  -47.354  6.498  58.371 0.6999999881
66839  -47.464  6.616  56.429 0.6999999881
66829  -48.449  6.460  57.241 0.6000000238
66806  -49.192  6.604  59.029 0.6000000238
68364  -50.079  7.909  60.638 0.6000000238
68361  -50.469  8.931  61.165 0.6000000238
69079  -50.011  9.583  62.100 0.5000000000
66841  -49.421  6.556  56.015 0.6999999881
66830  -49.411  6.510  56.979 0.6999999881
67614  -49.883  7.062  58.957 0.6000000238
67606  -50.327  7.732  59.458 0.6000000238
68365  -50.580  8.468  60.354 0.6000000238
66856  -49.485  6.658  55.133 0.6999999881
66831  -50.235  6.820  56.683 0.6000000238
67615  -50.465  7.478  58.370 0.6000000238
67636  -50.832  7.405  56.364 0.6000000238
67626  -51.246  7.914  56.902 0.6000000238
68373  -51.209  8.070  57.380 0.6000000238
72701  -50.910  13.977  49.857 0.6999999881
72038  -50.348  13.892  52.730 0.5000000000
72034  -50.202  13.752  53.727 0.5000000000
72031  -50.157  13.660  54.726 0.5000000000
72681  -50.088  14.503  55.325 0.5000000000
72679  -50.176  14.375  56.303 0.5000000000
72677  -50.174  14.263  57.276 0.4000000060
72674  -50.094  14.173  58.155 0.4000000060
73362  -49.951  15.116  57.854 0.5000000000
73361  -49.708  15.366  58.411 0.5000000000
65300  -48.085  5.332  50.341 0.3000000119
67641  -42.459  7.138  56.261 0.8000000119
65288  -43.654  3.676  50.912 0.6999999881
66067  -43.066  4.669  52.665 0.6999999881
66850  -43.505  6.524  55.360 0.8000000119
66802  -45.334  6.668  59.679 0.8000000119
66814  -45.329  6.877  58.867 0.8000000119
67633  -44.243  7.253  56.641 0.8000000119
67642  -43.401  6.981  56.093 0.8000000119
66782  -46.131  6.339  61.306 0.6999999881
66790  -45.208  6.529  60.527 0.6999999881
66803  -46.263  6.536  59.496 0.8000000119
66791  -46.220  6.414  60.411 0.8000000119
66792  -47.196  6.436  60.273 0.6999999881
66783  -47.171  6.472  61.234 0.6999999881
66793  -48.288  6.599  60.212 0.6999999881
67597  -49.105  7.680  61.794 0.6999999881
68356  -49.704  8.628  62.356 0.6999999881
67600  -49.420  7.321  60.624 0.6000000238
68360  -50.027  8.219  61.288 0.6000000238
69809  -49.830  10.820  61.578 0.5000000000
70583  -49.339  11.461  61.788 0.5000000000
73355  -49.414  15.082  59.956 0.3000000119
73358  -49.628  15.091  59.060 0.4000000060
74095  -49.428  15.859  59.449 0.4000000060
72670  -49.551  14.183  59.630 0.4000000060
72671  -49.816  14.151  58.884 0.4000000060
72700  -50.415  14.370  50.500 0.6000000238
72041  -50.454  14.009  51.739 0.5000000000
74855  -49.294  16.900  59.441 0.3000000119
72687  -49.937  14.648  53.444 0.5000000000
73367  -50.060  15.317  55.900 0.4000000060
73365  -50.026  15.234  56.895 0.4000000060
74099  -49.693  15.682  58.094 0.5000000000
66895  -51.032  6.490  51.241 0.3000000119
66082  -49.327  5.785  50.878 0.3000000119
65292  -48.351  5.227  51.150 0.3000000119
66083  -50.163  6.200  51.118 0.3000000119
66094  -49.885  6.264  50.417 0.3000000119
65254  -41.782  4.693  52.822 0.6000000238
65290  -45.677  4.374  51.384 0.5000000000
65291  -46.927  4.767  51.299 0.3000000119
66849  -42.552  6.647  55.522 0.8000000119
66052  -42.112  5.718  54.193 0.8000000119
65255  -42.537  4.625  52.642 0.8000000119
65287  -42.782  3.686  51.352 0.6999999881
66800  -43.058  6.549  59.532 0.6000000238
67610  -43.132  7.083  58.648 0.8000000119
67603  -43.626  6.883  59.214 0.8000000119
67632  -43.326  7.374  56.843 0.8000000119
66865  -42.731  6.159  54.794 0.8000000119
66813  -44.652  6.929  59.132 0.8000000119
67611  -44.266  7.232  58.431 0.8000000119
66053  -42.860  5.763  54.264 0.8000000119
66781  -45.118  6.372  61.475 0.6999999881
67622  -44.236  7.384  57.472 0.8000000119
66768  -46.107  6.338  63.216 0.6999999881
66775  -46.073  6.279  62.222 0.6999999881
66769  -46.929  6.597  62.855 0.6999999881
67590  -47.661  6.860  62.483 0.6999999881
67596  -48.132  6.908  61.784 0.6999999881
67592  -49.153  8.080  62.481 0.6999999881
67586  -47.645  7.238  63.414 0.6999999881
67587  -48.274  7.958  63.907 0.6999999881
68355  -49.164  8.363  62.892 0.6999999881
69078  -49.610  9.641  62.790 0.5000000000
70576  -49.143  11.162  62.458 0.5000000000
71295  -48.931  12.169  61.809 0.4000000060
72001  -48.514  13.463  61.767 0.4000000060
71304  -49.228  12.380  61.173 0.4000000060
72002  -48.915  13.340  61.138 0.4000000060
72667  -49.213  14.072  60.492 0.3000000119
74092  -49.210  16.050  60.185 0.3000000119
74863  -49.391  17.238  57.545 0.2000000030
74098  -49.528  16.115  58.566 0.4000000060
73378  -49.836  15.422  54.113 0.3000000119
74121  -49.641  16.158  54.667 0.3000000119
74881  -49.518  16.821  55.149 0.3000000119
74872  -49.570  16.847  56.001 0.3000000119
74864  -49.518  16.768  56.812 0.3000000119
74858  -49.368  17.165  58.460 0.2000000030
73372  -49.992  15.401  54.960 0.4000000060
74108  -49.766  16.075  56.434 0.4000000060
74103  -49.637  16.110  57.530 0.3000000119
74102  -49.470  16.664  58.032 0.4000000060
66789  -44.105  6.467  60.613 0.6999999881
67604  -43.999  7.055  59.036 0.8000000119
66766  -44.376  5.673  63.422 0.6999999881
66801  -44.292  6.732  59.666 0.8000000119
66774  -45.096  6.179  62.490 0.6999999881
66767  -45.121  5.995  63.684 0.6000000238
66758  -45.583  6.222  64.794 0.4000000060
66759  -46.329  6.626  64.321 0.5000000000
66760  -46.927  6.821  63.712 0.6000000238
67583  -47.440  7.586  64.680 0.5000000000
67584  -48.168  8.173  64.483 0.5000000000
69071  -48.975  9.702  64.138 0.4000000060
69794  -48.993  10.295  63.728 0.3000000119
70575  -48.685  11.573  62.925 0.4000000060
71988  -48.153  13.504  62.513 0.4000000060
72659  -48.316  14.421  61.999 0.3000000119
69793  -48.580  10.606  64.253 0.3000000119
70566  -48.293  11.690  63.833 0.3000000119
72660  -48.750  14.294  61.269 0.3000000119
73348  -49.051  15.170  60.758 0.3000000119
66753  -45.621  6.420  65.677 0.4000000060
66754  -46.208  6.738  65.190 0.4000000060
67582  -46.718  7.014  64.940 0.5000000000
68345  -47.831  8.686  65.546 0.3000000119
69065  -48.090  9.707  65.422 0.3000000119
70560  -48.139  11.328  64.588 0.3000000119
73338  -48.219  15.442  62.290 0.3000000119
67573  -45.723  7.651  67.020 0.4000000060
68330  -46.128  8.787  67.194 0.1000000015
66746  -46.174  6.970  65.874 0.4000000060
67575  -46.957  8.228  66.405 0.3000000119
69779  -47.123  10.452  66.418 0.1000000015
67580  -47.253  7.939  65.909 0.3000000119
68339  -47.305  8.737  66.328 0.3000000119
69785  -47.681  10.575  65.746 0.3000000119
70559  -47.674  11.609  65.248 0.3000000119
71280  -47.781  12.733  63.832 0.3000000119
72651  -47.944  14.535  62.814 0.3000000119
69057  -46.329  9.415  67.134 0.1000000015
69778  -46.494  10.292  66.988 0.2000000030
70544  -45.989  11.059  67.257 0.1000000015
71266  -46.586  12.322  66.384 0.2000000030
69058  -46.944  9.524  66.659 0.1000000015
70552  -46.636  11.245  66.733 0.2000000030
70553  -47.168  11.443  66.060 0.2000000030
71957  -46.790  13.002  65.997 0.2000000030
71274  -47.366  12.715  64.980 0.3000000119
72632  -47.241  14.136  64.234 0.3000000119
69770  -45.700  10.044  67.411 0.2000000030
71256  -46.135  11.852  66.961 0.2000000030
68370  -51.096  8.220  57.951 0.6000000238
69805  -50.059  10.198  61.716 0.3000000119
67666  -46.823  6.940  52.440 0.8000000119
67660  -47.325  6.993  52.998 0.8000000119
65337  -46.142  4.609  44.302 0.6999999881
66857  -50.145  6.880  54.886 0.6000000238
66894  -46.273  6.440  51.955 0.8000000119
64383  -44.517  3.020  48.898 0.6999999881
64389  -43.812  2.414  48.653 0.6999999881
65328  -43.570  2.934  46.439 0.6999999881
66152  -47.172  5.246  44.180 0.6000000238
72015  -49.511  13.322  60.020 0.4000000060
72705  -50.439  14.387  49.408 0.6999999881
66948  -53.615  5.969  46.154 0.2000000030
65357  -50.792  4.221  40.304 0.1000000015
66128  -51.462  6.378  46.106 0.2000000030
63438  -48.035  2.649  42.777 0.6000000238
104097  -47.470  2.284  43.181 0.6000000238
104098  -47.984  2.898  43.346 0.5000000000
65332  -48.896  5.073  45.322 0.4000000060
65265  -53.432  4.681  53.777 0.3000000119
66926  -49.557  6.184  47.306 0.2000000030
64390  -44.755  2.288  48.429 0.6999999881
66116  -47.457  4.764  46.581 0.4000000060
66134  -48.717  5.221  45.694 0.4000000060
104104  -47.122  2.673  42.305 0.5000000000
65331  -48.388  4.782  45.308 0.4000000060
104095  -46.819  1.982  42.670 0.6000000238
104100  -47.105  2.454  42.270 0.5000000000
62549  -46.555  1.919  44.254 0.6000000238
104099  -47.508  3.226  44.131 0.5000000000
62554  -46.503  1.623  43.420 0.6000000238
104106  -48.333  4.447  44.664 0.4000000060
62543  -45.033  0.766  45.424 0.6000000238
64401  -43.176  2.204  46.271 0.6999999881
63420  -43.438  1.432  44.915 0.6000000238
62542  -44.413  0.529  45.154 0.6000000238
64410  -45.769  1.985  45.233 0.5000000000
64409  -44.495  3.349  44.467 0.6999999881
64408  -43.591  2.381  44.820 0.6999999881
66080  -44.839  5.231  51.849 0.6999999881
67659  -46.827  6.865  52.944 0.8000000119
66880  -46.858  6.823  53.529 0.6999999881
67652  -48.616  6.807  53.796 0.6999999881
66871  -48.782  6.686  54.380 0.6999999881
66842  -50.231  6.826  55.748 0.6000000238
67623  -45.085  7.329  57.190 0.8000000119
67624  -45.840  7.157  56.948 0.6999999881
67612  -45.182  7.182  58.025 0.8000000119
66804  -47.267  6.432  59.331 0.6999999881
66828  -47.456  6.566  57.429 0.6999999881
66817  -48.380  6.463  58.234 0.6000000238
66805  -48.272  6.473  59.178 0.6999999881
66818  -49.505  6.597  58.088 0.6999999881
67605  -49.674  7.176  59.690 0.6000000238
66794  -49.049  6.683  59.801 0.6000000238
68357  -50.203  8.961  61.726 0.6000000238
66819  -50.175  6.876  57.527 0.6999999881
67625  -50.754  7.554  57.327 0.6000000238
72684  -50.007  14.589  54.377 0.5000000000
67631  -42.339  7.409  57.038 0.8000000119
65289  -44.646  3.669  51.318 0.5000000000
65272  -42.823  4.308  52.011 0.6999999881
66776  -46.939  6.461  62.005 0.6999999881
67595  -47.506  6.639  61.888 0.6999999881
66784  -47.908  6.631  60.939 0.8000000119
67599  -48.628  6.954  61.109 0.6000000238
68353  -49.431  8.940  63.218 0.6999999881
69804  -49.605  10.488  62.229 0.3000000119
72044  -50.546  14.150  51.117 0.6000000238
72692  -49.791  14.769  52.417 0.6000000238
66864  -41.736  6.218  54.906 0.8000000119
67621  -43.249  7.385  57.715 0.8000000119
67591  -48.514  7.700  62.792 0.6999999881
68352  -48.898  8.471  63.522 0.5000000000
68351  -49.166  9.088  63.821 0.5000000000
69075  -49.263  9.693  63.486 0.4000000060
69800  -49.184  10.543  63.053 0.4000000060
69799  -48.739  10.921  63.563 0.3000000119
70582  -48.903  11.763  62.244 0.5000000000
71294  -48.546  12.525  62.263 0.4000000060
71303  -48.769  12.760  61.605 0.4000000060
74114  -49.777  16.126  55.503 0.4000000060
66780  -44.079  6.194  61.662 0.6000000238
66006  -44.968  5.787  64.580 0.4000000060
68349  -48.126  8.442  64.857 0.4000000060
68350  -48.681  8.780  64.394 0.4000000060
68346  -48.346  9.045  65.060 0.3000000119
69070  -48.550  9.738  64.766 0.3000000119
71288  -48.174  12.580  63.100 0.4000000060
69786  -48.161  10.596  65.030 0.3000000119
70565  -47.811  12.159  64.485 0.4000000060
66745  -45.663  6.896  66.462 0.3000000119
67579  -46.725  7.308  65.510 0.4000000060
69064  -47.574  9.612  66.088 0.3000000119
71979  -47.750  13.587  63.301 0.3000000119
73329  -47.813  15.580  63.066 0.2000000030
68337  -46.144  8.233  67.019 0.2000000030
67574  -46.451  7.703  66.413 0.3000000119
68338  -46.650  8.649  66.788 0.1000000015
71970  -47.432  13.599  63.992 0.3000000119
71279  -47.461  12.934  64.360 0.3000000119
72642  -47.479  14.653  63.742 0.3000000119
71267  -47.106  12.447  65.696 0.3000000119
63353  -54.611  1.616  56.042 0.2000000030
62509  -54.734  1.078  55.757 0.2000000030
61678  -54.651  0.224  56.256 0.2000000030
61680  -54.740  0.261  55.303 0.2000000030
62511  -54.824  1.198  54.785 0.2000000030
63361  -54.722  1.899  55.378 0.2000000030
63369  -54.739  2.314  54.206 0.2000000030
62506  -54.231  1.849  57.035 0.2000000030
63352  -54.321  2.273  56.293 0.2000000030
62514  -54.776  1.248  53.711 0.2000000030
63378  -54.826  2.137  52.996 0.2000000030
63386  -54.745  2.032  51.992 0.2000000030
62520  -54.716  1.121  51.699 0.2000000030
63392  -54.610  1.925  51.114 0.2000000030
64291  -53.662  2.920  57.371 0.2000000030
64290  -53.252  3.293  57.553 0.2000000030
64302  -53.759  3.013  56.801 0.2000000030
64348  -54.763  2.997  53.228 0.2000000030
63397  -54.433  1.828  50.401 0.1000000015
64371  -54.626  2.749  51.313 0.2000000030
63401  -54.256  1.798  49.908 0.1000000015
64377  -54.338  2.590  50.497 0.1000000015
63403  -53.433  2.623  48.175 0.1000000015
62524  -53.474  1.577  49.221 0.1000000015
63406  -53.563  2.395  47.754 0.1000000015
64301  -53.172  3.719  56.344 0.2000000030
64315  -54.043  3.338  55.775 0.2000000030
63360  -54.499  2.780  55.119 0.2000000030
63368  -54.555  3.002  54.468 0.2000000030
64332  -54.545  3.138  53.979 0.2000000030
64360  -54.767  2.864  52.243 0.2000000030
63400  -53.792  2.140  49.597 0.1000000015
64381  -54.168  2.332  49.966 0.1000000015
64376  -54.190  3.408  50.638 0.2000000030
63407  -53.887  2.696  47.452 0.1000000015
63399  -53.346  2.471  49.063 0.1000000015
62533  -53.934  2.149  47.139 0.1000000015
64289  -52.521  3.784  57.162 0.2000000030
64300  -52.569  3.939  56.555 0.2000000030
64314  -53.630  4.033  55.295 0.2000000030
64331  -54.193  3.692  54.550 0.2000000030
63404  -53.763  3.114  47.835 0.1000000015
64379  -53.396  2.903  49.196 0.1000000015
64380  -53.618  3.125  49.576 0.1000000015
63413  -54.136  2.608  46.639 0.1000000015
63418  -54.115  2.486  45.724 0.1000000015
64420  -53.709  2.724  44.137 0.1000000015
63344  -48.816  2.720  57.281 0.2000000030
64298  -49.366  2.973  56.653 0.2000000030
63351  -48.864  2.526  56.486 0.2000000030
65185  -50.862  4.331  58.711 0.2000000030
65195  -42.540  4.942  57.599 0.2000000030
63359  -48.878  2.404  55.645 0.2000000030
64312  -49.417  2.759  55.819 0.2000000030
65209  -43.184  4.933  56.519 0.2000000030
64295  -45.532  4.318  56.095 0.2000000030
64311  -47.100  3.409  55.717 0.2000000030
63357  -47.730  3.001  55.172 0.2000000030
63358  -48.272  2.463  55.429 0.2000000030
65200  -51.626  4.071  57.774 0.2000000030
65208  -41.854  4.920  56.522 0.2000000030
65223  -42.338  4.612  55.420 0.2000000030
65224  -43.622  4.565  55.362 0.2000000030
65225  -44.826  4.596  55.240 0.2000000030
64309  -45.573  4.483  55.393 0.2000000030
64326  -47.206  3.808  54.561 0.2000000030
63365  -47.827  3.214  54.643 0.2000000030
63367  -48.897  2.474  54.809 0.2000000030
64328  -49.371  2.621  55.079 0.2000000030
65222  -41.062  4.401  55.547 0.2000000030
65239  -42.675  4.081  54.230 0.2000000030
65226  -45.507  4.567  54.867 0.2000000030
64327  -47.926  3.368  54.296 0.2000000030
63366  -48.361  2.864  54.579 0.2000000030
63377  -48.881  2.738  54.408 0.2000000030
64324  -43.112  3.732  53.470 0.2000000030
65256  -44.318  3.966  53.451 0.2000000030
65242  -45.777  4.504  54.180 0.2000000030
64325  -46.478  4.281  54.518 0.2000000030
64343  -47.690  3.809  53.870 0.2000000030
63376  -48.792  2.948  54.241 0.2000000030
64341  -43.534  3.599  52.857 0.2000000030
65257  -44.893  4.084  53.184 0.2000000030
65243  -46.454  4.360  53.987 0.2000000030
64344  -48.455  3.401  53.908 0.2000000030
65258  -45.750  4.404  53.226 0.2000000030
64386  -53.617  3.478  48.327 0.1000000015
64419  -53.154  3.558  43.740 0.1000000015
63433  -52.550  2.251  42.477 0.1000000015
65199  -50.688  4.167  57.877 0.2000000030
64313  -49.914  3.348  56.011 0.2000000030
65194  -41.286  4.813  57.539 0.2000000030
65213  -51.963  4.116  56.599 0.2000000030
64258  -40.681  3.881  59.794 0.3000000119
65168  -40.504  4.544  59.372 0.3000000119
65169  -41.155  4.309  59.212 0.2000000030
65207  -40.609  4.661  56.558 0.2000000030
64329  -49.826  3.158  55.124 0.2000000030
65180  -40.761  4.644  58.421 0.2000000030
65221  -39.835  4.187  55.626 0.2000000030
65237  -40.178  3.623  54.769 0.2000000030
65238  -41.399  3.919  54.507 0.2000000030
65214  -52.550  4.091  56.130 0.2000000030
65236  -39.254  3.449  55.052 0.2000000030
64320  -39.098  2.694  54.363 0.3000000119
64321  -40.517  2.868  53.921 0.2000000030
64322  -41.633  3.261  53.545 0.2000000030
64340  -42.749  3.041  52.714 0.2000000030
65230  -52.880  4.248  55.495 0.2000000030
64342  -44.161  3.705  52.720 0.2000000030
65259  -46.827  4.359  53.383 0.2000000030
65260  -47.850  4.160  53.167 0.2000000030
64358  -44.311  3.645  52.165 0.2000000030
65274  -44.948  3.948  52.299 0.2000000030
65277  -48.085  4.690  52.259 0.2000000030
65275  -45.697  4.445  52.315 0.2000000030
65276  -46.843  4.621  52.324 0.2000000030
64405  -54.125  3.472  45.991 0.1000000015
65313  -53.592  4.253  48.820 0.1000000015
64398  -54.179  3.325  46.830 0.1000000015
64391  -54.020  3.553  47.462 0.1000000015
64412  -53.805  3.552  44.803 0.1000000015
63440  -51.443  2.669  41.422 0.1000000015
63432  -51.731  2.557  42.201 0.1000000015
64426  -53.025  2.658  42.993 0.1000000015
64266  -49.082  4.030  59.211 0.2000000030
64277  -48.860  3.353  58.313 0.2000000030
64288  -49.664  3.636  57.735 0.2000000030
64287  -49.222  3.185  57.440 0.2000000030
64299  -49.839  3.482  56.922 0.2000000030
65212  -51.051  4.154  56.976 0.2000000030
65227  -50.508  3.806  56.400 0.2000000030
64244  -40.327  3.819  60.133 0.3000000119
65158  -40.350  4.266  60.345 0.3000000119
65244  -50.544  3.816  55.214 0.2000000030
65179  -39.997  4.919  58.259 0.3000000119
65229  -52.091  4.306  55.652 0.2000000030
65192  -39.215  4.830  57.367 0.4000000060
65205  -38.381  4.361  56.583 0.3000000119
64307  -37.977  2.844  55.161 0.3000000119
64318  -37.143  3.837  54.062 0.5000000000
64346  -50.089  3.605  54.542 0.2000000030
65245  -51.440  4.400  54.902 0.2000000030
63373  -40.588  1.828  52.507 0.2000000030
63375  -42.124  1.656  52.391 0.2000000030
63381  -40.157  2.787  52.252 0.5000000000
63383  -41.088  1.616  51.649 0.3000000119
64356  -42.977  2.409  52.011 0.2000000030
64375  -42.099  2.529  50.585 0.3000000119
64357  -43.614  3.197  52.027 0.3000000119
64368  -43.941  3.202  51.443 0.3000000119
64369  -44.438  3.569  51.723 0.2000000030
65326  -54.082  4.263  46.628 0.1000000015
65334  -53.775  4.496  45.463 0.1000000015
65343  -53.643  4.222  44.928 0.1000000015
64425  -52.339  3.027  42.802 0.1000000015
64418  -51.968  3.762  43.259 0.1000000015
64424  -51.336  3.282  42.557 0.1000000015
64253  -48.969  4.184  59.826 0.2000000030
65172  -49.267  4.272  59.730 0.2000000030
65173  -49.907  4.406  59.470 0.2000000030
64278  -49.582  3.937  58.438 0.2000000030
64267  -49.678  4.203  58.907 0.2000000030
65198  -50.093  3.986  57.984 0.2000000030
65184  -50.143  4.225  58.556 0.2000000030
65211  -50.323  3.884  57.317 0.2000000030
65228  -51.270  4.124  55.951 0.2000000030
66025  -40.430  4.953  59.561 0.4000000060
66030  -40.081  5.069  58.814 0.4000000060
66037  -39.487  5.217  57.847 0.5000000000
65191  -38.405  4.862  57.205 0.4000000060
65204  -37.723  4.539  56.436 0.5000000000
65233  -36.853  4.242  54.907 0.5000000000
65235  -38.068  4.322  54.112 0.5000000000
64352  -39.721  3.066  52.508 0.5000000000
65269  -40.092  3.735  52.616 0.5000000000
64353  -40.506  3.223  52.197 0.5000000000
63388  -41.098  2.898  51.686 0.4000000060
65285  -41.586  3.839  52.025 0.5000000000
66064  -52.545  5.226  53.455 0.2000000030
66070  -49.734  5.697  51.586 0.2000000030
64411  -53.415  3.896  44.365 0.1000000015
65350  -53.019  4.156  44.038 0.1000000015
65342  -53.213  4.543  44.596 0.1000000015
65349  -52.531  4.274  43.910 0.1000000015
67609  -42.114  6.866  58.452 0.6999999881
67620  -42.195  7.224  57.846 0.6999999881
66826  -40.592  6.440  58.068 0.6000000238
67629  -40.583  6.635  57.497 0.6000000238
67630  -41.252  7.103  57.152 0.6000000238
66848  -41.469  6.716  55.757 0.6999999881
66809  -40.099  5.585  58.626 0.6000000238
66825  -39.827  6.089  57.716 0.6000000238
66835  -39.108  6.017  56.781 0.6000000238
66846  -39.223  6.157  55.888 0.6000000238
66051  -40.964  5.754  54.200 0.6000000238
65246  -52.398  4.542  54.807 0.2000000030
66036  -38.698  5.355  57.252 0.5000000000
66041  -38.507  5.532  56.828 0.6000000238
66045  -38.383  5.623  56.129 0.5000000000
66056  -39.121  4.723  53.879 0.6000000238
66057  -40.221  5.051  53.607 0.6000000238
66058  -41.436  5.249  53.467 0.6000000238
65252  -39.574  4.235  53.135 0.6000000238
65253  -40.667  4.536  52.932 0.5000000000
66063  -51.630  5.409  53.257 0.2000000030
65270  -41.107  3.983  52.409 0.5000000000
65286  -42.132  3.851  51.677 0.5000000000
63439  -51.013  3.085  41.572 0.1000000015
63431  -50.971  2.990  41.962 0.2000000030
67714  -49.764  7.371  40.216 0.1000000015
67712  -49.890  7.378  41.169 0.1000000015
66967  -50.099  6.405  40.720 0.1000000015
66964  -49.821  6.335  41.723 0.1000000015
66157  -49.304  5.442  42.114 0.2000000030
70661  -47.200  11.471  41.937 0.1000000015
69883  -47.714  11.044  41.413 0.1000000015
69876  -47.766  11.129  42.277 0.1000000015
68453  -49.616  8.276  40.644 0.1000000015
66961  -49.261  6.301  42.612 0.2000000030
70655  -46.969  12.164  42.246 0.2000000030
70656  -47.518  11.718  42.516 0.2000000030
71370  -47.747  12.619  42.524 0.2000000030
69870  -47.799  11.317  42.723 0.2000000030
72709  -49.893  14.849  48.879 0.5000000000
72704  -49.793  14.900  49.962 0.4000000060
72714  -49.987  14.908  47.798 0.6000000238
71371  -48.307  12.928  42.807 0.2000000030
71365  -48.219  12.441  42.888 0.2000000030
73385  -49.390  15.898  53.088 0.3000000119
72696  -50.087  14.485  51.408 0.5000000000
72691  -49.570  15.086  52.200 0.3000000119
74148  -49.156  16.180  53.024 0.2000000030
72695  -49.609  14.973  51.780 0.3000000119
73394  -49.245  15.535  52.387 0.2000000030
74905  -48.477  17.161  53.431 0.2000000030
72699  -49.785  14.874  50.924 0.3000000119
73406  -49.239  15.301  51.301 0.2000000030
74147  -48.626  16.413  52.697 0.2000000030
73393  -48.643  15.985  52.176 0.2000000030
74917  -48.227  16.884  52.804 0.2000000030
73423  -49.212  15.271  50.085 0.4000000060
73414  -48.850  15.434  50.646 0.2000000030
74159  -48.290  16.245  52.107 0.2000000030
65264  -52.776  4.831  54.065 0.2000000030
65278  -49.454  5.125  52.307 0.2000000030
65293  -49.216  5.457  51.493 0.2000000030
65247  -53.269  4.448  54.648 0.2000000030
65263  -51.872  4.915  54.079 0.2000000030
65333  -53.425  5.028  45.227 0.1000000015
64330  -53.785  4.206  54.727 0.2000000030
64366  -42.126  3.357  51.259 0.5000000000
64367  -42.710  2.838  51.361 0.4000000060
63346  -53.884  2.410  57.450 0.2000000030
64385  -53.337  2.988  48.893 0.1000000015
63350  -48.256  2.266  56.419 0.2000000030
65210  -44.506  4.677  56.538 0.2000000030
64310  -46.276  4.217  55.277 0.2000000030
65240  -43.906  4.119  54.158 0.2000000030
65241  -44.890  4.374  54.190 0.2000000030
65193  -40.171  4.782  57.494 0.2000000030
65206  -39.410  4.522  56.552 0.2000000030
65220  -38.650  3.737  55.671 0.3000000119
64337  -39.920  2.175  53.331 0.3000000119
64338  -41.045  2.082  53.230 0.2000000030
65219  -37.580  3.692  55.893 0.4000000060
64336  -38.925  2.949  53.272 0.5000000000
63372  -39.885  2.456  52.514 0.5000000000
65190  -37.873  5.080  56.922 0.5000000000
66044  -37.706  5.039  55.770 0.5000000000
66049  -38.456  5.148  54.876 0.5000000000
65251  -38.514  3.908  53.481 0.5000000000
67619  -41.196  6.775  58.010 0.6000000238
66836  -40.153  6.531  56.752 0.6000000238
66847  -40.304  6.514  55.794 0.6000000238
66862  -39.607  6.043  55.136 0.6000000238
66863  -40.615  6.231  54.983 0.6000000238
66050  -39.785  5.557  54.398 0.5000000000
74916  -47.771  17.193  52.818 0.3000000119
64259  -41.427  3.773  59.833 0.2000000030
63320  -40.901  3.391  60.041 0.2000000030
62466  -41.155  0.867  62.456 0.2000000030
62465  -40.511  0.723  62.327 0.2000000030
62474  -40.892  1.613  61.843 0.2000000030
63299  -41.452  2.439  61.325 0.2000000030
63309  -41.197  3.065  60.528 0.2000000030
63308  -40.398  3.001  60.538 0.2000000030
60882  -39.965  -2.077  62.587 0.2000000030
61648  -40.710  -0.409  62.740 0.2000000030
61647  -39.804  -0.045  62.531 0.2000000030
62473  -40.088  1.439  61.980 0.2000000030
63298  -40.598  2.423  61.267 0.2000000030
60107  -39.594  -3.754  62.117 0.1000000015
60106  -39.025  -3.041  62.390 0.1000000015
60881  -39.027  -1.387  62.699 0.2000000030
63297  -39.935  2.612  61.449 0.3000000119
63307  -39.911  3.213  60.825 0.4000000060
65157  -40.002  3.809  60.628 0.3000000119
66797  -40.217  5.290  59.110 0.3000000119
66798  -40.660  5.542  59.275 0.5000000000
57186  -40.303  -5.341  70.587 0.1000000015
103794  -37.464  -6.950  62.913 0.1000000015
103771  -37.590  -6.095  61.813 0.1000000015
103781  -38.470  -5.651  61.441 0.1000000015
59366  -38.774  -4.437  61.777 0.1000000015
61655  -39.507  0.901  62.335 0.2000000030
62472  -39.610  1.618  62.199 0.3000000119
65146  -40.345  4.074  61.074 0.4000000060
64232  -39.931  3.537  61.056 0.4000000060
65145  -40.016  4.062  60.883 0.4000000060
66026  -40.951  5.268  59.905 0.5000000000
57845  -41.462  -4.159  70.355 0.1000000015
58535  -40.974  -4.217  71.968 0.1000000015
58525  -41.166  -4.052  72.301 0.1000000015
58520  -41.109  -4.050  72.837 0.1000000015
57200  -40.406  -5.484  69.719 0.1000000015
57844  -40.973  -4.875  69.984 0.1000000015
57832  -41.452  -4.128  71.050 0.1000000015
103747  -39.015  -6.864  67.810 0.1000000015
103761  -39.919  -5.944  67.853 0.1000000015
103743  -39.643  -5.746  65.752 0.1000000015
103783  -38.647  -5.244  64.239 0.1000000015
103788  -37.767  -5.464  63.585 0.1000000015
103748  -37.236  -5.602  62.666 0.1000000015
103768  -37.248  -5.031  62.268 0.1000000015
103772  -37.131  -5.141  62.061 0.1000000015
103774  -37.795  -5.013  61.654 0.1000000015
59365  -38.276  -3.903  62.303 0.1000000015
60105  -38.353  -2.460  62.726 0.1000000015
61646  -38.878  0.245  62.614 0.2000000030
61654  -39.255  1.051  62.425 0.2000000030
63289  -39.841  2.296  62.417 0.3000000119
64221  -39.978  3.138  61.842 0.4000000060
64233  -40.415  3.689  61.596 0.4000000060
65159  -40.865  4.416  60.907 0.5000000000
66020  -41.094  4.862  60.462 0.5000000000
66027  -41.573  5.355  60.227 0.5000000000
66799  -41.788  5.807  59.644 0.5000000000
66811  -42.008  6.480  58.913 0.5000000000
66787  -42.100  5.539  60.318 0.5000000000
66812  -42.592  6.759  58.860 0.6000000238
58549  -41.831  -3.590  70.686 0.1000000015
58537  -42.295  -3.166  72.033 0.1000000015
59264  -42.875  -2.642  72.529 0.1000000015
57856  -40.843  -4.939  68.432 0.1000000015
57857  -41.461  -4.069  69.248 0.1000000015
58560  -42.197  -3.111  70.327 0.1000000015
58550  -42.334  -2.976  71.012 0.1000000015
103775  -40.332  -5.247  67.158 0.1000000015
59302  -41.613  -2.805  67.869 0.1000000015
58559  -41.943  -3.303  69.645 0.1000000015
103785  -39.926  -4.180  65.607 0.1000000015
103787  -40.897  -3.155  66.770 0.1000000015
103782  -39.273  -5.041  64.622 0.1000000015
103770  -38.053  -4.648  63.559 0.1000000015
103751  -37.465  -4.947  63.082 0.1000000015
103756  -37.510  -4.446  63.018 0.1000000015
103766  -37.880  -3.830  63.301 0.1000000015
103767  -37.661  -3.997  62.795 0.1000000015
103769  -37.568  -4.590  62.242 0.1000000015
59364  -37.938  -3.339  62.792 0.1000000015
59363  -37.655  -2.656  63.072 0.1000000015
60880  -38.105  -1.015  62.698 0.1000000015
62464  -39.200  1.287  62.847 0.2000000030
64222  -40.557  3.412  62.185 0.4000000060
65147  -41.285  4.161  61.640 0.5000000000
64234  -40.874  3.724  61.940 0.5000000000
66021  -42.024  5.219  60.806 0.5000000000
103797  -40.936  -2.767  66.773 0.1000000015
103780  -40.098  -2.775  65.907 0.1000000015
60084  -38.859  -2.003  64.814 0.1000000015
103791  -40.341  -1.750  66.315 0.1000000015
60055  -40.882  -1.166  66.933 0.1000000015
103779  -38.906  -3.918  64.365 0.1000000015
59328  -39.435  -1.887  65.491 0.1000000015
60071  -39.673  -1.561  65.897 0.1000000015
60054  -39.941  -0.959  66.346 0.1000000015
59340  -38.058  -2.404  64.138 0.1000000015
60070  -38.851  -1.308  65.577 0.1000000015
59351  -37.657  -2.608  63.434 0.1000000015
60083  -37.516  -1.635  64.590 0.1000000015
59350  -36.612  -1.995  63.270 0.1000000015
59339  -37.111  -1.902  63.807 0.1000000015
59362  -36.433  -2.117  62.919 0.1000000015
60104  -37.638  -1.979  62.854 0.1000000015
60879  -37.155  -0.911  62.608 0.2000000030
61645  -37.736  0.196  62.858 0.2000000030
62463  -38.568  0.688  62.900 0.2000000030
62456  -38.597  0.837  63.604 0.2000000030
62457  -39.317  1.381  63.727 0.3000000119
63271  -39.743  1.753  64.449 0.3000000119
63282  -39.813  1.929  63.422 0.3000000119
63283  -40.384  2.558  63.170 0.5000000000
64212  -40.901  3.130  62.901 0.5000000000
64213  -41.655  3.578  63.550 0.5000000000
64223  -41.331  3.698  62.465 0.6000000238
65134  -41.852  4.179  62.384 0.5000000000
63290  -40.268  2.921  62.461 0.4000000060
66015  -42.206  4.842  61.584 0.5000000000
66788  -42.909  5.882  60.716 0.5000000000
60831  -40.115  -0.367  66.698 0.1000000015
60053  -39.035  -0.804  66.141 0.1000000015
60830  -39.290  -0.288  66.624 0.1000000015
60069  -37.823  -1.197  65.393 0.1000000015
60052  -38.025  -0.743  66.126 0.1000000015
60829  -38.291  -0.271  66.693 0.1000000015
60807  -38.654  0.260  67.137 0.1000000015
60828  -37.225  -0.363  66.888 0.1000000015
60806  -37.598  0.157  67.375 0.1000000015
61560  -36.688  0.835  68.430 0.1000000015
60082  -36.370  -1.547  64.416 0.1000000015
60067  -35.566  -1.207  65.186 0.1000000015
60050  -35.858  -0.817  66.141 0.1000000015
60827  -36.173  -0.587  67.032 0.1000000015
60092  -36.076  -1.843  63.657 0.1000000015
60103  -36.771  -1.645  62.727 0.1000000015
60102  -35.745  -1.459  62.501 0.2000000030
60878  -36.252  -0.901  62.470 0.2000000030
61644  -36.619  -0.340  62.777 0.2000000030
61637  -37.747  0.505  63.989 0.2000000030
65124  -42.443  4.231  63.730 0.5000000000
66010  -43.261  5.165  62.821 0.6000000238
63272  -40.410  2.297  64.214 0.4000000060
64196  -41.079  2.852  63.893 0.5000000000
65123  -41.964  4.047  62.973 0.5000000000
65136  -43.003  4.732  63.453 0.6000000238
66011  -43.929  5.454  63.333 0.6000000238
66773  -44.078  5.762  62.688 0.6000000238
65148  -42.124  4.487  62.111 0.5000000000
66016  -42.938  5.257  62.024 0.6000000238
66772  -43.413  5.493  62.329 0.6000000238
66009  -42.622  4.858  62.258 0.5000000000
66779  -43.351  5.703  61.804 0.5000000000
66022  -42.691  5.406  61.388 0.5000000000
60805  -36.480  -0.126  67.840 0.1000000015
61559  -35.908  0.555  68.526 0.1000000015
60787  -34.804  -0.275  68.237 0.1000000015
59336  -33.826  -2.283  63.467 0.1000000015
60080  -34.165  -1.809  64.175 0.1000000015
60047  -32.851  -1.178  65.678 0.1000000015
59361  -35.137  -1.919  62.724 0.1000000015
59348  -34.482  -2.326  62.972 0.1000000015
60101  -34.625  -1.426  62.399 0.2000000030
61643  -35.998  -0.545  62.631 0.2000000030
61636  -36.855  0.157  63.557 0.2000000030
64197  -41.614  3.324  64.661 0.4000000060
60877  -35.302  -0.747  62.508 0.2000000030
63319  -40.606  3.493  60.023 0.2000000030
64243  -40.033  3.580  60.535 0.2000000030
66810  -40.903  6.246  58.646 0.5000000000
60866  -40.946  -1.956  63.164 0.2000000030
66019  -40.626  4.847  60.080 0.4000000060
57185  -39.613  -5.444  71.317 0.1000000015
103760  -37.045  -5.435  61.715 0.1000000015
103773  -37.338  -5.063  61.858 0.1000000015
58536  -41.548  -3.827  71.635 0.1000000015
58527  -42.303  -3.296  72.911 0.1000000015
103796  -38.551  -4.615  64.004 0.1000000015
66014  -41.497  4.687  61.059 0.5000000000
59292  -42.452  -2.430  69.960 0.1000000015
103762  -40.680  -4.192  66.683 0.1000000015
103758  -37.711  -4.401  63.233 0.1000000015
103792  -40.885  -2.261  66.682 0.1000000015
60068  -36.669  -1.156  65.318 0.1000000015
59349  -35.543  -2.122  63.216 0.1000000015
62449  -39.041  1.285  64.528 0.2000000030
60051  -36.941  -0.718  66.143 0.1000000015
61579  -38.073  0.784  67.765 0.1000000015
60788  -35.642  -0.071  68.341 0.1000000015
62379  -37.062  1.507  68.459 0.1000000015
60826  -35.138  -0.731  66.979 0.1000000015
60081  -35.272  -1.693  64.093 0.1000000015
59337  -34.761  -2.092  63.524 0.1000000015
65135  -42.469  4.547  62.812 0.6000000238
61558  -35.002  0.378  68.517 0.1000000015
60066  -34.503  -1.330  65.065 0.1000000015
63292  -44.743  3.334  62.461 0.1000000015
63291  -43.838  2.779  62.889 0.1000000015
63302  -44.739  3.287  61.544 0.1000000015
63301  -43.418  2.717  61.778 0.1000000015
64235  -45.058  3.429  61.911 0.1000000015
63300  -42.380  2.572  61.541 0.1000000015
63312  -44.518  3.333  60.478 0.1000000015
63303  -45.396  3.444  61.054 0.1000000015
62475  -41.684  1.803  62.042 0.1000000015
63311  -43.222  3.174  60.861 0.1000000015
63313  -45.693  3.322  60.389 0.1000000015
63322  -45.602  3.217  59.386 0.1000000015
63310  -42.157  3.144  60.861 0.1000000015
64247  -43.927  3.532  60.033 0.1000000015
64248  -44.535  3.442  59.900 0.1000000015
63321  -44.884  3.392  59.782 0.1000000015
64245  -41.988  3.566  60.282 0.1000000015
64246  -42.888  3.618  60.231 0.1000000015
64262  -44.745  3.622  59.293 0.1000000015
64263  -45.429  3.393  58.891 0.1000000015
63331  -45.921  3.189  58.432 0.1000000015
64260  -42.451  3.969  59.733 0.1000000015
64261  -43.541  4.090  59.347 0.1000000015
64274  -44.440  4.258  58.412 0.1000000015
64275  -45.343  3.692  58.410 0.1000000015
63332  -46.579  2.578  58.412 0.1000000015
65170  -42.101  4.327  59.241 0.1000000015
65171  -42.799  4.290  59.281 0.1000000015
65182  -43.057  4.585  58.636 0.1000000015
64273  -43.748  4.396  58.724 0.1000000015
63341  -45.889  3.513  57.859 0.1000000015
63342  -46.498  2.984  57.559 0.1000000015
65181  -41.804  4.634  58.465 0.1000000015
65196  -43.914  4.758  57.686 0.1000000015
65197  -44.650  4.554  57.355 0.1000000015
64285  -45.357  4.142  57.409 0.1000000015
64286  -46.086  3.560  57.376 0.1000000015
63348  -46.981  2.851  56.847 0.1000000015
64296  -46.404  3.580  56.597 0.1000000015
64297  -47.069  3.129  56.369 0.1000000015
64215  -45.231  3.556  62.831 0.1000000015
62468  -42.835  1.951  62.904 0.1000000015
64224  -45.261  3.536  62.174 0.1000000015
62476  -42.413  2.083  62.258 0.1000000015
64249  -45.704  3.481  60.894 0.1000000015
63323  -46.591  2.775  59.338 0.1000000015
62489  -47.220  2.128  57.979 0.1000000015
62504  -47.303  2.414  57.045 0.1000000015
62497  -46.975  2.337  57.605 0.1000000015
63349  -47.573  2.664  56.226 0.1000000015
63284  -43.891  2.595  64.190 0.1000000015
63285  -44.553  3.234  63.438 0.1000000015
64199  -45.269  3.565  63.693 0.1000000015
64216  -45.879  3.856  63.016 0.1000000015
62458  -42.346  1.077  63.789 0.1000000015
62459  -43.147  1.877  63.913 0.1000000015
64225  -45.806  3.766  62.189 0.1000000015
62467  -41.889  1.169  62.873 0.1000000015
64236  -45.556  3.556  61.475 0.1000000015
64250  -46.225  3.536  60.716 0.1000000015
63314  -46.778  3.157  59.975 0.1000000015
63333  -47.335  2.340  58.526 0.1000000015
62498  -47.515  2.149  57.434 0.1000000015
62505  -47.728  2.197  56.856 0.1000000015
59398  -55.151  -2.445  54.223 0.1000000015
64145  -47.733  3.499  67.015 0.1000000015
63273  -44.075  2.549  65.149 0.1000000015
63261  -45.378  3.506  65.303 0.1000000015
64181  -46.035  3.978  64.795 0.1000000015
63274  -44.703  3.188  64.564 0.1000000015
63275  -45.440  3.631  64.443 0.1000000015
62451  -43.329  1.672  65.208 0.1000000015
64200  -45.927  3.962  63.882 0.1000000015
62450  -42.701  1.115  64.585 0.1000000015
64226  -46.617  4.196  62.260 0.1000000015
64237  -46.394  3.878  61.365 0.1000000015
63315  -47.297  3.191  59.801 0.1000000015
63324  -47.535  2.816  59.238 0.1000000015
62499  -47.990  2.012  57.225 0.1000000015
60131  -54.890  -1.524  55.470 0.1000000015
60136  -55.075  -1.568  53.603 0.1000000015
51142  -47.320  -14.382  73.959 0.1000000015
51740  -47.672  -13.612  73.901 0.1000000015
51749  -47.406  -13.300  73.168 0.1000000015
52361  -48.025  -12.509  73.528 0.1000000015
53043  -48.381  -11.495  72.991 0.1000000015
52369  -48.039  -12.160  72.491 0.1000000015
54413  -50.046  -9.012  72.005 0.1000000015
54420  -50.301  -9.078  71.217 0.1000000015
56514  -50.291  -6.602  71.123 0.1000000015
57190  -50.153  -5.734  70.798 0.1000000015
57849  -50.016  -4.712  70.188 0.1000000015
53048  -48.541  -11.454  71.857 0.1000000015
54419  -49.839  -9.745  71.540 0.1000000015
59306  -49.727  -2.438  69.042 0.1000000015
60017  -49.457  -1.971  69.250 0.1000000015
57172  -42.995  -5.401  72.193 0.1000000015
60024  -48.940  -1.114  69.109 0.1000000015
57173  -43.498  -4.982  71.906 0.1000000015
63241  -44.050  1.882  66.879 0.1000000015
62421  -44.425  1.857  67.450 0.1000000015
63242  -44.641  2.577  66.926 0.1000000015
63243  -45.461  3.309  66.443 0.1000000015
57187  -43.000  -5.430  71.317 0.1000000015
64144  -46.582  3.452  66.852 0.1000000015
63222  -47.198  3.004  67.783 0.1000000015
63259  -43.923  2.272  66.087 0.1000000015
63260  -44.653  2.940  65.746 0.1000000015
65111  -48.297  4.571  64.255 0.1000000015
64182  -46.920  4.133  65.132 0.1000000015
61611  -42.905  0.694  66.070 0.1000000015
62439  -43.476  1.397  66.481 0.1000000015
64201  -46.744  4.256  64.122 0.1000000015
64217  -46.506  4.200  63.228 0.1000000015
61639  -41.603  0.016  63.698 0.1000000015
65138  -47.559  4.435  62.358 0.1000000015
65131  -50.477  3.450  63.182 0.1000000015
64238  -47.053  4.194  61.340 0.1000000015
61649  -41.298  0.223  62.988 0.1000000015
64251  -47.313  3.730  60.344 0.1000000015
65160  -47.468  4.194  60.940 0.1000000015
62480  -53.083  1.572  60.880 0.1000000015
62481  -53.414  1.008  60.520 0.1000000015
64264  -47.561  3.255  59.649 0.1000000015
62485  -53.874  0.908  59.734 0.1000000015
61669  -54.204  0.164  59.465 0.1000000015
63325  -48.080  2.885  58.834 0.1000000015
63327  -53.596  1.565  59.385 0.1000000015
62492  -54.104  0.918  58.677 0.1000000015
63335  -48.786  2.937  57.791 0.1000000015
62493  -54.258  0.398  58.250 0.1000000015
60907  -54.698  -0.650  55.827 0.1000000015
60909  -54.826  -0.632  54.899 0.1000000015
60133  -55.029  -1.531  54.554 0.1000000015
52325  -47.054  -12.393  78.340 0.1000000015
51729  -47.294  -13.424  78.077 0.1000000015
50503  -47.459  -15.425  77.967 0.1000000015
50510  -47.606  -15.700  77.174 0.1000000015
53647  -46.972  -10.484  77.791 0.1000000015
53656  -47.227  -10.481  77.022 0.1000000015
50514  -47.599  -15.738  76.233 0.1000000015
54373  -46.950  -9.524  77.049 0.1000000015
51138  -47.562  -14.744  74.708 0.1000000015
55071  -46.886  -8.878  76.390 0.1000000015
51143  -47.750  -13.888  74.273 0.1000000015
51750  -47.794  -13.181  73.738 0.1000000015
55780  -45.850  -7.257  75.881 0.1000000015
56471  -46.183  -6.863  75.381 0.1000000015
56470  -45.336  -6.510  75.492 0.1000000015
53706  -48.751  -10.836  72.602 0.1000000015
56481  -44.805  -5.793  74.934 0.1000000015
55827  -50.250  -7.434  71.431 0.1000000015
57176  -49.944  -6.027  71.459 0.1000000015
58564  -49.765  -3.375  69.742 0.1000000015
57148  -44.335  -5.250  74.181 0.1000000015
57147  -43.720  -5.329  73.919 0.1000000015
53707  -49.208  -10.503  71.881 0.1000000015
58563  -49.511  -2.850  70.101 0.1000000015
60016  -49.158  -1.597  69.614 0.1000000015
57159  -43.675  -5.018  73.152 0.1000000015
61551  -48.731  0.135  69.098 0.1000000015
60782  -48.651  -0.669  69.522 0.1000000015
63220  -44.886  2.216  67.799 0.1000000015
57188  -43.435  -5.046  71.019 0.1000000015
57202  -43.363  -5.214  70.192 0.1000000015
62420  -43.945  1.153  67.439 0.1000000015
61628  -42.667  0.719  65.281 0.1000000015
61596  -43.256  0.317  67.049 0.1000000015
61627  -42.069  0.125  64.768 0.1000000015
61610  -42.420  -0.137  65.786 0.1000000015
64239  -52.166  2.970  61.046 0.1000000015
61638  -41.160  -0.629  63.247 0.1000000015
65161  -48.023  4.260  60.740 0.1000000015
64240  -52.759  2.494  60.701 0.1000000015
63317  -53.477  1.339  59.950 0.1000000015
64252  -48.413  4.048  59.939 0.1000000015
63337  -53.809  1.961  58.479 0.1000000015
62501  -54.302  0.681  57.735 0.1000000015
62500  -54.120  1.497  57.672 0.1000000015
62507  -54.487  1.178  56.746 0.1000000015
61682  -54.841  0.295  54.323 0.1000000015
60912  -54.961  -0.632  53.945 0.1000000015
62518  -54.747  1.189  52.664 0.1000000015
61686  -54.977  0.293  53.320 0.1000000015
52327  -47.348  -12.457  77.574 0.1000000015
51730  -47.479  -13.950  77.723 0.1000000015
51128  -47.581  -14.419  77.494 0.1000000015
51734  -47.781  -13.409  77.180 0.1000000015
52992  -47.242  -11.464  77.489 0.1000000015
52993  -47.501  -11.979  77.176 0.1000000015
50504  -47.657  -14.943  77.195 0.1000000015
51132  -47.918  -14.217  76.785 0.1000000015
50511  -47.766  -14.939  76.514 0.1000000015
50515  -47.736  -14.904  75.609 0.1000000015
54374  -47.232  -9.917  76.508 0.1000000015
50521  -47.658  -14.853  75.039 0.1000000015
51139  -47.875  -14.223  74.883 0.1000000015
54386  -47.126  -9.340  76.286 0.1000000015
51741  -47.964  -13.313  74.326 0.1000000015
55080  -46.655  -8.367  76.085 0.1000000015
56482  -45.902  -6.142  74.992 0.1000000015
53699  -48.969  -10.216  72.769 0.1000000015
55826  -49.940  -7.474  72.240 0.1000000015
56513  -49.938  -6.645  71.848 0.1000000015
57837  -49.794  -5.145  70.923 0.1000000015
58554  -49.661  -3.898  70.304 0.1000000015
57160  -44.992  -4.772  73.740 0.1000000015
57848  -49.572  -4.144  70.635 0.1000000015
58553  -49.344  -3.320  70.690 0.1000000015
59295  -49.281  -2.344  70.253 0.1000000015
57809  -44.068  -4.509  72.275 0.1000000015
60772  -48.845  -1.247  69.945 0.1000000015
63221  -45.828  2.731  67.712 0.1000000015
63207  -46.897  2.326  68.481 0.1000000015
57819  -43.893  -4.457  71.465 0.1000000015
62403  -45.343  2.043  68.318 0.1000000015
62386  -45.637  1.391  68.876 0.1000000015
62387  -46.704  1.579  69.101 0.1000000015
57833  -43.730  -4.548  70.631 0.1000000015
62385  -44.991  0.807  68.959 0.1000000015
57858  -43.602  -4.375  69.310 0.1000000015
57210  -43.401  -5.130  69.480 0.1000000015
62402  -44.655  1.380  68.233 0.1000000015
60034  -42.602  -2.163  67.011 0.1000000015
59315  -42.779  -3.205  67.649 0.1000000015
57869  -43.366  -4.344  68.670 0.1000000015
57859  -43.791  -4.185  69.770 0.1000000015
57847  -43.960  -4.021  70.225 0.1000000015
62401  -44.200  0.785  68.016 0.1000000015
61584  -44.410  0.316  68.543 0.1000000015
61583  -43.828  0.245  67.869 0.1000000015
60832  -42.494  -1.100  66.487 0.1000000015
61595  -42.750  -0.130  66.500 0.1000000015
60854  -41.276  -2.100  64.083 0.1000000015
60843  -41.462  -2.117  64.900 0.1000000015
60844  -41.879  -1.334  65.526 0.1000000015
65154  -51.411  3.483  61.694 0.1000000015
60867  -41.286  -1.119  63.708 0.1000000015
60855  -41.520  -1.042  64.467 0.1000000015
65151  -49.402  4.650  61.525 0.1000000015
64255  -52.963  2.821  60.192 0.1000000015
63316  -53.195  1.947  60.290 0.1000000015
63326  -53.350  2.390  59.323 0.1000000015
51733  -47.501  -12.956  77.445 0.1000000015
52328  -47.693  -12.463  77.077 0.1000000015
51736  -48.138  -13.348  76.210 0.1000000015
53006  -47.400  -11.005  76.868 0.1000000015
53657  -47.450  -10.549  76.408 0.1000000015
51135  -48.011  -14.170  75.906 0.1000000015
52341  -48.234  -12.455  75.516 0.1000000015
54387  -47.451  -9.707  75.824 0.1000000015
51738  -48.172  -13.339  75.254 0.1000000015
52351  -48.236  -12.467  74.583 0.1000000015
55081  -47.118  -8.700  75.671 0.1000000015
55094  -47.460  -8.448  75.031 0.1000000015
53035  -48.458  -11.604  73.955 0.1000000015
55782  -47.189  -8.038  75.167 0.1000000015
53698  -48.681  -10.652  73.443 0.1000000015
55781  -46.672  -7.705  75.508 0.1000000015
54411  -48.929  -9.852  73.289 0.1000000015
56483  -46.910  -6.840  74.807 0.1000000015
54412  -49.502  -9.456  72.658 0.1000000015
55112  -49.841  -8.373  72.544 0.1000000015
57150  -46.502  -5.763  74.453 0.1000000015
57149  -45.446  -5.400  74.437 0.1000000015
57189  -49.702  -5.480  71.307 0.1000000015
57836  -49.262  -4.624  71.357 0.1000000015
57810  -44.769  -4.348  72.852 0.1000000015
61548  -46.471  0.367  69.826 0.1000000015
60771  -48.488  -1.082  70.227 0.1000000015
57820  -44.631  -3.814  71.922 0.1000000015
61566  -45.638  0.621  69.404 0.1000000015
62370  -47.556  1.132  69.464 0.1000000015
57834  -44.192  -3.880  70.993 0.1000000015
58538  -44.674  -3.316  71.253 0.1000000015
59293  -43.719  -2.799  68.859 0.1000000015
58561  -43.626  -3.481  68.923 0.1000000015
58562  -43.923  -3.653  69.666 0.1000000015
59304  -43.402  -2.759  68.354 0.1000000015
61565  -44.967  0.028  69.391 0.1000000015
60812  -43.368  -0.799  67.784 0.1000000015
60792  -43.876  -1.076  68.458 0.1000000015
60813  -43.979  -0.407  68.314 0.1000000015
60056  -42.191  -2.197  66.266 0.1000000015
60833  -42.913  -0.582  67.023 0.1000000015
65165  -51.835  3.827  60.988 0.1000000015
65153  -51.137  4.069  61.779 0.1000000015
65164  -51.133  4.310  60.828 0.1000000015
65163  -50.168  4.557  60.609 0.1000000015
64254  -52.431  3.424  60.137 0.1000000015
64269  -53.080  3.170  59.313 0.1000000015
64268  -52.502  3.668  59.197 0.1000000015
63336  -53.486  2.816  58.336 0.1000000015
64280  -53.032  3.382  58.526 0.1000000015
52331  -48.051  -12.449  76.418 0.1000000015
53007  -47.688  -11.510  76.609 0.1000000015
53668  -47.844  -10.614  75.761 0.1000000015
53027  -48.298  -11.597  74.834 0.1000000015
53691  -48.504  -10.860  74.282 0.1000000015
54404  -48.496  -9.785  74.113 0.1000000015
54405  -49.016  -9.228  73.449 0.1000000015
55106  -49.322  -8.473  73.243 0.1000000015
55812  -49.529  -7.535  72.995 0.1000000015
56499  -49.534  -6.680  72.559 0.1000000015
57165  -49.128  -6.083  72.720 0.1000000015
57825  -48.952  -5.212  72.052 0.1000000015
57161  -46.124  -4.964  73.966 0.1000000015
57175  -49.421  -5.793  71.988 0.1000000015
58543  -48.889  -3.483  71.513 0.1000000015
59286  -48.955  -2.347  70.940 0.1000000015
57821  -45.563  -3.769  72.583 0.1000000015
60770  -47.781  -0.952  70.530 0.1000000015
60008  -48.386  -1.709  70.912 0.1000000015
60780  -47.176  -0.245  70.257 0.1000000015
60779  -46.313  -0.379  70.290 0.1000000015
62369  -46.884  0.950  69.565 0.1000000015
61549  -47.424  0.441  69.837 0.1000000015
60781  -48.044  -0.278  70.070 0.1000000015
58551  -44.429  -3.141  70.427 0.1000000015
61547  -45.676  -0.046  69.839 0.1000000015
59305  -43.771  -2.327  68.766 0.1000000015
59294  -44.110  -2.630  69.397 0.1000000015
60778  -45.547  -0.717  70.195 0.1000000015
61546  -45.275  -0.364  69.775 0.1000000015
60777  -44.959  -0.759  69.692 0.1000000015
60793  -44.412  -0.739  68.975 0.1000000015
60035  -43.124  -1.998  67.705 0.1000000015
60023  -44.070  -1.691  68.909 0.1000000015
60811  -42.859  -1.310  67.225 0.1000000015
65152  -50.383  4.493  61.670 0.1000000015
65175  -51.864  4.031  59.999 0.1000000015
65174  -50.980  4.401  59.752 0.1000000015
65186  -51.750  4.060  58.939 0.1000000015
64279  -52.479  3.712  58.193 0.1000000015
53019  -48.120  -11.542  75.697 0.1000000015
54396  -47.833  -9.776  75.014 0.1000000015
53680  -48.157  -10.694  74.935 0.1000000015
55082  -47.531  -9.072  75.187 0.1000000015
55095  -47.979  -8.718  74.565 0.1000000015
55105  -48.652  -8.589  73.822 0.1000000015
55811  -48.934  -7.658  73.589 0.1000000015
56498  -49.036  -6.696  73.282 0.1000000015
55797  -47.591  -7.714  74.733 0.1000000015
55798  -48.276  -7.733  74.119 0.1000000015
56484  -47.898  -6.781  74.187 0.1000000015
57151  -47.312  -6.088  74.251 0.1000000015
57163  -47.911  -5.818  73.657 0.1000000015
57835  -48.689  -4.077  71.880 0.1000000015
57162  -47.094  -5.354  73.885 0.1000000015
57812  -46.826  -4.587  73.450 0.1000000015
59276  -49.018  -2.901  71.237 0.1000000015
57822  -46.575  -3.857  72.931 0.1000000015
57823  -47.525  -4.204  72.977 0.1000000015
58530  -46.332  -3.182  72.282 0.1000000015
60769  -46.928  -0.912  70.680 0.1000000015
59285  -48.615  -2.201  71.152 0.1000000015
58552  -44.823  -2.910  70.999 0.1000000015
58540  -45.819  -2.825  71.802 0.1000000015
60768  -46.179  -0.984  70.634 0.1000000015
59282  -44.629  -2.299  70.121 0.1000000015
59283  -45.170  -2.397  70.799 0.1000000015
59284  -45.905  -2.051  71.176 0.1000000015
60022  -43.573  -1.765  68.342 0.1000000015
60004  -45.004  -1.802  70.272 0.1000000015
60005  -45.626  -1.524  70.636 0.1000000015
60014  -44.596  -1.590  69.639 0.1000000015
60015  -45.110  -1.257  70.113 0.1000000015
60865  -35.263  -0.488  62.864 0.1000000015
61634  -35.229  -0.440  63.160 0.1000000015
62448  -38.289  0.885  64.700 0.1000000015
61626  -37.740  0.668  64.634 0.1000000015
62438  -38.692  1.388  65.253 0.2000000030
63257  -39.300  1.813  65.475 0.2000000030
63258  -40.163  2.269  65.401 0.2000000030
64178  -41.011  2.706  65.134 0.3000000119
63240  -39.611  2.460  66.228 0.2000000030
65108  -42.704  4.162  64.772 0.3000000119
66004  -43.585  5.111  63.748 0.3000000119
66005  -44.332  5.518  64.059 0.4000000060
56485  -48.547  -7.031  73.799 0.1000000015
56497  -48.424  -6.406  73.627 0.1000000015
57164  -48.615  -5.776  73.109 0.1000000015
57174  -48.881  -5.549  72.470 0.1000000015
57814  -48.189  -5.319  73.174 0.1000000015
57824  -48.410  -4.718  72.518 0.1000000015
57813  -47.711  -4.972  73.339 0.1000000015
58532  -47.925  -3.933  72.589 0.1000000015
58542  -48.220  -3.456  72.176 0.1000000015
58531  -47.378  -3.425  72.510 0.1000000015
58541  -47.709  -3.104  72.262 0.1000000015
59274  -47.630  -2.649  71.930 0.1000000015
59275  -48.519  -2.617  71.511 0.1000000015
59266  -47.078  -2.889  72.193 0.1000000015
59273  -46.544  -2.441  71.695 0.1000000015
59998  -47.264  -2.023  71.471 0.1000000015
59999  -47.984  -2.079  71.390 0.1000000015
59272  -45.711  -2.495  71.412 0.1000000015
60007  -47.513  -1.497  71.071 0.1000000015
60006  -46.564  -1.593  71.101 0.1000000015
61625  -37.095  0.538  64.755 0.1000000015
64198  -42.195  3.699  65.285 0.3000000119
65996  -43.825  5.078  64.668 0.3000000119
65109  -43.338  4.607  65.248 0.3000000119
65989  -43.922  5.187  65.725 0.3000000119
65997  -44.527  5.474  65.075 0.3000000119
72720  -49.672  14.968  46.521 0.4000000060
73440  -49.215  15.301  47.571 0.5000000000
73434  -49.264  15.276  48.454 0.5000000000
64165  -47.276  3.887  66.095 0.1000000015
62371  -48.213  1.200  69.239 0.1000000015
65110  -47.507  4.461  63.916 0.1000000015
62388  -47.685  1.778  68.990 0.1000000015
64184  -49.008  4.101  65.594 0.1000000015
65127  -48.025  4.584  63.287 0.1000000015
61550  -48.258  0.448  69.546 0.1000000015
65141  -50.480  4.246  62.594 0.1000000015
64229  -51.376  2.930  61.956 0.1000000015
65113  -49.974  4.020  64.115 0.1000000015
65140  -49.665  4.623  62.527 0.1000000015
65149  -47.601  4.332  61.451 0.1000000015
65998  -45.142  5.904  65.348 0.3000000119
62522  -54.646  1.076  50.817 0.1000000015
63345  -53.612  2.884  57.679 0.1000000015
63343  -48.387  2.317  57.196 0.1000000015
64276  -48.339  3.010  58.642 0.1000000015
64265  -48.136  3.387  59.257 0.1000000015
65162  -49.077  4.374  60.418 0.1000000015
64214  -42.147  3.781  64.380 0.4000000060
60876  -34.079  -0.980  62.431 0.1000000015
61635  -35.830  -0.346  63.141 0.1000000015
65183  -43.824  4.535  58.388 0.1000000015
64284  -44.632  4.457  57.734 0.1000000015
62490  -47.760  2.089  57.844 0.1000000015
64166  -48.344  3.847  66.267 0.1000000015
63223  -48.283  2.913  67.672 0.1000000015
64164  -46.223  3.796  65.801 0.1000000015
65137  -46.930  4.349  62.785 0.1000000015
63334  -48.262  2.535  58.170 0.1000000015
62491  -48.119  2.148  57.620 0.1000000015
59396  -55.081  -2.400  55.139 0.1000000015
55113  -50.185  -8.274  71.751 0.1000000015
59296  -49.513  -2.414  69.671 0.1000000015
64202  -47.461  4.368  64.563 0.1000000015
64183  -48.003  4.310  65.316 0.1000000015
65126  -47.179  4.406  63.290 0.1000000015
64227  -47.183  4.334  61.848 0.1000000015
64218  -50.710  3.058  62.771 0.1000000015
65130  -50.410  3.896  63.344 0.1000000015
64228  -50.914  3.235  62.249 0.1000000015
65142  -50.819  3.616  62.462 0.1000000015
63305  -52.546  2.076  61.204 0.1000000015
51127  -47.298  -14.511  78.189 0.1000000015
55070  -46.334  -8.560  76.769 0.1000000015
57846  -43.666  -4.612  69.920 0.1000000015
63304  -51.913  2.541  61.482 0.1000000015
65150  -48.385  4.484  61.488 0.1000000015
60009  -48.935  -1.675  70.367 0.1000000015
63206  -46.063  2.061  68.537 0.1000000015
61567  -46.251  1.010  69.380 0.1000000015
58571  -43.216  -3.746  68.270 0.1000000015
65139  -48.664  4.686  62.430 0.1000000015
55796  -47.094  -7.588  75.024 0.1000000015
57811  -45.799  -4.338  73.302 0.1000000015
58528  -44.946  -3.313  71.667 0.1000000015
58529  -45.389  -3.271  71.987 0.1000000015
58539  -45.197  -2.913  71.434 0.1000000015
61624  -36.133  0.057  64.295 0.1000000015
65125  -43.174  4.632  64.248 0.3000000119
59267  -47.465  -2.999  72.243 0.1000000015
62389  -48.598  1.501  68.658 0.1000000015
65129  -49.858  4.386  63.405 0.1000000015
63208  -47.946  2.377  68.368 0.1000000015
65128  -48.988  4.755  63.381 0.1000000015
72063  -47.827  14.183  42.913 0.2000000030
72064  -48.268  13.820  43.165 0.2000000030
72069  -48.026  13.310  42.655 0.2000000030
72734  -48.174  14.421  43.534 0.2000000030
73429  -49.262  15.263  49.378 0.4000000060
73422  -48.650  15.421  49.890 0.3000000119
72729  -48.578  14.579  44.303 0.2000000030
72724  -48.870  14.964  45.631 0.3000000119
73386  -49.609  15.486  53.251 0.2000000030
74891  -49.131  17.361  54.530 0.2000000030
73413  -48.113  15.620  50.538 0.3000000119
73428  -48.556  15.437  49.045 0.4000000060
74134  -49.679  16.037  53.998 0.2000000030
72068  -47.510  13.843  42.509 0.2000000030
74892  -49.424  16.698  54.677 0.2000000030
72728  -47.740  15.219  44.072 0.1000000015
68327  -43.806  8.464  67.691 0.1000000015
69049  -45.173  9.259  67.627 0.1000000015
67568  -44.244  7.608  67.634 0.1000000015
68328  -44.714  8.453  67.668 0.1000000015
69048  -44.302  9.295  67.687 0.1000000015
67567  -43.328  7.584  67.724 0.1000000015
69769  -44.766  10.103  67.616 0.1000000015
68326  -42.804  8.511  67.643 0.1000000015
67566  -42.323  7.619  67.771 0.1000000015
73457  -48.145  15.381  45.323 0.1000000015
72719  -48.804  15.194  46.337 0.3000000119
73439  -48.492  15.459  47.056 0.1000000015
73433  -48.480  15.439  48.122 0.1000000015
73412  -47.305  15.619  50.377 0.1000000015
73427  -47.758  15.454  48.792 0.1000000015
73448  -48.184  15.439  46.178 0.2000000030
72743  -47.196  14.434  42.658 0.1000000015
72733  -47.510  14.752  43.275 0.1000000015
71369  -47.096  12.958  42.180 0.1000000015
69768  -43.891  10.130  67.616 0.1000000015
71964  -46.913  13.607  65.457 0.1000000015
69047  -43.377  9.347  67.587 0.1000000015
70543  -45.139  10.966  67.482 0.1000000015
71255  -45.423  11.861  67.238 0.1000000015
71265  -45.778  12.672  66.829 0.1000000015
71969  -47.214  13.607  64.612 0.2000000030
73421  -47.905  15.492  49.687 0.2000000030
74157  -46.981  16.382  51.628 0.1000000015
74145  -47.304  16.855  52.261 0.2000000030
74902  -45.694  17.817  54.118 0.1000000015
74903  -46.613  17.956  53.735 0.2000000030
74879  -45.836  18.067  55.868 0.2000000030
73420  -47.115  15.432  49.489 0.1000000015
73403  -46.785  15.947  50.966 0.1000000015
74914  -45.983  17.551  53.043 0.1000000015
74887  -45.428  17.728  55.188 0.1000000015
75589  -45.915  18.668  56.442 0.1000000015
74901  -44.839  17.508  54.473 0.1000000015
74870  -45.442  18.008  56.547 0.1000000015
74878  -45.202  17.543  56.113 0.1000000015
76286  -45.362  19.300  56.695 0.1000000015
76279  -44.779  18.721  56.962 0.1000000015
71956  -46.252  13.555  66.240 0.1000000015
72631  -47.098  14.689  64.681 0.2000000030
73404  -47.555  15.949  51.135 0.2000000030
74915  -46.947  17.511  52.827 0.2000000030
74888  -46.315  18.197  54.867 0.2000000030
74143  -45.196  17.019  52.204 0.1000000015
74913  -45.148  17.570  53.451 0.1000000015
75595  -46.541  18.491  55.753 0.1000000015
74144  -46.415  16.976  52.188 0.1000000015
73411  -46.461  15.622  50.309 0.1000000015
73426  -46.975  15.377  48.577 0.1000000015
73347  -48.608  15.307  61.511 0.1000000015
71264  -44.806  12.722  67.104 0.1000000015
72625  -46.579  14.648  65.438 0.1000000015
74871  -49.400  17.561  56.579 0.1000000015
74880  -49.380  17.620  55.630 0.1000000015
75583  -49.196  18.275  57.246 0.1000000015
75607  -49.021  18.029  54.891 0.1000000015
75598  -49.043  18.361  55.386 0.1000000015
74906  -49.023  16.896  53.735 0.1000000015
76281  -48.841  19.214  57.082 0.1000000015
75597  -48.281  18.569  55.529 0.1000000015
76296  -49.047  18.807  55.945 0.1000000015
76290  -48.893  19.068  56.345 0.1000000015
75606  -48.642  18.121  54.912 0.1000000015
76280  -48.451  19.645  57.095 0.1000000015
76294  -48.004  19.015  56.092 0.1000000015
76289  -48.293  19.468  56.624 0.1000000015
76964  -48.192  19.948  57.135 0.1000000015
74158  -47.770  16.351  51.805 0.2000000030
76963  -47.671  20.087  57.025 0.1000000015
75604  -47.063  18.415  55.152 0.1000000015
75590  -46.698  18.964  56.243 0.1000000015
76287  -46.324  19.523  56.604 0.1000000015
76962  -46.804  20.238  56.986 0.1000000015
73402  -46.360  15.963  50.873 0.1000000015
74131  -44.297  17.272  53.567 0.1000000015
74119  -44.022  17.070  54.824 0.1000000015
74886  -44.674  17.315  55.493 0.1000000015
76961  -45.863  20.488  56.562 0.1000000015
76954  -47.288  20.845  57.419 0.1000000015
77617  -46.534  21.240  57.091 0.1000000015
74162  -45.965  15.781  50.521 0.1000000015
74163  -46.084  15.959  50.807 0.1000000015
75582  -44.595  18.136  57.092 0.1000000015
76960  -45.118  20.052  56.425 0.1000000015
76968  -45.272  20.582  56.234 0.1000000015
77616  -45.962  21.701  56.485 0.1000000015
72624  -46.199  14.570  65.996 0.1000000015
71963  -46.508  14.102  65.788 0.1000000015
71955  -45.256  13.594  66.717 0.1000000015
72641  -47.283  15.270  64.165 0.2000000030
75578  -49.247  18.067  58.131 0.1000000015
76276  -49.011  18.961  57.895 0.1000000015
74890  -48.188  17.851  54.273 0.1000000015
76956  -48.453  19.942  57.537 0.1000000015
77613  -48.307  20.730  58.003 0.1000000015
77612  -47.791  21.316  57.779 0.1000000015
74904  -47.564  17.724  53.525 0.1000000015
74889  -47.271  18.215  54.375 0.1000000015
75596  -47.394  18.723  55.776 0.1000000015
76288  -47.322  19.424  56.504 0.1000000015
74142  -44.591  16.341  51.318 0.1000000015
74130  -43.822  16.715  52.535 0.1000000015
74118  -43.459  16.706  53.932 0.1000000015
74112  -43.143  16.598  55.186 0.1000000015
74106  -43.848  17.023  56.085 0.1000000015
74861  -44.051  17.572  56.745 0.1000000015
73328  -47.457  15.790  63.766 0.1000000015
74086  -48.453  16.323  61.761 0.1000000015
73313  -46.203  15.362  65.690 0.1000000015
75576  -49.227  17.942  58.991 0.1000000015
76273  -49.000  18.698  58.604 0.1000000015
76275  -48.766  19.243  58.358 0.1000000015
76957  -48.708  19.489  57.775 0.1000000015
78289  -47.879  22.046  58.828 0.1000000015
75605  -47.812  18.245  55.039 0.1000000015
77608  -48.082  21.487  58.418 0.1000000015
74087  -48.891  16.187  61.005 0.1000000015
73320  -47.147  15.934  64.485 0.1000000015
73314  -46.699  15.590  65.160 0.1000000015
75574  -49.041  18.028  59.918 0.1000000015
76270  -48.945  18.627  59.271 0.1000000015
76269  -48.583  19.094  59.827 0.1000000015
76272  -48.674  19.260  58.938 0.1000000015
76947  -48.259  20.022  60.177 0.1000000015
76951  -48.594  19.897  58.333 0.1000000015
76949  -48.425  20.021  59.282 0.1000000015
77609  -48.345  20.806  58.795 0.1000000015
78290  -48.110  21.499  59.123 0.1000000015
79618  -46.883  23.564  60.942 0.1000000015
78967  -47.578  22.909  58.947 0.1000000015
74078  -48.081  16.452  62.536 0.1000000015
74845  -48.617  17.163  61.194 0.1000000015
74852  -49.052  17.043  60.439 0.2000000030
74067  -47.648  16.569  63.224 0.1000000015
74054  -46.176  16.297  65.499 0.1000000015
74066  -47.332  16.711  63.913 0.1000000015
74824  -47.461  17.473  63.390 0.1000000015
74835  -47.856  17.395  62.736 0.1000000015
74844  -48.263  17.341  61.987 0.1000000015
74055  -46.737  16.543  65.008 0.1000000015
74059  -47.048  16.876  64.505 0.1000000015
75568  -48.715  17.796  60.661 0.1000000015
74808  -46.334  16.926  65.221 0.1000000015
75552  -47.256  18.464  63.484 0.1000000015
74814  -46.554  17.520  64.855 0.1000000015
74823  -47.141  17.602  64.105 0.1000000015
74813  -46.122  17.908  65.181 0.1000000015
74807  -45.824  17.311  65.501 0.1000000015
76944  -48.051  20.055  61.012 0.1000000015
77602  -47.938  20.701  60.517 0.1000000015
77605  -47.912  21.447  59.702 0.1000000015
80257  -45.028  25.229  62.469 0.1000000015
80258  -45.423  24.644  62.343 0.1000000015
80271  -45.728  24.778  61.862 0.1000000015
78279  -47.736  21.930  59.550 0.1000000015
80270  -45.497  25.592  61.339 0.1000000015
79617  -46.734  24.384  60.432 0.1000000015
79607  -46.592  23.455  61.405 0.1000000015
78955  -47.454  22.670  59.895 0.1000000015
75553  -47.623  18.103  62.941 0.1000000015
75567  -48.366  18.241  61.278 0.1000000015
75573  -48.584  18.476  60.482 0.1000000015
76232  -45.844  18.926  64.998 0.1000000015
75546  -46.734  18.463  64.265 0.1000000015
76257  -48.085  19.252  61.560 0.1000000015
76264  -48.332  19.204  60.732 0.1000000015
75540  -45.733  18.269  65.277 0.1000000015
76256  -47.641  19.526  62.275 0.1000000015
75539  -45.033  17.934  65.602 0.1000000015
76935  -47.836  19.968  61.629 0.1000000015
76934  -47.512  20.462  61.865 0.1000000015
77592  -47.541  21.125  61.093 0.1000000015
77593  -47.794  20.584  60.982 0.1000000015
77601  -47.770  21.367  60.149 0.1000000015
80239  -44.094  25.366  63.268 0.1000000015
80240  -44.635  24.790  63.189 0.1000000015
78928  -46.477  23.363  61.678 0.1000000015
78929  -46.752  22.908  61.559 0.1000000015
78261  -47.149  22.073  61.331 0.1000000015
78943  -47.181  22.824  60.679 0.1000000015
78270  -47.430  21.999  60.431 0.1000000015
75560  -47.984  18.397  62.269 0.1000000015
75559  -47.548  18.783  62.806 0.1000000015
75538  -43.996  17.316  65.468 0.1000000015
76241  -46.228  19.342  64.441 0.1000000015
76919  -47.036  20.059  63.326 0.1000000015
76229  -43.554  17.972  65.167 0.1000000015
76230  -44.411  18.472  65.343 0.1000000015
76240  -45.640  19.461  64.826 0.1000000015
76928  -46.908  20.638  63.133 0.1000000015
76929  -47.224  20.350  62.671 0.1000000015
77568  -47.002  20.945  62.775 0.1000000015
77580  -47.080  21.297  62.157 0.1000000015
79583  -45.067  24.230  63.163 0.1000000015
78894  -45.707  23.213  63.088 0.1000000015
78911  -46.259  23.087  62.287 0.1000000015
76231  -45.237  18.936  65.218 0.1000000015
76918  -46.505  20.350  63.742 0.1000000015
79584  -45.418  23.703  63.106 0.1000000015
78229  -45.953  22.253  63.294 0.1000000015
78244  -46.772  22.149  62.007 0.1000000015
75544  -42.410  16.220  64.538 0.1000000015
76239  -43.222  18.666  64.730 0.1000000015
76908  -44.639  19.472  65.142 0.1000000015
76909  -45.244  19.740  64.943 0.1000000015
76917  -45.709  20.274  64.456 0.1000000015
77567  -46.567  21.345  62.987 0.1000000015
78228  -45.504  22.743  63.505 0.1000000015
78243  -46.412  22.187  62.484 0.1000000015
76907  -43.944  18.978  65.175 0.1000000015
104347  -40.795  15.674  63.362 0.1000000015
104353  -41.806  17.823  63.669 0.1000000015
77552  -45.356  21.205  64.285 0.1000000015
77553  -46.009  21.241  63.841 0.1000000015
76915  -43.974  20.070  64.943 0.1000000015
76916  -44.938  20.381  64.816 0.1000000015
76238  -42.366  18.583  64.117 0.1000000015
78208  -45.635  21.741  63.863 0.1000000015
76914  -43.012  20.032  64.304 0.1000000015
75551  -41.415  18.127  63.229 0.1000000015
75556  -39.720  18.078  62.057 0.1000000015
75558  -41.023  18.510  62.777 0.1000000015
74834  -40.600  17.828  62.614 0.1000000015
76248  -41.661  18.945  63.430 0.1000000015
75566  -40.083  19.158  61.767 0.1000000015
76255  -41.247  19.516  62.876 0.1000000015
76249  -42.246  19.688  63.812 0.1000000015
76926  -41.712  20.269  63.394 0.1000000015
77550  -43.707  21.231  64.604 0.1000000015
77549  -42.909  21.329  64.224 0.1000000015
76927  -42.440  20.549  63.864 0.1000000015
76955  -48.005  20.536  57.431 0.1000000015
80281  -46.129  25.011  60.902 0.1000000015
79631  -47.284  23.604  59.906 0.1000000015
70542  -44.286  10.897  67.557 0.1000000015
73432  -47.600  15.492  47.874 0.1000000015
75591  -49.190  18.470  56.294 0.1000000015
77611  -47.115  21.769  57.550 0.1000000015
78300  -47.573  22.182  58.164 0.1000000015
77606  -48.139  20.949  59.659 0.1000000015
79598  -45.699  24.053  62.517 0.1000000015
79606  -46.338  23.980  61.509 0.1000000015
76242  -46.886  19.370  63.758 0.1000000015
76254  -40.652  19.462  62.266 0.1000000015
65097  -43.256  4.832  66.271 0.2000000030
66752  -45.248  6.288  66.189 0.2000000030
65990  -44.699  5.781  66.113 0.2000000030
66743  -44.333  6.272  67.120 0.2000000030
66736  -44.640  6.908  67.345 0.2000000030
66744  -44.917  6.429  66.752 0.2000000030
65974  -43.305  6.119  67.523 0.2000000030
65982  -43.709  5.598  66.929 0.2000000030
65983  -44.437  5.988  66.757 0.2000000030
65089  -43.072  5.112  66.778 0.2000000030
65096  -42.795  4.152  65.837 0.2000000030
66737  -45.247  7.069  67.073 0.2000000030
66735  -43.821  6.639  67.559 0.2000000030
63256  -38.610  1.762  65.869 0.1000000015
64179  -41.525  3.312  65.808 0.1000000015
63236  -36.113  2.529  66.991 0.1000000015
62419  -37.432  1.728  66.265 0.1000000015
64159  -38.199  2.831  67.023 0.1000000015
63238  -38.007  2.107  66.493 0.1000000015
63239  -38.840  2.292  66.373 0.1000000015
64161  -40.414  3.248  66.662 0.1000000015
64162  -41.438  3.671  66.674 0.1000000015
64163  -41.939  3.977  66.847 0.1000000015
64180  -42.140  3.784  66.287 0.1000000015
65072  -38.431  4.708  67.661 0.1000000015
65970  -39.686  5.690  67.746 0.1000000015
64158  -37.630  2.684  67.010 0.1000000015
64141  -38.288  3.694  67.497 0.1000000015
65073  -39.404  4.747  67.625 0.1000000015
65075  -41.510  4.984  67.521 0.1000000015
65973  -42.663  5.714  67.503 0.1000000015
64143  -39.918  4.051  67.371 0.1000000015
65086  -40.990  3.831  67.076 0.1000000015
65087  -41.505  4.199  67.174 0.1000000015
65981  -42.972  5.263  67.048 0.1000000015
65971  -40.719  5.741  67.729 0.1000000015
67569  -45.062  7.666  67.451 0.1000000015
62437  -38.035  1.356  65.658 0.1000000015
65088  -42.456  4.646  66.960 0.1000000015
62418  -36.695  1.795  66.398 0.1000000015
62436  -37.203  1.140  65.676 0.1000000015
62435  -36.416  1.201  65.880 0.1000000015
64160  -39.148  2.970  66.987 0.1000000015
64142  -39.287  3.851  67.427 0.1000000015
64140  -37.194  3.395  67.560 0.1000000015
65074  -40.522  4.514  67.476 0.1000000015
65076  -42.089  5.257  67.488 0.1000000015
65972  -41.663  5.833  67.701 0.1000000015
58521  -41.620  -3.845  73.376 0.1000000015
58526  -41.637  -3.689  72.517 0.1000000015
59281  -42.778  -2.145  70.812 0.1000000015
59338  -35.270  -1.992  63.532 0.1000000015
60000  -48.394  -2.146  71.243 0.1000000015
60065  -33.493  -1.403  64.935 0.1000000015
60091  -35.535  -1.933  63.562 0.1000000015
60789  -36.128  0.121  68.328 0.1000000015
60804  -35.461  -0.511  67.786 0.1000000015
61561  -37.397  0.992  68.249 0.1000000015
61577  -36.454  0.343  68.275 0.1000000015
61578  -37.088  0.497  68.000 0.1000000015
61705  -44.190  0.316  45.762 0.6000000238
61710  -43.997  0.360  45.348 0.6000000238
61711  -44.127  0.325  45.527 0.6000000238
62503  -46.937  2.580  57.262 0.1000000015
62535  -43.436  0.491  46.258 0.6000000238
62536  -44.289  0.426  46.144 0.6000000238
62537  -44.798  0.816  46.080 0.6000000238
62541  -43.746  0.702  45.142 0.6000000238
62546  -43.725  1.134  44.236 0.6000000238
62547  -44.540  1.040  43.674 0.6000000238
62553  -45.802  1.606  43.164 0.6000000238
63355  -36.869  3.955  54.303 0.5000000000
63356  -37.045  4.109  54.376 0.5000000000
63363  -36.989  4.039  54.100 0.5000000000
63364  -36.878  3.831  54.095 0.5000000000
63374  -41.522  1.500  52.487 0.2000000030
63382  -40.584  2.504  51.877 0.5000000000
63384  -42.252  1.294  51.670 0.3000000119
63385  -42.832  1.846  51.272 0.2000000030
63389  -41.373  2.606  51.348 0.4000000060
63390  -41.573  1.855  50.914 0.3000000119
63391  -42.340  1.794  50.628 0.3000000119
63394  -41.749  2.793  51.058 0.4000000060
63395  -41.746  2.502  50.821 0.3000000119
63396  -41.795  2.145  50.472 0.3000000119
63409  -42.763  0.855  46.901 0.6999999881
63415  -43.160  1.059  46.015 0.6000000238
63416  -45.196  1.239  45.769 0.6000000238
63422  -45.635  1.344  44.973 0.6000000238
64305  -36.905  4.206  54.687 0.5000000000
64306  -37.552  4.137  54.601 0.5000000000
64308  -38.654  3.131  54.984 0.3000000119
64317  -36.850  4.149  54.411 0.5000000000
64319  -37.769  2.897  54.073 0.5000000000
64323  -42.447  3.444  53.311 0.2000000030
64335  -37.845  3.411  53.588 0.5000000000
64339  -42.001  2.431  52.826 0.2000000030
64354  -41.137  3.509  52.061 0.5000000000
64355  -42.469  2.080  52.324 0.2000000030
64364  -40.948  3.094  51.877 0.4000000060
64365  -41.502  3.346  51.616 0.5000000000
64373  -41.764  3.066  51.221 0.4000000060
64374  -42.001  2.920  50.935 0.3000000119
64393  -42.648  1.217  47.053 0.6999999881
64394  -42.917  1.472  47.219 0.6999999881
64402  -43.765  3.009  45.504 0.6999999881
64403  -45.660  2.402  45.973 0.6000000238
64407  -43.143  1.698  45.749 0.6000000238
65143  -51.072  3.345  61.999 0.1000000015
65203  -37.490  4.891  56.304 0.5000000000
65217  -36.850  4.288  55.129 0.5000000000
65218  -37.155  4.389  55.411 0.5000000000
65234  -37.396  4.286  54.597 0.5000000000
65250  -37.700  3.901  53.898 0.5000000000
65268  -39.280  3.529  52.892 0.5000000000
65271  -41.995  4.273  52.222 0.5000000000
65991  -45.199  6.071  65.839 0.2000000030
66035  -38.187  5.285  56.928 0.5000000000
66040  -37.932  5.266  56.534 0.5000000000
66048  -37.619  4.659  55.199 0.5000000000
66055  -38.481  4.504  54.032 0.6000000238
66123  -47.574  4.682  46.061 0.4000000060
66126  -49.608  5.814  46.138 0.3000000119
66824  -39.023  5.695  57.154 0.6000000238
66837  -40.966  6.846  56.389 0.6000000238
66882  -48.212  6.788  53.855 0.6999999881
66889  -51.688  6.230  51.864 0.3000000119
66945  -50.524  6.236  45.959 0.3000000119
66946  -50.762  6.370  46.145 0.2000000030
67601  -50.038  7.729  60.166 0.6000000238
67608  -41.553  6.617  58.494 0.6000000238
67618  -40.542  6.502  57.830 0.6000000238
67640  -41.680  7.151  56.500 0.6999999881
67664  -51.181  8.068  53.026 1.0000000000
67676  -50.154  8.181  51.283 1.0000000000
67695  -53.955  6.603  46.323 0.2000000030
67698  -54.133  6.597  45.966 0.2000000030
67702  -53.708  7.034  45.027 0.2000000030
67703  -54.007  6.688  45.524 0.2000000030
68329  -45.567  8.456  67.406 0.1000000015
68368  -51.254  9.244  58.726 0.8000000119
68380  -52.195  9.348  54.916 0.6999999881
68384  -52.174  9.150  54.699 0.8000000119
68397  -50.566  8.441  51.290 1.0000000000
68403  -50.549  8.803  50.512 1.0000000000
68420  -53.988  7.773  46.055 0.2000000030
68421  -53.726  7.567  46.425 0.2000000030
68422  -54.056  7.162  46.405 0.2000000030
68426  -54.281  7.403  45.963 0.2000000030
68431  -54.169  7.052  44.993 0.2000000030
68432  -54.151  6.978  45.735 0.2000000030
68435  -53.986  7.226  44.933 0.2000000030
69050  -45.802  9.194  67.394 0.1000000015
69101  -52.082  9.387  53.934 0.8000000119
69121  -50.045  9.304  49.170 0.8000000119
69135  -54.261  8.145  45.917 0.2000000030
69136  -54.209  7.857  46.156 0.2000000030
69137  -54.184  7.611  46.291 0.2000000030
69140  -54.185  7.859  45.231 0.2000000030
69141  -54.246  7.892  45.488 0.2000000030
69142  -54.245  7.682  46.013 0.2000000030
69145  -54.148  7.876  45.019 0.2000000030
69146  -54.137  7.619  45.070 0.2000000030
69829  -52.031  10.479  54.076 0.6999999881
69864  -53.584  7.423  45.619 0.2000000030
69865  -53.929  7.856  44.962 0.2000000030
69868  -53.979  7.147  45.114 0.2000000030
69872  -52.738  6.922  45.177 0.2000000030
70603  -51.112  11.154  57.778 0.6999999881
70634  -51.833  11.500  48.778 0.6999999881
70638  -51.655  11.637  48.380 0.6999999881
71314  -50.077  11.928  59.975 0.6999999881
71351  -51.946  12.028  49.065 0.8000000119
72716  -51.243  13.873  47.455 0.8000000119
73306  -45.746  15.213  66.163 0.1000000015
73359  -49.838  14.792  58.479 0.4000000060
73384  -43.123  16.490  53.188 0.1000000015
73395  -49.580  15.258  52.701 0.3000000119
73405  -48.453  15.787  51.513 0.2000000030
73415  -49.404  15.185  50.579 0.4000000060
74107  -44.150  17.114  56.211 0.1000000015
74113  -44.051  16.988  55.772 0.1000000015
74120  -49.441  16.509  54.328 0.2000000030
74132  -48.952  16.609  53.319 0.2000000030
74133  -49.352  16.381  53.669 0.1000000015
74146  -48.010  16.692  52.376 0.3000000119
74155  -45.502  16.069  50.860 0.1000000015
74156  -46.172  16.331  51.366 0.1000000015
74860  -43.901  17.461  56.574 0.1000000015
74862  -44.343  17.698  56.930 0.1000000015
74867  -43.696  17.331  56.229 0.1000000015
74868  -44.205  17.342  56.544 0.1000000015
74869  -44.864  17.616  56.845 0.1000000015
74877  -44.526  17.271  56.222 0.1000000015
75545  -46.223  18.423  64.865 0.1000000015
75557  -40.241  18.459  62.177 0.1000000015
75580  -43.846  17.664  56.624 0.1000000015
75581  -44.053  18.022  56.917 0.1000000015
75588  -45.188  18.385  56.932 0.1000000015
76250  -47.298  19.435  63.075 0.1000000015
76278  -44.373  18.519  56.910 0.1000000015
76295  -48.643  18.937  55.956 0.1000000015
76943  -47.727  20.441  61.315 0.1000000015
76952  -48.755  19.409  58.080 0.1000000015
77579  -46.672  21.742  62.395 0.1000000015
78207  -45.207  22.208  64.011 0.1000000015
78280  -48.004  21.484  59.477 0.1000000015
78893  -45.115  23.246  63.626 0.1000000015
78912  -46.542  22.592  62.081 0.1000000015
79597  -45.292  24.535  62.603 0.1000000015
103755  -37.604  -4.629  63.199 0.1000000015
103757  -37.379  -4.856  62.593 0.1000000015
103759  -37.205  -5.176  62.456 0.1000000015
104107  -47.243  2.977  42.252 0.5000000000
104229  -52.836  6.406  45.513 0.2000000030
104230  -52.539  6.391  45.924 0.2000000030
104231  -52.917  6.705  45.255 0.2000000030
104232  -53.352  6.901  45.004 0.2000000030
