#!ascii label  , from subject 3264 vox2ras=TkReg
454
6204  -39.198  -86.281  28.695 0.0000000000
7726  -37.809  -82.305  20.275 0.0000000000
8699  -42.762  -80.533  28.364 0.0000000000
6663  -37.564  -85.218  24.292 0.0000000000
10877  -42.323  -77.699  24.770 0.0000000000
7108  -40.837  -83.616  32.770 0.0000000000
10301  -45.060  -78.454  32.898 0.0000000000
99132  -44.125  -77.291  37.592 0.0000000000
10865  -42.659  -76.835  28.208 0.0000000000
9770  -43.035  -79.220  26.793 0.0000000000
11453  -41.064  -76.058  26.589 0.0000000000
8191  -43.722  -81.615  32.712 0.0000000000
8677  -44.062  -81.062  34.323 0.0000000000
99111  -44.274  -76.570  37.636 0.0000000000
99102  -43.011  -76.529  35.166 0.0000000000
4870  -36.129  -88.410  26.155 0.0000000000
7162  -37.421  -84.395  21.914 0.0000000000
6234  -33.516  -85.756  23.796 0.0000000000
7166  -33.910  -83.256  21.169 0.0000000000
7125  -40.770  -83.595  28.927 0.0000000000
6214  -39.227  -85.743  26.235 0.0000000000
8715  -41.150  -81.346  24.342 0.0000000000
8724  -40.557  -80.956  22.472 0.0000000000
7690  -42.030  -82.722  30.388 0.0000000000
9758  -44.692  -78.850  30.471 0.0000000000
99099  -42.563  -76.346  30.970 0.0000000000
9197  -44.398  -79.832  37.205 0.0000000000
10289  -44.909  -77.960  35.111 0.0000000000
99095  -41.964  -76.641  33.970 0.0000000000
99137  -39.648  -73.499  31.435 0.0000000000
5787  -35.731  -87.260  24.084 0.0000000000
10891  -39.822  -76.985  20.802 0.0000000000
8742  -38.008  -81.034  18.832 0.0000000000
8738  -34.352  -81.237  18.629 0.0000000000
99107  -40.062  -76.235  27.999 0.0000000000
11445  -41.080  -76.220  27.415 0.0000000000
5321  -37.827  -87.519  27.397 0.0000000000
7169  -37.415  -83.528  21.228 0.0000000000
7167  -35.710  -83.635  21.599 0.0000000000
7718  -35.588  -83.219  20.809 0.0000000000
7723  -34.693  -82.643  19.935 0.0000000000
7724  -36.118  -82.730  19.991 0.0000000000
8208  -41.908  -81.754  28.436 0.0000000000
8210  -41.818  -81.728  27.487 0.0000000000
10319  -42.561  -78.579  25.360 0.0000000000
9238  -42.183  -80.140  25.457 0.0000000000
9242  -41.969  -80.161  24.471 0.0000000000
8720  -40.720  -81.404  23.291 0.0000000000
9778  -42.019  -79.473  23.945 0.0000000000
7117  -41.005  -83.623  30.496 0.0000000000
7678  -41.896  -83.202  31.671 0.0000000000
9215  -44.421  -80.253  32.919 0.0000000000
8688  -44.048  -80.870  31.142 0.0000000000
9756  -44.856  -78.900  31.567 0.0000000000
10857  -43.489  -76.655  30.345 0.0000000000
11436  -44.050  -76.715  31.776 0.0000000000
9737  -44.676  -79.114  37.528 0.0000000000
9741  -44.894  -78.883  36.395 0.0000000000
10287  -44.839  -77.964  36.034 0.0000000000
12579  -42.448  -75.683  34.613 0.0000000000
99110  -42.781  -76.704  34.724 0.0000000000
12587  -40.843  -75.928  33.802 0.0000000000
12596  -39.606  -75.939  33.372 0.0000000000
6656  -38.763  -85.473  25.302 0.0000000000
5781  -36.833  -86.669  25.144 0.0000000000
5797  -36.594  -86.524  24.064 0.0000000000
5800  -33.305  -86.913  22.875 0.0000000000
12088  -40.154  -75.921  20.137 0.0000000000
9801  -39.107  -79.552  18.876 0.0000000000
9271  -36.459  -80.074  17.792 0.0000000000
9764  -43.489  -78.653  28.239 0.0000000000
9232  -42.928  -79.961  27.556 0.0000000000
10871  -43.031  -77.382  27.159 0.0000000000
10875  -43.023  -77.636  26.284 0.0000000000
10874  -42.397  -77.054  25.596 0.0000000000
7674  -42.265  -83.113  32.546 0.0000000000
8187  -43.639  -81.632  33.677 0.0000000000
9212  -44.777  -79.663  33.553 0.0000000000
99120  -44.078  -77.203  36.475 0.0000000000
99119  -43.951  -76.820  36.611 0.0000000000
12580  -42.991  -75.698  34.992 0.0000000000
12589  -43.187  -75.004  34.406 0.0000000000
7154  -38.130  -84.258  22.966 0.0000000000
6672  -36.522  -85.673  22.866 0.0000000000
6671  -35.265  -84.985  23.168 0.0000000000
7143  -32.251  -83.105  23.753 0.0000000000
6683  -34.218  -85.419  21.065 0.0000000000
6689  -34.611  -84.831  19.378 0.0000000000
7175  -34.674  -83.833  19.051 0.0000000000
7734  -34.792  -83.449  17.560 0.0000000000
6645  -40.102  -85.121  28.433 0.0000000000
6210  -39.164  -86.403  27.692 0.0000000000
7129  -40.129  -84.192  26.606 0.0000000000
7698  -40.087  -83.649  25.556 0.0000000000
8213  -41.666  -81.728  26.608 0.0000000000
8218  -40.957  -82.266  24.982 0.0000000000
7147  -39.134  -83.920  24.191 0.0000000000
7155  -39.005  -83.717  23.297 0.0000000000
7714  -39.153  -82.466  22.211 0.0000000000
8233  -39.536  -81.696  21.666 0.0000000000
7120  -40.443  -84.108  29.927 0.0000000000
8204  -41.540  -82.562  29.362 0.0000000000
8694  -42.568  -81.364  29.443 0.0000000000
8195  -43.005  -82.134  31.336 0.0000000000
8692  -43.474  -81.050  30.438 0.0000000000
9223  -43.651  -79.989  29.386 0.0000000000
10310  -44.034  -77.858  29.031 0.0000000000
99121  -42.768  -76.537  29.737 0.0000000000
99134  -38.291  -76.044  30.070 0.0000000000
9205  -44.287  -80.359  35.964 0.0000000000
9209  -44.761  -79.636  34.546 0.0000000000
10298  -45.086  -78.354  33.586 0.0000000000
10838  -43.561  -77.035  35.424 0.0000000000
10846  -43.412  -76.949  34.342 0.0000000000
10850  -43.976  -76.858  32.998 0.0000000000
99097  -42.177  -76.432  32.070 0.0000000000
99105  -38.475  -76.009  31.824 0.0000000000
5775  -37.656  -86.781  26.165 0.0000000000
5336  -35.786  -88.002  25.125 0.0000000000
5795  -35.053  -86.989  23.850 0.0000000000
5346  -33.565  -87.638  23.902 0.0000000000
9781  -41.457  -79.454  23.097 0.0000000000
9251  -40.498  -80.248  21.815 0.0000000000
8726  -39.372  -81.480  20.601 0.0000000000
9260  -39.875  -80.434  19.856 0.0000000000
8239  -37.675  -82.115  19.751 0.0000000000
8731  -36.459  -81.796  18.897 0.0000000000
8729  -34.932  -81.600  18.940 0.0000000000
99106  -38.210  -76.245  28.393 0.0000000000
11451  -38.848  -76.358  27.069 0.0000000000
4861  -37.446  -88.044  27.651 0.0000000000
5316  -38.130  -87.185  27.834 0.0000000000
7720  -37.956  -82.659  20.935 0.0000000000
7719  -36.858  -83.158  20.634 0.0000000000
7725  -37.238  -82.592  20.124 0.0000000000
8209  -41.479  -82.192  28.011 0.0000000000
8702  -42.314  -81.089  27.846 0.0000000000
9773  -42.321  -79.273  25.202 0.0000000000
9776  -42.155  -79.562  24.699 0.0000000000
10322  -42.282  -78.737  24.442 0.0000000000
7107  -39.953  -84.318  32.871 0.0000000000
7112  -39.784  -83.606  31.988 0.0000000000
7113  -40.958  -83.493  31.595 0.0000000000
7673  -41.505  -83.305  32.313 0.0000000000
9216  -44.718  -79.559  32.670 0.0000000000
9219  -44.551  -79.959  31.810 0.0000000000
10302  -44.998  -78.172  32.249 0.0000000000
10305  -44.917  -77.844  31.457 0.0000000000
10853  -44.459  -77.224  32.149 0.0000000000
10282  -44.216  -77.646  38.157 0.0000000000
10278  -44.596  -78.546  37.918 0.0000000000
10283  -44.594  -78.135  37.371 0.0000000000
10829  -44.412  -77.589  36.701 0.0000000000
12588  -42.061  -75.393  34.024 0.0000000000
12007  -41.635  -75.942  34.283 0.0000000000
13159  -41.216  -74.802  33.147 0.0000000000
13160  -41.787  -74.526  33.367 0.0000000000
6664  -38.125  -85.032  24.584 0.0000000000
6228  -37.254  -85.638  24.629 0.0000000000
6238  -36.928  -85.654  24.050 0.0000000000
10346  -38.893  -79.003  18.678 0.0000000000
9273  -37.614  -79.724  17.836 0.0000000000
9807  -37.531  -79.220  17.678 0.0000000000
10309  -43.653  -77.853  28.391 0.0000000000
10313  -43.462  -77.975  27.703 0.0000000000
11446  -41.964  -76.428  27.042 0.0000000000
10870  -42.582  -76.889  26.566 0.0000000000
11454  -41.820  -76.460  26.138 0.0000000000
9211  -44.379  -80.325  33.931 0.0000000000
99131  -43.752  -76.818  38.782 0.0000000000
12002  -44.081  -76.499  36.557 0.0000000000
4869  -35.472  -88.637  25.970 0.0000000000
7153  -37.534  -84.716  22.772 0.0000000000
6680  -37.090  -85.010  22.664 0.0000000000
6679  -36.390  -84.962  22.326 0.0000000000
7710  -34.113  -82.788  22.503 0.0000000000
99027  -33.830  -82.742  23.549 0.0000000000
7150  -32.749  -82.757  22.169 0.0000000000
6685  -33.993  -84.183  21.238 0.0000000000
6686  -34.333  -84.825  20.567 0.0000000000
7178  -35.043  -84.076  17.933 0.0000000000
7730  -34.620  -82.962  18.653 0.0000000000
7124  -40.337  -84.331  28.779 0.0000000000
7133  -39.626  -84.551  25.493 0.0000000000
9231  -42.478  -80.556  27.177 0.0000000000
9234  -42.265  -80.519  26.376 0.0000000000
8711  -41.391  -81.568  25.362 0.0000000000
7702  -40.199  -82.916  24.681 0.0000000000
7705  -40.160  -82.700  24.022 0.0000000000
7704  -39.780  -83.125  23.784 0.0000000000
8223  -40.135  -82.226  23.214 0.0000000000
8719  -40.244  -81.574  22.629 0.0000000000
8227  -39.237  -82.222  21.801 0.0000000000
8723  -40.110  -81.251  21.891 0.0000000000
7684  -41.638  -83.218  30.835 0.0000000000
7121  -41.016  -83.499  29.659 0.0000000000
7689  -41.531  -82.985  29.900 0.0000000000
8205  -42.166  -82.063  29.575 0.0000000000
7675  -42.910  -82.627  32.449 0.0000000000
7680  -42.987  -82.459  31.916 0.0000000000
8190  -43.248  -82.101  32.208 0.0000000000
9221  -44.343  -79.919  30.763 0.0000000000
8693  -43.863  -80.490  30.218 0.0000000000
8696  -43.701  -80.267  29.748 0.0000000000
9224  -44.120  -79.719  29.862 0.0000000000
9228  -43.865  -79.396  29.216 0.0000000000
9762  -44.250  -78.746  29.482 0.0000000000
99125  -41.014  -76.202  30.050 0.0000000000
9202  -44.250  -80.279  36.733 0.0000000000
9743  -45.028  -78.773  35.173 0.0000000000
9206  -44.664  -79.606  35.599 0.0000000000
9746  -45.125  -78.998  34.074 0.0000000000
10294  -45.051  -78.217  34.406 0.0000000000
10832  -44.305  -77.406  36.006 0.0000000000
10843  -43.118  -76.869  34.682 0.0000000000
11433  -42.716  -76.741  33.878 0.0000000000
10847  -44.028  -77.068  33.913 0.0000000000
11435  -43.026  -76.550  33.008 0.0000000000
11432  -41.084  -76.737  33.315 0.0000000000
13163  -39.466  -74.939  32.229 0.0000000000
12595  -38.943  -76.435  32.756 0.0000000000
99104  -38.789  -75.609  32.099 0.0000000000
99114  -38.639  -74.635  30.819 0.0000000000
6213  -39.057  -86.327  26.702 0.0000000000
5770  -37.972  -87.069  26.860 0.0000000000
5771  -38.381  -86.529  26.438 0.0000000000
5343  -36.471  -87.024  24.608 0.0000000000
5337  -36.608  -87.201  25.094 0.0000000000
5342  -36.014  -87.406  24.541 0.0000000000
5335  -35.111  -88.271  24.838 0.0000000000
5341  -34.831  -87.836  24.325 0.0000000000
6235  -34.572  -85.979  23.887 0.0000000000
6236  -35.715  -86.180  23.422 0.0000000000
5349  -33.469  -87.934  22.487 0.0000000000
10324  -42.041  -78.672  23.437 0.0000000000
10883  -41.839  -77.879  23.020 0.0000000000
9789  -40.851  -79.397  21.422 0.0000000000
9250  -40.205  -80.805  21.383 0.0000000000
9253  -40.271  -80.363  20.785 0.0000000000
9268  -38.617  -80.313  18.697 0.0000000000
9793  -39.719  -79.584  19.391 0.0000000000
8743  -38.679  -80.945  19.212 0.0000000000
8734  -39.157  -81.296  19.870 0.0000000000
8733  -38.233  -81.539  19.496 0.0000000000
8238  -36.775  -82.257  19.481 0.0000000000
8732  -37.436  -81.764  19.063 0.0000000000
8739  -35.256  -81.119  18.640 0.0000000000
8730  -35.561  -81.691  18.897 0.0000000000
99103  -41.361  -76.352  28.281 0.0000000000
99123  -41.909  -76.464  27.713 0.0000000000
11452  -40.039  -76.143  26.875 0.0000000000
12581  -44.290  -75.889  36.461 0.0000000000
4865  -37.091  -88.199  26.944 0.0000000000
7712  -38.015  -83.470  21.597 0.0000000000
7161  -36.152  -84.283  21.875 0.0000000000
7168  -36.572  -83.727  21.295 0.0000000000
7711  -35.082  -83.155  21.751 0.0000000000
7717  -34.406  -82.987  21.134 0.0000000000
7172  -34.404  -83.689  20.286 0.0000000000
7693  -41.146  -82.959  28.120 0.0000000000
8212  -41.304  -82.313  27.202 0.0000000000
9774  -42.529  -79.364  25.992 0.0000000000
9239  -42.338  -79.983  26.143 0.0000000000
8712  -41.786  -80.893  24.924 0.0000000000
8221  -40.476  -82.155  23.966 0.0000000000
8716  -41.500  -80.581  24.255 0.0000000000
9244  -41.221  -80.609  23.638 0.0000000000
9248  -41.321  -80.079  23.342 0.0000000000
8683  -44.178  -80.950  32.267 0.0000000000
8196  -43.602  -81.529  31.781 0.0000000000
9755  -44.643  -79.438  31.138 0.0000000000
10307  -44.355  -77.732  29.802 0.0000000000
10304  -44.670  -77.663  30.644 0.0000000000
10858  -44.342  -76.966  31.262 0.0000000000
11438  -43.450  -76.422  31.436 0.0000000000
9203  -44.526  -79.660  36.566 0.0000000000
99096  -42.342  -75.921  34.696 0.0000000000
99101  -41.689  -76.400  34.157 0.0000000000
99090  -40.647  -76.526  34.066 0.0000000000
11431  -40.441  -76.870  34.150 0.0000000000
12586  -40.013  -76.112  33.713 0.0000000000
12597  -40.337  -75.136  32.927 0.0000000000
99155  -40.561  -74.053  32.206 0.0000000000
6652  -38.947  -85.671  25.542 0.0000000000
5776  -37.981  -86.083  25.868 0.0000000000
5783  -37.710  -85.863  25.505 0.0000000000
5789  -36.730  -86.475  24.706 0.0000000000
5788  -36.394  -87.004  24.212 0.0000000000
11483  -39.489  -76.707  19.990 0.0000000000
10896  -39.510  -77.286  20.262 0.0000000000
10333  -39.570  -77.982  20.059 0.0000000000
10340  -39.238  -78.537  19.373 0.0000000000
8741  -37.133  -81.161  18.526 0.0000000000
9266  -36.766  -80.528  18.123 0.0000000000
9265  -35.820  -80.485  18.150 0.0000000000
9227  -43.314  -79.630  28.616 0.0000000000
8703  -42.590  -80.529  27.740 0.0000000000
9768  -43.259  -78.982  27.640 0.0000000000
10316  -43.276  -78.302  26.924 0.0000000000
10864  -42.554  -76.826  27.315 0.0000000000
10320  -43.020  -78.524  26.112 0.0000000000
10878  -42.764  -77.893  25.598 0.0000000000
7109  -41.665  -83.354  32.956 0.0000000000
8186  -43.234  -82.162  33.052 0.0000000000
8182  -43.149  -82.235  33.988 0.0000000000
8680  -44.142  -81.033  33.304 0.0000000000
9750  -45.048  -79.046  33.190 0.0000000000
12001  -43.500  -76.294  35.698 0.0000000000
6674  -37.958  -84.569  23.819 0.0000000000
6673  -37.351  -85.146  23.629 0.0000000000
6670  -33.965  -84.725  24.193 0.0000000000
6669  -33.163  -84.613  24.127 0.0000000000
6249  -33.924  -85.948  21.609 0.0000000000
6692  -34.710  -84.887  18.288 0.0000000000
7181  -35.055  -84.163  17.013 0.0000000000
6200  -39.648  -85.653  28.933 0.0000000000
6205  -39.743  -85.818  28.033 0.0000000000
6211  -39.522  -85.794  27.059 0.0000000000
6651  -39.682  -85.183  26.376 0.0000000000
6653  -39.158  -85.432  25.674 0.0000000000
6657  -39.089  -85.021  24.948 0.0000000000
6665  -38.876  -84.579  24.456 0.0000000000
8705  -42.169  -81.206  26.877 0.0000000000
8708  -41.947  -81.257  25.907 0.0000000000
8707  -41.517  -81.660  25.868 0.0000000000
7701  -39.708  -83.779  24.722 0.0000000000
7146  -38.527  -84.298  23.905 0.0000000000
7707  -38.807  -83.596  22.484 0.0000000000
7708  -39.333  -82.876  22.714 0.0000000000
7163  -38.409  -83.907  21.998 0.0000000000
7713  -38.811  -82.922  21.731 0.0000000000
7721  -38.663  -82.461  21.165 0.0000000000
8231  -38.627  -82.174  20.805 0.0000000000
7692  -41.204  -82.972  29.132 0.0000000000
8207  -41.466  -82.346  28.796 0.0000000000
8698  -42.380  -81.193  28.899 0.0000000000
8194  -42.567  -82.515  31.198 0.0000000000
8687  -43.351  -81.402  31.026 0.0000000000
8201  -42.942  -81.654  30.299 0.0000000000
8206  -42.703  -81.478  29.709 0.0000000000
8695  -43.157  -80.792  29.503 0.0000000000
9765  -43.845  -78.724  28.790 0.0000000000
10866  -43.371  -77.267  28.849 0.0000000000
10862  -43.532  -77.091  29.467 0.0000000000
99122  -42.763  -76.644  29.219 0.0000000000
9208  -44.329  -80.338  34.955 0.0000000000
10839  -44.378  -77.503  35.330 0.0000000000
10837  -43.005  -76.815  34.939 0.0000000000
10844  -43.829  -77.188  34.737 0.0000000000
10845  -44.571  -77.574  34.577 0.0000000000
10848  -44.827  -77.719  33.915 0.0000000000
10851  -44.780  -77.633  33.094 0.0000000000
10852  -43.575  -76.593  32.253 0.0000000000
99098  -40.626  -76.569  32.131 0.0000000000
99088  -39.473  -76.979  32.921 0.0000000000
99092  -39.978  -76.875  32.711 0.0000000000
99093  -39.395  -76.546  32.104 0.0000000000
99115  -38.764  -76.197  30.961 0.0000000000
5766  -38.541  -86.935  27.302 0.0000000000
5326  -37.022  -88.076  26.387 0.0000000000
5332  -37.049  -87.106  25.755 0.0000000000
5331  -36.688  -87.949  25.822 0.0000000000
5330  -36.056  -88.104  25.720 0.0000000000
4875  -35.050  -88.690  25.282 0.0000000000
6237  -36.603  -86.037  23.679 0.0000000000
5796  -36.100  -86.774  23.765 0.0000000000
5794  -33.931  -86.834  24.017 0.0000000000
5347  -34.335  -87.392  24.028 0.0000000000
12052  -39.542  -75.596  26.008 0.0000000000
11461  -41.660  -76.493  25.424 0.0000000000
11466  -41.740  -76.818  24.820 0.0000000000
10880  -42.161  -77.853  23.783 0.0000000000
9780  -41.183  -79.688  22.758 0.0000000000
10327  -41.557  -78.548  22.739 0.0000000000
9784  -41.338  -79.025  22.630 0.0000000000
8727  -39.894  -81.324  21.072 0.0000000000
8241  -39.018  -81.889  20.465 0.0000000000
10341  -40.028  -78.989  19.601 0.0000000000
9794  -40.277  -79.566  20.013 0.0000000000
9788  -40.609  -79.432  20.726 0.0000000000
8240  -38.388  -82.023  20.210 0.0000000000
8237  -35.597  -82.204  19.368 0.0000000000
8236  -35.011  -81.873  19.243 0.0000000000
8245  -34.745  -82.279  19.305 0.0000000000
7729  -34.578  -82.598  18.519 0.0000000000
4866  -37.494  -87.894  27.109 0.0000000000
4871  -36.694  -88.280  26.434 0.0000000000
4876  -35.653  -88.319  25.664 0.0000000000
5322  -38.104  -87.122  27.476 0.0000000000
5327  -37.389  -87.627  26.532 0.0000000000
5338  -36.903  -86.807  25.359 0.0000000000
5765  -38.081  -87.105  27.241 0.0000000000
5782  -37.224  -86.294  25.377 0.0000000000
5790  -36.944  -86.047  24.982 0.0000000000
6216  -38.833  -85.929  25.807 0.0000000000
6217  -39.092  -85.732  25.873 0.0000000000
6221  -37.586  -85.700  25.195 0.0000000000
6222  -38.158  -85.611  25.336 0.0000000000
6227  -36.722  -86.031  24.250 0.0000000000
6229  -37.783  -85.450  24.947 0.0000000000
6233  -33.242  -85.013  23.573 0.0000000000
6248  -33.658  -85.348  22.068 0.0000000000
6660  -32.395  -83.689  24.021 0.0000000000
6661  -32.705  -83.755  24.286 0.0000000000
6668  -32.693  -84.173  23.644 0.0000000000
7137  -39.268  -84.374  24.771 0.0000000000
7142  -31.990  -82.470  22.754 0.0000000000
7151  -32.633  -83.529  22.576 0.0000000000
7159  -34.358  -83.147  23.157 0.0000000000
7165  -33.358  -83.432  21.751 0.0000000000
7171  -33.993  -83.885  20.943 0.0000000000
7679  -42.590  -82.757  31.726 0.0000000000
7685  -42.257  -82.867  31.052 0.0000000000
7716  -33.441  -82.793  21.894 0.0000000000
8200  -42.469  -82.316  30.653 0.0000000000
8216  -41.572  -81.692  26.116 0.0000000000
8224  -40.444  -81.920  23.482 0.0000000000
8228  -39.673  -82.029  22.316 0.0000000000
8232  -39.122  -82.014  21.148 0.0000000000
8244  -34.571  -82.162  18.736 0.0000000000
8735  -39.804  -81.041  20.389 0.0000000000
9196  -44.164  -80.392  37.391 0.0000000000
9220  -44.705  -79.357  32.117 0.0000000000
9235  -42.594  -79.940  26.681 0.0000000000
9245  -41.574  -80.049  23.796 0.0000000000
9247  -41.075  -80.252  22.811 0.0000000000
9254  -40.591  -79.874  21.184 0.0000000000
9259  -39.216  -80.369  19.298 0.0000000000
9272  -37.132  -79.891  17.746 0.0000000000
9754  -44.933  -78.957  32.436 0.0000000000
9759  -45.013  -78.331  30.982 0.0000000000
9783  -41.107  -79.410  22.310 0.0000000000
10334  -40.222  -78.491  20.290 0.0000000000
10895  -39.204  -76.997  19.808 0.0000000000
10900  -39.264  -77.802  19.794 0.0000000000
11430  -42.488  -76.662  34.434 0.0000000000
11434  -43.450  -76.774  33.479 0.0000000000
11447  -42.305  -76.636  27.577 0.0000000000
11458  -39.188  -76.132  26.194 0.0000000000
11479  -40.056  -76.819  20.985 0.0000000000
12006  -41.465  -75.799  34.062 0.0000000000
12012  -39.745  -76.757  33.537 0.0000000000
12013  -40.086  -76.433  33.907 0.0000000000
12051  -38.611  -75.618  25.884 0.0000000000
12081  -40.266  -76.003  20.452 0.0000000000
12594  -39.127  -76.746  32.687 0.0000000000
99023  -33.081  -82.218  23.070 0.0000000000
99024  -33.667  -82.472  23.067 0.0000000000
99025  -32.793  -83.153  22.093 0.0000000000
99028  -33.067  -82.834  21.798 0.0000000000
99087  -41.321  -76.144  34.169 0.0000000000
99091  -41.262  -75.936  34.081 0.0000000000
99112  -42.204  -76.539  33.144 0.0000000000
99113  -39.024  -75.766  32.696 0.0000000000
