#!ascii label  , from subject 3264 vox2ras=TkReg
368
52089  -27.292  -13.218  8.077 0.0000000000
54069  -27.754  -10.068  4.968 0.0000000000
64753  -29.897  3.088  -2.715 0.0000000000
58266  -30.463  -3.963  -1.618 0.0000000000
54838  -30.635  -9.186  0.976 0.0000000000
53401  -30.577  -12.196  5.440 0.0000000000
69481  -29.052  7.409  0.769 0.0000000000
56942  -30.772  -6.725  -0.642 0.0000000000
55552  -28.676  -8.074  0.805 0.0000000000
53370  -27.646  -11.039  6.954 0.0000000000
53411  -29.178  -11.450  4.750 0.0000000000
52661  -29.285  -11.495  8.247 0.0000000000
50310  -22.947  -16.185  7.565 0.0000000000
52712  -25.626  -12.389  6.892 0.0000000000
75273  -27.005  16.074  6.214 0.0000000000
74546  -27.939  14.302  3.049 0.0000000000
70965  -30.055  11.039  1.835 0.0000000000
67349  -31.509  6.862  -1.758 0.0000000000
63773  -32.799  2.178  -2.201 0.0000000000
61295  -30.976  -1.032  -3.609 0.0000000000
59760  -32.288  -1.466  -1.074 0.0000000000
56956  -32.535  -5.503  0.102 0.0000000000
55576  -32.839  -7.806  0.221 0.0000000000
54133  -31.893  -10.485  1.911 0.0000000000
54815  -28.970  -9.190  2.179 0.0000000000
54110  -30.451  -9.575  3.106 0.0000000000
56291  -28.521  -7.070  -0.347 0.0000000000
56268  -27.890  -7.535  -0.107 0.0000000000
53352  -27.570  -11.791  7.252 0.0000000000
103516  -28.546  -11.407  7.199 0.0000000000
52675  -28.574  -12.428  8.229 0.0000000000
48214  -22.767  -18.033  10.191 0.0000000000
48904  -22.994  -17.581  9.754 0.0000000000
48938  -23.064  -17.103  9.343 0.0000000000
103546  -25.566  -10.979  6.498 0.0000000000
52728  -24.522  -11.947  6.918 0.0000000000
73811  -28.904  13.526  1.574 0.0000000000
103595  -29.541  5.565  -1.312 0.0000000000
103588  -30.593  7.040  -0.383 0.0000000000
65696  -30.813  4.684  -1.749 0.0000000000
65698  -32.330  4.428  -2.160 0.0000000000
63782  -31.397  2.126  -2.297 0.0000000000
59014  -30.184  -1.840  -2.044 0.0000000000
60547  -31.519  -1.030  -2.843 0.0000000000
58998  -31.046  -2.778  -1.277 0.0000000000
58257  -32.634  -4.037  -0.304 0.0000000000
58256  -31.840  -4.571  -0.887 0.0000000000
55574  -31.341  -7.699  0.236 0.0000000000
56295  -31.971  -7.165  -0.257 0.0000000000
55556  -32.323  -8.439  0.573 0.0000000000
54840  -32.553  -9.259  0.776 0.0000000000
54154  -31.784  -10.001  1.038 0.0000000000
103527  -26.949  -8.225  3.151 0.0000000000
54814  -27.881  -8.641  1.872 0.0000000000
103532  -28.096  -9.528  2.900 0.0000000000
53412  -30.362  -11.240  4.367 0.0000000000
54101  -29.928  -10.570  3.740 0.0000000000
54091  -31.122  -11.326  4.621 0.0000000000
54103  -31.997  -9.820  3.905 0.0000000000
54092  -31.821  -10.699  4.534 0.0000000000
50911  -23.538  -15.723  9.052 0.0000000000
50941  -23.217  -15.262  8.375 0.0000000000
50912  -24.036  -15.028  9.421 0.0000000000
51516  -25.023  -13.993  9.501 0.0000000000
58253  -29.502  -5.080  -2.078 0.0000000000
57592  -30.798  -5.549  -1.524 0.0000000000
56952  -29.728  -6.190  -1.083 0.0000000000
56293  -30.190  -7.509  -0.083 0.0000000000
54837  -30.156  -8.642  1.124 0.0000000000
103519  -28.494  -11.051  6.193 0.0000000000
103521  -28.837  -11.307  6.168 0.0000000000
103523  -29.826  -11.859  7.111 0.0000000000
49622  -23.221  -16.697  9.075 0.0000000000
54782  -26.146  -9.024  5.942 0.0000000000
54068  -26.785  -9.957  6.508 0.0000000000
53368  -26.640  -11.991  6.939 0.0000000000
52109  -26.613  -13.113  7.643 0.0000000000
74475  -28.035  16.720  6.920 0.0000000000
75295  -26.311  15.439  4.887 0.0000000000
75301  -27.382  16.159  3.848 0.0000000000
74548  -29.167  13.615  3.706 0.0000000000
73056  -30.860  12.460  2.090 0.0000000000
70951  -31.613  10.129  2.621 0.0000000000
70240  -29.501  9.736  1.465 0.0000000000
69483  -31.495  7.735  1.764 0.0000000000
68800  -32.278  8.100  -0.232 0.0000000000
66505  -32.744  5.261  -1.782 0.0000000000
64747  -33.156  3.115  -1.799 0.0000000000
62909  -33.282  1.503  -1.758 0.0000000000
62915  -30.145  1.096  -2.433 0.0000000000
62086  -31.304  0.450  -2.893 0.0000000000
61285  -32.733  -0.127  -2.075 0.0000000000
60544  -33.489  -1.185  -1.173 0.0000000000
58987  -33.804  -3.355  -0.413 0.0000000000
57582  -33.597  -5.243  0.824 0.0000000000
56955  -32.478  -6.098  -0.977 0.0000000000
56296  -32.946  -6.951  -0.171 0.0000000000
55535  -28.056  -8.137  1.234 0.0000000000
55536  -28.721  -8.540  1.449 0.0000000000
54816  -29.891  -8.907  1.736 0.0000000000
103528  -28.487  -10.325  3.455 0.0000000000
54109  -29.440  -9.928  2.877 0.0000000000
54132  -30.817  -9.929  1.799 0.0000000000
54111  -31.428  -9.782  3.008 0.0000000000
54112  -32.389  -10.207  2.944 0.0000000000
52106  -24.343  -13.152  8.367 0.0000000000
51537  -25.463  -13.132  8.367 0.0000000000
51518  -27.014  -13.798  9.352 0.0000000000
52695  -28.069  -12.346  7.745 0.0000000000
52072  -28.601  -12.972  8.926 0.0000000000
52090  -27.935  -13.220  8.676 0.0000000000
48885  -22.662  -17.752  9.832 0.0000000000
48215  -23.386  -18.048  10.468 0.0000000000
65695  -29.926  4.483  -2.239 0.0000000000
103605  -30.033  5.638  -1.758 0.0000000000
65703  -30.415  3.809  -2.213 0.0000000000
65704  -31.037  3.750  -1.824 0.0000000000
64754  -30.457  2.931  -2.079 0.0000000000
58997  -29.765  -2.894  -1.579 0.0000000000
59770  -29.390  -2.160  -1.911 0.0000000000
59012  -30.430  -2.108  -1.840 0.0000000000
58267  -31.182  -3.994  -0.880 0.0000000000
58255  -31.059  -4.754  -1.413 0.0000000000
55555  -31.451  -8.386  0.637 0.0000000000
54839  -31.651  -9.218  0.790 0.0000000000
54153  -31.152  -9.755  0.946 0.0000000000
53402  -31.769  -12.054  5.373 0.0000000000
57590  -29.104  -5.472  -1.526 0.0000000000
57591  -29.893  -5.699  -1.652 0.0000000000
57581  -29.315  -6.015  -1.279 0.0000000000
56269  -28.590  -7.707  0.097 0.0000000000
56292  -29.264  -7.222  -0.227 0.0000000000
56270  -29.344  -7.851  0.330 0.0000000000
56271  -29.888  -7.966  0.501 0.0000000000
55553  -29.540  -8.410  1.008 0.0000000000
103514  -28.973  -11.431  7.404 0.0000000000
103518  -28.750  -11.211  6.778 0.0000000000
103520  -29.211  -11.396  7.105 0.0000000000
48872  -22.237  -17.812  10.664 0.0000000000
49623  -23.929  -16.459  9.910 0.0000000000
103548  -25.476  -11.572  6.587 0.0000000000
54067  -26.156  -11.371  6.699 0.0000000000
52713  -26.337  -12.520  7.019 0.0000000000
75262  -27.162  16.901  7.067 0.0000000000
74499  -27.525  16.323  6.084 0.0000000000
74545  -27.469  14.525  3.074 0.0000000000
75308  -27.143  16.150  3.083 0.0000000000
75309  -27.711  15.838  3.101 0.0000000000
75302  -28.121  16.161  3.612 0.0000000000
75310  -28.327  15.421  3.137 0.0000000000
75311  -28.893  14.900  3.519 0.0000000000
74547  -28.465  14.031  3.256 0.0000000000
72363  -29.695  12.545  1.735 0.0000000000
73055  -29.996  12.620  2.070 0.0000000000
71681  -30.783  11.865  1.778 0.0000000000
71682  -31.551  11.807  1.792 0.0000000000
70966  -31.015  10.822  1.983 0.0000000000
69493  -28.994  8.535  1.158 0.0000000000
68088  -30.897  7.110  -1.262 0.0000000000
103587  -30.904  7.231  0.368 0.0000000000
68799  -31.643  7.640  -0.072 0.0000000000
68785  -31.804  7.744  0.622 0.0000000000
68105  -32.121  7.179  -1.483 0.0000000000
68090  -32.588  7.628  -1.316 0.0000000000
67350  -32.155  6.485  -1.765 0.0000000000
64746  -32.443  3.267  -2.191 0.0000000000
63774  -33.417  2.473  -1.307 0.0000000000
60555  -30.017  -1.348  -3.524 0.0000000000
61294  -30.144  -0.836  -3.831 0.0000000000
61289  -30.765  -0.365  -3.251 0.0000000000
61290  -31.482  -0.380  -3.036 0.0000000000
59772  -32.077  -1.173  -1.554 0.0000000000
60548  -32.069  -1.034  -2.211 0.0000000000
60549  -32.829  -1.265  -1.857 0.0000000000
61286  -33.334  -0.293  -1.572 0.0000000000
59761  -32.884  -1.684  -1.276 0.0000000000
59750  -33.634  -2.025  -0.512 0.0000000000
59749  -32.436  -2.005  -0.829 0.0000000000
57595  -33.174  -4.822  -0.056 0.0000000000
57596  -33.606  -4.528  0.497 0.0000000000
56957  -33.077  -5.193  0.373 0.0000000000
56954  -31.346  -6.214  -1.237 0.0000000000
57593  -31.697  -5.393  -1.228 0.0000000000
56943  -31.697  -6.719  -0.663 0.0000000000
56297  -33.411  -6.724  0.743 0.0000000000
56272  -33.416  -7.440  0.226 0.0000000000
54155  -32.750  -10.092  1.195 0.0000000000
54134  -32.966  -10.806  1.900 0.0000000000
54812  -26.738  -8.222  1.107 0.0000000000
55537  -29.290  -8.741  1.630 0.0000000000
54130  -29.644  -9.228  2.363 0.0000000000
103524  -28.441  -11.074  4.069 0.0000000000
103525  -28.861  -11.259  4.115 0.0000000000
54131  -30.164  -9.308  2.335 0.0000000000
51536  -24.949  -13.184  8.867 0.0000000000
51517  -25.864  -13.390  9.207 0.0000000000
50915  -26.419  -14.046  9.811 0.0000000000
57580  -28.748  -6.083  -1.207 0.0000000000
52696  -28.578  -12.110  7.879 0.0000000000
52676  -28.919  -12.222  8.479 0.0000000000
52073  -29.158  -12.878  9.408 0.0000000000
48200  -22.867  -18.210  10.987 0.0000000000
48937  -21.887  -17.337  8.664 0.0000000000
54781  -25.694  -10.053  6.297 0.0000000000
53386  -24.986  -11.031  6.109 0.0000000000
52729  -25.029  -12.056  6.896 0.0000000000
75272  -26.354  16.002  6.575 0.0000000000
74554  -27.672  13.747  2.852 0.0000000000
74555  -28.280  13.700  2.721 0.0000000000
73803  -28.185  13.528  1.996 0.0000000000
73053  -28.726  13.232  1.369 0.0000000000
71679  -29.382  12.129  1.586 0.0000000000
69482  -30.145  6.897  0.636 0.0000000000
103586  -30.178  6.519  -0.573 0.0000000000
103606  -30.386  6.463  -1.245 0.0000000000
66503  -31.381  5.813  -2.038 0.0000000000
66504  -32.175  5.469  -2.139 0.0000000000
65697  -31.573  4.651  -2.177 0.0000000000
64756  -31.749  2.871  -2.315 0.0000000000
63783  -32.068  2.377  -2.390 0.0000000000
60556  -30.602  -1.168  -2.797 0.0000000000
59771  -31.200  -1.459  -1.967 0.0000000000
58985  -31.904  -2.445  -0.717 0.0000000000
58986  -32.694  -2.911  -0.546 0.0000000000
58999  -31.819  -3.390  -0.581 0.0000000000
58268  -31.769  -4.090  -0.458 0.0000000000
57594  -32.503  -5.091  -0.662 0.0000000000
56294  -31.124  -7.246  -0.214 0.0000000000
55575  -32.152  -7.750  0.213 0.0000000000
55557  -33.232  -8.258  0.644 0.0000000000
103537  -27.499  -8.433  2.075 0.0000000000
103526  -27.335  -8.627  2.597 0.0000000000
54102  -30.966  -10.140  4.064 0.0000000000
54093  -32.561  -10.240  4.481 0.0000000000
53403  -32.491  -11.226  5.035 0.0000000000
50311  -23.410  -16.201  8.364 0.0000000000
50942  -23.571  -14.579  8.955 0.0000000000
51535  -24.118  -13.923  9.120 0.0000000000
51515  -24.514  -14.426  9.530 0.0000000000
50913  -24.967  -14.797  9.848 0.0000000000
58265  -29.340  -4.147  -2.214 0.0000000000
58254  -30.281  -4.916  -2.020 0.0000000000
56953  -30.411  -6.214  -1.197 0.0000000000
56940  -29.117  -6.475  -0.724 0.0000000000
56941  -29.909  -6.620  -0.549 0.0000000000
55573  -30.792  -7.655  0.152 0.0000000000
55554  -30.511  -8.124  0.664 0.0000000000
52751  -31.293  -12.615  6.025 0.0000000000
52750  -31.006  -12.503  7.020 0.0000000000
52651  -29.631  -11.320  9.754 0.0000000000
48871  -21.799  -17.563  11.248 0.0000000000
49649  -22.673  -16.741  8.082 0.0000000000
49621  -22.494  -16.891  8.713 0.0000000000
49650  -23.268  -16.549  8.632 0.0000000000
50278  -23.462  -16.223  9.166 0.0000000000
54082  -26.562  -7.893  5.470 0.0000000000
53369  -27.078  -11.586  6.983 0.0000000000
53351  -27.353  -11.881  7.170 0.0000000000
52714  -26.924  -12.479  7.266 0.0000000000
76696  -27.338  19.586  7.651 0.0000000000
75284  -26.011  15.089  5.986 0.0000000000
75285  -26.701  15.425  5.738 0.0000000000
75300  -26.725  16.068  4.034 0.0000000000
75286  -27.177  15.891  5.581 0.0000000000
75297  -27.727  16.219  4.660 0.0000000000
74517  -28.542  16.250  5.041 0.0000000000
74556  -28.876  13.454  2.919 0.0000000000
73806  -30.130  12.870  2.745 0.0000000000
73047  -30.594  12.608  2.421 0.0000000000
72365  -31.274  12.351  1.953 0.0000000000
70967  -31.948  11.054  1.967 0.0000000000
70242  -33.122  8.864  1.937 0.0000000000
70979  -28.810  10.755  1.597 0.0000000000
70980  -29.354  10.668  1.692 0.0000000000
70226  -29.555  8.191  1.570 0.0000000000
70227  -30.718  9.027  1.964 0.0000000000
68773  -31.763  7.735  1.209 0.0000000000
69494  -32.381  8.344  1.172 0.0000000000
69511  -32.944  8.729  0.124 0.0000000000
68801  -33.068  8.852  -1.068 0.0000000000
66491  -33.197  5.150  -1.253 0.0000000000
65699  -33.048  4.178  -1.667 0.0000000000
62914  -29.573  1.211  -2.864 0.0000000000
63780  -29.797  2.056  -2.262 0.0000000000
62916  -30.982  1.204  -2.420 0.0000000000
62917  -31.881  1.397  -2.453 0.0000000000
62087  -31.961  0.381  -2.544 0.0000000000
62908  -32.581  1.050  -2.200 0.0000000000
62081  -33.126  0.538  -1.999 0.0000000000
58258  -33.814  -3.927  0.160 0.0000000000
56944  -32.365  -6.328  -0.101 0.0000000000
56945  -32.957  -5.768  0.738 0.0000000000
54841  -33.516  -9.242  0.914 0.0000000000
55551  -27.991  -7.847  0.585 0.0000000000
54817  -30.419  -9.287  1.713 0.0000000000
54804  -28.715  -9.835  2.759 0.0000000000
54100  -29.020  -11.011  3.630 0.0000000000
52130  -24.764  -12.326  7.324 0.0000000000
52107  -25.039  -12.890  7.667 0.0000000000
52108  -25.907  -13.205  7.785 0.0000000000
52088  -26.490  -13.343  8.484 0.0000000000
49660  -22.120  -16.695  7.611 0.0000000000
52694  -27.402  -12.245  7.363 0.0000000000
54813  -27.527  -8.219  1.439 0.0000000000
55534  -27.447  -8.211  0.900 0.0000000000
59011  -29.914  -1.989  -1.916 0.0000000000
59013  -30.039  -1.745  -2.222 0.0000000000
59748  -32.028  -1.885  -0.796 0.0000000000
59759  -31.731  -1.727  -1.041 0.0000000000
59773  -32.535  -1.333  -1.448 0.0000000000
59781  -30.360  -1.594  -2.229 0.0000000000
60534  -32.016  -1.696  -0.659 0.0000000000
60535  -32.270  -1.831  -0.785 0.0000000000
60542  -31.875  -1.700  -0.883 0.0000000000
60543  -32.103  -1.714  -0.848 0.0000000000
61291  -32.131  -0.415  -2.478 0.0000000000
61292  -32.660  -0.681  -2.132 0.0000000000
62080  -32.451  0.284  -2.176 0.0000000000
62085  -30.539  0.453  -3.078 0.0000000000
63781  -30.640  1.990  -1.946 0.0000000000
64745  -29.798  3.729  -2.608 0.0000000000
64755  -31.147  2.890  -2.126 0.0000000000
65702  -30.031  3.810  -2.525 0.0000000000
65705  -31.711  3.655  -2.245 0.0000000000
66502  -30.567  5.641  -1.787 0.0000000000
67334  -31.211  7.091  -1.498 0.0000000000
67335  -32.472  6.937  -1.477 0.0000000000
67348  -30.940  6.580  -1.703 0.0000000000
67351  -32.491  5.882  -1.693 0.0000000000
68079  -30.948  7.291  -0.773 0.0000000000
68080  -31.147  7.404  -0.212 0.0000000000
68089  -31.568  7.502  -1.084 0.0000000000
68104  -31.841  7.090  -1.601 0.0000000000
68784  -31.372  7.439  0.399 0.0000000000
70228  -32.235  8.898  2.613 0.0000000000
70239  -28.694  9.203  1.062 0.0000000000
70241  -30.316  10.195  1.841 0.0000000000
70259  -29.043  10.289  1.446 0.0000000000
70952  -32.480  10.348  2.325 0.0000000000
71680  -30.004  12.003  1.790 0.0000000000
71688  -28.690  11.643  1.534 0.0000000000
71689  -29.395  11.440  1.731 0.0000000000
72362  -28.891  12.568  1.354 0.0000000000
72364  -30.488  12.365  1.924 0.0000000000
72366  -31.779  12.195  1.850 0.0000000000
73046  -30.164  12.707  2.351 0.0000000000
73054  -29.313  13.075  1.546 0.0000000000
73057  -31.147  12.492  2.101 0.0000000000
73804  -28.895  13.660  2.149 0.0000000000
73805  -29.446  13.225  2.492 0.0000000000
73807  -30.834  12.919  3.111 0.0000000000
73810  -28.575  13.435  1.536 0.0000000000
73812  -29.411  13.256  1.911 0.0000000000
73813  -29.820  12.915  2.274 0.0000000000
74486  -27.573  16.530  6.467 0.0000000000
74516  -27.708  16.287  5.544 0.0000000000
74544  -27.131  14.838  2.902 0.0000000000
74557  -29.694  13.165  3.252 0.0000000000
74558  -30.324  13.096  3.292 0.0000000000
75296  -26.984  15.858  4.816 0.0000000000
75298  -28.450  16.180  4.162 0.0000000000
75299  -26.028  16.138  4.159 0.0000000000
75316  -27.416  15.256  2.956 0.0000000000
75317  -27.816  15.004  3.003 0.0000000000
75318  -28.345  14.697  3.201 0.0000000000
75319  -28.845  14.339  3.698 0.0000000000
103589  -31.311  7.304  0.943 0.0000000000
103598  -30.632  7.089  -0.944 0.0000000000
