#!ascii label  , from subject 3264 vox2ras=TkReg
806
37495  16.900  -29.138  90.596 0.0000000000
30711  8.573  -39.173  76.069 0.0000000000
34986  8.225  -33.742  90.306 0.0000000000
36957  8.043  -31.184  84.634 0.0000000000
39601  3.548  -26.741  82.800 0.0000000000
36292  12.193  -31.683  91.100 0.0000000000
36928  12.419  -29.200  87.930 0.0000000000
35637  19.372  -32.550  93.394 0.0000000000
34255  15.616  -34.833  91.273 0.0000000000
32795  11.258  -36.958  90.128 0.0000000000
38814  5.676  -27.578  90.434 0.0000000000
36961  3.748  -30.045  85.315 0.0000000000
41849  4.067  -23.480  88.574 0.0000000000
33561  4.578  -36.417  87.319 0.0000000000
33613  5.228  -35.195  83.538 0.0000000000
35703  8.206  -32.125  86.671 0.0000000000
37508  9.430  -29.127  89.067 0.0000000000
34354  6.718  -34.563  81.048 0.0000000000
35108  3.803  -33.412  79.580 0.0000000000
37591  3.254  -29.452  77.852 0.0000000000
42694  3.714  -22.554  81.170 0.0000000000
36907  15.041  -30.253  91.099 0.0000000000
37499  14.093  -29.612  89.526 0.0000000000
36280  17.679  -31.250  92.949 0.0000000000
34971  17.325  -33.784  92.216 0.0000000000
35650  15.968  -32.338  92.213 0.0000000000
34975  13.792  -33.171  91.669 0.0000000000
40248  4.189  -25.434  89.792 0.0000000000
33550  5.888  -35.273  88.674 0.0000000000
35038  5.605  -34.084  86.936 0.0000000000
35692  7.806  -32.770  88.632 0.0000000000
38131  12.510  -28.600  89.555 0.0000000000
37520  11.416  -28.846  87.712 0.0000000000
33531  9.559  -35.186  91.297 0.0000000000
32008  9.306  -37.786  89.928 0.0000000000
32004  7.246  -36.638  89.945 0.0000000000
32019  5.169  -37.708  88.424 0.0000000000
35715  7.668  -32.453  84.141 0.0000000000
33624  6.304  -35.080  82.060 0.0000000000
35728  7.107  -32.744  83.081 0.0000000000
38864  3.547  -27.649  84.005 0.0000000000
36354  3.460  -31.451  82.248 0.0000000000
37574  3.416  -29.609  81.170 0.0000000000
36365  3.405  -31.333  79.127 0.0000000000
38888  3.244  -27.590  80.143 0.0000000000
34983  10.398  -32.739  91.117 0.0000000000
36311  9.728  -31.715  89.609 0.0000000000
36917  12.156  -30.469  89.846 0.0000000000
37517  13.644  -28.930  88.301 0.0000000000
34970  20.921  -34.109  92.062 0.0000000000
34275  20.781  -35.337  88.892 0.0000000000
34252  19.469  -35.129  91.130 0.0000000000
33538  16.397  -35.930  90.039 0.0000000000
32782  13.052  -35.872  90.630 0.0000000000
33517  11.243  -34.736  91.417 0.0000000000
37525  6.051  -29.648  88.217 0.0000000000
36959  5.804  -31.166  85.618 0.0000000000
38164  4.135  -28.619  87.524 0.0000000000
39571  3.429  -26.613  87.106 0.0000000000
41067  3.590  -24.798  86.059 0.0000000000
38109  19.164  -28.122  90.940 0.0000000000
34993  24.437  -33.408  89.798 0.0000000000
36278  24.935  -31.723  92.747 0.0000000000
36271  21.712  -31.433  94.040 0.0000000000
37481  20.086  -29.104  93.081 0.0000000000
32054  3.326  -38.376  85.555 0.0000000000
32083  3.356  -37.937  83.848 0.0000000000
33589  4.579  -35.438  85.485 0.0000000000
35711  6.915  -33.080  85.421 0.0000000000
36333  8.718  -31.659  84.710 0.0000000000
36935  10.871  -30.409  86.671 0.0000000000
36954  11.328  -29.797  84.097 0.0000000000
37532  9.076  -29.485  86.643 0.0000000000
38121  7.013  -28.397  90.480 0.0000000000
31412  4.125  -37.999  81.462 0.0000000000
32184  5.951  -37.307  79.875 0.0000000000
32946  7.177  -36.542  78.791 0.0000000000
35724  5.016  -32.449  83.513 0.0000000000
35097  5.630  -34.259  80.514 0.0000000000
33690  6.505  -35.902  78.088 0.0000000000
34424  3.850  -34.435  77.632 0.0000000000
35766  3.293  -32.328  77.049 0.0000000000
43398  4.670  -21.838  86.675 0.0000000000
42663  3.657  -22.640  84.453 0.0000000000
44219  3.838  -21.209  83.218 0.0000000000
41101  3.434  -24.602  82.061 0.0000000000
40306  2.855  -25.798  79.533 0.0000000000
37491  15.815  -29.702  90.912 0.0000000000
37497  15.350  -29.560  90.033 0.0000000000
38128  16.588  -28.873  88.917 0.0000000000
36899  17.138  -30.394  92.264 0.0000000000
36281  16.870  -31.414  92.562 0.0000000000
36906  16.195  -30.365  91.762 0.0000000000
36288  15.608  -31.344  91.970 0.0000000000
30002  8.356  -39.619  75.437 0.0000000000
32262  9.109  -37.764  74.870 0.0000000000
34265  6.962  -34.481  89.398 0.0000000000
34276  6.635  -34.174  88.706 0.0000000000
34997  7.714  -33.535  89.524 0.0000000000
34290  21.633  -34.964  87.629 0.0000000000
34259  8.628  -34.332  90.885 0.0000000000
32787  8.123  -36.171  90.505 0.0000000000
33533  7.544  -35.319  90.189 0.0000000000
33542  6.854  -35.467  89.677 0.0000000000
36967  8.330  -31.588  84.053 0.0000000000
35721  7.393  -32.577  83.484 0.0000000000
36334  7.454  -31.588  84.299 0.0000000000
39595  3.664  -26.945  83.570 0.0000000000
38197  3.300  -28.554  82.676 0.0000000000
38879  3.396  -27.621  82.207 0.0000000000
38199  3.438  -28.605  81.637 0.0000000000
39606  3.338  -26.627  81.795 0.0000000000
35660  10.935  -32.429  91.096 0.0000000000
36302  10.882  -31.508  90.351 0.0000000000
36301  11.628  -31.294  90.533 0.0000000000
37506  13.768  -29.389  88.812 0.0000000000
38130  13.375  -28.428  89.651 0.0000000000
34231  20.002  -33.866  92.581 0.0000000000
34237  20.156  -34.419  91.961 0.0000000000
34232  19.377  -34.043  92.456 0.0000000000
34241  16.140  -34.239  91.704 0.0000000000
33514  17.204  -35.000  91.259 0.0000000000
33524  16.025  -35.432  90.739 0.0000000000
33526  14.247  -35.364  90.844 0.0000000000
35657  13.305  -32.340  91.577 0.0000000000
34245  12.502  -33.963  91.525 0.0000000000
34977  12.023  -33.153  91.505 0.0000000000
34247  10.786  -33.984  91.477 0.0000000000
38138  5.926  -28.503  89.579 0.0000000000
37526  5.299  -29.328  88.124 0.0000000000
38824  4.940  -27.672  89.273 0.0000000000
41056  3.952  -24.473  89.189 0.0000000000
39564  3.561  -26.277  87.781 0.0000000000
41060  3.608  -25.124  87.624 0.0000000000
40261  3.461  -25.670  86.538 0.0000000000
41853  3.901  -23.915  87.076 0.0000000000
35634  22.236  -32.218  93.638 0.0000000000
32824  3.575  -37.647  86.241 0.0000000000
32837  3.653  -36.985  85.454 0.0000000000
33573  4.528  -35.736  86.378 0.0000000000
35023  6.851  -33.100  87.172 0.0000000000
35037  6.395  -33.376  86.303 0.0000000000
35704  7.457  -32.633  86.377 0.0000000000
35710  7.523  -32.616  85.217 0.0000000000
35709  8.197  -32.157  85.535 0.0000000000
36925  10.803  -30.705  88.933 0.0000000000
36321  10.273  -30.782  87.855 0.0000000000
36929  11.742  -29.511  87.598 0.0000000000
38151  10.249  -28.992  88.769 0.0000000000
38162  12.007  -28.638  85.995 0.0000000000
37531  10.294  -29.152  86.682 0.0000000000
37541  10.273  -29.336  85.421 0.0000000000
37522  9.074  -29.309  87.861 0.0000000000
37510  8.025  -29.299  88.795 0.0000000000
38136  7.928  -28.934  89.679 0.0000000000
33547  19.350  -36.079  88.541 0.0000000000
33559  19.523  -36.196  87.570 0.0000000000
32005  11.828  -37.315  89.397 0.0000000000
32016  11.493  -37.898  88.742 0.0000000000
32006  11.088  -37.545  89.532 0.0000000000
31267  7.771  -38.373  89.561 0.0000000000
31266  8.888  -38.441  89.483 0.0000000000
32809  4.706  -37.277  88.034 0.0000000000
32030  3.850  -37.902  87.089 0.0000000000
32867  4.072  -36.595  83.698 0.0000000000
32104  3.527  -37.869  82.806 0.0000000000
32881  4.627  -36.374  82.758 0.0000000000
33637  6.659  -35.260  81.224 0.0000000000
32890  6.167  -35.917  81.144 0.0000000000
32908  6.593  -36.044  80.500 0.0000000000
32947  6.890  -36.783  79.130 0.0000000000
33650  7.132  -35.390  79.997 0.0000000000
36960  4.481  -30.590  85.619 0.0000000000
36336  5.270  -31.493  85.072 0.0000000000
36345  4.570  -31.664  84.381 0.0000000000
35089  3.739  -32.788  81.134 0.0000000000
35088  4.331  -33.245  81.469 0.0000000000
35098  4.670  -33.989  80.328 0.0000000000
34390  6.086  -34.954  79.343 0.0000000000
35107  4.339  -34.197  79.234 0.0000000000
33692  4.811  -35.468  77.875 0.0000000000
35116  4.183  -34.333  78.685 0.0000000000
37585  3.290  -29.800  78.763 0.0000000000
35760  3.356  -31.768  77.806 0.0000000000
36387  3.350  -30.966  77.115 0.0000000000
43408  5.223  -21.246  86.341 0.0000000000
42652  3.675  -23.137  85.393 0.0000000000
43419  4.359  -21.508  84.968 0.0000000000
44246  3.863  -20.653  81.292 0.0000000000
43443  3.746  -21.660  81.776 0.0000000000
42684  3.738  -22.663  82.222 0.0000000000
41897  3.530  -23.542  81.623 0.0000000000
40305  2.941  -25.390  80.282 0.0000000000
41114  3.140  -24.221  79.930 0.0000000000
36290  13.637  -31.377  91.381 0.0000000000
36299  13.152  -30.933  90.888 0.0000000000
36915  14.320  -29.965  90.288 0.0000000000
35638  18.388  -32.099  93.313 0.0000000000
35647  18.531  -32.865  93.066 0.0000000000
35648  17.614  -32.305  92.893 0.0000000000
34965  16.428  -32.964  92.293 0.0000000000
34973  15.735  -33.280  92.016 0.0000000000
34243  14.269  -33.983  91.559 0.0000000000
34974  14.708  -33.201  91.811 0.0000000000
35656  14.181  -32.301  91.732 0.0000000000
40240  5.272  -25.726  91.263 0.0000000000
39548  4.617  -26.169  90.183 0.0000000000
41041  4.730  -24.352  90.938 0.0000000000
41841  4.505  -23.464  90.451 0.0000000000
42623  4.447  -22.517  89.940 0.0000000000
33551  5.545  -35.753  88.460 0.0000000000
33560  4.860  -35.870  87.393 0.0000000000
34291  5.914  -34.400  87.926 0.0000000000
35010  6.960  -33.522  88.435 0.0000000000
35698  8.295  -32.151  87.800 0.0000000000
38148  12.379  -28.783  88.595 0.0000000000
37519  12.198  -28.931  87.750 0.0000000000
38149  11.546  -28.797  88.587 0.0000000000
38133  10.754  -28.807  89.530 0.0000000000
38118  9.920  -28.786  90.499 0.0000000000
38119  8.939  -28.759  90.496 0.0000000000
32785  10.370  -36.398  90.725 0.0000000000
32001  9.752  -37.154  90.359 0.0000000000
32002  8.707  -37.044  90.432 0.0000000000
32003  7.750  -36.854  90.220 0.0000000000
32010  7.061  -37.297  89.748 0.0000000000
32018  5.689  -38.154  88.735 0.0000000000
32798  6.197  -36.582  89.327 0.0000000000
32799  5.636  -36.635  88.822 0.0000000000
34323  6.118  -34.169  83.866 0.0000000000
34333  5.835  -34.644  83.323 0.0000000000
34332  6.423  -34.191  83.164 0.0000000000
35069  6.760  -33.610  83.018 0.0000000000
35077  6.370  -33.594  82.227 0.0000000000
37562  3.526  -29.409  84.976 0.0000000000
36972  3.429  -30.449  83.765 0.0000000000
37570  3.303  -29.493  83.208 0.0000000000
36978  3.302  -30.509  81.724 0.0000000000
36356  3.355  -31.434  81.212 0.0000000000
36364  3.324  -31.808  79.560 0.0000000000
36982  3.412  -30.496  79.927 0.0000000000
37578  3.359  -29.836  79.610 0.0000000000
38205  3.239  -28.260  79.513 0.0000000000
42703  4.408  -22.056  79.822 0.0000000000
41913  3.864  -23.302  79.374 0.0000000000
41912  4.287  -23.125  78.867 0.0000000000
34985  8.840  -33.337  90.647 0.0000000000
35682  8.882  -32.493  89.792 0.0000000000
35669  9.898  -32.345  90.526 0.0000000000
36310  10.650  -31.134  89.592 0.0000000000
36924  11.449  -30.421  89.092 0.0000000000
36922  13.221  -29.500  88.935 0.0000000000
37507  13.239  -29.256  88.430 0.0000000000
37518  12.935  -28.994  87.993 0.0000000000
38147  13.199  -28.693  88.676 0.0000000000
34235  21.919  -34.301  90.990 0.0000000000
34263  21.381  -34.900  89.494 0.0000000000
34264  20.609  -35.201  89.866 0.0000000000
34239  18.111  -34.619  91.738 0.0000000000
33522  17.932  -35.507  90.556 0.0000000000
33549  17.580  -36.217  88.961 0.0000000000
32793  13.086  -36.446  89.967 0.0000000000
32783  12.358  -36.045  90.594 0.0000000000
34257  13.834  -34.691  91.259 0.0000000000
33528  12.617  -35.377  91.013 0.0000000000
33529  11.767  -35.451  91.074 0.0000000000
33518  10.369  -34.661  91.477 0.0000000000
33519  9.816  -34.479  91.458 0.0000000000
36937  7.122  -30.546  86.455 0.0000000000
36958  6.972  -31.192  85.107 0.0000000000
36938  6.092  -30.491  86.934 0.0000000000
37544  5.114  -29.963  87.185 0.0000000000
37546  3.802  -29.320  86.444 0.0000000000
38825  4.271  -27.146  88.910 0.0000000000
38844  3.640  -27.633  87.446 0.0000000000
38174  3.427  -28.527  86.256 0.0000000000
38851  3.394  -27.558  85.692 0.0000000000
39577  3.498  -26.666  85.178 0.0000000000
40277  3.617  -25.797  84.661 0.0000000000
38111  17.570  -28.672  90.343 0.0000000000
34994  23.363  -34.015  89.521 0.0000000000
36285  26.918  -31.097  91.815 0.0000000000
36897  26.000  -30.466  92.974 0.0000000000
35652  25.644  -32.415  91.309 0.0000000000
35653  24.636  -32.761  91.601 0.0000000000
34967  23.767  -33.139  91.738 0.0000000000
34968  22.663  -33.629  91.491 0.0000000000
35645  21.072  -32.801  93.270 0.0000000000
35636  20.486  -32.560  93.420 0.0000000000
36892  20.515  -30.533  93.937 0.0000000000
36893  19.479  -30.600  93.590 0.0000000000
36894  18.694  -30.443  93.227 0.0000000000
37488  18.055  -29.164  91.874 0.0000000000
32852  3.789  -36.670  84.710 0.0000000000
33602  4.842  -35.241  84.476 0.0000000000
34304  5.000  -34.895  86.429 0.0000000000
35050  5.672  -34.096  85.563 0.0000000000
35060  6.081  -33.961  84.561 0.0000000000
35048  7.153  -33.088  84.561 0.0000000000
36341  8.433  -32.038  84.014 0.0000000000
36312  9.080  -31.794  88.994 0.0000000000
36317  8.964  -31.611  88.060 0.0000000000
36323  8.883  -31.528  86.942 0.0000000000
36934  11.925  -29.547  85.947 0.0000000000
36943  11.327  -30.185  85.118 0.0000000000
36944  10.408  -30.810  85.540 0.0000000000
36955  10.309  -30.546  84.493 0.0000000000
37553  9.493  -30.406  84.567 0.0000000000
37543  8.092  -30.524  85.837 0.0000000000
37533  7.889  -30.089  86.841 0.0000000000
38137  6.964  -28.956  89.533 0.0000000000
38813  6.340  -27.982  90.670 0.0000000000
38801  7.415  -27.838  91.805 0.0000000000
38802  6.447  -27.428  91.426 0.0000000000
39538  5.794  -26.412  91.661 0.0000000000
31311  11.701  -38.320  87.823 0.0000000000
31265  9.875  -38.270  89.262 0.0000000000
32891  5.485  -36.350  81.675 0.0000000000
32155  5.264  -37.119  80.988 0.0000000000
32226  7.665  -37.352  77.679 0.0000000000
36335  6.400  -31.570  84.729 0.0000000000
35723  6.075  -32.459  83.381 0.0000000000
35730  5.699  -32.854  82.778 0.0000000000
35725  4.279  -32.262  83.211 0.0000000000
35078  5.175  -33.314  82.151 0.0000000000
35086  6.211  -34.215  80.911 0.0000000000
34388  7.040  -35.378  79.160 0.0000000000
33689  7.042  -35.979  78.158 0.0000000000
32984  7.544  -36.757  76.924 0.0000000000
32985  6.780  -36.647  76.854 0.0000000000
35759  3.330  -32.686  78.052 0.0000000000
35127  3.481  -33.456  77.439 0.0000000000
42626  4.326  -22.447  88.997 0.0000000000
43383  4.975  -20.995  88.143 0.0000000000
42633  4.323  -22.612  87.150 0.0000000000
41857  3.786  -23.841  86.408 0.0000000000
41874  3.508  -23.874  84.758 0.0000000000
41084  3.492  -24.841  84.169 0.0000000000
43429  3.792  -21.699  83.773 0.0000000000
41883  3.514  -23.752  83.737 0.0000000000
40293  3.508  -25.698  82.463 0.0000000000
40300  3.171  -25.546  81.413 0.0000000000
39611  3.105  -26.884  79.853 0.0000000000
38898  3.179  -27.921  78.843 0.0000000000
39619  2.860  -26.609  78.486 0.0000000000
37496  16.266  -29.296  90.064 0.0000000000
36905  16.765  -29.900  91.721 0.0000000000
37490  16.497  -29.553  91.163 0.0000000000
29984  7.673  -40.170  76.910 0.0000000000
29993  8.311  -39.664  75.873 0.0000000000
30731  8.843  -39.094  74.714 0.0000000000
30720  9.210  -38.729  75.302 0.0000000000
34260  7.838  -34.428  90.265 0.0000000000
34261  22.768  -34.421  88.852 0.0000000000
34273  22.196  -34.641  88.258 0.0000000000
34262  22.095  -34.665  89.138 0.0000000000
36342  7.719  -32.062  83.741 0.0000000000
38873  3.414  -27.648  83.163 0.0000000000
35659  11.603  -32.257  91.232 0.0000000000
34961  19.664  -33.397  92.936 0.0000000000
34254  16.484  -34.920  91.271 0.0000000000
33539  15.495  -35.927  90.118 0.0000000000
33525  15.125  -35.393  90.763 0.0000000000
34256  14.713  -34.737  91.253 0.0000000000
35658  12.469  -32.370  91.450 0.0000000000
34978  11.094  -33.136  91.376 0.0000000000
38153  5.434  -28.781  88.735 0.0000000000
39555  4.884  -26.927  90.073 0.0000000000
41059  3.786  -24.567  88.047 0.0000000000
41064  3.651  -24.705  87.067 0.0000000000
41063  3.844  -24.170  87.443 0.0000000000
32823  3.842  -37.161  86.384 0.0000000000
33574  4.373  -36.391  86.784 0.0000000000
36327  8.842  -31.579  85.792 0.0000000000
36930  10.907  -30.437  88.153 0.0000000000
37521  10.161  -29.022  88.191 0.0000000000
37509  8.890  -29.204  88.908 0.0000000000
38135  8.828  -29.000  89.705 0.0000000000
31289  7.317  -39.033  89.000 0.0000000000
32817  4.389  -36.981  87.446 0.0000000000
32042  3.667  -37.699  86.528 0.0000000000
33614  4.632  -35.797  83.651 0.0000000000
33626  5.017  -35.717  82.947 0.0000000000
33636  7.048  -35.080  80.602 0.0000000000
32907  6.946  -35.874  80.055 0.0000000000
36968  4.337  -31.032  84.994 0.0000000000
36969  3.798  -30.504  84.726 0.0000000000
35737  3.454  -32.278  80.758 0.0000000000
35099  3.787  -33.096  80.542 0.0000000000
34391  5.192  -34.585  79.528 0.0000000000
37005  3.449  -30.356  77.983 0.0000000000
44187  5.756  -20.711  86.598 0.0000000000
44198  5.579  -20.717  85.608 0.0000000000
43409  4.676  -21.606  85.787 0.0000000000
44199  4.855  -21.077  85.290 0.0000000000
43451  4.050  -21.578  80.668 0.0000000000
41904  3.470  -23.382  80.549 0.0000000000
36908  14.050  -30.602  90.937 0.0000000000
37503  15.812  -29.216  89.007 0.0000000000
36279  18.247  -30.984  93.230 0.0000000000
35639  17.940  -31.800  93.170 0.0000000000
36282  16.272  -31.717  92.334 0.0000000000
35649  16.697  -32.320  92.493 0.0000000000
35655  15.115  -32.314  91.967 0.0000000000
36289  14.576  -31.342  91.631 0.0000000000
40232  5.079  -25.024  91.295 0.0000000000
42620  4.565  -22.575  90.815 0.0000000000
41845  4.239  -23.462  89.555 0.0000000000
34278  5.767  -35.120  88.385 0.0000000000
34277  6.179  -34.670  88.563 0.0000000000
35699  7.559  -32.678  87.541 0.0000000000
38132  11.643  -28.694  89.526 0.0000000000
38117  10.859  -28.661  90.502 0.0000000000
38103  9.036  -28.555  91.536 0.0000000000
32786  9.135  -36.261  90.818 0.0000000000
32797  6.793  -36.282  89.696 0.0000000000
33543  6.157  -35.620  89.161 0.0000000000
33544  5.829  -36.130  89.003 0.0000000000
35059  6.638  -33.628  83.967 0.0000000000
35058  7.277  -33.106  83.652 0.0000000000
35068  7.160  -33.102  82.958 0.0000000000
35076  6.924  -33.017  82.749 0.0000000000
38187  3.426  -28.499  84.498 0.0000000000
37567  3.320  -29.474  84.172 0.0000000000
38194  3.309  -28.526  83.636 0.0000000000
37572  3.299  -29.535  82.195 0.0000000000
36981  3.385  -30.534  80.738 0.0000000000
38201  3.392  -28.732  80.415 0.0000000000
38206  3.281  -29.096  79.492 0.0000000000
43450  4.368  -21.448  80.002 0.0000000000
42715  4.231  -22.624  79.623 0.0000000000
42714  4.544  -22.582  79.055 0.0000000000
34984  9.687  -33.164  91.134 0.0000000000
35670  9.312  -32.710  90.492 0.0000000000
36918  11.575  -30.737  89.908 0.0000000000
36309  11.196  -30.967  89.954 0.0000000000
36916  13.318  -30.123  89.967 0.0000000000
36923  12.550  -29.555  88.716 0.0000000000
34969  21.584  -33.900  91.891 0.0000000000
34250  21.253  -34.752  90.463 0.0000000000
34236  21.079  -34.485  91.425 0.0000000000
33520  19.755  -35.454  90.184 0.0000000000
34963  17.955  -33.422  92.575 0.0000000000
34233  18.514  -34.109  92.306 0.0000000000
34234  17.802  -34.124  92.142 0.0000000000
33523  17.000  -35.360  90.797 0.0000000000
33513  17.655  -35.075  91.239 0.0000000000
33537  17.315  -35.915  89.896 0.0000000000
33536  18.223  -35.891  89.689 0.0000000000
32789  16.692  -36.228  89.145 0.0000000000
32790  15.811  -36.261  89.296 0.0000000000
33541  13.759  -35.953  90.428 0.0000000000
32794  12.109  -36.676  90.001 0.0000000000
34244  13.381  -33.962  91.536 0.0000000000
33516  12.121  -34.721  91.356 0.0000000000
33530  10.799  -35.495  91.222 0.0000000000
34979  10.387  -33.393  91.376 0.0000000000
34248  10.043  -33.952  91.500 0.0000000000
34258  9.352  -34.060  91.321 0.0000000000
37534  6.632  -30.198  87.417 0.0000000000
38154  4.739  -28.710  88.221 0.0000000000
37536  4.842  -29.402  87.649 0.0000000000
37545  4.418  -29.617  86.888 0.0000000000
39556  4.274  -26.530  89.419 0.0000000000
39570  3.682  -26.967  87.857 0.0000000000
38165  3.564  -28.263  86.985 0.0000000000
38845  3.414  -27.527  86.597 0.0000000000
39574  3.407  -26.614  86.101 0.0000000000
40267  3.532  -25.730  85.602 0.0000000000
41075  3.560  -24.849  85.143 0.0000000000
38110  18.547  -28.303  90.481 0.0000000000
38808  18.741  -27.992  89.721 0.0000000000
38807  19.396  -27.708  89.999 0.0000000000
35008  23.967  -33.726  88.681 0.0000000000
36267  25.390  -30.878  93.135 0.0000000000
36888  25.466  -30.405  93.393 0.0000000000
36277  25.810  -31.108  92.665 0.0000000000
36286  26.052  -31.777  91.845 0.0000000000
35640  25.308  -32.105  92.166 0.0000000000
34957  23.506  -33.031  92.228 0.0000000000
34958  23.069  -33.146  92.281 0.0000000000
35644  21.701  -32.851  93.171 0.0000000000
35635  21.335  -32.263  93.595 0.0000000000
36272  20.834  -31.581  93.852 0.0000000000
37475  20.683  -29.333  93.728 0.0000000000
37476  19.874  -29.780  93.462 0.0000000000
36273  19.903  -31.563  93.729 0.0000000000
37477  19.190  -29.901  93.210 0.0000000000
38095  19.555  -28.208  91.631 0.0000000000
38086  19.213  -28.820  92.274 0.0000000000
38096  18.699  -28.624  91.624 0.0000000000
38097  17.990  -28.744  91.217 0.0000000000
31367  3.327  -38.992  85.046 0.0000000000
32066  3.303  -38.194  84.834 0.0000000000
33590  4.093  -36.289  85.699 0.0000000000
33603  4.289  -35.965  84.616 0.0000000000
35025  5.798  -34.281  87.602 0.0000000000
35049  6.465  -33.496  85.059 0.0000000000
35714  8.182  -32.206  84.661 0.0000000000
36966  8.724  -31.618  84.162 0.0000000000
36316  9.664  -31.308  88.435 0.0000000000
36322  9.741  -31.025  87.196 0.0000000000
36936  10.202  -30.891  86.341 0.0000000000
37529  12.194  -28.832  86.699 0.0000000000
37550  12.139  -28.691  84.505 0.0000000000
37539  12.367  -28.762  85.450 0.0000000000
36332  9.594  -31.248  85.049 0.0000000000
37542  9.111  -30.037  85.440 0.0000000000
36945  8.597  -30.699  84.977 0.0000000000
37511  7.301  -29.442  88.681 0.0000000000
38122  6.353  -28.330  90.183 0.0000000000
38104  8.118  -28.377  91.260 0.0000000000
34274  21.510  -34.978  88.557 0.0000000000
31285  11.321  -38.205  88.439 0.0000000000
32007  10.324  -37.812  89.545 0.0000000000
31350  3.295  -38.961  85.874 0.0000000000
30609  3.189  -39.851  85.382 0.0000000000
32127  3.926  -37.674  82.118 0.0000000000
31413  3.629  -38.532  81.969 0.0000000000
31432  3.918  -38.582  81.331 0.0000000000
31431  4.360  -38.644  80.762 0.0000000000
34342  6.164  -34.715  82.624 0.0000000000
33625  5.667  -35.392  82.523 0.0000000000
33638  6.073  -35.551  81.700 0.0000000000
32909  5.946  -36.533  80.702 0.0000000000
31430  5.038  -37.991  80.387 0.0000000000
32210  5.953  -38.065  79.129 0.0000000000
32209  6.651  -37.337  79.009 0.0000000000
32208  7.229  -37.256  78.402 0.0000000000
31463  7.109  -37.935  78.121 0.0000000000
35718  5.587  -32.232  83.950 0.0000000000
36352  3.772  -31.516  83.392 0.0000000000
35732  3.918  -32.246  82.592 0.0000000000
35079  4.565  -33.070  82.134 0.0000000000
35087  5.434  -33.806  81.269 0.0000000000
35096  6.119  -34.444  80.377 0.0000000000
34369  6.567  -34.642  80.052 0.0000000000
34370  5.860  -34.526  79.986 0.0000000000
33681  6.048  -35.412  78.639 0.0000000000
33680  6.773  -35.501  78.720 0.0000000000
32964  7.441  -36.603  77.735 0.0000000000
32965  6.977  -36.381  77.574 0.0000000000
32966  6.331  -36.293  77.506 0.0000000000
34423  4.282  -34.918  78.009 0.0000000000
33707  3.884  -34.995  76.728 0.0000000000
35745  3.305  -32.063  79.207 0.0000000000
35753  3.356  -32.757  78.962 0.0000000000
35754  3.332  -31.977  78.569 0.0000000000
35141  3.494  -33.321  76.507 0.0000000000
43388  5.029  -21.063  87.784 0.0000000000
43389  4.667  -21.740  87.514 0.0000000000
41856  4.036  -23.323  86.885 0.0000000000
42640  4.066  -22.734  86.202 0.0000000000
42651  4.042  -22.269  85.280 0.0000000000
44231  4.160  -20.157  83.087 0.0000000000
44218  4.193  -20.675  83.689 0.0000000000
43428  4.213  -21.242  84.337 0.0000000000
41889  3.601  -23.674  82.675 0.0000000000
41093  3.569  -24.754  83.119 0.0000000000
39609  2.949  -26.245  79.935 0.0000000000
38891  3.116  -27.489  79.243 0.0000000000
39612  2.911  -26.562  79.259 0.0000000000
41120  3.286  -24.211  79.042 0.0000000000
36914  14.834  -29.806  90.312 0.0000000000
36287  16.285  -31.124  92.235 0.0000000000
31521  8.640  -38.409  74.381 0.0000000000
32263  8.183  -37.722  74.602 0.0000000000
34266  6.468  -35.026  89.272 0.0000000000
33532  8.427  -35.297  90.751 0.0000000000
32788  7.372  -36.124  90.070 0.0000000000
36349  7.453  -32.350  83.544 0.0000000000
36350  7.320  -32.190  83.619 0.0000000000
38885  3.457  -27.609  81.136 0.0000000000
35668  10.571  -32.114  90.717 0.0000000000
35667  11.097  -31.905  90.838 0.0000000000
38146  14.313  -28.377  88.632 0.0000000000
34238  19.028  -34.649  91.853 0.0000000000
34240  17.152  -34.494  91.660 0.0000000000
34253  16.957  -34.961  91.261 0.0000000000
33527  13.418  -35.347  90.946 0.0000000000
34976  12.909  -33.171  91.599 0.0000000000
34246  11.622  -33.963  91.492 0.0000000000
38152  6.435  -29.271  88.886 0.0000000000
38835  4.812  -28.230  88.659 0.0000000000
40254  3.825  -25.536  88.859 0.0000000000
40255  3.616  -25.612  88.034 0.0000000000
40258  3.486  -25.650  87.360 0.0000000000
35666  25.109  -32.899  90.491 0.0000000000
36268  24.891  -31.099  93.301 0.0000000000
35643  22.676  -32.784  92.989 0.0000000000
36270  22.717  -31.476  94.044 0.0000000000
37482  19.479  -29.317  92.834 0.0000000000
32838  3.445  -37.666  85.664 0.0000000000
35036  6.909  -32.972  86.472 0.0000000000
35705  7.011  -32.889  85.966 0.0000000000
36315  10.318  -30.987  88.787 0.0000000000
37530  11.402  -28.820  86.612 0.0000000000
37540  11.500  -28.749  85.476 0.0000000000
37552  10.235  -29.733  84.396 0.0000000000
37523  8.067  -29.609  87.852 0.0000000000
33534  19.976  -35.642  89.215 0.0000000000
33546  20.189  -35.825  88.257 0.0000000000
32807  12.648  -37.043  89.239 0.0000000000
32017  10.936  -37.940  89.153 0.0000000000
32020  4.495  -37.792  87.836 0.0000000000
32031  3.644  -38.419  86.810 0.0000000000
32043  3.475  -38.170  86.322 0.0000000000
32082  3.687  -37.299  83.419 0.0000000000
32103  4.017  -37.086  82.734 0.0000000000
32126  4.686  -37.072  81.825 0.0000000000
34341  6.520  -34.375  82.156 0.0000000000
32930  6.324  -36.612  80.172 0.0000000000
32183  6.473  -37.092  79.510 0.0000000000
32929  6.711  -36.599  79.625 0.0000000000
32928  7.151  -35.986  79.590 0.0000000000
33666  7.169  -35.639  79.321 0.0000000000
36337  4.656  -31.259  85.090 0.0000000000
35735  3.680  -32.359  81.676 0.0000000000
34371  5.344  -34.361  80.100 0.0000000000
34408  5.448  -35.074  78.947 0.0000000000
33682  5.312  -35.363  78.421 0.0000000000
33691  5.675  -35.876  77.877 0.0000000000
34409  4.666  -34.850  78.660 0.0000000000
34410  4.109  -34.477  78.306 0.0000000000
36996  3.474  -30.682  78.487 0.0000000000
36374  3.467  -31.264  78.290 0.0000000000
36373  3.525  -30.861  78.083 0.0000000000
36381  3.449  -30.953  77.680 0.0000000000
35767  3.304  -31.435  77.221 0.0000000000
42662  3.985  -22.047  84.808 0.0000000000
44232  3.840  -20.716  82.558 0.0000000000
43437  3.674  -21.774  82.805 0.0000000000
41108  3.188  -24.418  81.005 0.0000000000
40308  2.875  -25.013  79.315 0.0000000000
36291  12.859  -31.596  91.264 0.0000000000
36909  13.524  -30.737  90.845 0.0000000000
37498  14.691  -29.580  89.675 0.0000000000
37505  14.511  -29.343  88.858 0.0000000000
35646  19.099  -33.122  93.102 0.0000000000
34964  17.109  -33.095  92.440 0.0000000000
34972  16.649  -33.667  92.095 0.0000000000
34242  15.195  -34.068  91.646 0.0000000000
39547  5.234  -26.468  90.785 0.0000000000
40241  4.750  -25.382  90.650 0.0000000000
41835  4.747  -23.447  91.301 0.0000000000
41049  4.346  -24.428  90.120 0.0000000000
32816  4.696  -36.476  87.592 0.0000000000
34292  5.544  -34.857  87.744 0.0000000000
35011  6.485  -34.052  88.366 0.0000000000
35024  6.217  -33.877  87.709 0.0000000000
38150  10.679  -28.886  88.690 0.0000000000
38134  9.879  -29.001  89.394 0.0000000000
32796  10.590  -37.225  90.122 0.0000000000
32009  8.223  -37.705  90.043 0.0000000000
31268  6.829  -38.237  89.362 0.0000000000
32011  5.972  -37.567  89.087 0.0000000000
32012  5.437  -37.143  88.650 0.0000000000
32808  5.003  -36.705  88.160 0.0000000000
36975  3.368  -30.494  82.764 0.0000000000
35744  3.412  -32.423  79.822 0.0000000000
36358  3.360  -31.406  80.090 0.0000000000
36359  3.445  -30.937  79.594 0.0000000000
37575  3.396  -29.758  80.300 0.0000000000
36987  3.416  -30.513  79.247 0.0000000000
38214  3.183  -28.579  78.692 0.0000000000
42704  3.970  -22.577  80.205 0.0000000000
42724  4.846  -22.625  78.399 0.0000000000
30712  8.081  -39.342  76.595 0.0000000000
34996  8.361  -33.187  89.948 0.0000000000
35681  9.441  -32.313  90.131 0.0000000000
36303  10.311  -31.735  90.210 0.0000000000
36300  12.526  -30.983  90.658 0.0000000000
34249  22.004  -34.527  90.024 0.0000000000
34251  20.423  -34.996  90.884 0.0000000000
33548  18.469  -36.190  88.767 0.0000000000
34962  18.857  -33.514  92.766 0.0000000000
33512  18.506  -35.158  91.194 0.0000000000
32801  17.794  -36.439  88.058 0.0000000000
32806  13.517  -36.848  89.041 0.0000000000
32784  11.452  -36.202  90.660 0.0000000000
33515  12.980  -34.700  91.321 0.0000000000
36946  7.557  -30.827  85.470 0.0000000000
36947  6.476  -30.860  86.065 0.0000000000
36948  5.272  -30.465  86.528 0.0000000000
37535  5.622  -29.951  87.576 0.0000000000
36939  5.510  -30.249  87.095 0.0000000000
36949  4.542  -30.164  86.358 0.0000000000
37554  4.134  -29.865  86.245 0.0000000000
37555  3.621  -29.525  85.782 0.0000000000
38836  4.215  -27.714  88.332 0.0000000000
39563  3.851  -26.558  88.483 0.0000000000
38179  3.427  -28.502  85.325 0.0000000000
38856  3.504  -27.590  84.823 0.0000000000
39586  3.685  -26.761  84.306 0.0000000000
40286  3.678  -25.931  83.585 0.0000000000
38112  16.923  -28.878  89.813 0.0000000000
38126  18.171  -28.197  89.489 0.0000000000
38819  18.774  -27.762  88.944 0.0000000000
34995  22.611  -34.393  89.601 0.0000000000
36276  26.449  -30.899  92.392 0.0000000000
34980  24.296  -33.157  90.971 0.0000000000
35641  24.506  -32.389  92.442 0.0000000000
34981  23.541  -33.580  90.662 0.0000000000
34982  22.703  -34.103  90.399 0.0000000000
34959  22.085  -33.324  92.462 0.0000000000
34960  20.768  -33.442  92.793 0.0000000000
34955  20.474  -33.036  93.165 0.0000000000
36885  21.523  -30.383  94.265 0.0000000000
36886  20.954  -29.963  94.123 0.0000000000
36891  21.119  -31.008  94.129 0.0000000000
36274  18.863  -31.400  93.515 0.0000000000
36898  18.025  -30.398  92.753 0.0000000000
37483  18.618  -29.526  92.553 0.0000000000
37484  17.801  -29.748  92.236 0.0000000000
37489  17.304  -29.366  91.487 0.0000000000
32853  3.492  -37.404  84.762 0.0000000000
32868  3.659  -37.159  84.079 0.0000000000
34315  5.088  -34.807  85.266 0.0000000000
34324  5.519  -34.544  84.360 0.0000000000
35683  8.212  -32.823  89.376 0.0000000000
35691  8.493  -32.261  88.806 0.0000000000
36326  9.652  -31.226  86.103 0.0000000000
36956  9.059  -31.131  84.401 0.0000000000
37524  7.062  -29.842  88.072 0.0000000000
38120  7.996  -28.600  90.456 0.0000000000
38105  7.343  -28.195  91.119 0.0000000000
38803  5.720  -27.026  91.140 0.0000000000
38127  17.384  -28.492  89.116 0.0000000000
33557  21.065  -35.394  86.972 0.0000000000
33558  20.331  -35.847  87.270 0.0000000000
31264  10.323  -38.173  89.185 0.0000000000
31287  9.614  -38.972  88.585 0.0000000000
32892  4.981  -36.452  82.172 0.0000000000
32125  5.162  -36.870  81.516 0.0000000000
32156  4.657  -37.743  81.057 0.0000000000
30687  4.698  -39.283  80.054 0.0000000000
31494  8.182  -38.584  76.765 0.0000000000
36343  6.903  -31.982  83.916 0.0000000000
35716  6.790  -32.179  83.707 0.0000000000
36344  5.871  -31.954  84.378 0.0000000000
35717  6.394  -32.214  83.808 0.0000000000
35729  6.608  -32.799  82.905 0.0000000000
36346  3.756  -31.104  84.143 0.0000000000
36351  4.342  -32.029  83.675 0.0000000000
35734  4.200  -32.755  82.124 0.0000000000
35731  4.665  -32.757  82.675 0.0000000000
34353  7.048  -34.888  80.254 0.0000000000
34368  7.068  -35.117  79.651 0.0000000000
34406  6.960  -35.404  78.924 0.0000000000
33679  7.145  -35.802  78.692 0.0000000000
32225  8.170  -37.332  77.002 0.0000000000
32239  8.602  -37.599  76.255 0.0000000000
32997  8.086  -37.162  76.373 0.0000000000
32998  7.452  -37.085  76.153 0.0000000000
32999  6.427  -37.061  76.042 0.0000000000
35117  3.742  -33.746  78.495 0.0000000000
34432  3.589  -34.110  76.887 0.0000000000
43384  4.728  -21.386  88.419 0.0000000000
42630  4.336  -22.515  88.041 0.0000000000
41852  4.043  -23.507  87.600 0.0000000000
41866  3.615  -23.994  85.620 0.0000000000
43420  3.992  -21.821  84.475 0.0000000000
42674  3.608  -22.702  83.274 0.0000000000
39608  3.133  -26.561  80.667 0.0000000000
38213  3.211  -28.062  79.075 0.0000000000
40309  2.808  -25.800  78.816 0.0000000000
38222  3.157  -28.435  77.614 0.0000000000
30721  8.905  -39.058  75.500 0.0000000000
30722  8.427  -39.567  75.109 0.0000000000
30730  9.280  -38.798  75.066 0.0000000000
31448  4.867  -38.649  80.210 0.0000000000
31478  8.227  -37.959  76.889 0.0000000000
31492  9.072  -38.025  75.858 0.0000000000
31493  8.670  -38.523  76.230 0.0000000000
31506  9.297  -38.362  75.335 0.0000000000
31507  9.043  -38.480  75.714 0.0000000000
31520  9.230  -38.485  74.753 0.0000000000
32238  8.942  -37.738  75.880 0.0000000000
32247  9.036  -37.735  75.621 0.0000000000
32248  8.331  -37.420  75.551 0.0000000000
32880  5.131  -36.039  82.399 0.0000000000
32963  7.905  -37.030  77.311 0.0000000000
32983  8.057  -37.020  76.927 0.0000000000
33651  6.910  -35.479  80.458 0.0000000000
33667  6.760  -35.278  78.984 0.0000000000
33668  6.520  -35.237  78.993 0.0000000000
34389  6.778  -35.185  79.208 0.0000000000
34407  6.791  -35.274  79.022 0.0000000000
34956  20.154  -33.033  93.193 0.0000000000
35722  6.958  -32.377  83.471 0.0000000000
36275  18.209  -31.512  93.267 0.0000000000
36380  3.516  -30.699  77.886 0.0000000000
36900  16.601  -30.811  92.263 0.0000000000
36942  12.216  -29.497  84.662 0.0000000000
36953  11.921  -29.185  83.996 0.0000000000
36995  3.517  -30.712  78.281 0.0000000000
37004  3.511  -30.622  78.119 0.0000000000
37470  21.260  -29.605  94.191 0.0000000000
37551  11.170  -28.963  84.312 0.0000000000
38163  11.774  -28.628  85.813 0.0000000000
38171  11.989  -28.580  85.609 0.0000000000
38172  11.747  -28.607  85.566 0.0000000000
38173  3.777  -28.902  86.870 0.0000000000
38202  3.355  -29.355  79.953 0.0000000000
38892  2.958  -27.062  78.848 0.0000000000
42641  3.746  -23.423  85.919 0.0000000000
