#!ascii label  , from subject 3264 vox2ras=TkReg
514
29199  30.369  -41.271  87.594 0.0000000000
41954  42.453  -24.067  75.258 0.0000000000
42752  50.198  -22.792  75.420 0.0000000000
33669  46.281  -35.831  78.602 0.0000000000
29906  36.891  -41.457  83.635 0.0000000000
27006  33.733  -43.992  84.704 0.0000000000
42741  45.750  -22.383  76.791 0.0000000000
38901  47.780  -27.712  77.874 0.0000000000
32130  44.107  -37.654  80.444 0.0000000000
27778  40.234  -43.612  82.347 0.0000000000
44399  53.113  -20.481  68.286 0.0000000000
44340  49.864  -20.007  72.122 0.0000000000
36371  42.875  -31.699  78.149 0.0000000000
37582  45.255  -29.612  78.789 0.0000000000
29883  33.890  -40.676  85.707 0.0000000000
27710  32.421  -42.625  86.409 0.0000000000
42756  43.753  -22.914  75.725 0.0000000000
41133  46.990  -24.303  78.038 0.0000000000
41124  45.057  -24.887  78.141 0.0000000000
27835  44.118  -43.601  77.443 0.0000000000
27040  36.969  -44.609  83.158 0.0000000000
28547  38.625  -42.773  83.175 0.0000000000
26312  38.719  -45.519  81.692 0.0000000000
45225  51.236  -19.253  69.153 0.0000000000
43586  53.353  -21.665  69.127 0.0000000000
44379  51.746  -20.148  70.530 0.0000000000
43511  47.411  -20.656  74.420 0.0000000000
44329  47.051  -20.267  72.093 0.0000000000
44316  50.064  -20.842  73.956 0.0000000000
42793  51.595  -22.543  73.003 0.0000000000
41169  51.132  -23.731  73.405 0.0000000000
32893  45.179  -37.117  79.822 0.0000000000
35090  43.441  -34.198  80.194 0.0000000000
35101  45.301  -33.818  79.780 0.0000000000
36992  43.827  -30.641  78.616 0.0000000000
35748  46.043  -32.208  78.829 0.0000000000
36376  47.098  -31.674  78.012 0.0000000000
33694  47.563  -35.331  76.847 0.0000000000
28534  35.803  -42.490  84.706 0.0000000000
43513  45.279  -21.287  74.243 0.0000000000
43481  48.706  -22.137  76.431 0.0000000000
41142  48.983  -24.512  76.852 0.0000000000
39629  48.774  -26.488  76.931 0.0000000000
29262  42.684  -41.580  80.866 0.0000000000
29270  44.081  -41.705  79.823 0.0000000000
29966  45.099  -40.275  78.863 0.0000000000
30704  45.953  -39.344  77.047 0.0000000000
31496  45.996  -38.734  75.733 0.0000000000
29256  40.648  -42.217  81.626 0.0000000000
27068  41.455  -44.433  80.859 0.0000000000
43630  53.682  -21.251  67.098 0.0000000000
45168  48.938  -19.688  70.883 0.0000000000
44337  52.115  -21.253  71.699 0.0000000000
41201  52.466  -23.844  70.953 0.0000000000
39630  43.281  -26.242  77.092 0.0000000000
38208  46.751  -28.518  78.403 0.0000000000
37008  48.106  -31.151  76.975 0.0000000000
28511  30.584  -42.384  86.928 0.0000000000
28491  31.442  -41.775  87.209 0.0000000000
27712  31.143  -42.782  86.500 0.0000000000
41953  42.939  -23.597  75.513 0.0000000000
41928  44.327  -23.848  77.323 0.0000000000
41153  43.058  -24.244  76.224 0.0000000000
26301  37.463  -45.140  82.560 0.0000000000
45226  50.314  -19.133  68.971 0.0000000000
45204  51.594  -19.796  70.014 0.0000000000
45205  50.574  -19.394  69.853 0.0000000000
43510  49.321  -21.432  75.386 0.0000000000
44309  49.213  -20.962  74.836 0.0000000000
43508  50.501  -21.848  74.581 0.0000000000
42778  50.992  -22.592  74.045 0.0000000000
32932  45.964  -36.657  78.801 0.0000000000
33654  45.033  -35.702  79.835 0.0000000000
34373  45.526  -34.846  79.546 0.0000000000
35739  45.837  -32.952  79.242 0.0000000000
35100  46.153  -33.917  79.092 0.0000000000
34392  47.009  -34.333  78.041 0.0000000000
33684  46.865  -35.310  77.932 0.0000000000
28524  34.807  -42.027  85.556 0.0000000000
27005  34.803  -43.826  84.481 0.0000000000
27021  35.228  -44.563  83.721 0.0000000000
43514  44.095  -21.951  74.521 0.0000000000
43528  44.383  -21.252  73.326 0.0000000000
43484  45.670  -21.792  75.936 0.0000000000
43497  46.052  -21.273  75.196 0.0000000000
42739  47.958  -22.559  76.930 0.0000000000
42738  48.794  -23.146  76.885 0.0000000000
42726  48.112  -23.316  77.279 0.0000000000
40319  47.663  -25.905  77.999 0.0000000000
40318  48.225  -25.863  77.561 0.0000000000
38900  48.300  -27.441  77.439 0.0000000000
38223  49.377  -28.420  76.183 0.0000000000
38215  48.538  -28.528  77.231 0.0000000000
27811  43.123  -43.588  79.978 0.0000000000
29261  43.586  -41.443  80.342 0.0000000000
27810  43.737  -43.237  79.501 0.0000000000
28569  44.952  -42.354  77.555 0.0000000000
29977  45.500  -40.289  78.048 0.0000000000
27779  39.683  -43.592  82.651 0.0000000000
28553  39.798  -42.513  82.362 0.0000000000
27789  40.790  -43.542  81.878 0.0000000000
27788  41.547  -43.513  81.415 0.0000000000
27055  41.104  -44.004  81.595 0.0000000000
45996  51.831  -18.865  68.501 0.0000000000
42830  53.254  -22.260  69.879 0.0000000000
44328  48.035  -20.210  72.407 0.0000000000
44343  46.794  -20.186  71.083 0.0000000000
44342  47.915  -19.904  71.281 0.0000000000
45169  48.306  -19.663  70.451 0.0000000000
45167  49.796  -19.747  71.281 0.0000000000
44356  50.965  -19.994  71.458 0.0000000000
44339  50.870  -20.314  72.142 0.0000000000
41982  51.763  -23.240  72.580 0.0000000000
41992  52.115  -23.253  72.031 0.0000000000
31415  43.473  -38.604  80.547 0.0000000000
32896  42.739  -36.541  80.551 0.0000000000
35111  42.869  -33.234  79.008 0.0000000000
35104  42.451  -34.088  79.290 0.0000000000
37583  44.304  -29.711  78.542 0.0000000000
38219  42.922  -29.068  76.923 0.0000000000
38218  43.524  -28.436  77.555 0.0000000000
38910  43.083  -26.897  76.818 0.0000000000
38902  44.037  -27.224  77.856 0.0000000000
38895  45.506  -27.523  78.592 0.0000000000
38209  45.823  -28.533  78.640 0.0000000000
35118  47.581  -33.653  77.206 0.0000000000
36375  47.518  -31.699  77.454 0.0000000000
35128  48.244  -33.115  76.021 0.0000000000
35768  48.590  -32.613  75.498 0.0000000000
29211  33.239  -41.789  86.452 0.0000000000
27748  33.256  -43.485  85.419 0.0000000000
27007  32.601  -44.143  84.820 0.0000000000
27749  32.148  -43.646  85.488 0.0000000000
42742  44.857  -22.613  76.513 0.0000000000
42728  46.426  -22.904  77.431 0.0000000000
41927  45.469  -23.536  77.627 0.0000000000
41915  45.684  -24.192  78.140 0.0000000000
40311  46.706  -26.065  78.434 0.0000000000
28541  37.230  -42.643  83.889 0.0000000000
29238  37.636  -41.989  83.582 0.0000000000
27018  37.796  -43.631  83.376 0.0000000000
26300  38.479  -45.033  82.389 0.0000000000
26299  39.208  -45.042  82.127 0.0000000000
26310  40.302  -45.173  81.282 0.0000000000
26330  39.022  -45.982  81.034 0.0000000000
45224  52.082  -19.627  69.071 0.0000000000
43609  53.128  -21.122  69.019 0.0000000000
45203  52.209  -20.083  69.586 0.0000000000
44378  52.281  -20.521  70.259 0.0000000000
43570  52.697  -21.483  70.647 0.0000000000
43526  46.445  -20.581  73.228 0.0000000000
44319  47.160  -20.431  73.118 0.0000000000
44317  49.135  -20.439  73.784 0.0000000000
44326  50.042  -20.367  73.040 0.0000000000
44325  51.061  -21.052  73.185 0.0000000000
43525  51.011  -21.739  73.817 0.0000000000
42777  51.328  -22.605  73.493 0.0000000000
32129  44.857  -37.660  80.016 0.0000000000
32895  43.737  -36.634  80.531 0.0000000000
33639  44.284  -35.695  80.360 0.0000000000
35102  44.188  -33.767  80.185 0.0000000000
36362  43.774  -32.164  79.407 0.0000000000
36993  43.297  -31.050  78.331 0.0000000000
36361  44.452  -31.729  79.401 0.0000000000
36984  45.217  -31.246  79.202 0.0000000000
36990  45.765  -30.871  78.798 0.0000000000
37581  46.283  -29.535  78.554 0.0000000000
36367  46.563  -31.637  78.424 0.0000000000
35746  47.026  -32.947  78.150 0.0000000000
34425  47.774  -34.465  76.622 0.0000000000
29882  35.023  -41.200  85.197 0.0000000000
29881  35.413  -41.586  85.014 0.0000000000
29230  36.234  -41.997  84.534 0.0000000000
27765  36.729  -43.316  84.014 0.0000000000
27041  35.982  -44.866  83.225 0.0000000000
43512  46.590  -20.752  74.062 0.0000000000
43495  48.665  -21.324  75.598 0.0000000000
43494  49.473  -21.958  75.845 0.0000000000
42737  49.340  -23.065  76.420 0.0000000000
41141  49.379  -24.453  76.316 0.0000000000
40325  49.285  -25.409  76.319 0.0000000000
41925  47.539  -23.851  77.640 0.0000000000
40326  48.767  -25.429  77.039 0.0000000000
29263  41.809  -41.406  81.055 0.0000000000
29941  42.317  -40.514  80.876 0.0000000000
29940  43.197  -40.530  80.617 0.0000000000
30660  44.307  -39.811  80.012 0.0000000000
27809  44.352  -42.874  78.846 0.0000000000
29269  44.555  -41.392  79.288 0.0000000000
30678  44.779  -39.341  79.662 0.0000000000
31433  45.320  -38.714  79.275 0.0000000000
31450  45.773  -38.667  78.350 0.0000000000
31449  46.161  -37.973  78.003 0.0000000000
32227  46.773  -37.318  76.892 0.0000000000
31482  46.149  -38.747  76.677 0.0000000000
29254  42.051  -42.110  81.131 0.0000000000
27787  42.084  -43.178  81.028 0.0000000000
27080  42.555  -44.420  79.836 0.0000000000
26328  40.689  -45.345  80.623 0.0000000000
26343  41.659  -45.346  79.456 0.0000000000
43644  53.765  -21.392  65.980 0.0000000000
45184  48.942  -19.477  70.087 0.0000000000
45182  50.812  -19.717  70.838 0.0000000000
44355  51.559  -20.306  71.185 0.0000000000
42818  52.742  -22.357  70.982 0.0000000000
43554  51.995  -21.712  72.217 0.0000000000
42807  52.428  -22.405  71.582 0.0000000000
42003  52.927  -23.201  70.507 0.0000000000
34357  42.430  -34.936  80.119 0.0000000000
40334  42.224  -25.660  75.574 0.0000000000
41144  42.892  -24.889  76.373 0.0000000000
40320  44.394  -25.348  77.878 0.0000000000
39615  46.154  -26.712  78.550 0.0000000000
38893  47.238  -27.550  78.246 0.0000000000
36989  46.886  -30.367  78.248 0.0000000000
37579  47.579  -29.413  77.932 0.0000000000
37587  48.035  -29.095  77.675 0.0000000000
37007  48.777  -30.317  76.711 0.0000000000
32968  47.151  -36.625  76.539 0.0000000000
32989  47.243  -36.650  75.544 0.0000000000
28493  29.926  -41.942  87.385 0.0000000000
28492  30.881  -41.854  87.295 0.0000000000
41963  42.210  -23.669  74.643 0.0000000000
45206  49.632  -19.327  69.548 0.0000000000
43493  50.111  -22.264  75.355 0.0000000000
43509  49.833  -21.591  75.130 0.0000000000
42764  50.489  -22.686  74.913 0.0000000000
33653  45.707  -35.810  79.247 0.0000000000
33652  45.996  -35.565  78.933 0.0000000000
34372  46.074  -35.096  78.984 0.0000000000
34393  46.690  -34.616  78.342 0.0000000000
32949  46.878  -36.323  77.571 0.0000000000
27747  34.389  -43.106  85.299 0.0000000000
27022  34.126  -44.521  84.005 0.0000000000
42754  45.124  -22.171  76.077 0.0000000000
43498  44.986  -21.828  75.290 0.0000000000
43483  46.571  -21.575  76.177 0.0000000000
42740  46.960  -22.197  77.013 0.0000000000
39621  47.775  -26.780  77.906 0.0000000000
39620  48.276  -26.635  77.486 0.0000000000
27797  43.319  -43.020  80.186 0.0000000000
27079  43.231  -43.845  79.618 0.0000000000
27037  39.976  -44.019  82.452 0.0000000000
28545  39.964  -43.221  82.564 0.0000000000
28552  40.303  -42.846  82.236 0.0000000000
27056  40.344  -44.398  81.807 0.0000000000
44425  52.960  -20.138  68.245 0.0000000000
45242  52.733  -19.405  68.156 0.0000000000
44327  49.027  -20.149  72.780 0.0000000000
44341  48.923  -19.960  71.787 0.0000000000
41192  50.994  -25.040  71.673 0.0000000000
41191  51.893  -24.129  71.751 0.0000000000
32131  43.141  -37.568  80.627 0.0000000000
35750  42.899  -32.648  78.587 0.0000000000
36377  42.615  -31.635  77.266 0.0000000000
38211  43.959  -29.092  78.198 0.0000000000
38210  44.617  -28.486  78.456 0.0000000000
38217  44.209  -27.863  78.065 0.0000000000
38896  44.683  -27.323  78.330 0.0000000000
35129  47.980  -33.628  76.350 0.0000000000
35762  47.864  -32.606  76.724 0.0000000000
35143  48.212  -33.652  75.844 0.0000000000
29213  32.196  -41.972  86.858 0.0000000000
29212  32.614  -41.618  86.717 0.0000000000
28527  32.852  -42.497  86.336 0.0000000000
28526  33.305  -42.321  86.248 0.0000000000
27729  32.689  -42.908  86.126 0.0000000000
42766  43.332  -22.713  74.874 0.0000000000
42779  42.980  -22.476  74.268 0.0000000000
42765  44.006  -22.431  75.211 0.0000000000
42743  44.224  -22.887  76.339 0.0000000000
41940  45.141  -22.881  77.013 0.0000000000
41941  44.571  -23.167  76.958 0.0000000000
41135  44.759  -24.413  77.762 0.0000000000
41134  45.322  -24.360  78.052 0.0000000000
41123  45.726  -24.850  78.359 0.0000000000
41122  46.682  -25.082  78.368 0.0000000000
40312  45.983  -25.799  78.509 0.0000000000
27019  37.265  -43.834  83.478 0.0000000000
27764  37.544  -43.236  83.620 0.0000000000
26313  37.816  -45.645  81.836 0.0000000000
27039  38.079  -44.172  82.994 0.0000000000
27038  39.339  -44.341  82.511 0.0000000000
44311  47.490  -20.536  73.892 0.0000000000
44308  50.120  -21.322  74.524 0.0000000000
44315  50.542  -21.370  74.088 0.0000000000
41973  50.942  -23.316  73.946 0.0000000000
41972  51.285  -23.246  73.429 0.0000000000
41180  51.354  -23.869  72.935 0.0000000000
32128  45.122  -37.478  79.841 0.0000000000
32894  44.701  -36.698  80.191 0.0000000000
34374  44.739  -34.758  80.074 0.0000000000
35741  43.913  -32.741  79.758 0.0000000000
35740  44.919  -32.753  79.756 0.0000000000
36360  45.506  -31.826  79.197 0.0000000000
36983  45.554  -31.343  79.047 0.0000000000
36368  45.949  -31.639  78.792 0.0000000000
34411  47.266  -34.667  77.665 0.0000000000
35109  47.064  -33.725  78.083 0.0000000000
29897  33.966  -39.923  84.802 0.0000000000
28535  35.075  -42.444  85.323 0.0000000000
29221  35.147  -41.766  85.340 0.0000000000
29231  35.624  -41.906  84.963 0.0000000000
28542  36.526  -42.590  84.335 0.0000000000
27745  36.088  -43.035  84.478 0.0000000000
43482  47.742  -21.694  76.313 0.0000000000
43496  47.442  -20.925  75.252 0.0000000000
43480  49.253  -22.619  76.337 0.0000000000
41939  48.941  -23.812  76.911 0.0000000000
41926  46.673  -23.611  77.760 0.0000000000
41132  47.678  -24.927  77.872 0.0000000000
39628  49.204  -26.339  76.364 0.0000000000
38908  49.251  -27.119  76.304 0.0000000000
29939  43.864  -40.457  80.205 0.0000000000
30661  43.702  -39.611  80.408 0.0000000000
27823  44.006  -43.547  78.490 0.0000000000
27822  44.558  -42.965  78.025 0.0000000000
28564  45.035  -41.572  78.439 0.0000000000
28565  44.789  -42.100  78.573 0.0000000000
29967  44.840  -40.882  78.941 0.0000000000
29954  44.656  -40.316  79.450 0.0000000000
29953  44.918  -40.098  79.185 0.0000000000
31434  44.895  -38.774  79.751 0.0000000000
30677  45.047  -39.716  79.206 0.0000000000
30696  45.764  -39.470  77.779 0.0000000000
31467  46.066  -38.718  77.535 0.0000000000
30713  45.794  -39.461  76.234 0.0000000000
29237  38.245  -42.273  83.313 0.0000000000
29248  38.171  -41.900  83.242 0.0000000000
29264  40.976  -41.497  81.180 0.0000000000
29255  41.413  -42.151  81.358 0.0000000000
27799  41.988  -43.679  80.885 0.0000000000
27067  42.234  -44.010  80.636 0.0000000000
27081  41.820  -44.922  80.156 0.0000000000
26358  41.597  -45.629  78.397 0.0000000000
42879  53.860  -22.349  65.307 0.0000000000
44330  46.052  -20.470  71.967 0.0000000000
44344  45.805  -20.347  70.942 0.0000000000
45185  48.291  -19.592  69.834 0.0000000000
45183  49.777  -19.510  70.426 0.0000000000
44354  52.214  -21.000  71.301 0.0000000000
43537  51.637  -21.706  72.811 0.0000000000
44324  51.515  -21.266  72.722 0.0000000000
41190  52.305  -23.720  71.404 0.0000000000
41991  52.425  -23.170  71.454 0.0000000000
33640  43.315  -35.649  80.471 0.0000000000
34356  42.922  -34.719  80.280 0.0000000000
37000  43.374  -30.543  78.214 0.0000000000
38226  42.636  -28.450  76.326 0.0000000000
39631  42.859  -26.310  76.515 0.0000000000
39636  42.471  -26.460  75.899 0.0000000000
40328  42.631  -25.573  76.158 0.0000000000
40327  43.086  -25.492  76.742 0.0000000000
40321  43.614  -25.403  77.331 0.0000000000
39616  45.331  -26.542  78.483 0.0000000000
38894  46.408  -27.608  78.503 0.0000000000
36988  47.355  -29.836  78.006 0.0000000000
36998  47.825  -30.252  77.541 0.0000000000
36997  48.391  -30.053  77.200 0.0000000000
37586  48.463  -29.570  77.235 0.0000000000
36389  49.000  -31.756  75.435 0.0000000000
31481  46.442  -38.061  76.273 0.0000000000
32240  46.823  -37.361  75.866 0.0000000000
29197  31.963  -41.609  87.079 0.0000000000
28510  31.614  -42.207  86.913 0.0000000000
27711  32.025  -42.707  86.485 0.0000000000
42767  42.713  -22.914  74.551 0.0000000000
41942  43.692  -23.610  76.562 0.0000000000
41929  43.795  -24.106  77.108 0.0000000000
41136  44.008  -24.593  77.425 0.0000000000
45181  51.459  -19.970  70.653 0.0000000000
44300  48.471  -20.871  75.117 0.0000000000
44310  48.188  -20.586  74.421 0.0000000000
32910  45.610  -36.783  79.304 0.0000000000
32911  45.263  -36.419  79.703 0.0000000000
35738  46.158  -33.280  78.993 0.0000000000
35747  46.498  -32.969  78.620 0.0000000000
34412  46.922  -34.856  77.978 0.0000000000
33683  47.209  -35.597  77.428 0.0000000000
29222  34.519  -41.610  85.605 0.0000000000
28536  34.614  -42.600  85.450 0.0000000000
27746  35.355  -43.085  84.778 0.0000000000
27766  35.810  -43.690  84.264 0.0000000000
42725  48.457  -23.472  77.155 0.0000000000
41924  48.422  -23.974  77.324 0.0000000000
38909  48.859  -27.738  76.812 0.0000000000
38224  48.949  -28.460  76.767 0.0000000000
37593  48.952  -29.159  76.777 0.0000000000
28556  43.138  -42.420  80.592 0.0000000000
28561  43.727  -42.369  80.023 0.0000000000
29276  45.178  -41.042  78.386 0.0000000000
29285  45.411  -41.073  77.479 0.0000000000
29986  45.699  -40.205  76.951 0.0000000000
27780  38.919  -43.504  82.915 0.0000000000
28546  39.462  -42.833  82.697 0.0000000000
29257  39.920  -42.118  81.992 0.0000000000
28551  41.101  -42.848  81.672 0.0000000000
44424  53.276  -20.186  67.603 0.0000000000
42829  53.478  -22.186  69.167 0.0000000000
45166  50.473  -19.912  71.579 0.0000000000
44338  51.780  -21.085  72.147 0.0000000000
31416  42.532  -38.508  80.766 0.0000000000
35103  43.052  -33.736  79.633 0.0000000000
34375  42.834  -34.276  79.954 0.0000000000
35756  42.492  -32.665  77.744 0.0000000000
37588  43.510  -29.808  78.080 0.0000000000
38225  43.081  -27.619  76.867 0.0000000000
38911  42.745  -27.200  76.325 0.0000000000
38903  43.463  -27.114  77.320 0.0000000000
39623  43.836  -26.272  77.664 0.0000000000
35755  47.352  -32.818  77.631 0.0000000000
36999  47.172  -31.119  77.938 0.0000000000
36383  47.962  -31.785  76.851 0.0000000000
36382  48.487  -31.736  76.326 0.0000000000
35761  48.316  -32.528  76.173 0.0000000000
29868  33.322  -41.274  86.441 0.0000000000
29223  33.839  -41.669  86.113 0.0000000000
27728  33.688  -42.788  85.701 0.0000000000
27730  31.633  -43.228  86.073 0.0000000000
43499  44.393  -22.169  75.187 0.0000000000
41914  46.224  -24.194  78.194 0.0000000000
40310  47.299  -26.345  78.268 0.0000000000
39613  47.334  -26.868  78.240 0.0000000000
27092  43.404  -44.077  79.024 0.0000000000
29239  36.890  -42.028  84.119 0.0000000000
28540  37.933  -42.706  83.519 0.0000000000
27763  38.203  -43.347  83.358 0.0000000000
27057  39.650  -44.744  82.029 0.0000000000
26311  39.604  -45.261  81.580 0.0000000000
26329  39.851  -45.752  80.836 0.0000000000
25531  39.248  -46.263  80.233 0.0000000000
44400  52.726  -20.450  68.937 0.0000000000
43587  52.956  -21.230  69.663 0.0000000000
44320  46.455  -20.484  72.688 0.0000000000
44318  48.166  -20.373  73.407 0.0000000000
43538  51.304  -21.639  73.333 0.0000000000
43524  51.357  -22.112  73.445 0.0000000000
34355  43.833  -34.773  80.369 0.0000000000
35749  43.343  -32.699  79.220 0.0000000000
36370  43.531  -31.694  78.891 0.0000000000
36369  44.106  -31.147  79.036 0.0000000000
36991  44.697  -30.662  79.014 0.0000000000
36366  47.036  -32.287  78.085 0.0000000000
29894  36.488  -41.703  84.224 0.0000000000
29895  35.828  -41.366  84.478 0.0000000000
27020  36.366  -44.160  83.690 0.0000000000
41951  50.186  -23.393  75.341 0.0000000000
42753  49.829  -22.883  75.967 0.0000000000
41952  49.825  -23.543  75.846 0.0000000000
41152  49.774  -24.258  75.604 0.0000000000
41938  49.395  -23.693  76.386 0.0000000000
42727  47.303  -23.034  77.432 0.0000000000
41131  48.452  -24.924  77.382 0.0000000000
30662  42.873  -39.540  80.706 0.0000000000
28560  44.279  -42.309  79.410 0.0000000000
29260  44.139  -40.950  79.834 0.0000000000
29938  44.241  -40.383  79.896 0.0000000000
31414  44.425  -38.725  80.144 0.0000000000
32158  44.985  -38.308  79.793 0.0000000000
32157  45.323  -37.669  79.601 0.0000000000
30688  45.437  -39.528  78.616 0.0000000000
32186  45.837  -37.590  78.755 0.0000000000
32185  46.229  -37.445  78.237 0.0000000000
32931  46.338  -36.873  78.337 0.0000000000
32211  46.501  -37.337  77.739 0.0000000000
31466  46.388  -38.042  77.208 0.0000000000
30723  45.572  -39.455  75.226 0.0000000000
29905  37.489  -41.624  83.413 0.0000000000
29247  38.710  -42.019  82.794 0.0000000000
29942  41.298  -40.520  80.804 0.0000000000
28550  41.813  -42.747  81.321 0.0000000000
28557  42.424  -42.583  80.948 0.0000000000
27798  42.672  -43.392  80.598 0.0000000000
27069  40.737  -44.857  81.187 0.0000000000
26327  41.346  -45.221  80.231 0.0000000000
26344  40.832  -45.717  79.729 0.0000000000
29855  29.891  -40.504  87.799 0.0000000000
42808  52.090  -22.450  72.194 0.0000000000
43553  52.323  -21.694  71.631 0.0000000000
41211  52.759  -24.087  69.980 0.0000000000
41964  41.618  -24.207  74.401 0.0000000000
33641  42.300  -35.516  80.301 0.0000000000
39637  42.017  -26.553  75.287 0.0000000000
41155  42.050  -25.024  75.276 0.0000000000
41163  41.731  -24.751  74.773 0.0000000000
41162  42.204  -24.428  75.124 0.0000000000
41143  43.411  -24.598  76.853 0.0000000000
39622  44.537  -26.372  78.162 0.0000000000
40313  45.153  -25.612  78.339 0.0000000000
39614  46.880  -26.845  78.411 0.0000000000
37580  47.093  -29.364  78.247 0.0000000000
38207  47.535  -28.554  78.063 0.0000000000
38216  48.040  -28.261  77.677 0.0000000000
37006  49.199  -30.096  76.331 0.0000000000
37015  49.079  -31.072  75.988 0.0000000000
32948  47.142  -35.953  77.359 0.0000000000
32967  47.308  -35.979  77.024 0.0000000000
32988  47.491  -35.957  76.207 0.0000000000
28508  32.947  -42.010  86.527 0.0000000000
28509  32.511  -42.333  86.535 0.0000000000
28525  34.282  -42.351  85.655 0.0000000000
28568  45.197  -41.689  77.956 0.0000000000
29277  44.874  -41.403  78.736 0.0000000000
33670  45.849  -36.259  78.972 0.0000000000
35091  43.038  -34.194  80.065 0.0000000000
35110  46.604  -33.802  78.550 0.0000000000
37001  43.014  -30.715  77.752 0.0000000000
37592  49.282  -29.630  76.276 0.0000000000
41121  47.244  -25.647  78.259 0.0000000000
41154  42.512  -24.658  75.718 0.0000000000
41962  42.791  -23.206  74.901 0.0000000000
42755  44.458  -22.406  75.772 0.0000000000
44299  48.793  -21.018  75.214 0.0000000000
44307  50.393  -21.510  74.403 0.0000000000
