#!ascii label  , from subject 3264 vox2ras=TkReg
1443
40453  48.504  -25.123  66.012 0.0000000000
27162  39.738  -45.133  73.200 0.0000000000
27826  26.677  -43.478  77.822 0.0000000000
27072  21.090  -44.633  81.542 0.0000000000
25515  36.240  -46.266  81.279 0.0000000000
24080  29.883  -48.447  71.590 0.0000000000
37641  45.440  -29.002  68.240 0.0000000000
42072  53.874  -23.109  64.553 0.0000000000
35181  49.297  -32.637  73.220 0.0000000000
31599  40.863  -38.779  66.545 0.0000000000
30116  30.928  -40.317  63.318 0.0000000000
27045  29.895  -44.070  83.522 0.0000000000
27804  24.734  -43.382  80.337 0.0000000000
27717  26.449  -43.230  86.398 0.0000000000
25539  31.045  -46.033  80.042 0.0000000000
38921  49.600  -27.515  74.508 0.0000000000
27093  42.817  -44.684  78.487 0.0000000000
28585  44.713  -42.259  75.297 0.0000000000
30762  44.837  -39.760  71.976 0.0000000000
28637  40.514  -43.177  68.973 0.0000000000
29421  36.895  -41.267  63.871 0.0000000000
28657  34.902  -43.020  67.949 0.0000000000
25724  25.267  -45.886  68.068 0.0000000000
98317  27.078  -47.059  65.532 0.0000000000
40449  52.385  -25.206  65.619 0.0000000000
40546  52.251  -25.468  60.849 0.0000000000
28619  24.359  -42.495  71.102 0.0000000000
28606  21.795  -43.218  73.733 0.0000000000
25596  37.956  -47.201  76.392 0.0000000000
25645  34.781  -46.409  72.302 0.0000000000
24009  32.917  -48.594  76.077 0.0000000000
25614  28.507  -46.414  74.826 0.0000000000
40407  45.735  -26.100  68.192 0.0000000000
29180  23.257  -41.838  89.843 0.0000000000
27758  18.062  -43.765  84.874 0.0000000000
42018  53.257  -23.381  69.494 0.0000000000
41192  50.994  -25.040  71.673 0.0000000000
39665  48.381  -26.693  72.185 0.0000000000
37629  48.175  -30.123  70.622 0.0000000000
34501  46.329  -33.670  68.310 0.0000000000
34434  48.160  -34.265  75.588 0.0000000000
32303  46.256  -37.008  70.323 0.0000000000
33805  42.505  -35.324  65.066 0.0000000000
98549  37.705  -36.331  61.615 0.0000000000
27972  30.871  -44.385  67.223 0.0000000000
27713  30.311  -42.776  86.439 0.0000000000
96756  27.558  -43.351  84.571 0.0000000000
28495  27.983  -42.252  87.418 0.0000000000
27024  31.856  -44.429  84.162 0.0000000000
26399  41.694  -45.695  75.763 0.0000000000
27147  43.071  -44.263  73.993 0.0000000000
28610  42.974  -43.182  71.775 0.0000000000
27899  40.190  -44.040  71.044 0.0000000000
27953  38.124  -43.269  68.805 0.0000000000
27198  37.184  -44.101  70.562 0.0000000000
24925  24.556  -47.102  69.844 0.0000000000
23382  25.373  -49.214  67.918 0.0000000000
40451  50.616  -25.520  65.934 0.0000000000
40511  50.547  -25.891  63.368 0.0000000000
41287  48.844  -25.040  63.520 0.0000000000
27864  25.525  -43.474  74.885 0.0000000000
28604  23.036  -42.434  73.105 0.0000000000
28578  24.069  -43.080  76.152 0.0000000000
27806  22.805  -43.970  81.463 0.0000000000
27843  21.238  -44.069  77.644 0.0000000000
27100  19.897  -44.687  79.016 0.0000000000
27074  19.067  -44.577  80.810 0.0000000000
25550  39.425  -46.461  79.415 0.0000000000
24790  36.721  -47.404  78.672 0.0000000000
24829  35.647  -47.801  76.503 0.0000000000
24775  34.988  -47.315  79.045 0.0000000000
27083  28.780  -44.646  78.429 0.0000000000
25575  29.929  -46.337  77.745 0.0000000000
27124  28.103  -44.589  76.349 0.0000000000
27166  26.679  -44.212  73.659 0.0000000000
39700  44.722  -26.947  68.110 0.0000000000
39036  43.790  -27.115  65.616 0.0000000000
38340  43.732  -28.412  66.785 0.0000000000
27723  16.665  -43.738  86.564 0.0000000000
40366  49.336  -25.800  71.340 0.0000000000
41171  50.027  -25.193  73.848 0.0000000000
37604  49.773  -29.417  74.532 0.0000000000
38255  49.270  -28.967  72.040 0.0000000000
36415  48.913  -31.310  71.285 0.0000000000
35818  47.454  -32.231  69.760 0.0000000000
35196  48.343  -33.169  70.808 0.0000000000
30771  43.405  -39.488  69.365 0.0000000000
31559  45.326  -38.384  71.074 0.0000000000
32322  43.309  -37.673  68.549 0.0000000000
33057  43.289  -36.175  67.016 0.0000000000
33086  41.109  -36.697  65.638 0.0000000000
34575  39.971  -35.443  63.241 0.0000000000
32368  39.432  -37.997  64.462 0.0000000000
30852  34.305  -39.450  61.290 0.0000000000
24078  32.389  -47.654  71.441 0.0000000000
26481  33.000  -45.299  69.920 0.0000000000
26507  31.129  -45.960  68.705 0.0000000000
98339  27.611  -45.214  63.972 0.0000000000
43683  54.561  -21.418  62.190 0.0000000000
42904  54.141  -22.683  62.169 0.0000000000
27059  27.951  -43.792  79.787 0.0000000000
27815  25.704  -43.352  78.982 0.0000000000
96761  27.054  -43.463  81.429 0.0000000000
27782  25.244  -43.688  82.879 0.0000000000
27783  23.917  -43.769  83.606 0.0000000000
26292  34.913  -45.139  83.194 0.0000000000
25537  33.392  -46.501  80.386 0.0000000000
26305  32.989  -45.148  82.980 0.0000000000
26333  30.160  -45.297  80.544 0.0000000000
41152  49.774  -24.258  75.604 0.0000000000
37014  49.363  -30.304  75.908 0.0000000000
29320  44.711  -41.509  73.241 0.0000000000
29328  43.406  -41.466  70.532 0.0000000000
29361  41.350  -41.139  67.578 0.0000000000
30097  39.208  -40.217  64.679 0.0000000000
28682  38.649  -42.306  66.418 0.0000000000
28702  36.311  -42.193  65.986 0.0000000000
29391  32.900  -41.659  65.585 0.0000000000
24106  27.286  -47.559  69.874 0.0000000000
24104  28.538  -47.843  68.196 0.0000000000
98310  25.877  -46.941  66.866 0.0000000000
41268  53.538  -24.051  65.608 0.0000000000
41303  53.544  -24.127  63.168 0.0000000000
40524  52.326  -25.405  63.030 0.0000000000
28572  23.011  -43.079  76.562 0.0000000000
26374  40.891  -46.177  77.906 0.0000000000
25623  38.469  -46.543  75.092 0.0000000000
26440  37.107  -45.533  72.658 0.0000000000
25625  36.642  -46.851  74.362 0.0000000000
24859  34.560  -47.828  73.985 0.0000000000
24041  31.259  -48.817  73.884 0.0000000000
24795  31.830  -47.661  77.840 0.0000000000
24832  30.572  -48.056  76.157 0.0000000000
24061  28.823  -48.061  73.307 0.0000000000
25661  26.894  -46.074  71.605 0.0000000000
27937  25.255  -43.593  69.378 0.0000000000
40454  47.527  -25.087  66.369 0.0000000000
42086  46.349  -23.447  63.174 0.0000000000
41274  43.909  -24.963  64.367 0.0000000000
28479  24.908  -42.751  87.787 0.0000000000
96749  22.410  -43.647  86.098 0.0000000000
27719  20.201  -43.929  86.822 0.0000000000
27030  20.458  -44.301  83.971 0.0000000000
42044  53.737  -23.318  67.222 0.0000000000
41241  53.151  -24.302  67.476 0.0000000000
40389  51.391  -25.335  68.635 0.0000000000
40390  50.419  -25.590  68.933 0.0000000000
40392  48.296  -26.032  69.524 0.0000000000
39698  46.607  -26.315  69.576 0.0000000000
38955  46.426  -27.543  70.096 0.0000000000
39650  49.061  -26.791  73.249 0.0000000000
38257  48.030  -28.668  71.087 0.0000000000
37639  46.863  -29.676  69.629 0.0000000000
36435  46.332  -31.273  69.001 0.0000000000
35220  45.592  -32.403  67.924 0.0000000000
35155  48.716  -33.293  74.662 0.0000000000
32268  46.383  -37.734  73.413 0.0000000000
33018  47.666  -36.065  73.303 0.0000000000
33753  47.568  -35.235  70.800 0.0000000000
33763  46.062  -35.408  68.701 0.0000000000
33794  44.237  -34.758  66.222 0.0000000000
31624  38.395  -38.767  63.062 0.0000000000
27200  35.389  -44.314  70.255 0.0000000000
27969  33.308  -43.272  67.906 0.0000000000
29393  30.985  -41.662  65.379 0.0000000000
98331  29.211  -46.181  65.793 0.0000000000
98306  29.341  -42.916  64.705 0.0000000000
28512  29.553  -42.535  86.760 0.0000000000
29200  29.199  -41.238  87.959 0.0000000000
26426  40.862  -45.465  74.351 0.0000000000
27148  42.181  -45.026  74.434 0.0000000000
27161  41.092  -45.022  73.500 0.0000000000
27173  41.543  -44.340  72.238 0.0000000000
27187  39.698  -44.379  71.694 0.0000000000
27901  38.390  -44.135  70.915 0.0000000000
27188  38.640  -44.464  71.600 0.0000000000
40452  49.612  -25.414  65.999 0.0000000000
40475  49.777  -25.391  65.095 0.0000000000
40476  48.871  -24.976  65.120 0.0000000000
27852  26.107  -43.568  75.997 0.0000000000
27853  24.892  -43.278  75.788 0.0000000000
27839  25.816  -43.391  76.930 0.0000000000
27084  21.909  -44.374  81.084 0.0000000000
27819  21.502  -44.454  79.700 0.0000000000
27085  21.144  -44.652  80.404 0.0000000000
27086  19.970  -44.745  80.061 0.0000000000
27073  20.075  -44.764  81.122 0.0000000000
26302  36.424  -45.305  82.625 0.0000000000
25514  37.215  -46.203  81.236 0.0000000000
25533  37.548  -46.513  80.502 0.0000000000
25554  36.260  -47.017  79.962 0.0000000000
24774  35.976  -47.320  79.261 0.0000000000
25555  35.291  -47.092  79.881 0.0000000000
27812  28.178  -44.008  78.504 0.0000000000
27095  28.646  -44.757  77.752 0.0000000000
27837  27.760  -44.140  76.919 0.0000000000
27851  27.066  -43.827  76.074 0.0000000000
38975  45.112  -27.781  68.564 0.0000000000
38990  43.841  -27.886  67.185 0.0000000000
38293  44.777  -28.524  67.825 0.0000000000
41961  50.652  -23.330  74.511 0.0000000000
41170  50.731  -24.134  73.749 0.0000000000
41160  50.253  -23.934  74.878 0.0000000000
36401  49.537  -31.223  73.401 0.0000000000
36406  49.522  -31.002  72.647 0.0000000000
35810  49.205  -31.890  71.743 0.0000000000
35811  48.736  -32.280  71.172 0.0000000000
35191  48.756  -33.173  71.601 0.0000000000
30795  42.165  -39.219  67.847 0.0000000000
31567  43.218  -38.829  68.990 0.0000000000
31587  42.407  -38.559  68.005 0.0000000000
33059  41.804  -37.561  67.202 0.0000000000
33073  40.849  -37.773  66.227 0.0000000000
33087  40.417  -37.523  65.515 0.0000000000
32358  40.245  -38.330  65.640 0.0000000000
24079  31.144  -48.326  71.320 0.0000000000
24094  31.538  -47.017  70.084 0.0000000000
24095  30.128  -48.095  69.899 0.0000000000
42900  54.039  -22.505  63.148 0.0000000000
26320  29.062  -43.965  82.280 0.0000000000
96764  27.665  -43.644  80.801 0.0000000000
27058  28.181  -43.457  83.044 0.0000000000
96755  27.326  -43.292  85.330 0.0000000000
96757  26.533  -43.445  83.075 0.0000000000
27769  25.644  -43.606  85.273 0.0000000000
26293  34.206  -45.005  83.399 0.0000000000
26304  34.270  -45.439  82.736 0.0000000000
26294  33.604  -44.843  83.583 0.0000000000
27025  30.791  -44.114  84.225 0.0000000000
26306  31.449  -44.847  82.855 0.0000000000
26319  30.020  -44.469  82.309 0.0000000000
96767  29.320  -44.533  80.844 0.0000000000
27848  44.542  -42.933  76.481 0.0000000000
28576  45.241  -41.787  77.149 0.0000000000
29294  45.325  -41.293  76.272 0.0000000000
29995  45.463  -40.276  75.756 0.0000000000
29316  44.892  -41.372  74.491 0.0000000000
27908  41.588  -43.377  70.557 0.0000000000
28616  43.237  -42.209  70.896 0.0000000000
28623  42.426  -42.550  70.070 0.0000000000
29335  42.598  -41.489  69.188 0.0000000000
29351  41.009  -42.091  67.902 0.0000000000
29363  40.114  -41.832  66.911 0.0000000000
28664  39.418  -42.337  67.076 0.0000000000
28655  36.690  -42.897  68.087 0.0000000000
28666  37.207  -42.662  67.348 0.0000000000
28667  36.246  -42.551  67.429 0.0000000000
29374  34.852  -42.031  66.137 0.0000000000
28687  33.852  -42.438  66.821 0.0000000000
24938  26.525  -46.621  69.417 0.0000000000
24954  26.605  -47.036  68.479 0.0000000000
25739  25.712  -46.452  67.630 0.0000000000
41269  52.965  -24.798  65.099 0.0000000000
41286  52.978  -24.892  64.312 0.0000000000
40493  52.576  -25.181  64.540 0.0000000000
40526  50.085  -26.227  62.505 0.0000000000
27205  23.907  -43.585  70.405 0.0000000000
27904  23.358  -43.064  71.579 0.0000000000
27816  24.689  -43.315  79.251 0.0000000000
27828  24.684  -43.211  78.170 0.0000000000
27829  23.640  -43.358  78.409 0.0000000000
27844  20.363  -44.290  77.142 0.0000000000
27855  21.509  -43.507  76.489 0.0000000000
25584  39.002  -46.954  77.922 0.0000000000
25549  40.194  -46.186  79.156 0.0000000000
25594  39.611  -46.721  77.156 0.0000000000
25609  39.544  -46.567  76.220 0.0000000000
25610  38.583  -46.831  75.945 0.0000000000
25624  37.568  -46.608  74.598 0.0000000000
25611  37.632  -47.024  75.611 0.0000000000
24007  34.224  -48.305  76.510 0.0000000000
24845  34.902  -48.011  75.071 0.0000000000
24023  33.533  -48.539  75.376 0.0000000000
24040  32.383  -48.672  73.913 0.0000000000
24024  32.687  -48.684  75.106 0.0000000000
25538  31.880  -46.166  80.391 0.0000000000
25557  32.849  -47.011  79.390 0.0000000000
25558  31.416  -46.531  79.389 0.0000000000
25599  28.785  -46.343  75.561 0.0000000000
25597  30.022  -47.406  76.508 0.0000000000
25613  28.883  -47.043  75.117 0.0000000000
24043  29.441  -48.282  74.126 0.0000000000
24862  28.479  -47.231  74.030 0.0000000000
24891  27.692  -46.961  72.687 0.0000000000
25640  27.565  -46.045  73.139 0.0000000000
27883  25.265  -42.996  72.320 0.0000000000
27902  25.751  -43.495  70.866 0.0000000000
28625  24.989  -42.626  70.329 0.0000000000
40430  45.970  -25.715  67.444 0.0000000000
40477  45.442  -24.711  65.501 0.0000000000
40456  45.026  -25.660  66.503 0.0000000000
39744  44.213  -26.765  65.234 0.0000000000
28466  23.512  -42.358  89.103 0.0000000000
28480  23.839  -43.102  87.415 0.0000000000
27694  22.501  -43.146  87.802 0.0000000000
27705  18.721  -43.596  87.280 0.0000000000
27720  19.304  -43.789  86.604 0.0000000000
26999  20.397  -44.208  85.142 0.0000000000
27013  19.369  -44.117  84.685 0.0000000000
27051  18.345  -44.372  82.694 0.0000000000
27032  18.500  -44.191  83.626 0.0000000000
42866  53.922  -22.287  66.574 0.0000000000
42017  53.516  -22.737  68.992 0.0000000000
41225  52.257  -24.920  68.234 0.0000000000
41211  52.759  -24.087  69.980 0.0000000000
41191  51.893  -24.129  71.751 0.0000000000
40376  51.343  -25.274  69.718 0.0000000000
40377  50.383  -25.621  70.022 0.0000000000
40391  49.372  -25.804  69.210 0.0000000000
40378  49.354  -25.822  70.306 0.0000000000
40367  48.378  -26.242  71.645 0.0000000000
40379  48.401  -26.062  70.613 0.0000000000
40380  47.665  -26.353  70.823 0.0000000000
39675  46.647  -27.068  70.467 0.0000000000
39667  47.212  -27.209  71.019 0.0000000000
40333  49.572  -25.490  75.298 0.0000000000
40340  49.580  -25.728  74.362 0.0000000000
39649  49.343  -26.669  73.996 0.0000000000
37622  48.433  -29.595  71.042 0.0000000000
38256  48.767  -28.657  71.704 0.0000000000
37623  47.889  -29.138  70.693 0.0000000000
38265  47.351  -28.665  70.413 0.0000000000
37057  46.522  -30.483  69.293 0.0000000000
37056  47.325  -30.541  69.823 0.0000000000
35205  46.633  -32.840  68.771 0.0000000000
35219  46.064  -32.619  68.276 0.0000000000
35240  45.857  -32.988  67.905 0.0000000000
34538  44.829  -33.308  66.617 0.0000000000
34445  48.407  -34.138  74.882 0.0000000000
30752  45.354  -39.204  73.484 0.0000000000
31508  46.182  -38.060  74.263 0.0000000000
31540  45.495  -38.777  72.842 0.0000000000
32304  45.456  -37.569  70.082 0.0000000000
32283  46.473  -37.460  72.115 0.0000000000
33023  46.999  -36.679  71.668 0.0000000000
33026  47.437  -35.968  71.398 0.0000000000
33027  46.839  -36.311  70.529 0.0000000000
33754  47.042  -35.409  69.972 0.0000000000
33035  45.399  -36.376  68.882 0.0000000000
33070  42.959  -35.850  66.294 0.0000000000
33785  43.834  -35.663  66.818 0.0000000000
33804  43.216  -34.657  65.055 0.0000000000
34546  43.718  -33.794  65.186 0.0000000000
34547  42.735  -34.041  64.219 0.0000000000
98618  41.269  -34.898  63.600 0.0000000000
34591  38.928  -35.899  62.542 0.0000000000
98629  39.086  -34.884  62.089 0.0000000000
30098  38.530  -40.616  64.271 0.0000000000
30826  38.619  -39.661  63.696 0.0000000000
98535  37.770  -40.029  63.195 0.0000000000
31642  34.699  -38.139  60.833 0.0000000000
26442  35.478  -45.811  72.218 0.0000000000
27190  36.054  -44.812  71.330 0.0000000000
26451  34.493  -45.513  71.281 0.0000000000
27253  31.637  -44.654  68.467 0.0000000000
27235  32.920  -44.240  68.888 0.0000000000
27971  31.543  -43.838  67.711 0.0000000000
28689  31.793  -42.782  66.965 0.0000000000
28690  31.031  -43.026  66.662 0.0000000000
98316  27.602  -47.383  66.383 0.0000000000
98328  28.844  -47.051  66.435 0.0000000000
98330  28.095  -46.986  65.959 0.0000000000
98333  27.732  -44.101  63.710 0.0000000000
29428  28.299  -41.787  63.550 0.0000000000
41333  52.939  -24.810  61.481 0.0000000000
41332  53.441  -24.119  61.123 0.0000000000
41321  47.538  -24.959  62.616 0.0000000000
27010  30.045  -43.550  84.837 0.0000000000
27046  28.810  -43.440  84.042 0.0000000000
27752  29.207  -43.136  85.535 0.0000000000
27715  28.017  -42.758  86.323 0.0000000000
28514  27.623  -42.632  86.868 0.0000000000
27750  31.093  -43.544  85.382 0.0000000000
26372  42.211  -45.439  76.942 0.0000000000
27106  43.520  -44.229  77.914 0.0000000000
27122  42.740  -45.097  76.201 0.0000000000
27134  43.183  -44.502  75.215 0.0000000000
27872  43.758  -43.572  74.432 0.0000000000
28593  43.909  -43.231  73.739 0.0000000000
27881  43.085  -43.870  72.991 0.0000000000
27897  41.784  -43.758  71.439 0.0000000000
27929  40.424  -43.468  69.636 0.0000000000
27952  39.187  -43.298  68.843 0.0000000000
27931  38.480  -43.546  69.596 0.0000000000
27932  37.506  -43.506  69.541 0.0000000000
27933  36.589  -43.530  69.450 0.0000000000
26510  24.785  -45.371  68.485 0.0000000000
24955  24.584  -47.043  67.931 0.0000000000
24117  24.589  -47.784  68.587 0.0000000000
40450  51.574  -25.487  65.831 0.0000000000
40495  51.077  -25.660  64.266 0.0000000000
40474  50.763  -25.545  65.050 0.0000000000
40512  49.407  -25.567  63.026 0.0000000000
27875  25.070  -43.094  73.556 0.0000000000
28603  23.803  -42.383  72.781 0.0000000000
27876  24.439  -42.697  73.773 0.0000000000
28586  23.721  -42.773  75.014 0.0000000000
28587  22.623  -42.715  74.968 0.0000000000
27805  23.720  -43.569  80.848 0.0000000000
27830  22.498  -43.706  78.681 0.0000000000
27818  22.391  -44.124  80.072 0.0000000000
27115  20.712  -44.478  78.556 0.0000000000
27102  18.420  -45.325  78.170 0.0000000000
25571  38.215  -46.953  79.222 0.0000000000
24807  37.512  -47.395  78.106 0.0000000000
24828  36.555  -47.553  76.870 0.0000000000
24808  36.624  -47.557  77.797 0.0000000000
24810  34.511  -48.090  77.162 0.0000000000
24811  33.442  -48.103  77.447 0.0000000000
96768  30.236  -45.838  79.489 0.0000000000
25559  30.637  -46.295  79.162 0.0000000000
27094  29.165  -45.269  78.066 0.0000000000
26376  28.770  -45.356  77.063 0.0000000000
26402  28.373  -45.601  75.320 0.0000000000
26419  27.601  -45.258  73.934 0.0000000000
27150  27.284  -44.542  74.441 0.0000000000
27874  26.205  -43.759  74.200 0.0000000000
40408  45.280  -26.425  68.197 0.0000000000
40457  44.352  -26.379  66.576 0.0000000000
39714  43.985  -27.045  67.075 0.0000000000
39012  43.555  -27.873  66.314 0.0000000000
27706  17.822  -43.422  87.485 0.0000000000
27741  17.345  -43.729  85.578 0.0000000000
27759  17.487  -43.972  84.695 0.0000000000
27015  16.858  -44.450  85.058 0.0000000000
41181  50.960  -24.673  72.556 0.0000000000
40365  50.292  -25.521  71.049 0.0000000000
40354  50.216  -25.369  72.008 0.0000000000
40355  49.347  -25.768  72.326 0.0000000000
40356  48.843  -26.318  72.530 0.0000000000
38231  49.747  -28.439  75.074 0.0000000000
38237  49.748  -28.480  74.026 0.0000000000
37610  49.736  -29.407  73.543 0.0000000000
37038  49.476  -30.300  72.211 0.0000000000
37047  48.524  -30.589  70.877 0.0000000000
36424  47.712  -31.425  70.086 0.0000000000
35817  48.095  -32.295  70.404 0.0000000000
35197  47.747  -33.139  70.094 0.0000000000
34495  46.873  -33.639  69.060 0.0000000000
30031  44.298  -40.066  70.906 0.0000000000
31553  45.004  -39.018  71.486 0.0000000000
31561  44.253  -38.988  69.978 0.0000000000
31565  44.387  -38.413  69.751 0.0000000000
32311  44.271  -37.567  69.164 0.0000000000
33036  44.711  -36.859  68.854 0.0000000000
33047  43.268  -36.942  67.977 0.0000000000
33071  42.185  -36.244  66.141 0.0000000000
98632  41.332  -35.972  64.896 0.0000000000
33101  40.446  -36.574  64.841 0.0000000000
33835  39.590  -36.241  63.548 0.0000000000
33113  38.936  -36.947  63.071 0.0000000000
30112  34.684  -40.941  63.197 0.0000000000
30838  35.055  -40.450  62.464 0.0000000000
30138  34.375  -40.435  62.381 0.0000000000
30853  33.107  -39.532  61.046 0.0000000000
31645  31.131  -37.953  59.771 0.0000000000
24889  33.623  -47.079  71.906 0.0000000000
25676  33.531  -45.764  70.738 0.0000000000
24919  32.691  -46.291  70.465 0.0000000000
26506  31.936  -45.823  69.549 0.0000000000
27254  31.041  -44.951  67.951 0.0000000000
98289  27.099  -46.559  65.024 0.0000000000
98336  27.603  -46.291  64.857 0.0000000000
43679  54.442  -21.262  62.969 0.0000000000
43684  54.305  -22.038  61.714 0.0000000000
42907  54.122  -22.756  61.200 0.0000000000
27800  27.972  -43.826  79.092 0.0000000000
27814  26.616  -43.468  78.713 0.0000000000
27802  26.810  -43.495  79.755 0.0000000000
27790  26.603  -43.454  80.767 0.0000000000
27791  25.692  -43.425  80.868 0.0000000000
96759  27.178  -43.394  82.394 0.0000000000
27792  24.951  -43.506  81.472 0.0000000000
27793  23.910  -43.644  82.149 0.0000000000
27794  22.848  -43.878  82.660 0.0000000000
26315  35.797  -45.858  81.993 0.0000000000
25536  34.624  -46.653  80.514 0.0000000000
26316  34.674  -45.884  82.011 0.0000000000
25518  32.761  -45.966  81.116 0.0000000000
25519  31.997  -45.789  81.029 0.0000000000
27043  32.100  -44.751  83.498 0.0000000000
26318  31.786  -45.413  81.729 0.0000000000
26332  31.466  -45.689  80.935 0.0000000000
27070  28.807  -44.417  79.413 0.0000000000
37661  45.272  -29.499  67.822 0.0000000000
37678  45.055  -29.549  67.420 0.0000000000
41151  50.077  -23.831  75.299 0.0000000000
38908  49.251  -27.119  76.304 0.0000000000
37020  49.629  -30.352  74.959 0.0000000000
36394  49.419  -31.409  74.378 0.0000000000
30018  45.175  -39.966  74.079 0.0000000000
30026  44.767  -40.588  72.566 0.0000000000
28600  44.270  -42.295  72.721 0.0000000000
29322  44.385  -41.512  72.065 0.0000000000
30029  44.089  -40.950  71.204 0.0000000000
30038  43.168  -40.513  69.491 0.0000000000
30051  42.467  -40.579  68.560 0.0000000000
30797  41.105  -40.152  66.938 0.0000000000
30817  40.165  -39.675  65.710 0.0000000000
30078  40.131  -40.640  66.010 0.0000000000
29384  39.334  -41.431  65.716 0.0000000000
29386  37.802  -41.864  65.246 0.0000000000
28665  38.243  -42.655  67.238 0.0000000000
28701  37.248  -42.284  65.888 0.0000000000
29405  36.449  -41.596  64.540 0.0000000000
29406  35.467  -41.623  64.599 0.0000000000
29408  33.469  -41.298  64.720 0.0000000000
29409  32.493  -41.209  64.944 0.0000000000
24096  28.849  -48.320  70.504 0.0000000000
98279  27.576  -47.804  68.640 0.0000000000
98309  27.029  -47.402  66.849 0.0000000000
98315  26.387  -47.276  66.076 0.0000000000
24138  24.932  -47.331  66.992 0.0000000000
24151  25.663  -47.383  66.326 0.0000000000
42064  53.785  -23.388  65.200 0.0000000000
42085  53.839  -23.275  63.681 0.0000000000
41285  53.543  -24.095  64.405 0.0000000000
41320  53.034  -24.877  62.556 0.0000000000
40536  52.254  -25.480  61.969 0.0000000000
40510  51.619  -25.639  63.587 0.0000000000
40525  51.322  -26.030  62.528 0.0000000000
27840  24.608  -43.225  76.964 0.0000000000
28571  23.812  -43.107  76.593 0.0000000000
28580  22.409  -42.939  75.760 0.0000000000
27842  22.559  -43.399  77.366 0.0000000000
27866  21.743  -43.219  75.788 0.0000000000
26358  41.597  -45.629  78.397 0.0000000000
26387  40.931  -46.240  76.982 0.0000000000
26414  40.369  -45.826  74.915 0.0000000000
26428  39.072  -45.623  73.789 0.0000000000
27164  38.130  -45.396  72.925 0.0000000000
26417  37.724  -46.214  73.879 0.0000000000
25636  36.615  -46.461  73.651 0.0000000000
25637  35.837  -46.628  73.338 0.0000000000
24844  35.674  -47.675  75.479 0.0000000000
24858  35.703  -47.360  74.301 0.0000000000
24874  34.414  -47.216  72.837 0.0000000000
24057  33.118  -48.046  72.700 0.0000000000
24058  31.854  -48.525  72.643 0.0000000000
24059  30.666  -48.633  72.736 0.0000000000
25556  34.180  -47.014  79.693 0.0000000000
24777  33.225  -47.448  78.666 0.0000000000
24812  32.575  -48.113  77.361 0.0000000000
25574  30.708  -46.849  78.196 0.0000000000
24814  31.067  -47.942  76.830 0.0000000000
24010  32.014  -48.523  76.019 0.0000000000
24026  30.710  -48.530  75.023 0.0000000000
24042  30.259  -48.640  73.941 0.0000000000
24081  28.904  -48.287  72.048 0.0000000000
24097  28.111  -48.021  71.304 0.0000000000
24922  26.967  -46.966  70.597 0.0000000000
25703  26.253  -45.801  69.574 0.0000000000
27179  27.051  -44.987  72.843 0.0000000000
27203  26.078  -44.171  70.359 0.0000000000
26484  25.525  -44.745  68.883 0.0000000000
26485  24.423  -44.975  69.247 0.0000000000
41255  47.813  -24.687  65.676 0.0000000000
41270  48.173  -24.605  65.253 0.0000000000
41256  46.988  -24.649  65.673 0.0000000000
39745  43.997  -26.425  65.156 0.0000000000
39758  44.552  -26.137  64.442 0.0000000000
38316  44.611  -28.989  67.156 0.0000000000
29186  28.374  -41.137  88.312 0.0000000000
29202  27.616  -42.017  87.935 0.0000000000
28477  26.547  -42.217  88.075 0.0000000000
29189  25.702  -42.041  88.625 0.0000000000
28498  25.550  -43.031  87.217 0.0000000000
28500  24.506  -43.236  86.988 0.0000000000
27770  23.190  -43.690  84.940 0.0000000000
27047  21.769  -44.126  83.864 0.0000000000
27687  22.036  -43.011  88.513 0.0000000000
96746  21.381  -43.669  87.222 0.0000000000
27756  21.069  -44.168  84.892 0.0000000000
27048  21.140  -44.320  83.455 0.0000000000
27063  19.162  -44.523  81.856 0.0000000000
42879  53.860  -22.349  65.307 0.0000000000
42054  53.839  -23.249  66.095 0.0000000000
41253  53.020  -24.585  66.175 0.0000000000
42847  53.618  -22.127  68.602 0.0000000000
42045  53.543  -23.543  67.855 0.0000000000
40424  52.373  -25.127  66.549 0.0000000000
41242  52.204  -25.140  67.348 0.0000000000
40402  51.418  -25.399  67.630 0.0000000000
40426  50.518  -25.508  66.869 0.0000000000
41212  52.158  -24.775  69.328 0.0000000000
40427  49.488  -25.533  66.999 0.0000000000
40428  48.409  -25.535  67.189 0.0000000000
40405  48.275  -25.887  68.335 0.0000000000
40406  46.894  -25.952  68.704 0.0000000000
40393  47.444  -26.197  69.943 0.0000000000
39699  45.766  -26.398  68.912 0.0000000000
39687  45.521  -27.114  69.221 0.0000000000
38964  45.941  -27.823  69.492 0.0000000000
41161  49.986  -24.768  74.637 0.0000000000
40347  49.312  -25.936  73.324 0.0000000000
39657  48.717  -26.894  72.681 0.0000000000
38933  49.253  -28.077  72.811 0.0000000000
38934  48.794  -27.686  72.399 0.0000000000
38935  48.294  -27.399  71.964 0.0000000000
38954  47.002  -27.780  70.566 0.0000000000
38276  46.541  -28.689  69.645 0.0000000000
38277  45.609  -28.550  68.767 0.0000000000
37640  45.979  -29.534  68.780 0.0000000000
37077  45.940  -30.463  68.652 0.0000000000
36434  47.023  -31.353  69.525 0.0000000000
35852  45.606  -31.847  68.209 0.0000000000
36389  49.000  -31.756  75.435 0.0000000000
35168  49.087  -33.022  73.684 0.0000000000
33002  47.619  -35.911  75.254 0.0000000000
32284  45.942  -38.147  72.469 0.0000000000
33012  47.196  -36.786  73.850 0.0000000000
33722  48.063  -35.081  74.873 0.0000000000
33741  48.412  -34.699  73.593 0.0000000000
34470  48.701  -34.149  72.971 0.0000000000
34479  48.639  -33.955  71.981 0.0000000000
34487  47.901  -34.111  70.561 0.0000000000
33762  46.724  -34.689  69.184 0.0000000000
33771  46.127  -34.678  68.324 0.0000000000
33045  44.978  -35.951  68.113 0.0000000000
33772  45.391  -35.189  67.818 0.0000000000
34522  45.289  -33.894  67.061 0.0000000000
34539  44.548  -33.871  66.186 0.0000000000
98607  40.010  -34.734  62.601 0.0000000000
98620  39.649  -34.052  61.551 0.0000000000
31616  39.420  -38.852  64.613 0.0000000000
32381  37.895  -37.735  62.191 0.0000000000
31636  36.290  -39.275  61.969 0.0000000000
98561  35.870  -37.607  61.170 0.0000000000
27177  36.853  -45.103  71.952 0.0000000000
27199  36.535  -44.238  70.574 0.0000000000
27935  34.772  -43.781  69.081 0.0000000000
27202  33.679  -44.887  70.171 0.0000000000
27936  34.009  -43.936  69.041 0.0000000000
27957  34.238  -43.373  68.241 0.0000000000
28688  32.898  -42.493  66.902 0.0000000000
29392  31.860  -41.736  65.690 0.0000000000
29411  30.773  -41.197  64.678 0.0000000000
98276  30.279  -46.935  68.273 0.0000000000
98288  30.445  -45.815  67.519 0.0000000000
98294  30.470  -45.039  66.912 0.0000000000
98332  28.321  -44.944  64.288 0.0000000000
98301  29.784  -44.663  65.756 0.0000000000
27989  29.893  -43.425  65.537 0.0000000000
28720  29.506  -42.103  64.578 0.0000000000
29426  29.431  -41.209  64.063 0.0000000000
42096  53.858  -23.375  62.659 0.0000000000
42107  53.853  -23.445  61.657 0.0000000000
42115  53.494  -23.326  59.910 0.0000000000
41288  48.130  -24.275  64.074 0.0000000000
27149  41.389  -45.306  74.302 0.0000000000
27174  40.318  -44.637  72.460 0.0000000000
27175  39.171  -44.803  72.394 0.0000000000
27838  26.874  -43.579  76.926 0.0000000000
27071  21.991  -44.328  82.038 0.0000000000
26314  36.835  -45.761  81.936 0.0000000000
25534  36.674  -46.592  80.575 0.0000000000
25535  35.707  -46.653  80.574 0.0000000000
27825  27.563  -43.763  77.756 0.0000000000
27824  28.247  -44.234  77.785 0.0000000000
35800  49.403  -32.009  72.627 0.0000000000
35801  49.137  -32.537  71.902 0.0000000000
30808  41.120  -39.183  66.842 0.0000000000
31588  41.809  -38.654  67.512 0.0000000000
31598  41.308  -38.709  67.008 0.0000000000
32334  41.501  -38.012  67.149 0.0000000000
32346  41.062  -38.112  66.626 0.0000000000
32347  40.606  -38.210  66.130 0.0000000000
31608  40.423  -38.913  66.002 0.0000000000
42891  53.881  -22.362  64.146 0.0000000000
96753  26.644  -43.370  85.735 0.0000000000
96754  26.851  -43.432  85.059 0.0000000000
27718  25.930  -43.411  86.225 0.0000000000
27005  34.803  -43.826  84.481 0.0000000000
27022  34.126  -44.521  84.005 0.0000000000
26307  30.657  -44.505  83.066 0.0000000000
27860  44.463  -42.967  75.889 0.0000000000
28577  44.891  -42.333  76.443 0.0000000000
29295  45.027  -41.888  75.849 0.0000000000
29306  45.011  -41.556  75.423 0.0000000000
28624  41.633  -43.079  69.936 0.0000000000
28636  41.268  -42.919  69.209 0.0000000000
28651  41.345  -42.281  68.364 0.0000000000
28652  40.291  -42.719  68.141 0.0000000000
28656  35.748  -42.869  68.078 0.0000000000
28668  35.308  -42.603  67.431 0.0000000000
25723  25.922  -45.975  68.581 0.0000000000
40472  52.355  -25.278  64.955 0.0000000000
28627  24.132  -42.724  70.688 0.0000000000
28620  23.744  -42.583  71.309 0.0000000000
27857  19.709  -44.338  76.089 0.0000000000
24826  38.192  -47.272  77.696 0.0000000000
25595  38.667  -47.101  76.905 0.0000000000
24008  33.657  -48.471  76.252 0.0000000000
24022  34.241  -48.358  75.710 0.0000000000
25598  29.400  -46.883  76.069 0.0000000000
25627  28.577  -47.011  74.505 0.0000000000
25628  28.297  -46.685  74.097 0.0000000000
25639  27.850  -46.441  73.474 0.0000000000
26418  28.043  -45.896  74.289 0.0000000000
28611  24.761  -42.518  71.646 0.0000000000
27892  25.350  -42.911  71.312 0.0000000000
28618  24.926  -42.529  70.837 0.0000000000
28626  24.621  -42.708  70.448 0.0000000000
29179  23.938  -41.423  89.814 0.0000000000
28481  22.980  -42.975  87.974 0.0000000000
28467  22.652  -42.742  88.717 0.0000000000
27721  18.445  -43.594  86.524 0.0000000000
27739  19.102  -43.812  85.677 0.0000000000
27001  19.244  -43.994  85.101 0.0000000000
27757  18.812  -43.906  84.950 0.0000000000
27774  18.625  -44.041  84.335 0.0000000000
27775  17.998  -43.958  84.219 0.0000000000
43608  53.392  -21.166  68.313 0.0000000000
42830  53.254  -22.260  69.879 0.0000000000
41224  52.920  -24.234  68.861 0.0000000000
40364  51.251  -25.144  70.814 0.0000000000
40368  47.741  -26.552  71.313 0.0000000000
39674  47.268  -26.731  70.991 0.0000000000
39666  47.804  -27.017  71.698 0.0000000000
39642  49.542  -26.520  74.941 0.0000000000
37630  47.653  -29.686  70.307 0.0000000000
34521  45.759  -33.517  67.688 0.0000000000
34433  48.324  -34.003  75.290 0.0000000000
30753  45.094  -39.667  72.936 0.0000000000
31524  45.775  -38.502  73.733 0.0000000000
32295  46.380  -37.227  70.998 0.0000000000
33028  46.138  -36.694  69.805 0.0000000000
33796  42.805  -35.682  65.894 0.0000000000
33847  38.607  -36.127  62.313 0.0000000000
34602  38.758  -35.538  62.227 0.0000000000
33852  38.254  -35.872  61.841 0.0000000000
30099  37.545  -40.857  63.726 0.0000000000
98534  36.748  -40.656  63.157 0.0000000000
26450  35.285  -45.366  71.590 0.0000000000
26443  34.891  -45.814  71.832 0.0000000000
27960  32.054  -44.381  68.582 0.0000000000
27987  31.168  -43.330  66.937 0.0000000000
98290  26.875  -47.153  65.657 0.0000000000
27751  30.037  -43.380  85.274 0.0000000000
27767  29.805  -43.481  84.882 0.0000000000
27732  29.623  -42.957  86.042 0.0000000000
28513  28.521  -42.610  86.644 0.0000000000
28529  28.710  -42.734  86.337 0.0000000000
27731  30.634  -43.179  85.968 0.0000000000
27009  30.548  -43.705  84.799 0.0000000000
27107  42.847  -44.833  77.340 0.0000000000
26398  42.247  -45.411  75.750 0.0000000000
27861  43.924  -43.641  75.611 0.0000000000
27159  43.057  -44.082  73.380 0.0000000000
27160  42.451  -44.384  73.117 0.0000000000
27186  40.679  -44.256  71.683 0.0000000000
27185  41.273  -44.086  71.606 0.0000000000
27898  41.037  -43.866  71.131 0.0000000000
27909  40.694  -43.659  70.449 0.0000000000
27910  39.811  -43.835  70.337 0.0000000000
27930  39.451  -43.596  69.619 0.0000000000
27912  37.817  -43.866  70.354 0.0000000000
27913  36.963  -43.810  70.109 0.0000000000
25704  24.478  -46.227  68.854 0.0000000000
24939  24.442  -47.167  68.868 0.0000000000
24108  24.556  -47.598  69.220 0.0000000000
40497  49.064  -25.072  64.363 0.0000000000
40496  49.880  -25.532  64.104 0.0000000000
41305  48.715  -25.151  62.966 0.0000000000
28594  24.313  -42.577  73.280 0.0000000000
27865  24.569  -42.930  74.468 0.0000000000
27099  20.814  -44.611  79.422 0.0000000000
27831  21.562  -44.279  78.983 0.0000000000
27116  20.002  -44.541  77.862 0.0000000000
27117  19.116  -44.891  77.438 0.0000000000
27087  18.988  -44.692  79.743 0.0000000000
27088  18.108  -45.033  79.514 0.0000000000
26312  38.719  -45.519  81.692 0.0000000000
24772  37.333  -47.050  79.537 0.0000000000
25552  37.828  -46.822  79.747 0.0000000000
24789  37.601  -47.199  79.025 0.0000000000
24788  38.214  -47.088  78.865 0.0000000000
24791  35.786  -47.532  78.424 0.0000000000
24792  34.775  -47.645  78.195 0.0000000000
24793  33.785  -47.757  78.108 0.0000000000
27082  29.579  -45.351  79.017 0.0000000000
27110  28.250  -44.592  76.915 0.0000000000
27109  28.544  -44.883  77.229 0.0000000000
27123  28.479  -45.031  76.681 0.0000000000
27136  28.367  -45.109  76.044 0.0000000000
27137  27.886  -44.726  75.458 0.0000000000
27863  26.495  -43.810  75.222 0.0000000000
27873  26.798  -44.094  74.712 0.0000000000
39713  44.464  -26.713  67.464 0.0000000000
38318  43.386  -28.445  66.995 0.0000000000
39013  43.482  -28.273  66.840 0.0000000000
38339  44.336  -28.407  66.474 0.0000000000
27722  17.506  -43.546  86.544 0.0000000000
27742  16.709  -43.920  85.787 0.0000000000
40346  50.162  -25.226  72.997 0.0000000000
36414  49.342  -31.177  71.957 0.0000000000
37039  49.053  -30.420  71.467 0.0000000000
36423  48.376  -31.434  70.654 0.0000000000
34494  47.345  -33.907  69.698 0.0000000000
30037  43.603  -40.024  69.804 0.0000000000
30768  44.273  -39.571  70.494 0.0000000000
30770  43.898  -39.549  69.901 0.0000000000
31576  43.365  -38.298  68.910 0.0000000000
31566  43.789  -38.630  69.408 0.0000000000
32312  43.641  -38.013  69.049 0.0000000000
32321  43.740  -37.120  68.481 0.0000000000
33072  41.378  -37.345  66.531 0.0000000000
33058  42.367  -37.115  67.397 0.0000000000
33088  39.814  -37.684  64.890 0.0000000000
33102  39.670  -37.124  64.319 0.0000000000
32374  39.020  -37.823  63.635 0.0000000000
30126  34.339  -40.678  62.832 0.0000000000
30854  32.023  -39.509  60.990 0.0000000000
30867  32.775  -38.806  60.387 0.0000000000
30868  31.622  -38.735  60.352 0.0000000000
24890  32.989  -47.277  71.536 0.0000000000
24905  33.434  -46.565  71.255 0.0000000000
24906  32.859  -46.762  70.906 0.0000000000
24920  32.336  -46.376  70.276 0.0000000000
27238  31.556  -45.258  68.788 0.0000000000
43680  54.265  -21.880  62.629 0.0000000000
27801  27.362  -43.618  79.178 0.0000000000
96762  27.357  -43.532  81.264 0.0000000000
96760  27.110  -43.496  81.092 0.0000000000
27803  25.718  -43.312  79.995 0.0000000000
27781  26.407  -43.435  81.768 0.0000000000
27027  28.536  -43.296  84.778 0.0000000000
27021  35.228  -44.563  83.721 0.0000000000
27041  35.982  -44.866  83.225 0.0000000000
27042  35.385  -45.016  83.237 0.0000000000
26303  35.364  -45.386  82.729 0.0000000000
26317  33.419  -45.715  81.970 0.0000000000
27007  32.601  -44.143  84.820 0.0000000000
27023  33.023  -44.629  83.990 0.0000000000
96765  28.831  -44.260  80.481 0.0000000000
38223  49.377  -28.420  76.183 0.0000000000
37592  49.282  -29.630  76.276 0.0000000000
37599  49.606  -29.434  75.514 0.0000000000
36388  49.344  -31.108  75.287 0.0000000000
29315  45.069  -40.833  74.682 0.0000000000
30006  45.219  -40.262  74.661 0.0000000000
30019  45.024  -40.489  73.748 0.0000000000
27888  43.403  -43.389  72.763 0.0000000000
28601  43.891  -43.010  73.093 0.0000000000
28609  43.611  -42.683  71.976 0.0000000000
29323  44.078  -42.030  71.823 0.0000000000
29326  43.879  -41.580  71.306 0.0000000000
29325  44.203  -41.151  71.507 0.0000000000
30032  43.840  -40.525  70.528 0.0000000000
30033  43.362  -41.001  70.131 0.0000000000
29350  41.461  -41.594  67.960 0.0000000000
29349  42.076  -41.428  68.419 0.0000000000
30052  41.791  -40.704  67.838 0.0000000000
30065  41.251  -40.648  67.268 0.0000000000
30066  40.762  -40.669  66.764 0.0000000000
28681  39.237  -42.084  66.427 0.0000000000
29372  39.686  -41.595  66.307 0.0000000000
29373  39.083  -41.912  65.992 0.0000000000
29385  38.697  -41.620  65.430 0.0000000000
28700  38.145  -42.228  65.843 0.0000000000
28653  38.823  -42.930  68.007 0.0000000000
28654  37.691  -42.953  68.049 0.0000000000
28684  36.737  -42.443  66.663 0.0000000000
29387  36.860  -41.922  65.227 0.0000000000
29388  35.894  -41.858  65.339 0.0000000000
29375  34.271  -42.046  66.161 0.0000000000
29390  33.885  -41.706  65.496 0.0000000000
30100  32.952  -40.888  64.345 0.0000000000
24105  27.715  -47.928  70.027 0.0000000000
24114  27.622  -47.874  69.144 0.0000000000
25754  26.315  -46.957  67.540 0.0000000000
24967  26.654  -47.198  67.691 0.0000000000
98307  26.367  -47.084  67.261 0.0000000000
98313  26.489  -47.254  66.434 0.0000000000
24127  24.716  -47.906  67.621 0.0000000000
24126  25.008  -48.554  67.427 0.0000000000
23388  25.340  -48.901  66.698 0.0000000000
23396  25.558  -48.029  65.736 0.0000000000
40509  52.461  -25.292  63.906 0.0000000000
41304  53.057  -24.846  63.569 0.0000000000
28613  23.241  -42.542  72.199 0.0000000000
27893  22.811  -43.217  72.516 0.0000000000
27827  25.696  -43.294  77.950 0.0000000000
27841  23.729  -43.218  77.355 0.0000000000
28579  23.272  -42.884  75.857 0.0000000000
27867  20.968  -43.553  75.445 0.0000000000
26329  39.851  -45.752  80.836 0.0000000000
26345  40.071  -46.023  80.019 0.0000000000
25568  40.302  -46.312  78.372 0.0000000000
26359  40.911  -45.895  78.829 0.0000000000
26373  41.567  -45.765  77.438 0.0000000000
25622  39.161  -46.441  75.487 0.0000000000
26401  39.827  -46.209  75.452 0.0000000000
26415  39.355  -46.058  74.716 0.0000000000
26429  38.138  -45.714  73.445 0.0000000000
26416  38.405  -46.164  74.225 0.0000000000
25635  37.170  -46.431  73.956 0.0000000000
25626  36.225  -46.859  73.893 0.0000000000
24843  36.567  -47.382  75.855 0.0000000000
24873  35.156  -47.194  73.460 0.0000000000
24875  33.748  -47.540  72.704 0.0000000000
24860  33.858  -47.801  73.302 0.0000000000
25572  32.731  -47.360  78.736 0.0000000000
24794  32.803  -47.685  78.140 0.0000000000
25586  29.903  -46.718  77.113 0.0000000000
24833  29.863  -47.718  75.915 0.0000000000
25585  30.567  -47.439  77.053 0.0000000000
24831  31.317  -48.264  76.379 0.0000000000
24011  31.252  -48.451  75.735 0.0000000000
24060  29.642  -48.515  72.972 0.0000000000
24082  28.268  -47.684  72.538 0.0000000000
24909  27.327  -46.683  71.952 0.0000000000
24908  27.628  -47.381  71.690 0.0000000000
25679  26.683  -46.184  70.977 0.0000000000
24923  26.513  -46.332  70.019 0.0000000000
25680  26.478  -45.868  70.462 0.0000000000
27165  27.150  -44.785  73.421 0.0000000000
27180  26.613  -44.425  72.528 0.0000000000
27915  25.595  -43.452  69.974 0.0000000000
27193  26.269  -44.227  71.370 0.0000000000
27219  25.718  -44.252  69.406 0.0000000000
27220  25.084  -44.245  68.834 0.0000000000
27240  24.696  -44.665  68.777 0.0000000000
27221  24.489  -44.129  69.127 0.0000000000
41273  44.756  -24.572  64.882 0.0000000000
41291  44.345  -24.249  63.645 0.0000000000
39728  43.866  -26.790  65.990 0.0000000000
39759  44.068  -26.283  64.703 0.0000000000
39757  45.607  -25.885  64.077 0.0000000000
37677  45.426  -29.523  67.415 0.0000000000
29843  28.851  -40.556  88.255 0.0000000000
29187  27.154  -41.508  88.473 0.0000000000
28476  26.969  -42.066  88.118 0.0000000000
28464  25.084  -42.332  88.433 0.0000000000
28478  25.678  -42.380  88.144 0.0000000000
28499  24.953  -43.280  86.838 0.0000000000
96751  22.871  -43.501  86.387 0.0000000000
96752  23.452  -43.533  86.177 0.0000000000
27771  22.095  -43.955  84.529 0.0000000000
27754  22.217  -43.798  85.266 0.0000000000
96745  20.137  -43.704  87.735 0.0000000000
28469  20.122  -43.351  88.928 0.0000000000
28468  21.533  -42.926  89.159 0.0000000000
27688  21.509  -43.271  88.336 0.0000000000
27012  19.997  -44.276  84.566 0.0000000000
27029  21.187  -44.191  84.208 0.0000000000
27049  20.270  -44.463  83.152 0.0000000000
27062  20.155  -44.626  82.166 0.0000000000
27064  18.276  -44.567  81.642 0.0000000000
27033  17.508  -44.356  83.840 0.0000000000
43644  53.765  -21.392  65.980 0.0000000000
42859  53.827  -22.167  67.691 0.0000000000
41252  53.557  -23.947  66.630 0.0000000000
43586  53.353  -21.665  69.127 0.0000000000
42035  53.407  -23.545  68.495 0.0000000000
41202  52.049  -24.603  70.452 0.0000000000
40403  50.458  -25.536  67.869 0.0000000000
40404  49.419  -25.700  68.090 0.0000000000
39676  46.097  -27.219  69.870 0.0000000000
40348  48.994  -26.474  72.948 0.0000000000
38243  49.535  -28.562  73.103 0.0000000000
38248  49.199  -28.482  72.361 0.0000000000
38943  48.660  -28.102  71.948 0.0000000000
38944  48.171  -27.883  71.630 0.0000000000
38945  47.526  -27.580  71.208 0.0000000000
38953  47.588  -28.110  71.007 0.0000000000
38275  47.154  -29.151  69.945 0.0000000000
38266  46.838  -28.271  70.183 0.0000000000
36459  45.218  -31.064  67.922 0.0000000000
36458  45.736  -31.166  68.468 0.0000000000
35830  46.807  -32.122  69.186 0.0000000000
35831  46.188  -31.984  68.663 0.0000000000
35853  45.171  -31.799  67.683 0.0000000000
35768  48.590  -32.613  75.498 0.0000000000
35779  49.116  -32.292  74.501 0.0000000000
32252  46.810  -37.340  74.690 0.0000000000
33003  47.342  -36.558  74.716 0.0000000000
31552  45.473  -38.577  71.924 0.0000000000
33019  47.058  -36.814  72.763 0.0000000000
33011  47.692  -35.979  74.298 0.0000000000
33735  48.073  -35.306  73.859 0.0000000000
33748  47.906  -35.316  71.811 0.0000000000
33742  48.149  -35.221  72.847 0.0000000000
34471  48.353  -34.674  72.194 0.0000000000
34480  48.173  -34.556  71.415 0.0000000000
33761  47.354  -34.703  70.029 0.0000000000
33046  44.263  -36.372  68.078 0.0000000000
33784  44.501  -35.250  66.975 0.0000000000
33783  45.056  -34.738  67.149 0.0000000000
34523  44.886  -34.474  66.823 0.0000000000
34559  43.150  -33.309  64.499 0.0000000000
33820  40.409  -35.909  64.098 0.0000000000
30818  39.582  -39.745  65.064 0.0000000000
31609  39.952  -38.929  65.365 0.0000000000
30825  39.108  -39.697  64.338 0.0000000000
30851  34.825  -40.102  61.883 0.0000000000
30865  34.315  -38.873  60.846 0.0000000000
98569  35.328  -37.151  60.817 0.0000000000
26439  37.720  -45.525  72.942 0.0000000000
27176  37.959  -45.041  72.351 0.0000000000
27214  35.072  -44.046  69.584 0.0000000000
26462  33.321  -45.456  70.344 0.0000000000
26461  33.749  -45.242  70.513 0.0000000000
26480  33.413  -45.076  70.115 0.0000000000
27958  33.238  -43.805  68.613 0.0000000000
28670  33.467  -42.836  67.410 0.0000000000
28671  32.655  -42.995  67.479 0.0000000000
28704  31.756  -42.265  66.281 0.0000000000
29410  31.601  -41.170  64.884 0.0000000000
98334  27.975  -43.796  63.845 0.0000000000
98323  28.635  -44.014  64.256 0.0000000000
98300  29.568  -44.009  65.351 0.0000000000
98304  29.650  -43.187  65.217 0.0000000000
28008  29.929  -42.795  65.300 0.0000000000
30119  28.420  -41.149  63.404 0.0000000000
29427  28.990  -41.660  63.941 0.0000000000
30104  29.743  -40.852  63.974 0.0000000000
44498  54.930  -20.967  61.831 0.0000000000
41319  53.507  -24.153  62.111 0.0000000000
42111  53.692  -23.477  60.683 0.0000000000
41289  46.602  -23.675  63.911 0.0000000000
41307  47.148  -23.713  63.005 0.0000000000
28494  28.915  -42.142  87.446 0.0000000000
26413  41.326  -45.570  74.982 0.0000000000
26412  42.014  -45.390  75.249 0.0000000000
27900  39.253  -44.113  70.999 0.0000000000
27189  37.415  -44.416  71.239 0.0000000000
26313  37.816  -45.645  81.836 0.0000000000
26331  38.122  -46.074  81.124 0.0000000000
25553  37.068  -46.872  79.954 0.0000000000
24773  36.825  -47.186  79.418 0.0000000000
27836  28.299  -44.483  77.340 0.0000000000
27850  27.627  -44.260  76.039 0.0000000000
39701  44.224  -27.430  67.512 0.0000000000
38976  44.413  -27.784  67.782 0.0000000000
38294  44.161  -28.163  67.453 0.0000000000
38317  43.856  -28.421  67.110 0.0000000000
41973  50.942  -23.316  73.946 0.0000000000
37026  49.684  -30.355  73.987 0.0000000000
37031  49.666  -30.284  73.046 0.0000000000
30783  42.733  -39.422  68.608 0.0000000000
32323  42.638  -37.825  68.045 0.0000000000
32333  42.055  -37.925  67.598 0.0000000000
32359  39.820  -38.184  65.139 0.0000000000
24093  32.293  -47.099  70.698 0.0000000000
43676  54.076  -21.421  63.575 0.0000000000
96766  28.894  -44.085  81.498 0.0000000000
96763  27.553  -43.515  81.738 0.0000000000
27044  31.137  -44.479  83.541 0.0000000000
27849  44.236  -43.429  76.515 0.0000000000
27834  44.579  -42.963  77.079 0.0000000000
28569  44.952  -42.354  77.555 0.0000000000
29986  45.699  -40.205  76.951 0.0000000000
29305  45.147  -40.935  75.213 0.0000000000
27907  42.265  -43.246  70.956 0.0000000000
28617  42.854  -42.897  71.212 0.0000000000
28622  43.053  -41.951  70.354 0.0000000000
29329  43.032  -41.509  69.950 0.0000000000
28635  42.029  -42.184  68.870 0.0000000000
28650  41.760  -41.892  68.370 0.0000000000
29362  40.770  -41.583  67.373 0.0000000000
28663  40.179  -42.162  67.343 0.0000000000
27954  37.120  -43.247  68.781 0.0000000000
28685  35.805  -42.320  66.741 0.0000000000
28703  35.425  -42.075  66.085 0.0000000000
28686  34.835  -42.335  66.704 0.0000000000
29376  33.356  -42.085  66.211 0.0000000000
24937  27.096  -47.459  69.274 0.0000000000
25738  26.230  -46.710  67.859 0.0000000000
24968  25.447  -46.624  67.290 0.0000000000
28614  22.687  -42.752  72.760 0.0000000000
27856  20.454  -43.987  76.396 0.0000000000
25569  39.574  -46.556  78.584 0.0000000000
25583  39.840  -46.543  77.867 0.0000000000
25593  40.301  -46.452  77.408 0.0000000000
25608  40.225  -46.477  76.722 0.0000000000
25612  36.939  -47.032  75.083 0.0000000000
24830  34.902  -48.132  76.091 0.0000000000
24038  34.188  -48.318  74.856 0.0000000000
24039  33.503  -48.379  74.170 0.0000000000
24025  31.717  -48.699  74.969 0.0000000000
25573  32.045  -47.233  78.659 0.0000000000
26388  29.373  -46.291  76.747 0.0000000000
24846  30.065  -48.180  75.466 0.0000000000
24847  29.455  -47.788  75.156 0.0000000000
24861  28.829  -47.649  74.324 0.0000000000
24062  28.476  -47.655  73.242 0.0000000000
24877  28.221  -47.191  73.410 0.0000000000
25647  27.583  -46.424  72.890 0.0000000000
25648  27.334  -46.076  72.510 0.0000000000
27882  26.007  -43.606  73.026 0.0000000000
27891  25.878  -43.583  71.892 0.0000000000
27903  25.303  -42.907  70.480 0.0000000000
27916  24.992  -42.983  69.868 0.0000000000
27938  24.729  -43.563  69.372 0.0000000000
27917  24.310  -43.233  70.057 0.0000000000
40429  47.208  -25.502  67.400 0.0000000000
40455  46.153  -25.110  66.200 0.0000000000
40478  45.026  -25.100  65.728 0.0000000000
40479  44.225  -25.696  65.397 0.0000000000
39035  43.919  -27.407  65.699 0.0000000000
39727  44.199  -27.279  65.591 0.0000000000
28465  24.441  -42.342  88.654 0.0000000000
27693  23.020  -43.165  87.371 0.0000000000
96748  22.772  -43.380  86.918 0.0000000000
27695  18.638  -43.393  88.298 0.0000000000
27738  19.939  -44.064  85.882 0.0000000000
27000  19.668  -44.117  85.160 0.0000000000
27031  19.445  -44.254  83.956 0.0000000000
27050  19.280  -44.405  82.862 0.0000000000
43630  53.682  -21.251  67.098 0.0000000000
42829  53.478  -22.186  69.167 0.0000000000
41190  52.305  -23.720  71.404 0.0000000000
39685  46.921  -26.502  70.310 0.0000000000
37621  49.189  -29.536  71.750 0.0000000000
35241  45.355  -32.714  67.422 0.0000000000
35249  44.883  -32.732  66.846 0.0000000000
31509  45.814  -38.668  74.741 0.0000000000
31495  46.337  -38.040  75.254 0.0000000000
31523  46.092  -38.093  73.795 0.0000000000
32296  45.863  -37.914  71.439 0.0000000000
33022  47.582  -36.054  72.284 0.0000000000
33034  46.421  -35.865  69.476 0.0000000000
33056  43.969  -35.888  67.236 0.0000000000
33795  43.576  -35.241  65.995 0.0000000000
34540  44.096  -34.473  65.830 0.0000000000
35270  42.665  -32.880  64.083 0.0000000000
98619  40.792  -34.056  62.450 0.0000000000
34590  39.307  -35.772  62.808 0.0000000000
98606  39.417  -35.259  62.601 0.0000000000
30866  33.818  -38.873  60.670 0.0000000000
31643  33.543  -38.000  60.287 0.0000000000
26441  36.280  -45.562  72.339 0.0000000000
27178  36.274  -45.216  71.853 0.0000000000
26449  35.872  -45.352  71.861 0.0000000000
27191  34.971  -44.949  70.982 0.0000000000
27218  32.438  -45.147  69.392 0.0000000000
27217  32.666  -44.983  69.449 0.0000000000
27236  32.604  -44.534  69.000 0.0000000000
27959  32.438  -43.991  68.516 0.0000000000
27970  32.511  -43.471  68.010 0.0000000000
28672  32.092  -43.231  67.582 0.0000000000
28705  31.036  -42.460  66.139 0.0000000000
98318  28.344  -47.386  66.567 0.0000000000
98274  28.910  -47.194  66.776 0.0000000000
98275  28.690  -47.271  66.692 0.0000000000
98335  27.778  -43.276  63.606 0.0000000000
98325  28.551  -42.581  63.927 0.0000000000
42097  46.322  -23.646  62.719 0.0000000000
41322  46.681  -24.323  62.594 0.0000000000
27026  29.746  -43.583  84.480 0.0000000000
27768  29.306  -43.336  85.031 0.0000000000
27753  28.448  -43.138  85.401 0.0000000000
28528  29.000  -42.722  86.345 0.0000000000
27733  28.623  -42.860  86.068 0.0000000000
27734  27.789  -43.047  85.886 0.0000000000
27716  27.306  -43.013  86.387 0.0000000000
28515  26.875  -42.855  86.882 0.0000000000
27008  31.508  -44.012  84.822 0.0000000000
27121  43.573  -44.255  76.604 0.0000000000
27135  42.513  -45.134  75.355 0.0000000000
27871  44.290  -43.039  75.032 0.0000000000
28592  44.373  -42.578  73.989 0.0000000000
27880  43.467  -43.644  73.480 0.0000000000
27889  42.825  -43.620  72.329 0.0000000000
27172  42.296  -44.111  72.388 0.0000000000
27890  42.219  -43.891  71.981 0.0000000000
27896  42.500  -43.441  71.613 0.0000000000
27928  41.138  -43.334  69.952 0.0000000000
27951  39.989  -43.369  68.996 0.0000000000
27911  38.858  -43.864  70.306 0.0000000000
27955  36.166  -43.264  68.730 0.0000000000
26509  25.277  -45.150  68.579 0.0000000000
25725  24.810  -46.216  67.914 0.0000000000
24116  24.900  -48.539  68.377 0.0000000000
24107  24.818  -48.244  69.616 0.0000000000
23376  25.327  -49.221  69.161 0.0000000000
40473  51.699  -25.492  65.028 0.0000000000
28602  24.529  -42.577  72.564 0.0000000000
28612  24.041  -42.310  71.890 0.0000000000
28595  23.809  -42.488  73.780 0.0000000000
28596  22.862  -42.528  74.050 0.0000000000
28597  22.011  -42.831  74.174 0.0000000000
27817  23.615  -43.508  79.595 0.0000000000
27130  19.766  -44.459  76.836 0.0000000000
27101  19.037  -44.854  78.603 0.0000000000
25532  38.402  -46.416  80.386 0.0000000000
25551  38.642  -46.635  79.638 0.0000000000
25570  38.770  -46.886  78.868 0.0000000000
24806  38.222  -47.185  78.391 0.0000000000
24827  37.555  -47.397  77.160 0.0000000000
24809  35.647  -47.730  77.502 0.0000000000
23993  33.860  -48.307  76.872 0.0000000000
23994  33.149  -48.384  76.820 0.0000000000
26346  30.699  -46.022  79.746 0.0000000000
26360  30.159  -46.093  78.851 0.0000000000
26361  29.805  -45.951  78.226 0.0000000000
26375  29.336  -45.839  77.367 0.0000000000
27108  28.861  -45.217  77.523 0.0000000000
26389  28.818  -45.810  76.387 0.0000000000
26403  27.877  -45.174  74.692 0.0000000000
27862  27.219  -44.182  75.336 0.0000000000
27151  26.745  -44.162  74.265 0.0000000000
40431  44.934  -26.279  67.485 0.0000000000
40432  44.367  -26.590  67.162 0.0000000000
39011  44.353  -27.726  65.989 0.0000000000
27740  18.206  -43.633  85.654 0.0000000000
27014  17.126  -44.216  84.625 0.0000000000
27002  16.660  -44.308  85.566 0.0000000000
38915  49.568  -27.393  75.500 0.0000000000
37615  49.533  -29.351  72.564 0.0000000000
37048  47.983  -30.636  70.369 0.0000000000
35204  47.196  -32.993  69.392 0.0000000000
33708  47.834  -35.190  75.915 0.0000000000
31541  45.177  -39.159  72.234 0.0000000000
30767  44.574  -39.598  71.152 0.0000000000
31560  44.723  -38.684  70.504 0.0000000000
32305  44.729  -38.080  69.854 0.0000000000
32310  44.971  -37.127  69.223 0.0000000000
33048  42.893  -37.394  68.004 0.0000000000
33821  39.995  -36.432  64.246 0.0000000000
33846  39.045  -36.244  62.799 0.0000000000
33122  38.738  -36.503  62.589 0.0000000000
33123  38.305  -36.750  62.175 0.0000000000
29422  36.066  -41.329  63.754 0.0000000000
98536  35.673  -40.773  62.957 0.0000000000
30140  33.304  -40.010  61.665 0.0000000000
25646  34.210  -46.518  71.886 0.0000000000
25658  34.459  -46.085  71.715 0.0000000000
25659  33.883  -46.165  71.325 0.0000000000
25660  33.341  -46.242  70.912 0.0000000000
25677  32.950  -45.931  70.405 0.0000000000
24907  32.256  -46.816  70.498 0.0000000000
25678  32.614  -46.109  70.301 0.0000000000
26482  32.494  -45.407  69.630 0.0000000000
23403  26.886  -46.957  65.377 0.0000000000
98284  27.221  -46.305  64.782 0.0000000000
43689  54.245  -22.041  60.795 0.0000000000
42910  53.908  -22.715  60.245 0.0000000000
40553  52.041  -25.382  59.845 0.0000000000
27813  27.409  -43.640  78.527 0.0000000000
25516  35.177  -46.317  81.289 0.0000000000
25517  34.003  -46.255  81.246 0.0000000000
41141  49.379  -24.453  76.316 0.0000000000
39635  49.436  -26.373  75.818 0.0000000000
39628  49.204  -26.339  76.364 0.0000000000
35789  49.314  -32.214  73.723 0.0000000000
31496  45.996  -38.734  75.733 0.0000000000
30736  45.393  -39.386  74.230 0.0000000000
30737  45.190  -39.741  73.690 0.0000000000
28608  44.149  -42.171  72.123 0.0000000000
30028  44.395  -40.527  71.482 0.0000000000
30784  42.180  -39.906  67.992 0.0000000000
30796  41.515  -39.634  67.297 0.0000000000
30809  40.763  -39.689  66.518 0.0000000000
30086  39.825  -40.196  65.495 0.0000000000
29371  40.337  -41.287  66.637 0.0000000000
30079  39.668  -41.127  65.786 0.0000000000
30087  39.355  -40.765  65.221 0.0000000000
30088  38.751  -41.114  64.909 0.0000000000
29403  38.283  -41.355  64.837 0.0000000000
29404  37.501  -41.397  64.499 0.0000000000
28683  37.698  -42.502  66.553 0.0000000000
29423  35.065  -41.387  63.785 0.0000000000
29424  34.134  -41.266  63.916 0.0000000000
29389  34.892  -41.796  65.520 0.0000000000
29407  34.472  -41.537  64.671 0.0000000000
29425  33.494  -40.952  64.007 0.0000000000
98286  27.801  -47.794  67.887 0.0000000000
24953  27.166  -47.540  68.405 0.0000000000
98287  27.285  -47.560  67.787 0.0000000000
98285  27.787  -47.663  67.443 0.0000000000
98283  26.883  -47.281  66.087 0.0000000000
25740  25.233  -46.352  67.562 0.0000000000
24969  25.101  -46.719  67.166 0.0000000000
24152  25.341  -47.058  66.804 0.0000000000
24137  25.019  -48.036  66.680 0.0000000000
40494  51.978  -25.483  64.386 0.0000000000
27182  23.495  -43.695  71.982 0.0000000000
27854  22.241  -43.174  76.392 0.0000000000
28588  21.685  -43.061  74.988 0.0000000000
28598  21.419  -43.372  74.309 0.0000000000
26342  42.250  -45.173  78.847 0.0000000000
26357  42.234  -45.282  77.909 0.0000000000
26386  41.559  -45.839  76.535 0.0000000000
26400  40.733  -46.177  75.906 0.0000000000
26427  40.077  -45.481  74.108 0.0000000000
27163  38.700  -45.285  73.005 0.0000000000
26430  37.278  -45.960  73.370 0.0000000000
26431  36.515  -46.039  73.005 0.0000000000
25644  35.443  -46.348  72.686 0.0000000000
25638  35.128  -46.755  72.936 0.0000000000
24842  37.257  -47.316  76.391 0.0000000000
24857  36.323  -47.297  75.004 0.0000000000
24888  34.252  -46.800  72.240 0.0000000000
24077  33.032  -47.529  71.904 0.0000000000
24776  33.965  -47.354  78.853 0.0000000000
23995  32.476  -48.392  76.684 0.0000000000
24796  31.172  -47.647  77.423 0.0000000000
24813  31.749  -48.162  76.991 0.0000000000
24027  29.949  -48.373  74.781 0.0000000000
24921  27.606  -47.620  70.913 0.0000000000
26508  25.622  -45.219  68.780 0.0000000000
26433  27.675  -45.819  73.615 0.0000000000
26434  27.365  -45.456  73.114 0.0000000000
26453  26.678  -45.408  71.556 0.0000000000
26445  26.588  -44.880  71.742 0.0000000000
26454  26.458  -45.016  70.922 0.0000000000
26463  26.151  -45.010  69.950 0.0000000000
26483  25.890  -45.119  69.140 0.0000000000
41254  48.184  -24.779  65.646 0.0000000000
41271  47.320  -24.279  64.949 0.0000000000
41272  46.069  -24.317  65.058 0.0000000000
41290  45.381  -23.780  64.105 0.0000000000
42074  45.912  -23.469  63.456 0.0000000000
40500  43.988  -25.647  64.145 0.0000000000
40499  44.896  -25.631  63.797 0.0000000000
29201  28.210  -41.745  87.974 0.0000000000
28496  27.129  -42.324  87.636 0.0000000000
28497  26.316  -42.843  87.190 0.0000000000
29188  26.111  -41.895  88.595 0.0000000000
27702  25.995  -43.223  86.705 0.0000000000
27703  25.611  -43.358  86.451 0.0000000000
96750  24.689  -43.365  86.585 0.0000000000
27784  22.638  -43.943  83.759 0.0000000000
27060  21.934  -44.205  83.046 0.0000000000
28455  22.857  -42.182  89.713 0.0000000000
96747  21.648  -43.814  86.226 0.0000000000
27737  21.023  -44.059  85.888 0.0000000000
27755  21.629  -43.999  85.133 0.0000000000
27028  21.639  -44.087  84.263 0.0000000000
27061  21.116  -44.488  82.551 0.0000000000
27052  17.573  -44.677  82.598 0.0000000000
42034  53.681  -22.917  68.164 0.0000000000
41240  53.532  -23.884  67.126 0.0000000000
40425  51.476  -25.451  66.711 0.0000000000
42003  52.927  -23.201  70.507 0.0000000000
39686  46.178  -26.696  69.810 0.0000000000
38926  49.320  -27.618  73.384 0.0000000000
38927  48.993  -27.234  72.928 0.0000000000
39658  48.373  -27.119  72.211 0.0000000000
38963  46.528  -28.000  70.022 0.0000000000
37660  45.629  -29.960  68.338 0.0000000000
36395  49.256  -31.658  74.915 0.0000000000
35778  49.282  -31.982  74.200 0.0000000000
32269  45.895  -38.296  73.109 0.0000000000
33721  48.274  -34.617  74.765 0.0000000000
33734  48.335  -34.663  74.322 0.0000000000
34458  48.665  -34.027  74.018 0.0000000000
35182  49.103  -33.121  72.552 0.0000000000
34486  48.413  -33.827  71.252 0.0000000000
34502  45.847  -34.226  67.791 0.0000000000
33773  44.789  -35.713  67.745 0.0000000000
31617  38.928  -39.078  63.933 0.0000000000
31623  39.074  -38.490  63.933 0.0000000000
32375  38.561  -37.702  62.900 0.0000000000
33114  38.453  -37.277  62.569 0.0000000000
98539  37.797  -36.941  61.797 0.0000000000
98541  36.989  -37.248  61.430 0.0000000000
27914  36.206  -43.877  69.989 0.0000000000
27934  35.622  -43.709  69.400 0.0000000000
27956  35.250  -43.380  68.550 0.0000000000
27192  34.473  -45.123  70.863 0.0000000000
27201  34.258  -44.770  70.394 0.0000000000
27216  33.408  -44.563  69.538 0.0000000000
27215  34.481  -44.252  69.643 0.0000000000
28658  34.503  -43.080  67.893 0.0000000000
28669  34.359  -42.827  67.534 0.0000000000
29377  32.409  -42.166  66.279 0.0000000000
30102  31.319  -40.672  64.171 0.0000000000
27988  30.410  -43.802  66.272 0.0000000000
28007  30.459  -42.793  65.796 0.0000000000
28706  30.455  -42.198  65.463 0.0000000000
98324  29.137  -42.313  64.327 0.0000000000
28719  30.053  -42.013  64.969 0.0000000000
29394  30.432  -41.675  65.003 0.0000000000
30103  30.422  -40.735  64.076 0.0000000000
30117  29.927  -40.443  63.470 0.0000000000
41306  48.078  -24.661  62.791 0.0000000000
23992  34.195  -48.253  76.861 0.0000000000
24115  27.429  -47.724  69.586 0.0000000000
24876  28.549  -47.591  73.679 0.0000000000
24892  27.485  -46.546  72.527 0.0000000000
24979  25.408  -46.864  66.905 0.0000000000
25582  40.325  -46.391  77.858 0.0000000000
25662  26.615  -45.715  71.124 0.0000000000
25701  32.729  -45.624  70.006 0.0000000000
25702  32.503  -45.873  70.037 0.0000000000
25755  26.110  -46.784  67.393 0.0000000000
26286  16.596  -44.854  85.628 0.0000000000
26385  42.122  -45.540  76.232 0.0000000000
26432  35.921  -46.085  72.704 0.0000000000
26444  26.933  -45.331  72.289 0.0000000000
26452  33.962  -45.581  70.930 0.0000000000
26460  34.186  -45.250  70.790 0.0000000000
27011  20.636  -44.245  84.537 0.0000000000
27034  17.027  -44.507  84.528 0.0000000000
27237  32.168  -45.024  69.105 0.0000000000
27239  24.924  -44.806  68.565 0.0000000000
27701  26.231  -43.133  86.772 0.0000000000
27714  28.375  -42.735  86.323 0.0000000000
27735  27.096  -43.240  85.935 0.0000000000
27736  21.785  -43.863  85.713 0.0000000000
27760  16.954  -44.013  85.158 0.0000000000
27772  21.520  -44.078  84.577 0.0000000000
27773  19.079  -44.097  84.479 0.0000000000
27918  23.779  -43.064  70.790 0.0000000000
27939  24.377  -43.683  69.512 0.0000000000
27968  33.836  -43.114  67.738 0.0000000000
28516  26.526  -43.021  86.834 0.0000000000
28570  24.163  -43.148  76.590 0.0000000000
28699  38.654  -42.072  65.888 0.0000000000
29177  26.267  -41.364  88.963 0.0000000000
29185  28.847  -40.968  88.222 0.0000000000
29412  29.959  -41.386  64.476 0.0000000000
29413  29.457  -41.559  64.273 0.0000000000
30007  45.060  -40.748  74.387 0.0000000000
30120  27.877  -41.477  63.204 0.0000000000
30127  33.718  -40.555  62.784 0.0000000000
30139  33.897  -40.269  62.014 0.0000000000
31577  42.917  -38.407  68.544 0.0000000000
33128  38.258  -36.263  61.934 0.0000000000
34446  48.245  -34.540  75.031 0.0000000000
35142  48.377  -33.588  75.405 0.0000000000
35167  49.236  -32.641  73.535 0.0000000000
35790  49.188  -32.528  73.967 0.0000000000
38249  48.867  -28.221  72.089 0.0000000000
38341  43.454  -28.469  66.956 0.0000000000
38991  43.581  -28.387  66.931 0.0000000000
42073  46.297  -23.481  63.462 0.0000000000
42087  45.709  -23.505  62.927 0.0000000000
42098  45.688  -23.856  62.576 0.0000000000
96758  26.802  -43.459  81.277 0.0000000000
98280  27.652  -47.783  68.178 0.0000000000
98292  28.877  -47.157  66.644 0.0000000000
98293  26.910  -47.380  68.096 0.0000000000
98296  27.507  -47.120  65.693 0.0000000000
98308  29.618  -42.935  65.094 0.0000000000
98312  29.316  -42.418  64.539 0.0000000000
98314  27.326  -47.323  66.174 0.0000000000
98326  27.777  -47.300  66.095 0.0000000000
98327  28.675  -47.198  66.530 0.0000000000
98547  37.966  -36.657  61.811 0.0000000000
