#!ascii label  , from subject 3264 vox2ras=TkReg
586
64986  45.951  8.925  54.176 0.0000000000
63434  44.871  6.093  45.594 0.0000000000
65795  52.702  9.645  43.528 0.0000000000
63477  50.033  6.387  40.664 0.0000000000
60383  40.913  2.185  50.302 0.0000000000
65781  53.510  9.340  48.902 0.0000000000
62685  45.020  4.359  41.146 0.0000000000
68690  49.868  13.828  38.812 0.0000000000
63381  50.219  5.870  50.294 0.0000000000
63399  45.639  6.379  49.860 0.0000000000
59683  43.312  1.316  43.901 0.0000000000
70211  52.068  14.545  42.926 0.0000000000
66528  49.667  11.059  40.481 0.0000000000
64263  49.331  7.300  45.423 0.0000000000
65811  46.996  9.012  41.951 0.0000000000
70226  50.385  15.598  39.490 0.0000000000
63348  48.020  7.009  52.615 0.0000000000
63367  45.269  6.788  51.864 0.0000000000
101258  41.572  0.531  47.566 0.0000000000
67925  52.592  12.080  45.585 0.0000000000
69427  52.447  14.414  44.827 0.0000000000
67931  52.346  11.947  43.204 0.0000000000
67939  51.308  12.663  40.882 0.0000000000
66519  51.477  10.820  41.340 0.0000000000
63420  47.544  6.652  47.882 0.0000000000
63417  50.320  6.453  47.492 0.0000000000
64266  46.673  7.485  45.876 0.0000000000
62673  48.018  5.789  41.884 0.0000000000
63459  45.578  5.900  41.466 0.0000000000
63479  46.167  5.010  40.222 0.0000000000
65065  47.133  7.719  40.717 0.0000000000
62693  47.066  5.347  40.089 0.0000000000
62704  48.849  5.155  38.795 0.0000000000
65010  42.924  8.251  52.795 0.0000000000
63369  43.405  6.647  51.335 0.0000000000
65788  53.207  9.832  46.434 0.0000000000
61198  44.511  3.227  42.701 0.0000000000
63451  44.705  5.474  43.091 0.0000000000
62667  46.967  5.035  43.555 0.0000000000
63448  49.852  6.413  43.589 0.0000000000
64209  53.666  7.047  52.189 0.0000000000
63335  51.008  6.140  53.372 0.0000000000
63397  47.472  6.344  49.671 0.0000000000
63423  44.983  6.389  48.050 0.0000000000
61947  43.255  4.613  49.805 0.0000000000
61980  43.651  3.625  46.234 0.0000000000
61998  43.436  3.144  43.507 0.0000000000
61185  45.379  3.307  45.067 0.0000000000
64187  41.889  7.691  54.402 0.0000000000
70984  51.392  16.123  45.189 0.0000000000
70994  51.278  16.106  42.189 0.0000000000
69439  50.856  14.133  40.297 0.0000000000
67224  49.896  12.130  39.562 0.0000000000
65817  48.536  9.746  39.606 0.0000000000
64233  53.638  7.159  50.067 0.0000000000
63414  52.766  7.042  46.837 0.0000000000
64271  51.332  7.851  44.313 0.0000000000
64280  45.765  7.291  43.555 0.0000000000
65048  47.594  8.614  43.534 0.0000000000
65054  49.940  8.830  42.500 0.0000000000
65809  48.627  9.944  41.697 0.0000000000
65064  47.892  8.471  40.523 0.0000000000
71009  49.805  16.681  39.502 0.0000000000
71775  50.141  17.403  41.125 0.0000000000
64211  46.942  7.340  52.998 0.0000000000
64200  45.843  8.103  53.378 0.0000000000
66508  53.056  10.489  44.875 0.0000000000
67927  52.559  12.015  44.690 0.0000000000
67210  52.626  11.367  43.440 0.0000000000
67214  52.324  11.560  42.177 0.0000000000
66514  52.404  10.640  42.420 0.0000000000
64256  45.954  6.866  46.905 0.0000000000
64255  46.662  7.108  46.631 0.0000000000
64267  45.862  7.267  46.002 0.0000000000
63468  49.221  6.379  41.498 0.0000000000
62683  46.605  5.381  40.932 0.0000000000
62682  48.069  5.701  40.818 0.0000000000
62692  48.513  5.571  40.016 0.0000000000
62698  49.230  5.447  39.361 0.0000000000
62690  50.629  6.051  40.078 0.0000000000
63371  41.368  6.177  51.876 0.0000000000
67199  52.985  10.869  47.360 0.0000000000
65783  53.349  9.429  47.996 0.0000000000
61995  45.823  4.189  43.767 0.0000000000
62003  45.582  4.180  42.787 0.0000000000
62659  48.283  5.524  44.681 0.0000000000
63439  50.828  6.413  44.188 0.0000000000
63437  52.594  6.361  43.764 0.0000000000
63456  51.239  6.815  42.400 0.0000000000
63385  46.435  6.314  50.750 0.0000000000
63364  48.208  6.567  51.577 0.0000000000
63398  46.545  6.305  49.750 0.0000000000
63410  46.642  6.425  48.767 0.0000000000
63411  45.746  6.475  48.864 0.0000000000
61934  42.162  4.186  50.742 0.0000000000
62621  43.197  5.519  50.193 0.0000000000
61169  42.409  3.080  49.936 0.0000000000
101277  41.369  0.116  44.755 0.0000000000
101265  42.869  2.490  47.337 0.0000000000
60419  42.397  2.397  44.539 0.0000000000
61989  43.461  3.472  44.625 0.0000000000
61200  43.093  2.549  43.023 0.0000000000
61193  44.512  2.774  43.641 0.0000000000
60425  44.254  2.381  44.008 0.0000000000
61963  48.197  4.666  47.817 0.0000000000
69429  52.446  14.238  43.936 0.0000000000
70201  52.186  15.092  45.056 0.0000000000
70209  51.826  15.491  43.750 0.0000000000
70990  51.392  16.152  43.245 0.0000000000
70212  51.685  15.103  42.696 0.0000000000
70215  51.232  15.230  41.605 0.0000000000
69435  51.445  14.307  41.980 0.0000000000
66527  50.635  11.212  40.622 0.0000000000
67223  50.458  12.287  39.962 0.0000000000
67221  49.456  11.484  39.927 0.0000000000
66532  48.812  10.756  39.031 0.0000000000
66529  48.627  10.697  40.234 0.0000000000
63360  52.246  5.855  50.811 0.0000000000
64223  53.635  7.096  51.123 0.0000000000
63379  52.278  5.936  49.722 0.0000000000
63427  50.263  6.616  46.674 0.0000000000
63416  51.221  6.539  47.190 0.0000000000
63425  51.647  6.956  46.214 0.0000000000
64249  52.196  7.275  45.917 0.0000000000
64262  50.279  7.345  45.230 0.0000000000
62676  44.673  4.535  41.262 0.0000000000
63450  45.238  6.028  42.791 0.0000000000
63460  45.117  5.491  41.742 0.0000000000
64282  46.241  6.989  41.768 0.0000000000
64279  46.144  7.599  42.797 0.0000000000
65056  47.874  8.940  42.800 0.0000000000
65046  49.679  8.394  43.167 0.0000000000
65055  48.899  8.823  42.613 0.0000000000
65802  49.255  9.430  42.118 0.0000000000
65803  48.227  9.429  42.248 0.0000000000
64289  46.703  6.765  40.151 0.0000000000
64288  47.357  7.510  40.044 0.0000000000
65068  48.200  7.971  39.812 0.0000000000
65779  53.619  9.334  49.865 0.0000000000
70235  50.073  15.171  38.939 0.0000000000
69455  50.279  14.841  39.115 0.0000000000
63321  49.616  6.713  54.380 0.0000000000
64197  48.338  7.290  53.552 0.0000000000
63349  47.053  6.899  52.407 0.0000000000
63386  45.500  6.437  50.825 0.0000000000
59648  41.071  0.905  49.628 0.0000000000
68669  52.539  12.846  45.024 0.0000000000
68673  52.556  13.582  44.475 0.0000000000
68679  52.116  13.089  42.593 0.0000000000
68684  51.472  13.342  41.628 0.0000000000
67935  52.100  12.280  42.053 0.0000000000
67215  51.939  11.683  41.618 0.0000000000
66520  50.208  10.493  40.929 0.0000000000
63395  49.322  6.219  49.458 0.0000000000
63394  50.281  6.007  49.272 0.0000000000
63419  48.417  6.641  47.558 0.0000000000
64253  48.409  6.949  46.601 0.0000000000
64265  47.544  7.468  45.843 0.0000000000
62684  45.651  4.685  41.210 0.0000000000
63471  45.171  5.068  40.985 0.0000000000
63470  45.894  5.549  40.787 0.0000000000
64285  46.476  6.802  40.834 0.0000000000
65060  46.909  8.198  41.493 0.0000000000
63480  46.312  5.666  40.139 0.0000000000
62694  46.501  5.090  39.998 0.0000000000
62697  50.546  5.402  39.437 0.0000000000
65765  44.320  8.958  53.740 0.0000000000
65008  44.344  7.963  52.823 0.0000000000
64215  43.060  7.652  52.405 0.0000000000
62613  41.513  5.355  51.392 0.0000000000
61158  40.513  2.822  50.554 0.0000000000
67200  52.834  11.506  46.960 0.0000000000
67205  52.839  10.867  45.857 0.0000000000
65791  53.206  9.643  44.889 0.0000000000
62661  44.350  4.728  43.348 0.0000000000
63442  44.841  5.789  44.326 0.0000000000
62005  43.963  3.686  42.265 0.0000000000
62010  44.415  3.973  41.426 0.0000000000
62675  46.062  4.576  42.340 0.0000000000
62658  49.503  6.014  44.519 0.0000000000
62666  48.375  5.776  43.316 0.0000000000
62674  46.888  5.227  42.175 0.0000000000
63458  49.082  6.287  42.690 0.0000000000
63467  50.562  6.744  41.516 0.0000000000
63476  51.168  6.467  40.679 0.0000000000
63334  52.134  5.915  53.086 0.0000000000
63362  50.173  6.051  51.342 0.0000000000
63347  49.024  6.573  52.520 0.0000000000
63363  49.183  6.360  51.483 0.0000000000
63382  49.275  6.241  50.459 0.0000000000
63409  47.533  6.455  48.736 0.0000000000
63422  45.870  6.649  47.745 0.0000000000
63431  45.124  6.340  46.875 0.0000000000
63368  44.286  6.730  51.453 0.0000000000
63387  44.586  6.494  50.792 0.0000000000
62625  44.232  5.968  49.255 0.0000000000
101262  42.876  2.707  48.886 0.0000000000
101264  43.334  3.171  48.408 0.0000000000
62634  44.241  5.177  48.024 0.0000000000
61979  44.320  4.617  46.796 0.0000000000
61988  44.099  4.334  45.356 0.0000000000
62651  44.474  5.039  44.732 0.0000000000
61199  43.998  2.840  42.868 0.0000000000
61192  45.043  3.206  43.921 0.0000000000
61985  46.827  4.631  45.437 0.0000000000
61966  45.800  3.801  46.551 0.0000000000
61976  47.117  4.704  46.537 0.0000000000
65757  44.018  8.896  54.251 0.0000000000
65768  42.564  8.597  53.899 0.0000000000
64188  40.786  7.035  54.267 0.0000000000
70203  51.291  15.871  46.091 0.0000000000
71756  50.244  17.025  45.416 0.0000000000
70998  51.031  16.062  41.290 0.0000000000
70225  50.838  15.085  39.900 0.0000000000
68689  50.257  13.666  39.309 0.0000000000
68686  50.968  13.484  40.694 0.0000000000
67942  50.334  12.891  39.604 0.0000000000
67943  49.648  12.897  38.908 0.0000000000
65019  53.856  8.677  49.265 0.0000000000
63392  52.250  6.193  48.691 0.0000000000
63391  53.071  6.709  48.337 0.0000000000
65022  53.848  8.140  47.965 0.0000000000
65028  53.445  8.720  46.449 0.0000000000
65030  53.067  8.798  45.172 0.0000000000
65034  52.501  8.709  44.105 0.0000000000
63441  45.265  6.517  43.980 0.0000000000
64276  46.792  7.755  45.201 0.0000000000
64275  47.570  7.775  45.093 0.0000000000
64283  45.718  6.523  42.359 0.0000000000
65049  46.479  8.361  43.733 0.0000000000
64273  49.375  7.608  44.635 0.0000000000
65037  49.488  7.977  43.878 0.0000000000
65035  51.485  8.289  43.708 0.0000000000
65044  51.782  8.805  42.945 0.0000000000
65800  51.197  9.280  41.826 0.0000000000
65808  49.683  9.967  41.537 0.0000000000
66521  49.112  10.550  41.100 0.0000000000
65059  47.451  8.654  41.052 0.0000000000
65815  47.833  9.329  40.906 0.0000000000
65814  48.231  9.526  40.379 0.0000000000
65063  48.400  8.880  39.993 0.0000000000
62032  48.228  4.765  38.535 0.0000000000
71779  50.073  17.149  40.519 0.0000000000
64985  46.775  8.570  54.401 0.0000000000
64199  46.880  8.037  53.686 0.0000000000
65794  53.009  9.977  44.223 0.0000000000
67208  52.736  11.273  44.284 0.0000000000
66510  52.847  10.592  43.582 0.0000000000
66513  52.774  11.035  42.995 0.0000000000
66511  52.710  10.183  43.049 0.0000000000
64268  45.354  6.760  46.238 0.0000000000
63478  49.072  6.059  40.559 0.0000000000
62691  49.666  5.887  39.958 0.0000000000
66496  53.343  10.026  49.513 0.0000000000
66498  53.176  10.083  48.592 0.0000000000
62660  47.409  5.059  45.000 0.0000000000
61994  46.565  4.596  44.345 0.0000000000
63438  51.754  6.504  44.020 0.0000000000
63445  52.664  6.414  43.050 0.0000000000
67944  49.183  12.364  38.505 0.0000000000
63412  44.891  6.401  49.055 0.0000000000
61157  41.653  3.193  50.461 0.0000000000
60382  41.715  2.618  50.104 0.0000000000
59690  42.178  0.622  42.644 0.0000000000
59684  41.439  1.230  43.547 0.0000000000
60438  42.441  0.991  42.388 0.0000000000
60426  42.356  2.194  43.518 0.0000000000
60432  42.676  1.633  42.774 0.0000000000
60431  43.589  2.063  43.172 0.0000000000
59682  43.802  1.863  43.847 0.0000000000
70208  52.123  14.759  43.440 0.0000000000
70205  52.213  14.975  44.267 0.0000000000
67220  50.183  11.659  40.111 0.0000000000
63361  51.211  5.886  51.119 0.0000000000
63380  51.256  5.804  50.043 0.0000000000
64252  49.328  6.910  46.191 0.0000000000
63426  51.107  6.768  46.411 0.0000000000
64251  50.231  6.948  45.934 0.0000000000
64250  51.125  7.116  45.803 0.0000000000
65057  46.753  8.569  42.558 0.0000000000
65804  47.410  9.229  42.274 0.0000000000
64293  46.945  6.843  39.688 0.0000000000
71008  50.330  16.351  39.957 0.0000000000
70227  49.904  16.087  39.090 0.0000000000
63322  48.928  7.110  54.382 0.0000000000
64184  48.418  7.447  54.001 0.0000000000
63350  46.226  6.973  52.481 0.0000000000
63366  46.292  6.561  51.698 0.0000000000
67923  52.714  12.189  46.471 0.0000000000
68666  52.609  12.922  45.940 0.0000000000
67929  52.507  11.984  43.865 0.0000000000
68672  52.539  12.753  44.161 0.0000000000
68675  52.357  12.599  43.410 0.0000000000
68676  52.459  13.403  43.599 0.0000000000
68678  52.225  12.413  42.975 0.0000000000
67932  52.238  12.097  42.634 0.0000000000
66518  52.142  11.168  41.814 0.0000000000
66526  51.187  11.448  40.809 0.0000000000
63408  48.423  6.466  48.619 0.0000000000
63407  49.359  6.332  48.491 0.0000000000
64254  47.430  7.169  46.516 0.0000000000
64243  47.909  6.867  46.927 0.0000000000
63469  46.016  4.934  40.701 0.0000000000
62699  48.011  5.181  39.340 0.0000000000
64998  43.674  8.648  53.250 0.0000000000
65009  43.782  8.148  52.812 0.0000000000
61935  41.162  3.723  50.872 0.0000000000
61919  40.800  4.294  51.268 0.0000000000
66502  53.026  10.262  46.822 0.0000000000
67202  52.872  10.842  46.493 0.0000000000
66504  53.060  10.317  45.891 0.0000000000
66505  53.235  10.022  45.367 0.0000000000
65789  53.307  9.561  45.824 0.0000000000
61204  44.100  3.033  42.306 0.0000000000
62668  46.215  4.559  43.028 0.0000000000
62009  45.156  4.080  41.694 0.0000000000
62657  50.647  6.088  44.884 0.0000000000
62665  49.185  6.152  43.709 0.0000000000
63449  49.110  6.192  43.333 0.0000000000
63457  50.126  6.668  42.502 0.0000000000
63466  51.681  6.699  41.551 0.0000000000
63345  51.135  5.970  52.220 0.0000000000
63337  48.805  6.952  53.528 0.0000000000
63336  49.870  6.487  53.444 0.0000000000
63383  48.326  6.414  50.571 0.0000000000
63396  48.393  6.389  49.586 0.0000000000
64225  44.077  7.085  52.000 0.0000000000
63388  43.697  6.329  50.708 0.0000000000
63401  43.994  6.077  50.036 0.0000000000
62626  43.677  5.381  49.483 0.0000000000
58818  41.293  0.329  48.912 0.0000000000
59646  42.372  1.960  48.889 0.0000000000
58817  41.857  1.204  48.383 0.0000000000
61968  43.880  4.112  47.978 0.0000000000
62629  44.019  5.218  48.711 0.0000000000
61967  44.282  4.895  47.568 0.0000000000
61997  43.934  3.882  43.726 0.0000000000
60424  44.725  2.748  44.055 0.0000000000
61191  45.559  3.731  44.406 0.0000000000
61184  45.660  3.715  44.961 0.0000000000
61965  46.481  4.347  47.082 0.0000000000
61975  47.836  4.815  47.065 0.0000000000
61974  48.515  4.845  47.226 0.0000000000
64975  44.604  8.389  55.176 0.0000000000
64977  43.203  8.086  54.841 0.0000000000
65759  42.766  8.726  54.014 0.0000000000
64989  42.580  8.314  54.280 0.0000000000
65000  42.097  8.310  53.570 0.0000000000
64990  41.694  7.865  53.994 0.0000000000
70206  51.810  15.577  44.680 0.0000000000
70202  51.733  15.516  45.635 0.0000000000
70979  51.327  16.007  45.718 0.0000000000
70971  50.421  16.078  46.664 0.0000000000
70980  50.719  16.365  45.970 0.0000000000
70981  49.660  16.775  46.120 0.0000000000
70985  50.901  16.733  44.877 0.0000000000
70991  51.003  17.032  42.775 0.0000000000
70995  50.831  16.906  41.673 0.0000000000
69438  50.988  14.370  41.027 0.0000000000
70217  50.882  15.454  40.512 0.0000000000
69446  50.903  14.707  40.247 0.0000000000
69447  50.622  14.493  39.634 0.0000000000
67940  50.791  12.821  40.259 0.0000000000
67225  49.178  11.735  39.217 0.0000000000
64195  54.161  7.766  52.788 0.0000000000
64222  53.960  7.877  50.690 0.0000000000
64232  53.863  7.959  49.678 0.0000000000
63406  50.323  6.275  48.352 0.0000000000
63393  51.281  6.060  49.033 0.0000000000
63405  51.270  6.353  48.095 0.0000000000
63415  52.120  6.766  46.731 0.0000000000
63404  52.188  6.466  47.713 0.0000000000
63403  52.915  6.922  47.359 0.0000000000
64239  53.561  7.623  47.984 0.0000000000
65025  53.663  8.271  47.453 0.0000000000
64241  53.124  7.567  46.752 0.0000000000
64260  52.282  7.884  44.846 0.0000000000
64248  52.939  8.023  45.677 0.0000000000
65031  52.685  8.426  44.813 0.0000000000
65033  52.979  9.143  44.602 0.0000000000
64270  51.944  8.117  44.195 0.0000000000
64277  45.907  7.508  44.888 0.0000000000
65050  46.185  7.925  44.334 0.0000000000
65041  46.401  7.836  44.754 0.0000000000
65040  46.790  8.087  44.620 0.0000000000
65039  47.542  8.219  44.369 0.0000000000
65038  48.468  8.019  44.061 0.0000000000
65045  50.719  8.474  43.050 0.0000000000
65053  50.913  8.774  42.308 0.0000000000
65052  51.475  9.073  42.320 0.0000000000
66522  48.245  10.141  41.147 0.0000000000
66530  48.156  9.914  40.795 0.0000000000
64292  47.526  7.203  39.348 0.0000000000
62025  47.979  4.983  38.959 0.0000000000
71000  50.076  16.903  40.148 0.0000000000
64185  47.782  7.981  54.379 0.0000000000
64212  46.100  7.502  53.019 0.0000000000
63351  45.645  7.174  52.557 0.0000000000
67206  52.748  11.229  45.275 0.0000000000
67211  52.498  11.441  42.793 0.0000000000
66515  51.878  10.224  41.891 0.0000000000
64245  46.762  6.791  47.310 0.0000000000
62689  51.670  5.570  40.096 0.0000000000
65011  42.034  8.152  52.891 0.0000000000
64216  42.182  7.607  52.486 0.0000000000
64228  41.598  6.984  52.248 0.0000000000
66500  53.089  10.175  47.699 0.0000000000
65785  53.248  9.594  47.112 0.0000000000
61996  45.208  3.651  43.177 0.0000000000
62002  46.245  4.500  43.499 0.0000000000
63447  50.950  6.620  43.313 0.0000000000
63446  51.910  6.632  43.155 0.0000000000
63365  47.247  6.541  51.641 0.0000000000
63384  47.381  6.341  50.665 0.0000000000
62622  42.459  5.140  50.654 0.0000000000
63389  42.822  6.027  50.770 0.0000000000
61933  42.753  4.688  50.313 0.0000000000
58037  41.325  0.109  46.447 0.0000000000
101259  41.751  1.314  46.282 0.0000000000
101272  41.353  1.120  45.152 0.0000000000
101275  42.332  2.131  45.595 0.0000000000
61186  42.936  2.837  45.350 0.0000000000
61194  42.885  2.844  43.974 0.0000000000
60417  44.949  2.795  44.873 0.0000000000
61964  47.324  4.627  47.549 0.0000000000
61962  49.174  4.727  47.815 0.0000000000
70987  51.416  16.186  44.256 0.0000000000
67219  50.911  11.984  40.480 0.0000000000
63343  53.069  6.346  51.535 0.0000000000
63359  53.094  6.392  50.452 0.0000000000
63428  49.430  6.619  46.957 0.0000000000
64242  52.598  7.138  46.562 0.0000000000
64261  51.285  7.432  45.060 0.0000000000
62677  44.375  4.322  41.643 0.0000000000
63461  44.637  5.061  42.031 0.0000000000
65047  48.623  8.368  43.279 0.0000000000
65810  47.655  9.386  41.552 0.0000000000
63483  46.972  6.664  39.363 0.0000000000
71016  49.525  16.390  38.869 0.0000000000
69456  49.785  14.596  38.618 0.0000000000
64198  47.794  7.473  53.414 0.0000000000
64210  47.477  7.198  52.858 0.0000000000
63400  44.788  6.354  49.960 0.0000000000
59647  41.342  1.697  49.751 0.0000000000
58812  40.518  0.414  50.150 0.0000000000
58033  41.521  -0.395  48.210 0.0000000000
101256  41.706  -0.391  46.512 0.0000000000
101268  41.869  -0.399  45.432 0.0000000000
58047  42.064  -0.282  44.879 0.0000000000
59677  43.614  1.289  45.016 0.0000000000
59676  43.954  1.703  44.699 0.0000000000
68667  52.493  13.725  46.381 0.0000000000
68670  52.537  13.714  45.406 0.0000000000
69431  52.313  14.068  43.125 0.0000000000
68680  51.739  13.722  42.185 0.0000000000
68683  51.843  12.775  41.956 0.0000000000
67936  51.720  12.428  41.517 0.0000000000
67218  51.559  11.833  40.998 0.0000000000
63418  49.448  6.470  47.673 0.0000000000
64244  47.437  6.838  47.115 0.0000000000
63429  48.907  6.635  47.189 0.0000000000
64264  48.430  7.387  45.686 0.0000000000
62700  46.916  5.001  39.609 0.0000000000
62703  49.809  5.179  38.817 0.0000000000
65764  45.148  8.980  53.871 0.0000000000
64201  45.266  8.218  53.256 0.0000000000
64997  44.652  8.454  53.248 0.0000000000
64214  43.920  7.611  52.445 0.0000000000
64226  43.193  7.091  51.907 0.0000000000
64227  42.306  6.988  52.061 0.0000000000
63370  42.374  6.324  51.416 0.0000000000
62612  42.197  5.526  51.059 0.0000000000
62623  41.779  4.679  51.118 0.0000000000
67203  52.725  11.412  46.109 0.0000000000
66507  52.916  10.703  45.486 0.0000000000
62669  44.337  4.501  42.270 0.0000000000
62004  44.644  3.702  42.242 0.0000000000
62011  43.929  3.997  41.851 0.0000000000
62015  44.845  4.114  41.050 0.0000000000
63475  52.202  6.226  40.901 0.0000000000
63333  52.989  6.404  52.619 0.0000000000
63344  52.199  5.830  51.924 0.0000000000
63320  50.685  6.375  54.448 0.0000000000
63346  50.064  6.246  52.405 0.0000000000
63421  46.760  6.621  47.975 0.0000000000
64246  46.315  6.715  47.466 0.0000000000
64257  45.496  6.662  46.766 0.0000000000
64213  44.979  7.575  52.706 0.0000000000
64224  44.657  6.988  52.052 0.0000000000
60396  42.149  2.438  49.617 0.0000000000
61175  42.688  2.959  49.457 0.0000000000
61168  43.249  3.585  49.309 0.0000000000
61957  43.677  4.589  49.089 0.0000000000
62628  44.372  5.901  48.393 0.0000000000
62633  44.532  5.582  47.406 0.0000000000
62642  44.606  5.357  46.134 0.0000000000
61987  45.517  3.799  44.000 0.0000000000
61986  46.012  4.161  44.713 0.0000000000
60418  44.503  2.199  45.386 0.0000000000
61179  45.362  3.248  45.867 0.0000000000
61978  45.710  3.650  45.688 0.0000000000
61977  46.255  4.141  45.875 0.0000000000
62641  47.669  4.923  46.577 0.0000000000
62650  47.560  5.026  46.025 0.0000000000
65766  43.477  8.894  53.729 0.0000000000
64987  44.140  8.588  54.692 0.0000000000
65758  43.183  8.814  54.120 0.0000000000
64999  42.824  8.622  53.305 0.0000000000
64202  40.564  7.377  53.530 0.0000000000
65002  40.512  7.491  53.292 0.0000000000
71757  49.403  17.432  45.436 0.0000000000
71764  50.261  17.440  44.557 0.0000000000
70999  50.533  16.532  40.648 0.0000000000
70218  50.602  15.997  40.119 0.0000000000
69448  50.196  14.294  39.084 0.0000000000
68687  50.705  13.585  39.935 0.0000000000
64208  54.075  7.804  51.725 0.0000000000
65017  53.896  8.650  50.263 0.0000000000
63378  53.105  6.506  49.378 0.0000000000
64236  53.604  7.309  49.032 0.0000000000
64235  53.898  8.036  48.731 0.0000000000
65021  53.779  8.622  48.234 0.0000000000
65024  53.533  8.974  47.369 0.0000000000
65786  53.352  9.394  46.546 0.0000000000
65792  52.922  9.431  44.267 0.0000000000
63433  45.233  6.778  45.182 0.0000000000
64274  48.426  7.684  44.862 0.0000000000
64272  50.373  7.694  44.480 0.0000000000
65036  50.504  8.128  43.787 0.0000000000
65043  52.383  9.085  43.355 0.0000000000
65796  52.311  9.364  42.947 0.0000000000
65799  51.916  9.611  42.318 0.0000000000
65806  51.489  9.912  41.676 0.0000000000
65801  50.267  9.289  41.871 0.0000000000
65807  50.744  9.836  41.328 0.0000000000
66523  47.955  9.723  41.126 0.0000000000
58034  41.339  0.006  48.466 0.0000000000
58822  41.438  0.141  47.845 0.0000000000
58835  43.272  0.772  45.277 0.0000000000
58839  42.833  0.498  44.293 0.0000000000
58840  42.211  0.144  43.865 0.0000000000
58841  41.668  0.409  43.657 0.0000000000
58845  41.871  0.430  42.959 0.0000000000
58846  41.694  0.631  42.865 0.0000000000
59632  40.792  1.682  50.250 0.0000000000
59678  41.470  1.321  43.895 0.0000000000
59685  41.354  0.850  44.055 0.0000000000
59689  42.735  0.760  43.068 0.0000000000
59691  41.517  0.795  43.023 0.0000000000
59695  41.845  0.718  42.487 0.0000000000
59696  41.661  0.829  42.602 0.0000000000
60397  41.491  2.232  49.970 0.0000000000
60410  44.958  2.763  45.932 0.0000000000
60427  41.733  1.666  44.600 0.0000000000
60433  41.725  1.548  43.205 0.0000000000
60434  41.443  1.176  43.300 0.0000000000
60439  41.905  1.149  42.333 0.0000000000
60440  41.495  1.096  42.969 0.0000000000
60444  41.723  0.926  42.368 0.0000000000
60445  41.649  1.055  42.533 0.0000000000
61203  44.273  3.303  42.197 0.0000000000
61948  42.693  3.857  50.224 0.0000000000
62016  44.586  4.133  41.024 0.0000000000
62705  48.275  5.055  38.900 0.0000000000
63338  48.265  7.207  53.271 0.0000000000
63430  45.590  6.643  47.066 0.0000000000
63436  53.044  6.257  43.521 0.0000000000
63440  50.191  6.303  44.327 0.0000000000
64238  53.894  8.094  48.224 0.0000000000
64259  52.778  8.275  45.125 0.0000000000
64988  43.514  8.543  54.529 0.0000000000
64995  46.247  8.555  53.801 0.0000000000
64996  45.544  8.622  53.600 0.0000000000
65027  53.417  9.177  46.883 0.0000000000
65746  44.559  8.732  54.602 0.0000000000
65767  42.823  8.729  53.758 0.0000000000
65798  52.468  9.873  42.819 0.0000000000
69432  51.973  14.162  42.527 0.0000000000
101254  41.781  -0.445  47.423 0.0000000000
101255  41.886  -0.539  46.717 0.0000000000
101261  41.652  -0.326  45.958 0.0000000000
101266  41.525  1.374  45.310 0.0000000000
101269  41.911  -0.546  46.135 0.0000000000
101271  41.547  -0.163  45.398 0.0000000000
101274  41.398  1.257  44.387 0.0000000000
101276  41.729  -0.126  44.587 0.0000000000
