#!ascii label  , from subject 3264 vox2ras=TkReg
1176
49563  12.897  -13.484  8.556 0.1428571492
50134  10.798  -12.827  8.327 0.1428571492
50140  13.042  -12.550  7.636 0.1428571492
48980  13.695  -13.807  8.766 0.1428571492
50132  12.402  -12.447  8.469 0.1428571492
48978  14.387  -13.933  7.602 0.1428571492
50145  13.599  -11.784  6.312 0.5714285970
100229  14.510  -13.176  6.453 0.1428571492
100234  16.463  -14.351  5.693 0.2857142985
100213  15.931  -14.232  5.656 0.2857142985
50176  17.158  -12.218  5.485 0.1428571492
50165  16.457  -12.595  5.478 0.2857142985
53345  17.953  -10.327  3.505 0.2857142985
52612  16.624  -9.728  3.528 0.1428571492
51937  16.819  -10.382  3.749 0.2857142985
54665  17.765  -7.978  1.850 0.2857142985
53994  17.775  -8.410  2.228 0.2857142985
55356  17.168  -7.768  1.127 0.2857142985
54666  16.798  -7.416  1.088 0.2857142985
56070  15.810  -6.886  -1.395 0.2857142985
52035  17.436  -6.975  -4.150 0.8571428657
52654  16.309  -8.024  -2.301 0.4285714328
56018  17.711  -9.030  0.489 0.2857142985
56040  19.380  -5.724  -4.358 0.7142857313
55375  19.663  -6.246  -3.534 0.7142857313
53405  18.097  -6.403  -4.193 0.7142857313
52700  17.500  -7.520  -4.010 0.7142857313
55408  22.056  -5.218  -4.249 0.8571428657
55399  20.603  -4.955  -4.037 0.5714285970
56054  19.668  -4.763  -4.353 0.8571428657
56799  18.827  -6.242  -4.428 0.7142857313
56858  17.906  -5.998  -4.992 0.7142857313
55413  23.583  -4.397  -5.181 0.4285714328
55415  21.863  -3.818  -5.079 0.7142857313
55409  21.050  -4.035  -4.301 0.8571428657
56845  24.419  -2.192  -4.945 0.2857142985
56851  24.248  -2.210  -5.945 0.5714285970
55416  23.271  -4.145  -6.349 0.8571428657
56082  23.972  -3.530  -5.671 0.7142857313
55418  22.202  -3.999  -6.164 0.8571428657
57595  24.524  -1.095  -3.589 0.1428571492
56839  24.646  -1.709  -4.098 0.1428571492
57596  24.089  -1.152  -4.346 0.4285714328
56852  23.982  -2.672  -6.655 0.5714285970
56087  23.442  -3.706  -6.756 0.8571428657
60004  25.194  1.646  -3.861 0.1428571492
58391  24.823  -0.160  -3.369 0.1428571492
58392  24.057  -0.263  -3.780 0.1428571492
58394  23.635  -0.303  -4.559 0.4285714328
56855  23.289  -2.827  -7.741 0.8571428657
60767  25.933  3.282  -4.234 0.1428571492
60765  25.811  2.771  -4.119 0.1428571492
60768  25.353  3.023  -4.298 0.1428571492
59175  24.404  0.892  -3.797 0.1428571492
59177  24.108  1.519  -4.077 0.4285714328
57601  23.682  -0.886  -6.178 0.7142857313
57613  23.076  -1.864  -8.441 0.8571428657
61533  25.679  3.656  -4.321 0.1428571492
63004  25.352  4.217  -3.956 0.1428571492
61534  25.066  3.642  -4.474 0.1428571492
60769  24.576  2.970  -4.380 0.5714285970
58395  23.564  -0.188  -5.648 0.8571428657
57610  23.531  -1.744  -7.486 0.8571428657
58401  23.296  -0.585  -6.973 0.8571428657
63811  25.269  4.945  -2.970 0.1428571492
63812  24.666  5.144  -3.093 0.2857142985
63005  24.863  4.276  -4.047 0.1428571492
63006  24.081  4.712  -4.149 0.8571428657
60007  23.950  2.092  -4.288 0.8571428657
59178  23.364  0.878  -4.446 0.7142857313
60770  23.729  2.962  -4.497 0.8571428657
65427  24.623  8.224  -2.743 0.1428571492
66179  25.245  9.244  -2.730 0.1428571492
63807  24.539  6.098  -2.896 0.4285714328
63814  23.365  6.206  -3.767 0.8571428657
61536  23.726  3.767  -4.684 0.8571428657
60778  23.326  3.318  -4.737 0.8571428657
65428  24.128  7.864  -3.201 0.4285714328
63007  23.416  5.109  -4.388 0.8571428657
63012  23.645  4.649  -4.538 0.8571428657
63013  23.086  4.964  -4.707 0.8571428657
66184  25.017  9.626  -3.197 0.1428571492
68314  25.233  11.039  -3.220 0.2857142985
66185  24.390  9.342  -3.453 0.5714285970
66190  24.169  9.798  -3.735 0.8571428657
65431  23.896  8.157  -3.678 0.8571428657
65432  23.315  8.143  -4.101 0.8571428657
64634  22.683  6.948  -4.075 0.8571428657
65435  23.102  8.488  -4.246 0.8571428657
63818  22.727  5.987  -4.300 0.8571428657
68301  25.401  12.055  -3.455 0.2857142985
68315  24.952  11.237  -3.505 0.7142857313
66881  24.498  10.092  -3.551 0.5714285970
68321  24.385  11.166  -3.916 0.8571428657
67592  23.395  10.229  -4.453 0.8571428657
67601  22.790  10.756  -5.175 0.8571428657
65436  22.654  8.249  -4.536 0.8571428657
68317  24.360  12.177  -3.869 0.8571428657
69080  24.008  12.566  -3.638 0.8571428657
67600  23.567  10.686  -4.804 0.8571428657
69082  22.450  12.162  -4.035 0.7142857313
69090  22.426  11.875  -4.863 0.7142857313
69065  24.496  13.479  -3.090 0.8571428657
69049  23.641  13.501  -2.490 0.8571428657
69089  23.203  11.920  -4.481 0.8571428657
69829  22.886  13.883  -1.965 0.8571428657
70610  22.267  15.805  -2.128 0.8571428657
69831  21.557  13.296  -2.708 0.7142857313
72199  24.579  17.858  -3.464 0.7142857313
70633  24.199  16.300  -3.003 0.8571428657
73036  23.988  17.528  -3.443 0.8571428657
73037  23.318  18.143  -3.451 0.8571428657
76189  22.740  21.418  -2.897 0.7142857313
68304  22.586  12.961  -3.094 0.8571428657
71388  22.708  16.614  -2.712 0.8571428657
75445  24.926  20.703  -0.027 0.1428571492
75491  23.374  20.121  -3.435 0.8571428657
76811  23.293  21.285  -2.615 0.7142857313
76798  23.575  22.091  -1.659 0.7142857313
73867  22.978  19.366  -3.490 0.8571428657
74662  23.985  20.096  1.606 0.1428571492
76167  24.145  22.181  -0.384 0.5714285970
76160  23.784  21.819  0.277 0.5714285970
76161  22.944  22.042  0.282 0.5714285970
75426  24.166  20.713  2.161 0.1428571492
75448  22.665  21.786  0.928 0.5714285970
76141  24.567  21.670  2.147 0.1428571492
75432  25.965  21.732  2.126 0.1428571492
75427  23.311  20.921  2.188 0.1428571492
76149  25.856  22.543  1.983 0.1428571492
75435  23.073  21.265  1.611 0.5714285970
76140  25.339  21.922  2.056 0.1428571492
76150  24.896  22.546  1.987 0.1428571492
77395  26.878  24.114  1.892 0.1428571492
76785  25.343  23.358  1.996 0.1428571492
48973  11.518  -14.411  8.512 0.1428571492
48967  10.981  -14.612  9.020 0.1428571492
50139  13.912  -13.242  6.732 0.2857142985
100217  15.447  -13.913  7.144 0.1428571492
47745  15.578  -15.675  5.373 0.2857142985
100238  15.243  -13.137  5.978 0.2857142985
100002  17.428  -10.805  4.190 0.2857142985
50748  17.355  -11.011  4.640 0.1428571492
55362  16.725  -6.542  0.248 0.2857142985
52678  17.398  -7.889  -2.914 0.4285714328
55414  22.757  -4.492  -4.962 0.2857142985
58400  16.740  -6.760  -4.950 0.7142857313
57607  23.935  -1.548  -6.419 0.7142857313
62317  26.001  4.178  -3.964 0.1428571492
61535  24.348  3.675  -4.545 0.8571428657
60009  23.008  1.928  -5.655 0.8571428657
61542  23.248  3.820  -4.909 0.8571428657
68302  25.060  12.730  -3.557 0.8571428657
70622  25.132  15.981  -3.044 0.8571428657
74708  23.959  19.776  -3.564 0.8571428657
76792  24.334  22.438  -1.059 0.7142857313
76159  24.568  21.590  0.154 0.2857142985
75434  23.752  20.825  1.657 0.1428571492
76139  27.596  22.055  1.944 0.1428571492
49539  10.419  -13.579  10.658 0.1428571492
100225  14.362  -12.590  6.176 0.4285714328
50158  15.964  -12.396  5.362 0.2857142985
100239  14.189  -11.424  5.570 0.2857142985
50164  16.918  -11.704  4.978 0.1428571492
53988  18.548  -9.336  3.125 0.2857142985
54657  18.473  -8.492  2.615 0.2857142985
53995  16.787  -8.167  1.944 0.2857142985
53346  16.607  -8.668  2.644 0.2857142985
54000  17.198  -8.076  1.518 0.2857142985
100019  15.038  -7.252  -2.452 0.7142857313
59174  25.412  0.883  -3.223 0.1428571492
61529  26.271  3.726  -4.133 0.1428571492
64625  24.996  6.493  -1.965 0.1428571492
64626  24.727  7.021  -2.403 0.2857142985
65422  24.778  7.981  -2.120 0.1428571492
63813  23.998  5.694  -3.413 0.8571428657
59179  23.053  0.832  -6.034 0.8571428657
59183  22.677  0.210  -7.224 1.0000000000
66879  25.491  10.529  -2.889 0.1428571492
68300  25.653  11.465  -2.951 0.1428571492
69047  25.832  13.486  -3.496 0.2857142985
68325  21.545  11.587  -5.639 0.8571428657
69064  25.478  13.753  -3.398 0.5714285970
72191  25.265  17.538  -3.287 0.5714285970
75485  25.050  20.046  -3.342 0.5714285970
76188  23.845  21.059  -2.447 0.7142857313
76166  25.240  21.782  -0.422 0.2857142985
75446  24.213  21.004  0.832 0.1428571492
76143  23.089  21.316  2.377 0.2857142985
75433  23.763  20.381  2.011 0.1428571492
76151  24.037  22.246  2.183 0.1428571492
76786  24.493  22.964  2.325 0.1428571492
75425  25.467  20.988  2.441 0.1428571492
77396  25.762  24.256  1.983 0.1428571492
77385  27.740  24.210  2.398 0.1428571492
70606  26.210  15.287  -3.231 0.4285714328
71379  25.994  16.347  -2.788 0.4285714328
74706  25.733  19.479  -3.207 0.4285714328
76182  25.519  21.344  -1.799 0.4285714328
76803  25.187  21.508  -1.996 0.5714285970
76176  25.105  22.123  -1.276 0.5714285970
49562  13.330  -13.404  8.154 0.1428571492
50141  12.603  -12.922  8.340 0.1428571492
49555  11.943  -13.360  8.092 0.1428571492
50115  10.490  -12.876  10.305 0.1428571492
50687  12.583  -11.633  8.714 0.2857142985
100214  15.495  -14.034  6.493 0.1428571492
50705  15.582  -12.293  5.460 0.1428571492
50725  16.361  -11.475  4.776 0.1428571492
53989  17.555  -9.026  2.524 0.2857142985
56814  18.365  -5.402  -5.081 0.7142857313
56846  24.306  -2.833  -5.685 0.5714285970
57600  23.952  -1.144  -5.427 0.5714285970
60006  24.767  2.069  -4.215 0.2857142985
59176  23.679  0.312  -3.954 0.1428571492
63002  24.495  4.710  -3.633 0.5714285970
60008  23.220  1.887  -4.870 0.8571428657
62325  24.037  4.236  -4.573 0.8571428657
64629  23.758  7.015  -3.459 0.8571428657
66889  23.729  10.382  -4.345 0.8571428657
66186  23.769  8.896  -4.060 0.8571428657
66193  22.666  9.030  -4.723 0.8571428657
68322  24.015  11.498  -4.449 0.8571428657
69844  25.210  14.634  -3.114 0.8571428657
69845  24.393  14.930  -2.521 0.8571428657
74670  24.265  20.312  1.191 0.1428571492
75447  23.402  21.448  0.971 0.5714285970
76168  23.216  22.258  -0.413 0.5714285970
76148  26.711  22.393  1.785 0.1428571492
76142  23.694  21.466  2.258 0.1428571492
76784  26.309  23.400  1.851 0.1428571492
70607  25.731  15.538  -2.997 0.5714285970
51299  14.441  -11.016  5.181 0.4285714328
54001  16.552  -7.416  1.483 0.5714285970
76152  23.382  21.802  2.547 0.1428571492
53990  15.425  -6.866  2.307 0.5714285970
53991  14.863  -6.595  2.674 0.5714285970
53983  13.774  -6.248  3.552 0.2857142985
55357  15.483  -5.320  1.184 0.5714285970
54659  14.597  -5.313  2.235 0.5714285970
53335  13.354  -7.022  4.250 0.4285714328
54668  15.114  -5.488  1.741 0.5714285970
53976  13.364  -6.068  4.248 0.2857142985
54660  14.031  -5.162  2.670 0.4285714328
100009  15.710  -4.654  -0.343 0.5714285970
56019  14.421  -3.436  0.644 0.5714285970
56753  14.054  -3.224  1.548 0.4285714328
56071  15.127  -4.418  -1.850 0.5714285970
55363  14.933  -4.188  0.075 0.4285714328
55400  14.185  -2.873  -2.357 0.4285714328
56077  14.332  -6.304  -2.598 0.4285714328
55347  14.456  -4.445  1.962 0.4285714328
55342  13.161  -4.508  3.256 0.2857142985
54643  13.190  -5.014  3.983 0.2857142985
56850  14.211  -5.660  -4.660 0.7142857313
56843  12.903  -4.067  -4.009 0.4285714328
100035  15.295  -4.502  -5.196 0.7142857313
57599  13.798  -3.605  -4.892 0.5714285970
57571  17.098  -3.368  -5.529 0.7142857313
100034  14.961  -2.888  -5.548 0.2857142985
56854  15.083  -6.663  -4.622 0.5714285970
56827  18.899  -3.628  -4.724 0.7142857313
57586  18.341  -2.359  -5.136 0.7142857313
56829  18.989  -2.379  -5.138 0.7142857313
56842  19.095  -1.911  -5.235 0.7142857313
100017  17.624  -2.031  -5.181 0.4285714328
57603  19.096  -1.065  -6.267 0.4285714328
56069  20.141  -3.679  -4.261 0.5714285970
56847  20.066  -2.851  -5.006 0.5714285970
56084  20.673  -2.446  -6.108 0.7142857313
56853  20.736  -2.234  -6.820 0.7142857313
57615  21.661  -1.698  -8.835 0.7142857313
57608  20.172  -1.542  -6.725 0.7142857313
58407  20.139  -0.569  -7.648 0.5714285970
59199  20.639  0.712  -8.400 0.5714285970
55419  22.460  -4.069  -7.028 0.7142857313
56089  21.572  -3.297  -6.300 0.5714285970
56083  20.888  -2.915  -5.290 0.5714285970
56098  21.450  -3.277  -8.338 0.7142857313
56090  21.067  -2.733  -6.419 0.7142857313
58411  22.105  -0.821  -8.984 0.8571428657
58396  19.040  -0.581  -6.548 0.4285714328
59190  22.202  0.279  -7.962 0.7142857313
59191  21.453  1.073  -7.789 0.7142857313
59185  21.678  1.348  -7.015 0.7142857313
59192  20.791  1.318  -8.004 0.5714285970
60017  21.344  1.540  -7.009 0.7142857313
56093  21.944  -3.755  -7.280 0.5714285970
56095  20.522  -2.949  -8.117 0.7142857313
59189  22.808  -0.317  -8.097 0.8571428657
59184  22.166  1.019  -6.775 0.8571428657
60012  21.870  1.898  -6.332 0.7142857313
60013  21.102  1.976  -6.339 0.5714285970
63016  21.421  5.416  -5.580 0.2857142985
58406  23.214  -0.965  -8.209 0.7142857313
60011  22.618  2.033  -6.123 0.7142857313
64640  21.085  7.526  -5.527 0.7142857313
59180  22.703  1.437  -6.170 0.7142857313
60780  22.391  2.769  -5.404 0.8571428657
60781  21.766  2.858  -5.630 0.8571428657
64636  22.106  7.465  -4.889 0.8571428657
62333  22.628  4.416  -5.255 0.8571428657
63825  21.730  6.458  -5.421 0.8571428657
65440  21.469  8.316  -5.397 0.8571428657
65441  20.659  8.473  -5.737 0.7142857313
60779  22.874  3.158  -4.948 0.8571428657
63824  22.266  5.731  -4.981 0.8571428657
66197  21.228  9.144  -5.449 0.8571428657
66194  22.079  9.031  -5.235 0.8571428657
66890  21.920  9.792  -5.259 0.8571428657
67603  20.954  10.948  -5.596 0.7142857313
70611  21.079  15.559  -2.372 0.7142857313
70612  20.333  15.461  -3.255 0.7142857313
71389  21.680  16.526  -2.776 0.5714285970
71392  19.815  16.518  -4.068 0.7142857313
71390  20.885  16.404  -3.261 0.7142857313
72200  22.034  17.150  -3.153 0.7142857313
73038  22.238  18.319  -3.547 0.8571428657
74718  21.496  19.669  -3.371 0.7142857313
72215  20.117  17.549  -3.796 0.7142857313
76205  20.966  19.947  -2.855 0.7142857313
76193  20.732  20.455  -2.199 0.7142857313
75488  20.131  19.852  -2.905 0.5714285970
76203  21.918  20.816  -3.364 0.7142857313
76191  21.468  21.286  -2.757 0.7142857313
76187  20.132  19.952  -1.895 0.5714285970
76801  21.399  20.980  -1.447 0.4285714328
76185  20.877  20.624  -1.485 0.5714285970
76173  20.073  20.227  -0.987 0.5714285970
76820  21.846  21.727  -2.884 0.5714285970
75475  19.570  19.741  -1.826 0.5714285970
76178  21.548  21.207  -1.036 0.5714285970
76171  21.152  21.058  -0.637 0.5714285970
75460  20.627  21.077  -0.209 0.5714285970
75467  19.650  19.996  -1.346 0.4285714328
75468  18.929  20.017  -1.007 0.5714285970
75476  18.969  19.709  -1.765 0.4285714328
75439  19.937  20.969  1.607 0.5714285970
75461  19.763  20.644  -0.459 0.5714285970
75459  21.187  21.493  -0.115 0.5714285970
74663  18.599  20.952  1.568 0.4285714328
74687  17.263  20.430  -1.193 0.4285714328
76157  19.675  21.437  2.130 0.5714285970
75452  19.146  20.829  0.941 0.5714285970
77375  20.804  21.960  4.517 0.4285714328
52030  17.695  -7.304  -3.986 0.2857142985
76773  21.160  21.241  3.440 0.2857142985
76146  19.843  20.803  2.521 0.4285714328
76134  19.863  20.952  3.855 0.2857142985
53348  15.051  -7.377  2.915 0.5714285970
53334  14.142  -7.801  3.836 0.5714285970
54673  16.487  -6.893  1.077 0.2857142985
54674  15.904  -6.227  1.042 0.4285714328
53982  14.326  -6.466  3.104 0.5714285970
56009  13.813  -3.389  2.121 0.4285714328
56026  14.074  -2.838  -0.962 0.4285714328
56031  14.599  -3.773  -1.228 0.5714285970
55343  13.133  -3.657  2.926 0.2857142985
56010  13.336  -2.937  1.911 0.2857142985
100013  19.483  -6.389  -3.259 0.2857142985
57590  12.466  -2.270  -4.058 0.2857142985
60772  22.770  2.489  -5.358 0.8571428657
62327  22.071  4.223  -5.447 0.7142857313
69069  20.970  13.597  -4.495 0.7142857313
69849  20.457  14.597  -4.131 0.7142857313
69832  20.302  14.359  -4.749 0.7142857313
74730  20.632  18.871  -3.267 0.7142857313
75490  18.878  19.521  -2.594 0.5714285970
75462  18.490  20.829  0.099 0.2857142985
76806  22.823  21.880  -2.126 0.5714285970
76800  21.917  21.640  -1.391 0.5714285970
76794  22.569  22.205  -1.064 0.5714285970
76177  21.900  21.654  -0.967 0.5714285970
75451  20.202  21.069  0.608 0.5714285970
75438  20.774  21.340  1.322 0.2857142985
100014  13.528  -2.359  -1.646 0.4285714328
56859  17.597  -6.059  -5.052 0.5714285970
56096  22.897  -3.366  -8.053 0.7142857313
58410  22.839  -1.007  -8.922 0.7142857313
56860  22.731  -2.765  -8.627 0.7142857313
62332  23.017  4.402  -4.981 0.7142857313
74717  22.251  19.659  -3.527 0.8571428657
56085  15.007  -6.738  -3.684 0.5714285970
69092  21.528  12.162  -6.052 0.7142857313
54002  16.043  -6.704  1.325 0.5714285970
54658  15.221  -6.207  2.006 0.5714285970
54650  14.208  -5.814  2.910 0.5714285970
53341  13.878  -7.100  3.677 0.5714285970
54651  13.565  -5.235  3.053 0.4285714328
100008  15.835  -5.419  0.737 0.5714285970
55358  15.074  -4.679  1.340 0.5714285970
52600  13.657  -8.167  4.228 0.5714285970
55348  13.800  -4.306  2.469 0.4285714328
55368  14.684  -4.110  -0.880 0.5714285970
56776  13.729  -2.730  0.423 0.4285714328
56078  13.891  -5.071  -3.405 0.5714285970
56072  13.443  -3.452  -3.167 0.4285714328
56086  13.881  -6.254  -3.721 0.5714285970
56833  12.150  -2.954  -3.373 0.4285714328
57585  18.304  -2.995  -5.008 0.7142857313
56848  19.902  -2.081  -5.906 0.7142857313
56076  20.444  -2.983  -4.340 0.5714285970
57612  20.926  -2.199  -7.982 0.7142857313
58412  21.353  -0.551  -8.507 0.7142857313
56861  21.918  -2.757  -9.033 0.5714285970
61538  21.814  3.521  -5.458 0.5714285970
62335  20.854  4.619  -5.342 0.2857142985
63015  22.239  5.187  -5.405 0.8571428657
72214  20.954  17.754  -3.616 0.7142857313
73039  21.409  18.340  -3.604 0.7142857313
76204  21.334  20.430  -3.137 0.8571428657
75450  21.004  21.393  0.560 0.7142857313
76156  20.583  21.417  2.050 0.5714285970
76158  19.063  21.324  2.422 0.4285714328
56767  12.547  -2.357  0.909 0.1428571492
58350  12.736  -1.958  -0.970 0.4285714328
50695  13.146  -11.182  7.510 0.4285714328
54664  18.939  -7.893  2.485 0.1428571492
55355  17.926  -8.081  1.692 0.1428571492
55354  20.112  -8.313  2.601 0.1428571492
52020  17.823  -8.463  -2.020 0.1428571492
100007  16.926  -9.107  -1.214 0.1428571492
52694  17.937  -7.875  -3.299 0.1428571492
54711  20.957  -6.245  -3.144 0.2857142985
69083  21.671  12.450  -4.672 0.5714285970
77949  28.039  24.930  4.745 0.1428571492
68327  20.280  11.991  -5.940 0.4285714328
77940  27.862  24.929  5.625 0.1428571492
77397  25.070  23.551  2.686 0.1428571492
69850  19.673  14.478  -4.489 0.4285714328
70613  19.824  15.639  -4.011 0.5714285970
70626  18.795  16.431  -4.347 0.4285714328
78562  24.450  23.024  4.584 0.2857142985
76779  22.101  22.029  2.923 0.2857142985
75437  21.532  21.702  1.279 0.2857142985
76789  22.145  21.989  2.708 0.2857142985
71396  15.644  16.649  -5.135 0.1428571492
71406  18.711  17.131  -4.571 0.5714285970
73880  20.420  18.601  -3.379 0.5714285970
77379  22.496  22.114  4.159 0.2857142985
76163  21.664  21.891  -0.021 0.4285714328
72219  16.913  18.203  -5.522 0.4285714328
73871  18.626  18.983  -3.773 0.5714285970
76780  21.715  21.642  2.716 0.2857142985
73021  16.297  18.913  -4.046 0.4285714328
73861  16.783  19.664  -3.550 0.2857142985
77381  21.554  21.816  4.131 0.1428571492
76791  21.269  21.592  2.218 0.1428571492
77393  21.786  21.422  3.373 0.1428571492
73856  15.872  19.877  -2.831 0.1428571492
75477  18.228  20.003  -1.557 0.4285714328
77374  21.212  22.363  4.712 0.1428571492
77956  22.132  23.264  4.866 0.1428571492
77955  22.641  23.326  4.771 0.1428571492
74696  16.375  20.306  -1.677 0.2857142985
77369  21.207  22.916  5.538 0.2857142985
76098  20.921  23.172  6.797 0.1428571492
77368  21.734  23.327  5.142 0.1428571492
77366  22.550  23.918  5.385 0.1428571492
77357  21.836  23.943  5.707 0.1428571492
76742  22.427  24.059  7.128 0.1428571492
77356  22.557  24.085  5.960 0.1428571492
101987  23.326  23.055  7.029 0.1428571492
50699  13.209  -10.594  6.496 0.4285714328
51903  12.942  -8.862  6.252 0.2857142985
51999  17.397  -9.381  -0.840 0.1428571492
52028  18.340  -8.019  -4.084 0.1428571492
69070  20.100  13.397  -5.125 0.2857142985
76793  23.441  22.475  -1.092 0.4285714328
75436  22.456  21.593  1.608 0.2857142985
77954  23.258  23.260  4.702 0.2857142985
77400  22.769  21.973  3.094 0.2857142985
77944  23.691  23.728  5.576 0.2857142985
51896  13.223  -8.936  7.357 0.2857142985
50174  18.122  -11.674  5.459 0.1428571492
49613  17.865  -12.336  5.695 0.1428571492
54656  19.460  -8.941  3.332 0.1428571492
55398  21.256  -5.800  -3.993 0.1428571492
52703  18.932  -6.983  -4.049 0.1428571492
73862  15.920  18.992  -3.547 0.1428571492
69085  20.452  12.929  -5.882 0.4285714328
72205  15.283  17.239  -4.609 0.2857142985
74722  19.251  19.093  -3.178 0.5714285970
76162  22.113  22.037  0.125 0.4285714328
78563  23.809  23.026  4.634 0.2857142985
77973  23.902  22.090  4.155 0.2857142985
76153  22.624  21.534  2.391 0.2857142985
76788  23.039  21.931  2.848 0.2857142985
78565  24.914  22.527  4.123 0.2857142985
77962  25.613  23.033  4.048 0.1428571492
78559  26.476  23.925  5.424 0.1428571492
77387  25.466  24.332  2.829 0.1428571492
77935  23.697  23.796  5.966 0.2857142985
78552  23.809  23.610  5.335 0.2857142985
77971  25.390  23.330  3.470 0.1428571492
77960  26.634  24.283  4.480 0.1428571492
76787  23.916  22.217  2.695 0.1428571492
77975  25.158  23.422  3.102 0.1428571492
75428  22.905  21.061  1.953 0.4285714328
78556  25.279  23.511  5.790 0.2857142985
77398  24.465  22.597  2.876 0.1428571492
100218  13.511  -10.706  5.576 0.4285714328
55383  20.265  -5.858  -4.074 0.4285714328
76169  22.298  22.080  -0.548 0.4285714328
76144  22.832  21.276  2.267 0.2857142985
70614  18.880  15.512  -4.081 0.4285714328
71404  19.983  16.987  -3.937 0.5714285970
73042  19.178  18.261  -4.123 0.5714285970
74721  19.906  18.844  -3.142 0.5714285970
75449  21.733  21.841  0.546 0.2857142985
76759  20.607  22.517  5.129 0.2857142985
76781  21.104  21.266  2.540 0.2857142985
69084  21.215  12.903  -5.800 0.5714285970
73881  19.593  18.488  -3.567 0.5714285970
74711  17.939  19.826  -3.365 0.5714285970
76155  21.266  21.725  1.843 0.2857142985
52693  18.576  -8.143  -2.870 0.1428571492
69834  18.450  14.869  -3.843 0.2857142985
77964  23.498  22.698  4.472 0.2857142985
77391  22.641  21.825  3.520 0.2857142985
76154  21.945  21.699  2.004 0.2857142985
71408  16.819  16.931  -5.801 0.2857142985
72217  18.564  17.784  -4.567 0.4285714328
77966  22.299  22.701  4.546 0.1428571492
73029  17.808  18.867  -4.384 0.4285714328
73031  15.632  18.100  -4.515 0.2857142985
73043  18.465  18.323  -4.488 0.5714285970
73872  17.690  19.214  -3.785 0.5714285970
74703  17.333  20.563  -3.031 0.4285714328
51282  13.336  -10.046  7.463 0.2857142985
52026  19.639  -8.398  -2.899 0.1428571492
68306  19.198  12.714  -5.294 0.2857142985
77389  24.145  22.087  3.318 0.2857142985
77976  24.926  22.890  3.184 0.2857142985
77951  26.775  24.202  5.354 0.1428571492
58413  20.418  -0.174  -8.280 0.4285714328
60782  20.780  2.809  -5.736 0.2857142985
78543  25.187  23.822  7.023 0.1428571492
78557  24.403  23.487  5.134 0.1428571492
78533  25.301  25.936  7.370 0.1428571492
77924  25.037  22.643  7.674 0.1428571492
78527  24.769  26.139  8.520 0.1428571492
77934  25.388  24.136  6.455 0.1428571492
78535  24.973  23.493  6.731 0.1428571492
78528  24.720  24.939  8.674 0.1428571492
78534  25.309  24.245  7.632 0.1428571492
79155  25.487  26.665  7.745 0.1428571492
78544  24.329  23.459  6.236 0.1428571492
78520  24.298  25.919  10.409 0.1428571492
60014  20.340  2.125  -6.534 0.2857142985
77919  24.051  24.271  9.762 0.1428571492
78523  24.646  26.508  9.566 0.1428571492
79162  25.541  26.484  7.367 0.1428571492
78551  24.229  23.550  5.716 0.1428571492
77942  25.689  24.074  6.405 0.1428571492
78542  25.659  25.150  7.146 0.1428571492
78524  24.266  25.454  9.588 0.1428571492
52599  14.794  -8.871  4.012 0.4285714328
51928  15.807  -9.928  3.887 0.2857142985
51317  16.731  -10.905  4.122 0.1428571492
53339  15.291  -8.043  3.201 0.2857142985
52604  15.658  -9.250  3.667 0.1428571492
53347  15.658  -7.625  2.621 0.2857142985
51307  15.158  -10.731  4.735 0.2857142985
75483  18.145  19.978  -2.119 0.4285714328
53996  15.909  -7.189  1.888 0.2857142985
51918  14.506  -9.445  4.462 0.4285714328
52613  15.955  -8.662  3.091 0.1428571492
51306  15.836  -10.835  4.475 0.1428571492
53352  16.156  -7.796  2.330 0.2857142985
53340  14.504  -7.235  3.299 0.4285714328
52605  14.871  -8.241  3.592 0.2857142985
71407  17.810  17.144  -4.868 0.2857142985
51917  15.419  -9.811  4.207 0.2857142985
51311  12.985  -9.257  4.607 0.2857142985
51300  12.888  -9.372  5.762 0.2857142985
51919  13.785  -8.867  4.423 0.2857142985
51912  12.919  -8.529  4.820 0.2857142985
55401  13.219  -2.679  -2.596 0.2857142985
56055  12.342  -2.858  -3.080 0.2857142985
100029  15.684  -1.956  -4.439 0.1428571492
100024  16.788  -1.252  -5.269 0.1428571492
57597  18.306  -1.184  -5.376 0.2857142985
58408  19.186  0.128  -7.758 0.1428571492
61546  20.294  3.698  -5.378 0.1428571492
63017  20.375  5.688  -5.597 0.1428571492
64641  20.309  7.735  -5.829 0.1428571492
64642  19.609  7.787  -6.271 0.1428571492
66199  19.802  9.622  -6.574 0.1428571492
66886  18.769  10.581  -5.788 0.1428571492
69056  17.559  14.239  -3.867 0.1428571492
70615  18.199  16.066  -4.089 0.1428571492
70617  16.165  15.667  -4.616 0.1428571492
70616  17.249  15.775  -3.906 0.1428571492
75469  18.018  20.562  -0.868 0.1428571492
74672  18.031  20.595  1.263 0.1428571492
74682  16.920  20.419  -0.051 0.1428571492
75441  18.617  21.158  2.445 0.1428571492
101852  18.400  20.721  3.101 0.1428571492
76147  18.882  20.649  3.174 0.1428571492
51308  14.234  -10.132  4.780 0.1428571492
66892  20.191  10.167  -5.696 0.2857142985
67583  18.826  11.632  -5.347 0.1428571492
70628  17.021  16.446  -4.781 0.1428571492
51277  13.109  -10.457  8.503 0.2857142985
57522  13.456  -2.262  -0.086 0.2857142985
55384  12.762  -2.317  -1.958 0.2857142985
56801  11.018  -2.175  -2.728 0.2857142985
100020  17.480  -0.417  -5.678 0.1428571492
59193  19.147  0.561  -8.087 0.1428571492
60023  19.539  1.417  -7.929 0.1428571492
60019  19.876  1.872  -7.225 0.1428571492
62329  19.484  4.578  -5.182 0.1428571492
63010  19.774  5.345  -5.389 0.1428571492
63828  19.318  7.002  -5.991 0.1428571492
64637  18.588  7.670  -6.221 0.1428571492
67582  19.443  12.154  -5.519 0.1428571492
69852  16.429  14.937  -3.805 0.1428571492
74681  17.607  20.551  0.662 0.1428571492
75463  17.709  20.754  -0.098 0.1428571492
56787  11.137  -2.338  -0.918 0.2857142985
100219  13.459  -10.079  5.059 0.2857142985
57604  18.393  -0.622  -6.010 0.1428571492
63826  20.833  6.643  -5.594 0.1428571492
74688  16.311  19.870  -0.910 0.1428571492
57523  12.878  -1.792  0.033 0.1428571492
67605  19.683  10.775  -5.641 0.1428571492
69071  18.762  13.874  -4.784 0.1428571492
51913  12.922  -8.845  5.415 0.2857142985
56817  10.977  -2.079  -2.860 0.1428571492
65443  19.204  8.724  -6.658 0.1428571492
63822  18.890  6.510  -5.665 0.1428571492
51886  12.623  -9.742  9.120 0.1428571492
51893  13.128  -9.389  8.369 0.1428571492
51874  12.326  -9.194  9.541 0.1428571492
51897  13.089  -8.784  8.164 0.1428571492
52593  12.870  -7.983  4.984 0.1428571492
71374  26.444  16.687  -2.717 0.1428571492
52581  13.093  -8.217  7.400 0.1428571492
52594  12.891  -8.085  5.639 0.1428571492
53328  12.942  -7.575  4.876 0.1428571492
52585  13.028  -8.220  6.716 0.1428571492
69826  26.373  14.882  -3.197 0.1428571492
74705  26.245  19.050  -2.982 0.1428571492
68286  26.137  12.529  -3.225 0.1428571492
55349  13.437  -3.388  2.413 0.1428571492
51291  13.079  -9.649  6.516 0.1428571492
51887  12.583  -9.016  8.988 0.1428571492
53336  12.980  -6.947  4.918 0.1428571492
48348  14.200  -14.067  9.079 0.1428571492
48966  11.750  -14.708  8.629 0.1428571492
48979  14.152  -13.902  8.121 0.1428571492
48986  14.975  -13.885  7.386 0.1428571492
49549  10.438  -13.497  9.427 0.1428571492
49556  11.132  -13.930  8.356 0.1428571492
49560  14.007  -14.001  7.355 0.1428571492
49561  13.640  -13.678  7.503 0.1428571492
49566  14.322  -13.925  7.085 0.2857142985
49567  13.848  -13.829  7.059 0.2857142985
49597  17.250  -13.192  5.880 0.1428571492
49614  17.487  -12.266  5.665 0.1428571492
50133  11.740  -12.676  8.304 0.1428571492
50166  13.034  -10.302  4.741 0.2857142985
50175  17.491  -11.470  5.298 0.1428571492
50188  17.926  -11.030  5.119 0.1428571492
50189  17.546  -10.923  4.883 0.1428571492
50688  11.739  -12.275  8.686 0.1428571492
50706  13.077  -9.986  5.708 0.2857142985
50707  13.326  -10.098  5.322 0.2857142985
50715  15.840  -11.706  5.040 0.2857142985
50717  13.045  -9.555  5.430 0.2857142985
50718  13.220  -9.642  5.040 0.2857142985
50724  16.693  -11.223  4.510 0.1428571492
50726  13.838  -10.107  4.716 0.2857142985
50727  12.910  -10.131  4.175 0.2857142985
50728  12.618  -9.641  3.977 0.2857142985
50729  12.710  -9.405  4.330 0.2857142985
50737  17.094  -11.219  4.577 0.1428571492
50738  12.771  -10.375  3.539 0.2857142985
50739  12.673  -9.980  3.574 0.2857142985
50795  18.823  -9.027  -3.250 0.1428571492
50796  18.843  -9.314  -3.545 0.1428571492
50797  18.970  -9.126  -3.489 0.1428571492
50798  19.037  -8.952  -3.490 0.1428571492
51298  14.924  -11.436  5.319 0.4285714328
51309  14.032  -9.189  4.442 0.1428571492
51310  13.023  -9.248  5.181 0.2857142985
51318  16.319  -10.828  4.264 0.1428571492
51319  13.332  -10.061  4.079 0.1428571492
51320  13.142  -10.056  4.318 0.1428571492
51321  13.684  -9.481  4.478 0.1428571492
51322  12.401  -9.435  3.211 0.2857142985
51323  12.358  -9.453  4.088 0.2857142985
51330  17.130  -10.980  4.203 0.1428571492
51331  13.406  -10.447  3.948 0.1428571492
51332  13.501  -10.066  3.275 0.1428571492
51333  13.044  -10.638  3.027 0.2857142985
51334  12.318  -10.179  3.171 0.2857142985
51335  11.889  -9.910  3.696 0.2857142985
51344  13.554  -9.673  2.483 0.2857142985
51345  13.317  -9.987  2.459 0.2857142985
51346  12.811  -10.031  2.635 0.2857142985
51411  19.110  -8.433  -3.143 0.1428571492
51412  17.986  -8.192  -3.688 0.1428571492
51413  18.231  -8.307  -4.036 0.1428571492
51414  19.015  -8.615  -3.302 0.1428571492
51415  18.562  -8.946  -3.779 0.1428571492
51416  18.325  -8.583  -4.085 0.1428571492
51417  19.077  -8.954  -3.516 0.1428571492
51418  18.833  -9.012  -3.254 0.1428571492
51894  12.889  -8.826  8.580 0.1428571492
51916  15.909  -10.354  4.060 0.2857142985
51920  13.107  -8.994  4.675 0.2857142985
51921  12.721  -9.234  4.110 0.2857142985
51926  16.887  -10.701  3.902 0.1428571492
51927  16.326  -10.210  3.801 0.1428571492
51929  12.970  -9.187  3.990 0.1428571492
51930  13.145  -8.854  3.961 0.2857142985
51931  12.784  -8.865  3.887 0.2857142985
51932  11.995  -9.103  3.918 0.2857142985
51938  13.266  -9.245  3.313 0.1428571492
51939  13.093  -8.875  3.605 0.1428571492
51940  12.497  -9.485  2.637 0.2857142985
51941  11.973  -9.629  3.118 0.2857142985
51947  13.625  -9.292  2.621 0.2857142985
51948  13.554  -9.342  1.843 0.2857142985
51949  13.042  -9.591  2.294 0.2857142985
51997  18.057  -8.915  -1.353 0.1428571492
51998  17.354  -8.691  -1.675 0.1428571492
52019  18.164  -8.554  -1.772 0.1428571492
52022  19.694  -8.638  -2.489 0.1428571492
52023  18.935  -8.181  -2.981 0.1428571492
52024  17.960  -8.112  -3.989 0.1428571492
52025  17.950  -8.058  -3.753 0.1428571492
52027  18.880  -8.140  -4.080 0.1428571492
52029  17.925  -7.675  -4.015 0.2857142985
52031  19.218  -8.346  -3.041 0.1428571492
52032  19.095  -8.324  -3.757 0.1428571492
52033  18.630  -7.575  -4.048 0.1428571492
52034  17.892  -7.135  -3.990 0.2857142985
52598  15.296  -9.311  3.956 0.2857142985
52603  16.207  -9.720  3.637 0.1428571492
52606  13.019  -8.666  3.495 0.2857142985
52607  12.789  -8.606  3.415 0.2857142985
52608  12.183  -8.581  3.370 0.2857142985
52614  13.262  -8.936  3.101 0.1428571492
52615  13.104  -8.761  3.177 0.2857142985
52616  12.614  -8.678  2.683 0.2857142985
52617  11.969  -9.025  2.943 0.2857142985
52620  13.353  -8.944  2.868 0.2857142985
52621  13.327  -8.745  2.396 0.2857142985
52622  13.348  -9.299  2.764 0.2857142985
52677  18.221  -8.303  -2.312 0.1428571492
52697  19.972  -7.978  -3.060 0.1428571492
52699  19.079  -7.105  -3.212 0.1428571492
52702  19.132  -7.533  -3.435 0.1428571492
52704  17.885  -6.682  -4.095 0.7142857313
53329  13.127  -7.131  5.527 0.1428571492
53351  16.387  -7.884  2.215 0.2857142985
53404  19.211  -6.642  -3.635 0.1428571492
53406  18.601  -6.627  -4.110 0.7142857313
54051  19.695  -6.419  -2.760 0.2857142985
54667  15.555  -5.883  1.370 0.5714285970
54672  16.974  -7.690  1.189 0.2857142985
54694  20.249  -6.205  -3.380 0.4285714328
54695  20.201  -6.248  -3.117 0.2857142985
54696  19.928  -6.205  -2.986 0.2857142985
54713  13.601  -2.482  -1.972 0.2857142985
55371  12.354  -2.754  -1.946 0.2857142985
55372  11.512  -2.677  -1.819 0.2857142985
55376  11.935  -2.168  -2.062 0.2857142985
55385  12.140  -1.849  -2.182 0.2857142985
55417  22.800  -4.225  -6.402 0.8571428657
55420  22.377  -4.071  -6.786 0.7142857313
56008  14.301  -3.606  1.704 0.4285714328
56034  11.581  -2.465  -1.327 0.2857142985
56035  10.967  -2.871  -1.934 0.2857142985
56036  10.892  -2.171  -1.544 0.2857142985
56041  11.943  -2.191  -1.134 0.2857142985
56042  11.266  -2.267  -2.337 0.2857142985
56043  10.982  -2.247  -1.950 0.2857142985
56056  11.925  -2.278  -2.720 0.2857142985
56088  23.113  -4.173  -6.850 0.8571428657
56091  23.133  -3.509  -7.566 0.7142857313
56092  22.804  -3.989  -7.447 0.7142857313
56094  21.017  -3.082  -7.479 0.7142857313
56097  22.267  -3.383  -8.233 0.5714285970
56099  20.787  -3.117  -8.438 0.7142857313
56100  20.494  -2.925  -8.457 0.7142857313
56754  13.808  -3.113  1.643 0.2857142985
56765  13.952  -3.094  1.208 0.4285714328
56766  13.253  -2.762  1.161 0.4285714328
56777  13.004  -2.370  0.455 0.1428571492
56778  12.401  -2.036  0.441 0.1428571492
56788  10.929  -2.468  -1.343 0.2857142985
56800  11.577  -2.272  -0.965 0.2857142985
56802  10.967  -2.217  -2.118 0.2857142985
56803  10.880  -1.608  -1.987 0.1428571492
56815  11.941  -2.749  -3.017 0.2857142985
56816  11.587  -2.224  -3.086 0.2857142985
56818  10.919  -1.598  -2.541 0.1428571492
56828  18.995  -2.820  -5.056 0.7142857313
56835  10.938  -1.599  -3.139 0.1428571492
56840  19.725  -2.966  -4.609 0.5714285970
56841  19.463  -2.490  -5.157 0.7142857313
56849  19.162  -1.500  -5.648 0.4285714328
56856  20.800  -2.477  -7.755 0.7142857313
56857  20.631  -2.640  -8.265 0.7142857313
56862  21.211  -2.550  -8.663 0.7142857313
56863  20.655  -2.647  -8.447 0.7142857313
56864  20.452  -2.769  -8.581 0.7142857313
57536  12.021  -1.867  -0.582 0.4285714328
57537  11.057  -1.894  -0.355 0.2857142985
57548  11.617  -2.115  -0.772 0.2857142985
57560  11.946  -2.279  -0.895 0.2857142985
57561  11.823  -2.135  -0.809 0.2857142985
57602  19.756  -1.376  -6.407 0.7142857313
57605  18.039  -0.506  -5.749 0.1428571492
57606  24.173  -1.771  -5.723 0.5714285970
57609  19.650  -1.090  -6.700 0.4285714328
57611  20.666  -1.630  -7.437 0.7142857313
57614  22.428  -1.833  -8.966 0.5714285970
57616  21.079  -1.592  -8.162 0.7142857313
57617  20.811  -2.433  -8.344 0.7142857313
58322  12.834  -1.761  -0.391 0.4285714328
58323  12.583  -1.637  -0.182 0.4285714328
58335  12.471  -1.697  -0.419 0.4285714328
58402  19.939  -1.096  -7.204 0.5714285970
58403  19.194  -0.434  -6.996 0.4285714328
58414  19.655  0.104  -8.146 0.4285714328
59196  23.018  -0.520  -8.704 0.8571428657
59197  22.588  -0.178  -8.859 0.8571428657
59198  21.753  0.176  -8.614 0.7142857313
59200  19.568  0.721  -8.262 0.1428571492
59201  18.911  0.867  -8.210 0.1428571492
60005  25.419  2.339  -4.093 0.1428571492
60018  20.732  1.585  -7.327 0.2857142985
60022  20.320  1.371  -7.828 0.1428571492
60771  23.055  2.619  -4.882 0.8571428657
60773  21.844  2.971  -5.557 0.5714285970
60774  21.506  3.138  -5.513 0.5714285970
61530  21.574  3.797  -5.410 0.5714285970
61531  21.412  4.106  -5.359 0.5714285970
61537  22.214  3.782  -5.425 0.7142857313
61539  21.246  3.718  -5.331 0.5714285970
61543  22.801  3.728  -5.143 0.8571428657
61544  22.378  3.602  -5.337 0.8571428657
61545  22.090  3.435  -5.431 0.8571428657
62318  25.629  4.177  -4.011 0.1428571492
62319  21.753  3.964  -5.431 0.5714285970
62320  21.628  4.152  -5.425 0.5714285970
62322  25.869  3.919  -4.243 0.1428571492
62323  25.434  4.050  -4.285 0.1428571492
62324  24.701  4.154  -4.474 0.8571428657
62326  22.412  4.138  -5.387 0.7142857313
62328  21.580  4.386  -5.424 0.2857142985
62331  23.488  4.323  -4.754 0.8571428657
62334  22.389  4.561  -5.384 0.7142857313
62336  20.067  4.655  -5.362 0.1428571492
63000  25.650  4.454  -3.563 0.1428571492
63001  25.057  4.484  -3.551 0.1428571492
63008  22.223  4.731  -5.454 0.7142857313
63009  21.961  4.811  -5.497 0.7142857313
63014  22.618  5.009  -4.986 0.7142857313
63806  24.938  5.823  -2.577 0.2857142985
63810  25.782  4.973  -2.911 0.1428571492
63817  23.496  5.466  -4.018 0.8571428657
63819  22.084  6.604  -4.856 0.8571428657
63820  21.778  6.976  -5.087 0.8571428657
63821  19.586  6.157  -5.646 0.1428571492
63823  22.605  5.361  -4.748 0.8571428657
63827  19.945  6.914  -5.637 0.1428571492
64622  24.863  7.431  -1.853 0.1428571492
64627  24.333  7.008  -3.054 0.4285714328
64630  23.119  7.142  -3.816 0.8571428657
64631  22.850  7.504  -4.093 0.8571428657
64635  22.479  7.244  -4.394 0.8571428657
64639  21.681  7.492  -5.237 0.8571428657
65426  25.025  8.571  -2.320 0.1428571492
65430  24.309  8.574  -3.223 0.4285714328
65433  22.868  7.959  -4.256 0.8571428657
65437  22.150  8.257  -5.069 0.8571428657
65442  20.126  8.613  -6.497 0.1428571492
66173  25.324  8.807  -2.311 0.1428571492
66180  24.578  8.932  -3.047 0.1428571492
66187  23.391  8.712  -4.205 0.8571428657
66191  23.873  9.594  -3.967 0.8571428657
66192  23.286  9.129  -4.287 0.8571428657
66198  20.401  9.315  -5.935 0.7142857313
66200  18.853  9.785  -6.468 0.1428571492
66874  25.669  10.458  -2.362 0.1428571492
66875  25.478  9.987  -3.006 0.1428571492
66876  24.873  9.869  -3.335 0.1428571492
66880  25.137  10.328  -3.267 0.1428571492
66882  23.967  10.018  -3.843 0.8571428657
66883  23.562  9.968  -4.107 0.8571428657
66884  23.035  9.757  -4.395 0.8571428657
66885  22.554  9.687  -4.866 0.8571428657
66887  24.208  10.306  -3.773 0.8571428657
66888  23.942  10.335  -4.022 0.8571428657
66891  21.034  9.991  -5.368 0.8571428657
66893  19.537  10.446  -5.991 0.1428571492
67589  25.340  10.840  -3.056 0.2857142985
67590  24.961  10.703  -3.414 0.5714285970
67591  24.516  10.523  -3.634 0.5714285970
67593  22.952  10.255  -4.736 0.8571428657
67594  22.473  10.231  -5.084 0.8571428657
67595  19.686  11.751  -5.665 0.1428571492
67596  19.432  11.021  -5.598 0.1428571492
67597  24.668  10.877  -3.620 0.5714285970
67598  24.309  10.700  -3.849 0.8571428657
67599  24.077  10.737  -4.301 0.8571428657
67602  21.875  10.690  -5.324 0.8571428657
67604  20.100  11.147  -5.596 0.4285714328
68287  25.735  12.906  -3.493 0.2857142985
68288  25.578  13.216  -3.490 0.8571428657
68289  22.384  13.063  -2.993 0.8571428657
68290  22.157  13.072  -3.147 0.8571428657
68303  24.505  12.679  -3.531 0.8571428657
68305  22.350  12.955  -3.244 0.8571428657
68316  24.680  11.761  -3.755 0.8571428657
68318  20.582  12.507  -6.132 0.4285714328
68319  19.995  12.498  -5.710 0.4285714328
68320  24.544  11.048  -3.748 0.8571428657
68323  23.132  11.402  -5.018 0.8571428657
68324  22.266  11.403  -5.262 0.8571428657
68326  20.923  11.896  -6.062 0.7142857313
69046  26.174  13.465  -3.405 0.2857142985
69048  24.157  13.994  -2.497 0.8571428657
69050  22.705  13.086  -2.658 0.8571428657
69051  22.075  13.187  -2.838 0.7142857313
69052  20.596  14.149  -4.626 0.7142857313
69053  20.494  13.966  -4.947 0.7142857313
69054  18.591  14.363  -4.182 0.1428571492
69055  18.197  14.210  -3.998 0.1428571492
69062  26.310  14.160  -3.270 0.1428571492
69063  26.010  14.060  -3.447 0.2857142985
69066  23.497  12.865  -3.148 0.8571428657
69067  22.673  12.747  -3.372 0.8571428657
69068  21.812  12.971  -3.443 0.7142857313
69081  23.278  12.344  -3.835 0.8571428657
69088  23.798  12.105  -4.151 0.8571428657
69091  21.836  12.095  -5.485 0.5714285970
69827  26.235  15.137  -3.156 0.1428571492
69828  23.727  14.236  -2.178 0.8571428657
69830  21.884  13.469  -2.194 0.8571428657
69833  20.134  14.043  -4.869 0.7142857313
69835  17.831  14.797  -3.717 0.2857142985
69836  17.223  14.836  -3.732 0.1428571492
69842  26.166  14.697  -3.247 0.4285714328
69843  25.842  14.669  -3.285 0.4285714328
69846  23.223  15.048  -1.947 0.8571428657
69847  21.882  14.598  -1.728 0.8571428657
69848  20.669  13.897  -2.703 0.7142857313
69851  18.900  14.594  -4.238 0.4285714328
69859  24.185  15.874  -2.733 0.8571428657
69860  23.750  15.707  -2.456 0.8571428657
69864  24.075  16.175  -2.864 0.8571428657
69865  23.891  16.085  -2.729 0.8571428657
70595  26.290  15.254  -3.213 0.1428571492
70596  26.285  15.572  -3.291 0.1428571492
70597  26.393  15.669  -3.000 0.4285714328
70598  18.407  15.358  -3.840 0.2857142985
70599  17.997  15.415  -3.778 0.2857142985
70600  17.561  15.232  -3.711 0.2857142985
70605  26.117  15.077  -3.255 0.1428571492
70608  25.050  15.398  -3.019 0.8571428657
70609  23.135  15.969  -2.249 0.8571428657
70623  24.584  15.954  -2.949 0.8571428657
70624  23.502  16.272  -2.658 0.8571428657
70625  19.403  16.239  -4.252 0.7142857313
70627  17.954  16.557  -4.384 0.2857142985
70629  16.337  16.349  -5.314 0.2857142985
70634  23.857  16.372  -2.923 0.8571428657
71378  26.401  16.099  -2.729 0.1428571492
71380  18.530  15.554  -3.901 0.4285714328
71381  18.273  15.660  -3.869 0.4285714328
71387  25.301  16.525  -3.113 0.5714285970
71391  20.218  16.514  -3.710 0.7142857313
71393  18.468  15.772  -3.950 0.4285714328
71394  18.261  15.896  -3.951 0.4285714328
71395  16.285  17.411  -5.388 0.2857142985
71401  24.701  16.540  -3.243 0.8571428657
71402  24.158  16.620  -3.203 0.8571428657
71403  23.545  16.719  -3.035 0.8571428657
71405  19.527  16.986  -4.294 0.5714285970
71409  16.213  16.634  -5.459 0.2857142985
71413  23.980  16.500  -3.102 0.8571428657
71414  23.756  16.574  -3.025 0.8571428657
72188  26.079  17.361  -2.841 0.4285714328
72192  24.694  18.102  -3.474 0.7142857313
72198  24.625  17.269  -3.398 0.7142857313
72201  21.304  17.167  -3.372 0.7142857313
72202  20.583  17.145  -3.589 0.7142857313
72203  20.202  17.108  -3.749 0.5714285970
72204  15.886  17.849  -5.142 0.2857142985
72210  24.230  17.037  -3.371 0.8571428657
72211  23.657  17.265  -3.320 0.8571428657
72212  22.742  17.467  -3.261 0.8571428657
72213  21.764  17.753  -3.504 0.7142857313
72216  19.357  17.702  -4.208 0.5714285970
72218  17.837  17.847  -5.185 0.4285714328
73017  26.340  17.933  -2.893 0.1428571492
73019  25.602  18.307  -3.259 0.4285714328
73020  24.742  18.481  -3.498 0.7142857313
73027  24.121  17.866  -3.484 0.8571428657
73028  24.087  18.405  -3.526 0.8571428657
73030  16.677  18.900  -4.760 0.4285714328
73040  20.682  18.178  -3.608 0.7142857313
73041  19.812  17.976  -3.763 0.5714285970
73044  17.917  18.591  -4.960 0.5714285970
73045  17.384  19.029  -5.133 0.4285714328
73854  26.058  18.518  -3.089 0.1428571492
73855  16.537  20.118  -3.308 0.2857142985
73858  26.124  18.864  -3.077 0.1428571492
73859  25.568  19.020  -3.347 0.4285714328
73860  24.784  19.115  -3.540 0.5714285970
73866  23.845  19.174  -3.552 0.8571428657
73868  20.272  18.713  -3.190 0.7142857313
73869  19.927  18.629  -3.207 0.5714285970
73870  19.372  18.778  -3.442 0.5714285970
73876  23.322  18.885  -3.507 0.8571428657
73877  22.533  18.988  -3.536 0.8571428657
73878  21.823  18.863  -3.588 0.8571428657
73879  21.169  18.789  -3.514 0.7142857313
73882  19.001  18.718  -4.023 0.5714285970
73883  18.362  18.681  -4.281 0.5714285970
74664  18.145  20.880  2.411 0.1428571492
74671  18.459  20.791  1.402 0.4285714328
74692  26.354  19.981  -2.500 0.1428571492
74693  25.595  20.428  -2.630 0.4285714328
74694  25.241  20.532  -2.778 0.5714285970
74695  17.448  20.458  -1.949 0.4285714328
74700  25.758  20.047  -3.029 0.4285714328
74701  25.410  20.383  -2.895 0.4285714328
74702  18.439  19.897  -2.745 0.5714285970
74704  16.634  20.601  -2.341 0.4285714328
74707  24.839  19.683  -3.475 0.5714285970
74709  19.141  19.286  -3.054 0.5714285970
74710  18.667  19.663  -3.087 0.5714285970
74716  23.146  19.786  -3.470 0.8571428657
74719  21.079  19.639  -3.248 0.7142857313
74720  20.260  18.974  -2.993 0.5714285970
74723  18.664  19.331  -3.375 0.5714285970
74724  18.309  19.515  -3.407 0.5714285970
74727  22.057  19.236  -3.568 0.8571428657
74728  21.781  19.207  -3.542 0.7142857313
74729  21.125  19.256  -3.336 0.7142857313
75429  22.665  21.329  2.075 0.2857142985
75431  26.336  21.942  1.910 0.1428571492
75440  18.915  21.255  1.790 0.4285714328
75453  18.537  20.684  0.952 0.2857142985
75458  21.454  21.757  -0.065 0.4285714328
75473  24.955  20.831  -2.515 0.5714285970
75474  24.324  20.957  -2.456 0.7142857313
75478  25.337  20.128  -3.224 0.5714285970
75479  24.991  20.457  -3.052 0.5714285970
75480  24.228  20.841  -2.805 0.7142857313
75481  19.520  19.672  -1.950 0.5714285970
75482  18.932  19.619  -2.255 0.4285714328
75484  25.492  19.926  -3.261 0.4285714328
75486  23.834  20.476  -3.315 0.8571428657
75487  22.930  20.733  -3.220 0.7142857313
75489  19.756  19.576  -2.556 0.5714285970
75492  22.678  20.360  -3.385 0.7142857313
75493  21.762  20.164  -3.412 0.7142857313
75494  21.241  19.823  -3.173 0.8571428657
75495  21.070  19.650  -2.916 0.7142857313
75496  20.146  19.698  -2.933 0.5714285970
75497  19.803  19.403  -2.607 0.5714285970
75498  20.945  19.545  -3.369 0.7142857313
75499  20.968  19.394  -3.183 0.7142857313
76145  20.203  21.718  2.531 0.4285714328
76170  21.597  21.660  -0.495 0.4285714328
76172  20.612  20.646  -0.772 0.5714285970
76175  25.781  21.466  -1.292 0.4285714328
76179  21.142  20.706  -0.999 0.5714285970
76180  20.587  20.396  -1.111 0.5714285970
76181  20.037  19.989  -1.462 0.5714285970
76183  25.080  21.290  -2.134 0.5714285970
76184  24.380  21.134  -2.172 0.7142857313
76186  20.611  20.485  -1.737 0.5714285970
76190  22.525  21.532  -2.936 0.7142857313
76192  21.223  20.902  -2.484 0.7142857313
76194  19.966  19.756  -1.949 0.5714285970
76195  23.498  21.010  -2.856 0.7142857313
76196  22.884  21.183  -3.030 0.7142857313
76197  22.171  21.408  -3.184 0.7142857313
76198  21.556  21.246  -3.137 0.8571428657
76199  21.025  20.447  -2.714 0.7142857313
76200  20.534  19.783  -2.638 0.5714285970
76201  20.115  19.643  -2.896 0.5714285970
76202  22.488  20.937  -3.284 0.7142857313
76206  20.627  19.659  -2.832 0.7142857313
76743  20.687  23.587  6.431 0.1428571492
76752  21.934  24.201  6.402 0.1428571492
76753  21.428  23.988  6.156 0.1428571492
76766  20.735  22.149  4.697 0.4285714328
76767  20.215  21.891  4.538 0.2857142985
76774  20.492  21.073  3.609 0.4285714328
76782  20.587  20.822  2.647 0.2857142985
76790  21.728  21.705  2.365 0.2857142985
76795  22.165  21.878  -1.051 0.5714285970
76796  25.177  21.819  -1.792 0.5714285970
76797  24.396  21.930  -1.663 0.7142857313
76799  22.674  22.172  -1.621 0.5714285970
76802  21.115  20.714  -1.461 0.5714285970
76804  24.622  21.545  -1.960 0.5714285970
76805  23.679  21.483  -2.068 0.7142857313
76807  21.987  21.799  -1.965 0.5714285970
76808  21.503  21.199  -1.833 0.4285714328
76809  21.090  20.795  -1.808 0.5714285970
76810  20.858  20.695  -1.985 0.7142857313
76812  22.854  21.522  -2.645 0.7142857313
76813  22.164  21.740  -2.655 0.5714285970
76814  21.515  21.364  -2.401 0.7142857313
76815  21.159  20.882  -2.163 0.7142857313
76816  20.935  20.919  -2.063 0.7142857313
76817  23.122  21.209  -2.842 0.7142857313
76818  22.950  21.361  -2.794 0.7142857313
76819  21.858  21.673  -3.043 0.5714285970
77354  25.478  24.115  6.214 0.1428571492
77355  25.185  24.297  6.361 0.1428571492
77358  21.347  23.573  5.700 0.1428571492
77364  25.499  24.428  5.965 0.1428571492
77365  25.309  24.240  6.145 0.1428571492
77367  22.166  23.859  5.319 0.1428571492
77373  21.824  22.603  4.608 0.1428571492
77380  22.045  21.992  4.136 0.1428571492
77382  20.944  21.661  4.176 0.4285714328
77388  25.221  23.738  3.030 0.1428571492
77390  23.366  21.857  3.560 0.2857142985
77392  22.108  21.876  3.421 0.2857142985
77399  23.624  22.075  3.089 0.2857142985
77933  25.624  24.201  6.813 0.1428571492
77936  23.237  24.089  6.053 0.2857142985
77943  25.347  23.966  6.229 0.1428571492
77945  23.141  23.770  5.349 0.2857142985
77946  22.421  23.701  5.071 0.1428571492
77947  22.124  23.636  5.047 0.1428571492
77952  25.699  23.859  5.999 0.1428571492
77953  25.512  23.880  5.991 0.1428571492
77961  25.979  23.598  4.141 0.1428571492
77963  24.219  22.590  4.427 0.2857142985
77965  22.862  22.747  4.482 0.2857142985
77970  26.014  24.507  3.470 0.1428571492
77972  24.750  22.406  3.794 0.2857142985
77974  23.097  22.160  4.186 0.2857142985
78550  25.056  23.580  6.200 0.1428571492
78558  23.776  23.452  4.899 0.2857142985
78560  25.947  23.786  5.082 0.1428571492
78564  25.248  22.806  4.192 0.2857142985
79161  26.047  26.798  7.090 0.1428571492
100015  12.049  -2.131  -1.572 0.2857142985
100016  13.296  -1.968  -0.498 0.4285714328
100018  12.088  -2.086  -0.960 0.2857142985
100211  15.848  -14.893  5.712 0.2857142985
100212  15.826  -14.528  6.066 0.2857142985
100215  15.732  -14.009  5.976 0.2857142985
100216  16.657  -13.774  5.732 0.2857142985
100221  14.014  -11.967  5.961 0.4285714328
100222  14.950  -13.707  6.769 0.1428571492
100223  15.691  -13.307  5.699 0.2857142985
100226  14.551  -12.959  6.236 0.4285714328
100228  13.734  -11.346  5.758 0.2857142985
100230  14.858  -13.246  6.328 0.1428571492
100231  15.896  -12.959  5.553 0.1428571492
100232  15.732  -13.134  5.603 0.1428571492
100233  15.609  -12.939  5.645 0.1428571492
100235  16.730  -14.088  5.733 0.2857142985
100236  14.664  -13.105  6.279 0.1428571492
100237  14.783  -13.002  6.152 0.4285714328
100240  13.115  -10.132  3.753 0.1428571492
100888  12.606  -2.468  1.570 0.1428571492
101853  18.583  20.388  3.673 0.1428571492
101856  18.500  20.815  2.912 0.1428571492
