#!ascii label  , from subject 3264 vox2ras=TkReg
2314
10838  2.870  -72.531  27.344 0.0000000000
29646  10.542  -42.185  27.929 0.0000000000
2187  5.551  -92.360  25.985 0.0000000000
6408  3.522  -82.601  26.426 0.0000000000
5009  2.949  -85.400  14.836 0.0000000000
9507  1.403  -74.996  18.515 0.0000000000
18234  3.351  -59.427  29.824 0.0000000000
95886  6.386  -100.090  26.841 0.0000000000
7656  5.206  -79.084  33.703 0.0000000000
96592  2.172  -65.649  34.753 0.0000000000
26787  6.584  -46.610  32.026 0.0000000000
1718  6.899  -93.535  12.932 0.0000000000
8490  4.036  -77.075  26.217 0.0000000000
8093  2.391  -78.760  23.249 0.0000000000
10441  2.542  -73.658  23.687 0.0000000000
96685  6.727  -49.308  29.125 0.0000000000
21612  5.206  -53.009  27.223 0.0000000000
28287  8.557  -43.540  26.495 0.0000000000
5881  5.259  -84.050  34.700 0.0000000000
96564  3.148  -67.496  35.694 0.0000000000
22260  7.522  -53.078  33.003 0.0000000000
1400  8.325  -95.633  25.874 0.0000000000
1012  4.608  -97.453  19.701 0.0000000000
1938  6.785  -93.493  19.232 0.0000000000
33306  10.626  -37.302  26.379 0.0000000000
3607  3.878  -87.703  26.845 0.0000000000
3207  4.489  -89.182  21.627 0.0000000000
5431  3.433  -84.660  22.046 0.0000000000
6888  2.506  -81.292  17.157 0.0000000000
13106  1.392  -67.127  28.224 0.0000000000
13713  1.724  -67.073  24.968 0.0000000000
16084  5.627  -62.056  27.103 0.0000000000
32598  9.620  -38.024  24.552 0.0000000000
525  5.563  -99.073  32.937 0.0000000000
1363  6.835  -95.207  31.134 0.0000000000
2766  5.311  -90.211  31.389 0.0000000000
4424  4.732  -86.181  30.776 0.0000000000
6844  3.188  -81.420  30.809 0.0000000000
8966  2.246  -76.276  30.019 0.0000000000
8913  3.358  -76.081  37.805 0.0000000000
9455  1.729  -74.171  33.803 0.0000000000
11255  1.753  -69.891  31.754 0.0000000000
96612  1.254  -64.372  31.559 0.0000000000
26060  6.967  -51.992  30.495 0.0000000000
28251  8.317  -44.937  30.274 0.0000000000
405  10.522  -100.554  20.781 0.0000000000
1069  10.812  -97.332  13.365 0.0000000000
3251  6.129  -88.769  12.628 0.0000000000
9471  5.800  -74.746  27.351 0.0000000000
9485  4.274  -75.601  25.589 0.0000000000
10855  4.344  -73.199  25.386 0.0000000000
28981  9.985  -44.215  28.148 0.0000000000
26817  7.248  -46.065  27.723 0.0000000000
96690  9.410  -43.573  27.064 0.0000000000
1620  6.856  -94.531  25.422 0.0000000000
1922  9.700  -94.325  22.266 0.0000000000
1926  6.445  -92.831  22.703 0.0000000000
4931  3.434  -85.153  26.617 0.0000000000
4460  4.234  -86.447  24.201 0.0000000000
5930  3.814  -83.591  24.532 0.0000000000
8511  1.547  -77.481  21.142 0.0000000000
7708  2.436  -79.702  20.522 0.0000000000
8116  1.912  -78.285  17.716 0.0000000000
7726  2.355  -78.935  15.338 0.0000000000
8542  1.339  -76.525  15.733 0.0000000000
15477  3.173  -63.906  29.849 0.0000000000
14284  3.517  -65.509  28.298 0.0000000000
16619  4.257  -61.612  28.337 0.0000000000
24500  6.932  -49.118  25.843 0.0000000000
20442  5.397  -54.786  25.658 0.0000000000
33308  9.857  -37.902  25.376 0.0000000000
95960  7.264  -96.428  32.320 0.0000000000
2147  5.738  -91.722  34.032 0.0000000000
3152  5.306  -89.458  33.468 0.0000000000
3569  5.117  -88.434  31.123 0.0000000000
3978  5.319  -86.765  33.430 0.0000000000
6366  4.211  -81.777  34.211 0.0000000000
5895  3.967  -83.504  33.101 0.0000000000
7266  4.019  -80.478  32.229 0.0000000000
8069  2.693  -78.510  30.109 0.0000000000
8473  3.979  -77.842  31.565 0.0000000000
96585  3.793  -66.987  34.767 0.0000000000
10812  1.870  -72.238  35.740 0.0000000000
11711  2.552  -69.388  34.209 0.0000000000
10411  2.287  -72.401  32.316 0.0000000000
11252  1.104  -68.720  32.796 0.0000000000
96619  1.448  -66.862  31.631 0.0000000000
96613  1.616  -61.028  33.019 0.0000000000
24458  6.700  -50.118  31.933 0.0000000000
96680  7.312  -52.919  31.452 0.0000000000
26062  7.159  -49.092  31.272 0.0000000000
27505  8.001  -46.518  30.473 0.0000000000
28239  7.270  -44.714  31.445 0.0000000000
95870  9.279  -101.031  28.058 0.0000000000
193  12.112  -99.335  24.842 0.0000000000
196  9.131  -101.251  24.442 0.0000000000
1038  5.843  -95.012  17.082 0.0000000000
829  7.498  -97.406  16.691 0.0000000000
1499  8.636  -95.189  12.532 0.0000000000
1730  11.033  -94.082  9.461 0.0000000000
2015  9.823  -93.039  8.910 0.0000000000
4059  3.661  -87.443  17.904 0.0000000000
3223  4.383  -89.826  17.174 0.0000000000
4518  4.600  -86.987  13.881 0.0000000000
14328  3.899  -65.126  24.702 0.0000000000
13150  1.587  -68.061  22.440 0.0000000000
7289  3.213  -80.021  26.750 0.0000000000
7293  3.553  -80.670  24.631 0.0000000000
8089  3.314  -78.394  24.668 0.0000000000
8992  1.974  -76.527  23.182 0.0000000000
9997  0.843  -74.655  21.627 0.0000000000
96672  4.760  -52.890  29.529 0.0000000000
19355  3.247  -56.173  28.767 0.0000000000
24484  5.431  -49.773  28.355 0.0000000000
26104  5.300  -47.132  27.025 0.0000000000
27548  7.960  -44.960  25.667 0.0000000000
4393  5.732  -86.180  35.396 0.0000000000
5875  3.759  -83.356  36.464 0.0000000000
6823  3.436  -80.679  35.320 0.0000000000
17655  2.376  -58.802  35.030 0.0000000000
96642  2.078  -57.956  33.989 0.0000000000
19864  5.020  -54.318  33.294 0.0000000000
22917  5.826  -51.188  33.204 0.0000000000
95908  6.317  -97.460  26.818 0.0000000000
95922  5.884  -99.128  23.367 0.0000000000
95968  7.797  -95.529  22.799 0.0000000000
1652  6.324  -94.375  19.626 0.0000000000
1670  5.973  -92.995  17.381 0.0000000000
5483  4.082  -83.499  13.352 0.0000000000
5505  4.169  -84.205  10.917 0.0000000000
31803  10.408  -38.793  27.901 0.0000000000
31037  10.757  -39.799  27.315 0.0000000000
2787  4.819  -90.199  25.928 0.0000000000
2463  5.372  -91.109  23.018 0.0000000000
3199  4.649  -88.855  23.565 0.0000000000
4048  3.580  -87.177  21.725 0.0000000000
4982  3.428  -85.033  18.944 0.0000000000
6873  2.893  -81.638  22.155 0.0000000000
6438  2.866  -82.447  19.552 0.0000000000
5971  2.618  -83.246  16.134 0.0000000000
6458  2.945  -82.293  14.563 0.0000000000
11728  1.264  -70.326  27.920 0.0000000000
11734  1.613  -70.439  25.401 0.0000000000
13123  1.054  -68.162  26.390 0.0000000000
14306  4.392  -65.057  26.612 0.0000000000
16095  4.486  -62.105  25.460 0.0000000000
18829  3.612  -57.124  26.901 0.0000000000
18265  5.680  -58.625  25.638 0.0000000000
30357  10.056  -40.297  26.166 0.0000000000
29655  8.956  -41.176  25.367 0.0000000000
95872  7.965  -101.235  30.554 0.0000000000
95883  5.748  -99.568  29.922 0.0000000000
95904  6.262  -97.349  29.373 0.0000000000
1373  7.172  -95.633  28.622 0.0000000000
1893  5.979  -94.013  28.514 0.0000000000
1590  7.203  -94.060  33.379 0.0000000000
1882  5.735  -92.780  31.415 0.0000000000
2438  5.467  -91.513  28.615 0.0000000000
3586  5.251  -88.567  28.366 0.0000000000
4016  4.409  -87.151  28.493 0.0000000000
5387  3.839  -84.474  28.764 0.0000000000
4891  5.162  -85.060  33.290 0.0000000000
5905  4.021  -83.952  30.631 0.0000000000
6396  3.171  -82.066  28.429 0.0000000000
7685  2.400  -79.643  27.748 0.0000000000
8973  2.445  -76.518  27.754 0.0000000000
9967  3.690  -74.018  28.337 0.0000000000
8047  4.191  -78.385  35.547 0.0000000000
8934  2.440  -75.975  36.252 0.0000000000
8461  3.103  -77.288  33.477 0.0000000000
8960  2.349  -76.104  32.181 0.0000000000
9959  2.399  -73.727  30.866 0.0000000000
96651  2.644  -72.096  29.547 0.0000000000
11721  1.193  -69.642  29.760 0.0000000000
13087  1.320  -65.390  30.317 0.0000000000
17134  2.352  -60.378  30.597 0.0000000000
96621  2.053  -58.878  32.480 0.0000000000
96686  4.721  -54.063  30.817 0.0000000000
96687  7.619  -49.365  29.617 0.0000000000
27513  8.747  -46.901  29.594 0.0000000000
29640  9.847  -42.629  29.419 0.0000000000
30335  8.555  -40.936  30.959 0.0000000000
31028  9.788  -40.184  29.233 0.0000000000
619  13.282  -98.870  17.541 0.0000000000
415  7.953  -99.648  20.364 0.0000000000
630  9.979  -99.034  16.422 0.0000000000
1060  14.008  -97.018  13.480 0.0000000000
2473  5.415  -91.548  20.485 0.0000000000
2237  5.300  -92.107  16.540 0.0000000000
2497  7.209  -91.528  13.555 0.0000000000
4101  4.001  -86.902  9.514 0.0000000000
2880  5.650  -89.089  9.261 0.0000000000
2541  7.687  -90.788  8.533 0.0000000000
2567  10.673  -90.503  5.915 0.0000000000
11741  2.100  -70.604  23.451 0.0000000000
11749  1.192  -70.889  21.605 0.0000000000
11298  1.190  -71.763  19.241 0.0000000000
10485  1.360  -73.275  15.963 0.0000000000
96661  6.237  -72.925  27.775 0.0000000000
10430  6.449  -73.679  26.413 0.0000000000
10845  5.034  -72.826  26.505 0.0000000000
96691  9.129  -44.643  27.436 0.0000000000
1908  5.757  -93.061  25.207 0.0000000000
1634  6.680  -93.762  23.707 0.0000000000
2190  5.811  -92.805  23.803 0.0000000000
5923  3.593  -83.499  26.230 0.0000000000
5405  3.901  -84.404  25.286 0.0000000000
6411  3.893  -82.814  25.221 0.0000000000
9005  1.335  -76.215  19.196 0.0000000000
8109  1.656  -77.912  19.274 0.0000000000
8524  1.263  -77.062  18.419 0.0000000000
8533  1.570  -77.385  16.724 0.0000000000
9011  1.319  -75.858  17.152 0.0000000000
16608  2.833  -61.613  29.740 0.0000000000
16074  3.478  -62.831  29.096 0.0000000000
17145  3.511  -60.497  29.062 0.0000000000
25303  7.748  -47.822  25.032 0.0000000000
22980  7.115  -50.529  25.191 0.0000000000
2750  5.232  -89.486  34.760 0.0000000000
3149  5.054  -88.855  34.473 0.0000000000
3554  4.969  -88.129  33.665 0.0000000000
3551  4.913  -87.927  34.382 0.0000000000
7255  4.611  -80.208  33.895 0.0000000000
6832  4.284  -81.060  33.555 0.0000000000
7264  4.958  -79.708  32.803 0.0000000000
8064  4.557  -78.604  31.513 0.0000000000
8059  5.203  -78.546  32.391 0.0000000000
11705  2.604  -69.060  34.777 0.0000000000
11710  2.193  -67.585  34.151 0.0000000000
11248  1.779  -68.301  33.575 0.0000000000
11714  1.217  -63.709  32.442 0.0000000000
14877  1.459  -61.378  33.886 0.0000000000
26052  6.451  -47.719  32.523 0.0000000000
25256  6.704  -49.023  31.871 0.0000000000
26051  6.649  -47.882  31.728 0.0000000000
27506  7.394  -46.110  31.094 0.0000000000
27494  6.985  -45.692  31.703 0.0000000000
95871  7.828  -101.154  27.863 0.0000000000
95880  9.350  -101.406  25.666 0.0000000000
95877  8.077  -101.147  25.646 0.0000000000
1495  6.763  -94.431  14.531 0.0000000000
1268  6.417  -95.803  15.331 0.0000000000
1708  7.590  -94.447  12.846 0.0000000000
1722  9.046  -94.054  10.550 0.0000000000
1994  8.113  -93.160  10.675 0.0000000000
4063  3.314  -86.841  16.186 0.0000000000
4066  3.562  -87.818  15.564 0.0000000000
4513  3.689  -86.699  14.536 0.0000000000
14932  4.348  -64.383  24.295 0.0000000000
14336  3.775  -65.372  23.557 0.0000000000
8082  3.768  -78.227  26.118 0.0000000000
7692  3.708  -79.455  25.770 0.0000000000
8085  4.036  -77.681  25.863 0.0000000000
10435  3.230  -74.019  24.573 0.0000000000
9489  2.695  -75.698  24.395 0.0000000000
9991  1.782  -74.696  23.434 0.0000000000
9494  1.279  -75.195  22.544 0.0000000000
10445  1.514  -73.455  22.747 0.0000000000
96673  5.333  -51.455  29.223 0.0000000000
96669  5.150  -51.286  28.902 0.0000000000
96683  6.371  -48.535  28.521 0.0000000000
27528  8.016  -44.803  27.216 0.0000000000
26818  7.013  -45.998  27.436 0.0000000000
27535  7.512  -45.321  27.025 0.0000000000
26102  6.696  -46.613  26.186 0.0000000000
27541  7.758  -45.045  26.310 0.0000000000
6356  3.680  -82.268  37.196 0.0000000000
6359  3.503  -82.183  36.221 0.0000000000
18212  3.079  -58.593  35.407 0.0000000000
19341  4.494  -56.289  34.943 0.0000000000
19344  4.159  -55.767  34.285 0.0000000000
20406  4.195  -54.377  34.094 0.0000000000
95939  7.292  -96.414  26.067 0.0000000000
95910  5.998  -97.497  25.519 0.0000000000
95979  8.739  -95.474  23.690 0.0000000000
2220  8.682  -93.260  20.427 0.0000000000
1650  9.605  -95.043  20.492 0.0000000000
1943  7.079  -93.899  18.935 0.0000000000
1660  5.332  -94.156  18.347 0.0000000000
1950  5.852  -93.230  18.128 0.0000000000
5984  4.274  -82.679  13.294 0.0000000000
6008  4.247  -83.186  11.700 0.0000000000
32582  10.422  -38.049  27.797 0.0000000000
3606  4.134  -88.714  26.147 0.0000000000
3194  4.252  -89.278  25.173 0.0000000000
3610  3.976  -88.255  24.992 0.0000000000
4953  3.709  -85.461  23.434 0.0000000000
4466  3.878  -86.767  22.831 0.0000000000
4965  3.474  -85.486  21.676 0.0000000000
4474  3.536  -86.339  20.338 0.0000000000
5446  3.557  -84.690  20.324 0.0000000000
7296  3.227  -80.487  24.123 0.0000000000
6869  3.282  -81.469  24.052 0.0000000000
7300  2.781  -80.748  22.494 0.0000000000
7313  2.521  -80.523  18.821 0.0000000000
6879  2.796  -81.612  20.234 0.0000000000
6441  2.714  -82.309  18.480 0.0000000000
5968  2.776  -83.097  17.498 0.0000000000
6449  2.570  -82.214  16.652 0.0000000000
6452  2.489  -82.279  15.532 0.0000000000
6892  2.413  -81.286  16.095 0.0000000000
12172  1.325  -69.188  28.260 0.0000000000
12620  0.916  -68.997  27.062 0.0000000000
13112  1.131  -67.853  27.300 0.0000000000
15496  4.902  -63.655  27.765 0.0000000000
14300  3.728  -65.529  27.577 0.0000000000
14911  4.888  -64.326  27.324 0.0000000000
14916  4.558  -64.380  26.418 0.0000000000
16090  4.869  -62.544  26.568 0.0000000000
20430  3.957  -54.612  27.887 0.0000000000
18818  3.374  -57.196  27.637 0.0000000000
19878  4.301  -55.180  26.948 0.0000000000
19373  4.865  -56.262  25.616 0.0000000000
31810  10.778  -38.723  26.417 0.0000000000
30356  10.493  -40.326  26.627 0.0000000000
31816  10.590  -38.819  25.877 0.0000000000
32597  9.415  -37.910  25.291 0.0000000000
31813  9.325  -38.508  25.531 0.0000000000
30361  8.937  -40.157  25.045 0.0000000000
28993  9.016  -42.126  25.027 0.0000000000
30365  9.341  -40.222  24.469 0.0000000000
311  5.901  -99.902  33.756 0.0000000000
319  6.992  -100.742  32.152 0.0000000000
95882  5.694  -99.410  31.388 0.0000000000
95911  5.666  -98.744  29.941 0.0000000000
95903  6.006  -97.698  31.421 0.0000000000
1169  7.304  -95.814  31.700 0.0000000000
1170  7.005  -96.309  30.968 0.0000000000
1369  6.622  -95.090  30.037 0.0000000000
1606  6.480  -94.651  28.245 0.0000000000
1600  6.328  -94.446  30.224 0.0000000000
2420  5.359  -91.141  32.473 0.0000000000
2160  6.014  -92.688  32.673 0.0000000000
2170  5.467  -91.635  30.936 0.0000000000
2173  5.603  -92.354  29.924 0.0000000000
2771  5.292  -90.649  29.690 0.0000000000
3178  5.323  -89.692  28.411 0.0000000000
3175  5.171  -89.678  29.593 0.0000000000
4423  5.312  -86.707  31.103 0.0000000000
4002  5.127  -87.365  29.377 0.0000000000
4431  4.516  -86.350  29.871 0.0000000000
4439  3.847  -85.920  28.795 0.0000000000
4911  4.157  -85.778  29.733 0.0000000000
4873  7.298  -84.748  34.602 0.0000000000
4889  6.533  -85.066  34.200 0.0000000000
5363  5.916  -84.558  34.127 0.0000000000
6377  3.302  -82.022  32.005 0.0000000000
6380  3.524  -83.078  31.822 0.0000000000
6384  3.331  -82.368  30.371 0.0000000000
6390  3.370  -82.470  29.253 0.0000000000
6847  3.077  -81.442  29.813 0.0000000000
7280  2.618  -80.546  28.315 0.0000000000
7277  2.721  -80.503  29.291 0.0000000000
8481  2.322  -77.465  29.589 0.0000000000
8484  2.143  -77.552  28.516 0.0000000000
8969  2.283  -76.352  28.897 0.0000000000
9467  2.663  -75.220  28.253 0.0000000000
9463  2.336  -75.125  29.297 0.0000000000
8033  4.260  -78.055  37.490 0.0000000000
8038  4.198  -78.384  36.664 0.0000000000
8437  4.071  -77.307  37.054 0.0000000000
96531  2.129  -71.831  36.601 0.0000000000
10405  1.613  -73.094  34.559 0.0000000000
9942  1.992  -74.001  35.473 0.0000000000
9450  2.065  -75.244  34.752 0.0000000000
8452  2.841  -77.085  34.902 0.0000000000
8954  2.300  -75.989  33.578 0.0000000000
8957  2.423  -76.191  32.939 0.0000000000
9457  2.246  -75.124  32.815 0.0000000000
10824  2.582  -70.975  32.370 0.0000000000
10414  2.505  -72.629  31.608 0.0000000000
10827  2.685  -71.320  31.236 0.0000000000
96650  2.916  -72.700  29.675 0.0000000000
96646  2.691  -71.716  30.312 0.0000000000
96648  1.397  -70.694  30.130 0.0000000000
96641  1.228  -70.014  30.465 0.0000000000
96602  1.251  -64.708  31.756 0.0000000000
96620  1.031  -66.116  31.052 0.0000000000
96614  1.405  -64.066  30.884 0.0000000000
15472  1.859  -63.681  30.518 0.0000000000
96622  1.772  -62.612  31.052 0.0000000000
96677  5.595  -54.076  33.110 0.0000000000
96631  3.182  -56.071  32.916 0.0000000000
96679  6.313  -53.570  32.629 0.0000000000
25266  6.866  -52.474  30.926 0.0000000000
96684  5.572  -51.602  29.469 0.0000000000
26068  7.569  -50.602  30.192 0.0000000000
27504  8.451  -46.123  29.953 0.0000000000
28250  8.755  -45.086  29.640 0.0000000000
28975  9.399  -44.109  29.486 0.0000000000
28965  8.970  -43.524  30.222 0.0000000000
31022  9.107  -40.150  30.153 0.0000000000
31800  9.691  -39.317  29.389 0.0000000000
206  12.109  -100.682  22.822 0.0000000000
392  12.926  -99.310  23.266 0.0000000000
403  12.987  -100.044  20.980 0.0000000000
417  11.798  -100.133  19.213 0.0000000000
601  5.585  -98.387  21.979 0.0000000000
401  6.785  -99.318  22.012 0.0000000000
605  6.590  -98.568  20.575 0.0000000000
845  8.761  -97.448  14.984 0.0000000000
631  8.889  -98.523  16.874 0.0000000000
843  10.711  -98.130  14.692 0.0000000000
842  11.962  -98.210  14.817 0.0000000000
1068  11.734  -97.327  13.298 0.0000000000
1280  11.349  -95.757  13.436 0.0000000000
1296  11.173  -95.286  11.849 0.0000000000
2022  12.589  -92.582  7.848 0.0000000000
3206  5.152  -89.713  22.006 0.0000000000
2808  5.719  -90.889  21.791 0.0000000000
2814  4.678  -90.646  20.479 0.0000000000
3234  4.914  -89.408  14.881 0.0000000000
2826  4.548  -90.644  16.679 0.0000000000
2833  5.627  -90.451  14.615 0.0000000000
96209  6.622  -91.577  14.398 0.0000000000
2501  6.857  -90.061  12.951 0.0000000000
5532  2.023  -84.328  9.784 0.0000000000
5029  4.568  -85.662  10.495 0.0000000000
4151  6.508  -87.582  5.034 0.0000000000
3684  5.399  -88.081  6.817 0.0000000000
3274  6.592  -88.992  7.241 0.0000000000
2878  6.250  -90.247  8.840 0.0000000000
2887  7.744  -89.730  6.855 0.0000000000
2555  9.322  -90.712  7.039 0.0000000000
3281  9.198  -89.324  5.459 0.0000000000
12633  1.376  -68.785  25.022 0.0000000000
11738  1.888  -70.422  24.411 0.0000000000
12637  1.404  -68.797  24.117 0.0000000000
13151  1.668  -67.804  21.669 0.0000000000
12645  1.332  -69.011  22.230 0.0000000000
12651  1.389  -69.206  20.980 0.0000000000
11294  0.876  -71.736  20.260 0.0000000000
12203  1.422  -69.766  19.512 0.0000000000
8976  4.313  -76.192  26.358 0.0000000000
8983  4.387  -76.386  25.852 0.0000000000
9484  5.030  -75.254  26.336 0.0000000000
9986  4.718  -74.255  25.579 0.0000000000
10860  3.594  -72.788  24.175 0.0000000000
26081  7.636  -47.226  28.532 0.0000000000
26082  6.989  -47.245  28.469 0.0000000000
26816  7.972  -46.050  27.946 0.0000000000
28280  8.891  -43.652  26.866 0.0000000000
1403  7.618  -95.064  25.438 0.0000000000
1630  9.303  -94.961  23.893 0.0000000000
1632  7.817  -94.535  23.674 0.0000000000
1924  7.951  -93.498  22.223 0.0000000000
2207  8.125  -92.768  21.257 0.0000000000
4453  3.496  -86.020  26.378 0.0000000000
4038  3.877  -87.326  25.255 0.0000000000
4937  3.812  -85.193  25.272 0.0000000000
5414  3.802  -84.580  23.995 0.0000000000
5421  3.247  -84.318  22.955 0.0000000000
8097  1.979  -78.224  21.543 0.0000000000
7705  2.565  -79.946  21.704 0.0000000000
8103  2.202  -78.895  20.561 0.0000000000
8111  2.201  -79.002  19.238 0.0000000000
7718  2.392  -79.574  17.360 0.0000000000
7323  2.384  -80.243  15.659 0.0000000000
7723  2.137  -78.601  16.208 0.0000000000
8122  2.167  -78.089  15.419 0.0000000000
8127  2.348  -77.640  14.712 0.0000000000
14271  2.086  -65.440  29.010 0.0000000000
13685  2.222  -65.865  28.192 0.0000000000
14897  3.766  -64.905  29.372 0.0000000000
15491  4.438  -63.884  28.561 0.0000000000
16618  4.980  -61.472  28.061 0.0000000000
22977  6.259  -51.116  26.244 0.0000000000
20973  5.359  -53.720  26.593 0.0000000000
22306  6.388  -51.948  25.857 0.0000000000
22311  6.782  -51.835  25.043 0.0000000000
33310  10.507  -37.365  25.965 0.0000000000
34039  10.270  -36.431  25.405 0.0000000000
95902  6.073  -97.611  32.074 0.0000000000
95937  6.733  -96.869  33.225 0.0000000000
95929  7.248  -96.602  32.805 0.0000000000
1360  7.251  -95.141  32.387 0.0000000000
2140  5.689  -91.710  34.957 0.0000000000
2753  5.436  -90.045  33.327 0.0000000000
2758  5.408  -90.086  32.438 0.0000000000
3171  5.175  -89.407  30.687 0.0000000000
3561  5.156  -88.536  32.043 0.0000000000
3987  5.269  -87.443  31.907 0.0000000000
4417  5.341  -86.490  31.852 0.0000000000
5889  4.602  -82.969  34.247 0.0000000000
5894  4.659  -83.494  33.735 0.0000000000
6371  4.285  -82.248  33.766 0.0000000000
6837  3.886  -81.269  32.720 0.0000000000
7271  3.242  -80.471  31.119 0.0000000000
7274  2.954  -80.478  30.258 0.0000000000
7672  3.467  -79.881  31.255 0.0000000000
8068  3.361  -78.478  30.699 0.0000000000
8478  2.868  -77.510  30.751 0.0000000000
12150  4.015  -67.319  34.994 0.0000000000
96556  1.773  -70.780  35.922 0.0000000000
12154  2.117  -69.484  35.232 0.0000000000
11245  1.931  -70.713  34.368 0.0000000000
10408  1.590  -72.684  33.900 0.0000000000
9953  1.763  -73.390  32.948 0.0000000000
10825  2.389  -70.984  33.170 0.0000000000
11253  2.450  -69.748  33.034 0.0000000000
96639  1.307  -69.450  31.349 0.0000000000
96629  1.017  -68.177  31.818 0.0000000000
23633  6.928  -51.053  31.879 0.0000000000
24466  7.352  -51.774  31.914 0.0000000000
24467  7.012  -50.837  31.741 0.0000000000
25267  7.541  -51.168  31.267 0.0000000000
26061  7.683  -50.279  30.755 0.0000000000
26795  7.931  -48.515  30.340 0.0000000000
26796  7.440  -47.912  30.770 0.0000000000
28252  7.717  -44.927  30.836 0.0000000000
95891  11.268  -99.388  26.886 0.0000000000
194  10.814  -101.231  25.728 0.0000000000
201  10.570  -101.235  23.994 0.0000000000
208  9.955  -101.145  22.734 0.0000000000
1025  4.580  -96.617  18.149 0.0000000000
815  6.299  -97.678  18.819 0.0000000000
1049  5.668  -95.910  16.471 0.0000000000
1073  7.537  -96.356  14.801 0.0000000000
1283  9.584  -96.101  12.525 0.0000000000
1298  10.942  -95.687  11.341 0.0000000000
1506  9.979  -95.260  11.377 0.0000000000
1741  9.922  -93.210  9.733 0.0000000000
2293  11.296  -92.236  7.724 0.0000000000
3216  4.079  -88.913  19.619 0.0000000000
3215  4.325  -89.902  19.491 0.0000000000
3635  3.905  -88.460  17.673 0.0000000000
3646  3.786  -88.420  15.365 0.0000000000
3660  5.383  -88.097  13.111 0.0000000000
13724  2.155  -66.290  24.136 0.0000000000
13725  1.629  -67.055  23.861 0.0000000000
13732  1.994  -66.476  23.189 0.0000000000
14951  2.457  -66.700  21.940 0.0000000000
6858  3.379  -81.669  26.653 0.0000000000
6862  3.771  -81.790  25.831 0.0000000000
7291  3.810  -80.634  25.393 0.0000000000
7695  3.509  -79.521  24.831 0.0000000000
8090  2.734  -78.504  24.067 0.0000000000
8986  3.828  -76.521  25.321 0.0000000000
8499  2.850  -77.540  24.350 0.0000000000
8502  2.238  -77.606  23.363 0.0000000000
8998  1.471  -76.885  21.826 0.0000000000
9499  1.156  -75.479  20.906 0.0000000000
9501  1.314  -75.383  19.870 0.0000000000
96658  3.378  -56.104  29.685 0.0000000000
18804  3.680  -57.444  29.179 0.0000000000
96666  4.366  -52.938  29.047 0.0000000000
96664  4.487  -53.089  28.266 0.0000000000
96670  5.085  -51.739  27.890 0.0000000000
26074  6.149  -48.396  28.235 0.0000000000
26084  6.118  -48.025  27.746 0.0000000000
24493  5.943  -49.712  26.929 0.0000000000
25296  6.663  -48.624  26.253 0.0000000000
26101  7.376  -47.036  25.622 0.0000000000
26106  7.886  -46.460  25.000 0.0000000000
4875  5.105  -84.632  35.553 0.0000000000
5333  4.214  -84.384  36.105 0.0000000000
5344  4.534  -83.999  35.369 0.0000000000
6362  4.109  -82.573  34.673 0.0000000000
6828  3.778  -80.985  34.581 0.0000000000
7658  4.153  -79.628  34.699 0.0000000000
16057  3.373  -63.163  35.611 0.0000000000
14876  2.316  -61.709  35.370 0.0000000000
96633  1.919  -60.511  34.987 0.0000000000
17656  2.311  -58.037  34.466 0.0000000000
19347  4.224  -54.993  33.028 0.0000000000
20951  6.783  -54.177  34.040 0.0000000000
21589  5.584  -52.782  33.206 0.0000000000
22928  6.243  -51.901  33.010 0.0000000000
23624  6.284  -50.879  32.895 0.0000000000
25257  6.454  -49.156  32.521 0.0000000000
95896  6.762  -100.250  25.595 0.0000000000
95898  5.814  -99.262  25.677 0.0000000000
95924  6.307  -96.772  23.548 0.0000000000
95943  5.850  -96.606  22.115 0.0000000000
95987  9.870  -96.071  22.023 0.0000000000
95984  7.480  -95.275  21.781 0.0000000000
1215  5.340  -96.000  20.443 0.0000000000
1443  4.902  -94.851  18.728 0.0000000000
1456  5.773  -93.781  16.836 0.0000000000
1684  7.272  -93.358  15.626 0.0000000000
5476  3.477  -83.999  14.228 0.0000000000
5017  4.134  -85.452  12.900 0.0000000000
5504  4.282  -83.720  11.478 0.0000000000
6022  3.116  -83.269  10.666 0.0000000000
31033  10.182  -40.158  28.684 0.0000000000
30349  10.456  -40.991  28.004 0.0000000000
31032  10.555  -39.974  28.042 0.0000000000
32586  10.690  -38.054  27.170 0.0000000000
2452  5.330  -91.442  25.696 0.0000000000
2458  5.093  -91.302  23.976 0.0000000000
2795  4.770  -90.625  24.592 0.0000000000
3198  4.952  -89.484  23.162 0.0000000000
3203  4.672  -88.832  22.322 0.0000000000
4043  4.425  -87.302  23.748 0.0000000000
4045  4.309  -87.356  22.989 0.0000000000
3208  3.906  -88.431  21.232 0.0000000000
4053  3.587  -87.160  20.030 0.0000000000
4491  3.504  -86.422  17.994 0.0000000000
4994  3.122  -85.322  17.543 0.0000000000
6416  3.493  -82.621  24.366 0.0000000000
6419  3.083  -82.481  23.535 0.0000000000
5935  3.048  -83.386  22.268 0.0000000000
7303  2.772  -80.968  21.699 0.0000000000
6429  3.054  -82.449  21.289 0.0000000000
5954  3.316  -83.384  20.687 0.0000000000
5963  3.386  -83.807  19.442 0.0000000000
5460  3.088  -84.214  18.010 0.0000000000
5469  2.742  -84.284  15.483 0.0000000000
5974  2.627  -83.264  14.935 0.0000000000
5978  3.784  -82.903  14.063 0.0000000000
6464  4.165  -81.957  13.660 0.0000000000
7329  2.743  -80.096  14.728 0.0000000000
10839  1.981  -72.002  27.796 0.0000000000
11267  2.490  -72.167  26.533 0.0000000000
11269  1.320  -70.920  26.731 0.0000000000
12630  0.928  -68.833  26.558 0.0000000000
13709  1.494  -67.051  26.265 0.0000000000
14301  2.919  -65.661  27.653 0.0000000000
13708  2.343  -66.054  26.827 0.0000000000
13712  2.240  -66.214  25.487 0.0000000000
14313  3.748  -65.305  25.730 0.0000000000
14920  4.357  -64.223  25.117 0.0000000000
18808  4.090  -57.931  28.787 0.0000000000
17679  5.381  -59.578  28.187 0.0000000000
17156  6.045  -60.400  27.645 0.0000000000
19882  4.508  -55.701  26.357 0.0000000000
18266  5.039  -58.157  26.264 0.0000000000
17691  6.060  -60.286  26.791 0.0000000000
16628  5.533  -61.001  26.110 0.0000000000
29648  10.104  -41.652  26.854 0.0000000000
29651  10.102  -40.822  26.486 0.0000000000
29650  8.848  -42.050  26.380 0.0000000000
31812  9.908  -38.675  25.626 0.0000000000
30358  9.460  -40.280  25.974 0.0000000000
28293  8.454  -43.282  26.091 0.0000000000
28297  8.762  -43.290  25.429 0.0000000000
28301  9.029  -43.795  24.863 0.0000000000
95869  8.851  -101.260  29.748 0.0000000000
147  7.771  -101.146  32.353 0.0000000000
95874  6.511  -100.346  30.848 0.0000000000
95875  6.913  -100.396  28.579 0.0000000000
95884  5.748  -99.403  28.808 0.0000000000
95905  6.195  -97.554  27.317 0.0000000000
95954  7.730  -96.242  27.827 0.0000000000
95948  6.448  -96.978  30.672 0.0000000000
95934  7.446  -96.181  28.632 0.0000000000
1379  7.769  -95.793  27.578 0.0000000000
1389  7.142  -95.139  26.967 0.0000000000
1898  6.103  -94.114  27.429 0.0000000000
1904  5.829  -93.386  26.461 0.0000000000
1592  6.989  -94.221  32.449 0.0000000000
1873  6.632  -92.905  33.817 0.0000000000
1877  6.349  -93.125  32.499 0.0000000000
1596  6.482  -94.370  31.290 0.0000000000
1890  5.706  -93.110  29.756 0.0000000000
2181  5.524  -92.456  28.191 0.0000000000
2448  5.484  -91.555  26.761 0.0000000000
2779  5.477  -90.754  27.660 0.0000000000
3182  5.212  -89.670  27.226 0.0000000000
3596  4.660  -88.646  27.414 0.0000000000
3578  5.329  -88.496  29.920 0.0000000000
4015  4.962  -87.711  28.578 0.0000000000
4027  3.874  -86.992  27.623 0.0000000000
4448  3.515  -86.004  27.343 0.0000000000
4924  3.549  -84.960  27.515 0.0000000000
5390  3.501  -84.045  27.581 0.0000000000
4404  5.302  -86.739  34.212 0.0000000000
4410  5.533  -86.214  33.062 0.0000000000
4904  5.143  -85.895  32.023 0.0000000000
5365  4.459  -84.054  33.403 0.0000000000
5375  3.981  -84.548  31.865 0.0000000000
5378  4.042  -84.568  30.953 0.0000000000
5383  4.066  -84.179  29.459 0.0000000000
5910  3.541  -83.126  28.579 0.0000000000
6402  3.261  -82.430  27.278 0.0000000000
6854  3.154  -81.516  27.305 0.0000000000
7689  2.893  -79.508  26.975 0.0000000000
8078  2.532  -78.703  27.293 0.0000000000
8072  2.083  -78.581  29.200 0.0000000000
8075  2.054  -78.666  28.138 0.0000000000
8978  2.851  -77.079  26.962 0.0000000000
9473  3.761  -75.573  27.140 0.0000000000
9972  5.061  -74.413  27.674 0.0000000000
96656  3.734  -73.381  28.388 0.0000000000
7653  4.082  -79.135  35.305 0.0000000000
7652  4.341  -78.812  34.881 0.0000000000
8914  2.799  -75.601  37.389 0.0000000000
10807  2.371  -72.901  36.367 0.0000000000
9441  2.369  -74.928  36.523 0.0000000000
8925  3.201  -76.401  36.801 0.0000000000
8933  3.026  -76.757  35.871 0.0000000000
8455  3.841  -77.845  34.621 0.0000000000
8056  4.849  -78.363  33.400 0.0000000000
8467  3.573  -77.562  32.606 0.0000000000
8474  2.850  -77.143  31.834 0.0000000000
8963  2.334  -76.165  31.139 0.0000000000
9952  2.020  -73.574  32.322 0.0000000000
9459  2.349  -74.767  31.621 0.0000000000
9461  2.285  -74.960  30.408 0.0000000000
9963  2.792  -73.794  29.520 0.0000000000
96653  3.312  -73.278  28.819 0.0000000000
96655  2.494  -72.238  28.648 0.0000000000
11260  1.376  -71.237  29.186 0.0000000000
11724  1.271  -69.963  28.698 0.0000000000
12169  1.268  -68.735  28.983 0.0000000000
96630  1.283  -68.845  30.774 0.0000000000
12166  1.332  -67.729  29.931 0.0000000000
13092  1.297  -65.991  29.673 0.0000000000
14262  1.693  -64.673  30.008 0.0000000000
16071  2.654  -62.394  30.350 0.0000000000
17140  2.443  -61.009  30.340 0.0000000000
14881  1.571  -60.013  33.133 0.0000000000
25265  5.572  -53.566  31.847 0.0000000000
96652  3.141  -58.661  30.826 0.0000000000
18228  3.343  -58.981  30.137 0.0000000000
26803  8.467  -48.629  30.103 0.0000000000
96688  8.729  -46.420  28.611 0.0000000000
96689  9.218  -45.600  28.798 0.0000000000
28974  9.820  -44.082  28.928 0.0000000000
29647  10.268  -42.242  28.670 0.0000000000
27495  6.876  -45.360  32.389 0.0000000000
28957  7.154  -43.489  31.819 0.0000000000
28967  7.533  -43.888  31.241 0.0000000000
29634  8.459  -42.418  31.010 0.0000000000
29633  9.212  -41.887  30.378 0.0000000000
30342  9.519  -41.117  29.696 0.0000000000
30350  10.090  -41.159  28.677 0.0000000000
31804  10.124  -39.446  28.645 0.0000000000
32583  10.111  -38.529  28.569 0.0000000000
384  12.805  -97.475  25.398 0.0000000000
389  13.675  -97.550  23.654 0.0000000000
95901  7.489  -100.436  23.869 0.0000000000
399  8.004  -100.300  21.914 0.0000000000
406  9.582  -100.365  20.554 0.0000000000
617  7.401  -98.471  18.922 0.0000000000
615  8.866  -99.202  18.244 0.0000000000
418  10.827  -100.144  18.949 0.0000000000
628  12.050  -99.159  17.008 0.0000000000
832  13.931  -97.869  15.456 0.0000000000
1520  10.969  -93.539  10.178 0.0000000000
2203  5.727  -91.634  22.647 0.0000000000
2209  6.700  -91.977  21.570 0.0000000000
2223  5.853  -92.332  20.066 0.0000000000
2817  4.574  -90.919  19.364 0.0000000000
2482  4.902  -91.687  18.963 0.0000000000
2232  5.516  -92.601  18.334 0.0000000000
1955  5.827  -92.797  17.339 0.0000000000
1675  6.782  -92.170  14.761 0.0000000000
2253  7.454  -92.544  12.890 0.0000000000
4523  4.682  -85.879  12.359 0.0000000000
4529  5.821  -86.353  11.227 0.0000000000
3668  6.026  -87.320  11.367 0.0000000000
4544  4.138  -86.751  7.601 0.0000000000
3677  4.705  -88.204  8.968 0.0000000000
3256  6.736  -88.551  11.158 0.0000000000
2855  7.485  -89.773  11.277 0.0000000000
2522  6.947  -90.677  10.615 0.0000000000
2275  7.349  -91.968  10.648 0.0000000000
2282  8.654  -92.087  9.154 0.0000000000
2306  10.164  -91.556  7.509 0.0000000000
11273  2.703  -71.918  25.333 0.0000000000
11278  3.093  -71.700  24.174 0.0000000000
11285  2.930  -71.937  22.840 0.0000000000
12641  1.440  -68.870  23.158 0.0000000000
11745  1.716  -70.823  22.454 0.0000000000
10868  1.538  -72.441  22.370 0.0000000000
10869  0.952  -72.493  21.745 0.0000000000
10457  0.789  -73.557  19.961 0.0000000000
10465  1.110  -73.445  18.997 0.0000000000
12220  1.642  -70.544  18.192 0.0000000000
10892  1.416  -72.424  17.938 0.0000000000
10012  1.168  -74.173  17.393 0.0000000000
9524  1.607  -75.031  15.882 0.0000000000
10835  5.187  -72.761  27.249 0.0000000000
10837  4.099  -72.727  27.057 0.0000000000
1913  5.745  -92.908  24.485 0.0000000000
2191  5.442  -92.177  24.657 0.0000000000
5927  3.741  -83.584  25.733 0.0000000000
6412  3.773  -82.886  25.691 0.0000000000
9008  1.389  -75.895  18.210 0.0000000000
8528  1.342  -76.747  17.439 0.0000000000
17146  2.974  -60.785  29.427 0.0000000000
16613  3.085  -61.323  29.207 0.0000000000
17669  3.607  -59.552  29.521 0.0000000000
3146  5.056  -88.778  35.524 0.0000000000
3548  4.914  -88.064  35.129 0.0000000000
7662  4.866  -79.756  33.694 0.0000000000
7261  4.783  -80.046  33.252 0.0000000000
7661  5.140  -79.430  33.402 0.0000000000
7665  5.219  -79.272  32.661 0.0000000000
8055  5.343  -78.788  33.193 0.0000000000
96596  2.068  -66.472  34.425 0.0000000000
95887  7.560  -100.990  26.794 0.0000000000
1697  6.897  -94.148  13.688 0.0000000000
1696  6.991  -94.390  13.526 0.0000000000
1709  7.112  -94.246  13.112 0.0000000000
1724  7.981  -93.618  11.497 0.0000000000
1986  7.542  -93.179  11.800 0.0000000000
4506  3.073  -86.341  15.677 0.0000000000
8081  4.128  -77.529  26.041 0.0000000000
9990  2.399  -74.785  24.084 0.0000000000
9994  1.426  -74.306  23.022 0.0000000000
10442  1.758  -73.983  23.299 0.0000000000
96682  5.707  -50.091  29.070 0.0000000000
27534  8.179  -44.358  26.559 0.0000000000
19857  4.331  -54.845  34.232 0.0000000000
95977  7.861  -96.070  25.844 0.0000000000
95978  8.436  -95.519  24.669 0.0000000000
1937  7.641  -93.528  19.510 0.0000000000
1942  7.997  -94.092  19.339 0.0000000000
1948  6.424  -93.926  18.897 0.0000000000
1944  6.439  -93.728  19.013 0.0000000000
6475  4.246  -81.940  12.649 0.0000000000
6489  4.059  -82.417  11.523 0.0000000000
33299  10.340  -37.696  28.136 0.0000000000
3611  3.820  -87.798  25.833 0.0000000000
4959  3.494  -85.419  22.561 0.0000000000
5439  3.499  -84.596  21.215 0.0000000000
7702  2.573  -79.760  22.870 0.0000000000
7297  2.959  -80.607  23.443 0.0000000000
7316  2.513  -80.436  17.775 0.0000000000
6885  2.576  -81.352  18.170 0.0000000000
6445  2.619  -82.056  17.590 0.0000000000
12608  1.253  -68.223  28.227 0.0000000000
16085  5.006  -62.765  27.335 0.0000000000
15499  4.810  -63.539  26.883 0.0000000000
21613  4.907  -53.373  27.386 0.0000000000
19874  4.269  -54.844  27.251 0.0000000000
20969  4.899  -53.759  27.134 0.0000000000
32589  10.858  -38.321  26.236 0.0000000000
32594  10.853  -38.479  26.127 0.0000000000
32595  10.763  -38.233  25.930 0.0000000000
31818  8.842  -38.281  25.120 0.0000000000
31047  8.777  -39.200  24.718 0.0000000000
517  5.476  -99.185  34.159 0.0000000000
320  6.118  -100.084  32.400 0.0000000000
95892  5.712  -98.346  31.844 0.0000000000
1364  6.565  -94.819  30.684 0.0000000000
2421  5.300  -91.006  31.958 0.0000000000
2162  5.399  -91.590  31.552 0.0000000000
2428  5.338  -91.106  31.114 0.0000000000
2431  5.413  -91.277  30.342 0.0000000000
2768  5.253  -90.383  30.459 0.0000000000
4430  5.096  -86.789  30.315 0.0000000000
4907  4.200  -85.366  30.296 0.0000000000
5342  7.089  -84.356  34.627 0.0000000000
5352  6.832  -84.576  34.571 0.0000000000
5353  6.252  -84.401  34.589 0.0000000000
6381  3.374  -82.423  31.408 0.0000000000
8430  4.120  -76.871  38.119 0.0000000000
9946  1.627  -73.636  34.158 0.0000000000
9943  1.789  -73.827  34.812 0.0000000000
9451  1.815  -74.439  34.405 0.0000000000
8951  2.249  -75.899  34.319 0.0000000000
9454  1.952  -75.048  33.833 0.0000000000
9948  1.843  -74.150  33.182 0.0000000000
96640  1.714  -70.552  30.852 0.0000000000
96603  1.248  -64.516  31.756 0.0000000000
22259  7.576  -54.034  32.769 0.0000000000
210  11.648  -100.965  22.125 0.0000000000
398  12.090  -100.651  22.059 0.0000000000
404  11.802  -100.579  21.214 0.0000000000
411  12.244  -100.164  20.115 0.0000000000
412  11.209  -100.305  19.991 0.0000000000
788  5.337  -97.572  21.491 0.0000000000
787  5.611  -98.302  21.313 0.0000000000
797  5.123  -98.018  20.489 0.0000000000
1070  9.926  -97.140  13.494 0.0000000000
844  9.568  -97.700  14.764 0.0000000000
849  10.365  -97.628  14.014 0.0000000000
848  11.416  -97.850  13.898 0.0000000000
1077  11.007  -97.142  12.794 0.0000000000
1081  11.514  -97.021  12.572 0.0000000000
1082  11.207  -96.834  12.490 0.0000000000
2809  5.249  -90.473  21.510 0.0000000000
2810  4.614  -90.008  21.079 0.0000000000
3233  5.601  -89.620  14.459 0.0000000000
2834  5.026  -90.314  15.018 0.0000000000
3244  5.936  -89.231  13.459 0.0000000000
2843  6.357  -90.849  14.152 0.0000000000
2841  6.666  -89.458  12.702 0.0000000000
5548  1.716  -84.262  7.375 0.0000000000
5054  2.654  -85.641  8.784 0.0000000000
3706  7.128  -88.205  5.265 0.0000000000
3691  6.584  -88.362  5.754 0.0000000000
3284  6.985  -89.005  5.986 0.0000000000
3273  7.069  -89.166  6.763 0.0000000000
3283  7.707  -89.205  6.001 0.0000000000
2903  8.338  -89.550  6.335 0.0000000000
3296  8.682  -88.837  4.888 0.0000000000
13133  1.438  -67.917  24.502 0.0000000000
13156  1.607  -67.965  20.934 0.0000000000
12648  1.448  -68.693  21.075 0.0000000000
12652  1.441  -68.800  20.296 0.0000000000
12199  1.286  -69.913  20.732 0.0000000000
9479  4.970  -75.359  26.658 0.0000000000
9478  6.362  -74.809  26.961 0.0000000000
10851  5.423  -73.248  26.194 0.0000000000
10431  5.138  -73.715  25.780 0.0000000000
10434  3.963  -73.610  25.106 0.0000000000
10859  3.869  -73.059  24.756 0.0000000000
28982  9.951  -43.227  27.262 0.0000000000
28983  9.451  -42.773  26.802 0.0000000000
1619  7.366  -94.796  25.209 0.0000000000
1409  7.682  -94.908  24.891 0.0000000000
1626  7.412  -94.630  24.482 0.0000000000
1918  6.380  -93.251  23.252 0.0000000000
1641  7.435  -93.776  22.767 0.0000000000
1930  7.665  -92.929  21.918 0.0000000000
1929  8.467  -93.141  21.469 0.0000000000
2208  7.491  -92.456  21.448 0.0000000000
4457  3.614  -85.962  25.680 0.0000000000
4938  3.474  -85.337  25.910 0.0000000000
5413  4.075  -84.470  24.808 0.0000000000
5931  3.353  -83.486  23.795 0.0000000000
8101  1.984  -78.324  20.842 0.0000000000
8515  1.719  -77.972  20.330 0.0000000000
8112  1.957  -78.433  18.659 0.0000000000
8108  1.925  -78.367  19.646 0.0000000000
7714  2.349  -79.509  18.455 0.0000000000
7715  2.149  -78.931  17.851 0.0000000000
7719  2.180  -78.812  17.059 0.0000000000
8541  1.511  -77.228  15.902 0.0000000000
8123  1.921  -77.913  16.026 0.0000000000
8128  1.902  -77.593  15.417 0.0000000000
8548  1.651  -77.002  15.209 0.0000000000
14899  2.447  -64.969  29.392 0.0000000000
14270  2.609  -65.334  28.955 0.0000000000
15486  3.377  -64.493  29.584 0.0000000000
16080  3.856  -62.422  28.467 0.0000000000
15492  3.976  -63.201  28.648 0.0000000000
16079  4.538  -62.658  28.043 0.0000000000
23691  6.616  -50.039  26.052 0.0000000000
23695  6.909  -50.312  25.517 0.0000000000
22984  7.565  -50.518  24.691 0.0000000000
34045  9.593  -36.153  24.737 0.0000000000
952  6.172  -97.204  33.628 0.0000000000
1166  7.721  -95.792  33.665 0.0000000000
2404  5.491  -91.125  35.594 0.0000000000
2749  5.317  -89.683  34.218 0.0000000000
2754  5.434  -90.386  32.886 0.0000000000
2757  5.400  -89.758  32.899 0.0000000000
3165  5.246  -89.310  31.726 0.0000000000
3157  5.261  -89.241  32.742 0.0000000000
3982  5.149  -87.458  33.033 0.0000000000
3557  5.060  -88.281  32.794 0.0000000000
3981  5.351  -86.830  32.635 0.0000000000
3986  5.368  -86.782  32.164 0.0000000000
6836  4.453  -80.639  33.022 0.0000000000
6841  3.674  -80.812  32.167 0.0000000000
6842  3.349  -81.299  31.824 0.0000000000
7270  3.675  -80.301  31.727 0.0000000000
8065  3.892  -78.527  31.151 0.0000000000
8477  3.608  -78.012  30.942 0.0000000000
96586  4.306  -66.533  35.008 0.0000000000
12153  2.903  -68.328  35.316 0.0000000000
10821  1.894  -71.482  33.751 0.0000000000
11249  2.420  -70.141  33.698 0.0000000000
95888  9.860  -101.410  26.557 0.0000000000
195  9.944  -101.427  24.840 0.0000000000
202  9.699  -101.228  23.842 0.0000000000
203  8.889  -101.058  23.297 0.0000000000
1037  5.042  -95.766  16.863 0.0000000000
1050  5.702  -95.245  16.758 0.0000000000
1275  7.486  -95.641  14.115 0.0000000000
1267  7.005  -96.143  14.904 0.0000000000
1274  8.309  -96.006  13.579 0.0000000000
1080  8.834  -96.335  13.519 0.0000000000
1284  8.786  -95.748  12.807 0.0000000000
1292  9.689  -95.710  11.948 0.0000000000
1293  9.283  -95.606  12.293 0.0000000000
1733  9.469  -93.644  9.945 0.0000000000
1524  9.912  -94.156  10.125 0.0000000000
2024  10.734  -92.643  8.306 0.0000000000
2025  10.173  -92.381  8.402 0.0000000000
3631  3.899  -88.170  18.759 0.0000000000
4072  3.927  -87.798  14.813 0.0000000000
4511  4.653  -87.551  14.323 0.0000000000
4070  5.285  -88.117  14.178 0.0000000000
4078  5.135  -87.629  13.622 0.0000000000
14329  3.037  -65.592  24.619 0.0000000000
97279  3.977  -65.687  22.567 0.0000000000
14337  2.868  -66.052  22.659 0.0000000000
14964  2.525  -66.924  21.421 0.0000000000
14357  2.715  -66.571  21.099 0.0000000000
7288  3.514  -80.579  26.387 0.0000000000
8086  3.732  -78.291  25.428 0.0000000000
7696  3.108  -79.016  24.423 0.0000000000
8496  3.995  -77.260  25.627 0.0000000000
8991  2.383  -76.618  24.025 0.0000000000
8987  3.141  -76.591  24.674 0.0000000000
8503  1.883  -77.079  22.829 0.0000000000
8995  1.643  -76.577  22.452 0.0000000000
9497  1.196  -75.570  21.988 0.0000000000
9999  0.896  -74.407  20.554 0.0000000000
96674  5.211  -51.001  28.502 0.0000000000
96667  4.925  -51.763  28.558 0.0000000000
96665  4.814  -52.561  27.888 0.0000000000
24485  5.268  -50.600  27.954 0.0000000000
26093  5.790  -47.038  27.385 0.0000000000
26094  5.773  -47.552  27.282 0.0000000000
25288  5.917  -48.796  27.480 0.0000000000
25289  5.997  -47.983  27.186 0.0000000000
25297  6.246  -48.360  26.766 0.0000000000
25305  6.011  -47.356  26.534 0.0000000000
26842  7.561  -45.806  25.844 0.0000000000
26107  7.410  -46.460  25.716 0.0000000000
26841  8.001  -45.402  25.204 0.0000000000
4874  6.155  -85.180  35.366 0.0000000000
4866  4.883  -85.210  36.156 0.0000000000
5874  4.127  -83.954  36.988 0.0000000000
5334  4.014  -83.800  35.707 0.0000000000
5345  4.149  -83.687  35.472 0.0000000000
5883  3.911  -83.200  35.405 0.0000000000
6820  3.267  -80.974  36.111 0.0000000000
6363  3.588  -81.797  35.231 0.0000000000
7250  3.689  -79.955  34.904 0.0000000000
96589  4.189  -63.733  35.483 0.0000000000
96623  3.328  -61.939  35.744 0.0000000000
17648  2.678  -59.960  35.436 0.0000000000
17126  2.087  -59.961  35.018 0.0000000000
17127  2.057  -58.921  34.570 0.0000000000
18220  2.910  -57.492  34.718 0.0000000000
19348  3.845  -55.918  34.079 0.0000000000
20418  6.198  -54.003  33.096 0.0000000000
20419  6.222  -53.917  33.272 0.0000000000
22245  6.132  -52.196  33.093 0.0000000000
24454  6.216  -49.567  33.098 0.0000000000
95897  5.807  -98.586  27.470 0.0000000000
95942  6.628  -95.829  22.482 0.0000000000
1638  9.693  -94.902  23.247 0.0000000000
95985  9.786  -95.472  23.138 0.0000000000
1644  10.529  -95.231  22.429 0.0000000000
1440  7.598  -94.486  19.833 0.0000000000
1431  8.013  -94.740  20.540 0.0000000000
1432  6.760  -94.604  20.117 0.0000000000
95972  5.969  -95.278  21.224 0.0000000000
1427  5.347  -95.301  20.021 0.0000000000
1435  4.853  -95.466  19.199 0.0000000000
1442  5.438  -94.514  19.290 0.0000000000
1666  5.783  -93.681  17.984 0.0000000000
1448  5.071  -94.138  17.890 0.0000000000
1469  6.487  -93.841  16.420 0.0000000000
1676  6.767  -93.054  16.475 0.0000000000
5484  3.969  -84.513  12.917 0.0000000000
5493  4.195  -83.713  12.256 0.0000000000
6009  4.069  -83.155  11.015 0.0000000000
6050  2.048  -82.861  8.607 0.0000000000
33303  10.625  -37.384  27.161 0.0000000000
2791  4.969  -90.714  25.469 0.0000000000
2792  4.534  -90.094  25.268 0.0000000000
3196  4.366  -88.982  24.300 0.0000000000
2800  4.619  -89.496  23.767 0.0000000000
3615  4.910  -88.860  23.038 0.0000000000
4456  3.943  -86.365  25.048 0.0000000000
4041  4.175  -87.307  24.543 0.0000000000
4046  3.882  -87.328  22.404 0.0000000000
3619  4.375  -88.210  22.385 0.0000000000
3623  3.669  -87.846  21.401 0.0000000000
3626  3.698  -87.893  20.651 0.0000000000
4050  3.541  -87.136  20.900 0.0000000000
4981  3.536  -85.466  19.572 0.0000000000
4479  3.544  -86.457  19.566 0.0000000000
4987  3.399  -85.596  18.466 0.0000000000
4492  3.357  -85.968  17.573 0.0000000000
6866  3.870  -81.839  24.920 0.0000000000
6870  2.938  -81.571  23.064 0.0000000000
5934  2.912  -83.259  23.084 0.0000000000
6420  2.883  -82.492  22.573 0.0000000000
7306  2.698  -80.764  20.879 0.0000000000
6433  3.044  -82.594  20.650 0.0000000000
6430  3.136  -82.770  21.104 0.0000000000
5960  3.224  -83.251  19.867 0.0000000000
5959  3.508  -83.975  20.031 0.0000000000
5464  2.812  -84.263  16.810 0.0000000000
6457  3.654  -81.916  14.191 0.0000000000
10832  1.481  -71.510  27.979 0.0000000000
11265  1.431  -71.342  27.422 0.0000000000
13124  0.944  -68.469  26.912 0.0000000000
14285  2.598  -65.617  28.351 0.0000000000
13697  2.274  -65.998  27.826 0.0000000000
14307  3.758  -65.420  26.746 0.0000000000
14308  3.147  -65.624  26.990 0.0000000000
14314  3.016  -65.630  26.078 0.0000000000
15503  4.382  -63.387  25.776 0.0000000000
18803  4.071  -58.063  29.157 0.0000000000
18809  3.333  -57.233  28.471 0.0000000000
18828  4.127  -57.766  27.298 0.0000000000
18817  4.077  -57.859  28.083 0.0000000000
18251  4.856  -58.566  27.720 0.0000000000
17678  5.902  -60.068  27.883 0.0000000000
18250  5.324  -58.918  27.271 0.0000000000
20978  5.655  -53.955  25.950 0.0000000000
20436  5.197  -54.432  26.299 0.0000000000
19887  5.006  -55.472  25.792 0.0000000000
18836  4.904  -57.449  25.596 0.0000000000
18258  5.519  -58.939  26.618 0.0000000000
17692  5.909  -59.758  26.216 0.0000000000
17163  5.912  -60.512  26.459 0.0000000000
30354  10.533  -40.714  27.395 0.0000000000
30353  10.815  -40.065  26.998 0.0000000000
29652  9.656  -41.043  26.327 0.0000000000
29649  9.285  -41.906  26.503 0.0000000000
33311  10.263  -37.717  25.581 0.0000000000
32596  10.373  -38.406  25.645 0.0000000000
32591  10.081  -37.976  25.436 0.0000000000
30359  9.122  -40.236  25.558 0.0000000000
31042  9.338  -39.352  25.788 0.0000000000
29653  8.947  -41.366  26.044 0.0000000000
28989  8.598  -42.219  25.683 0.0000000000
29659  9.259  -41.050  24.846 0.0000000000
28296  9.198  -43.048  24.906 0.0000000000
301  6.694  -100.312  34.717 0.0000000000
136  7.264  -100.792  33.395 0.0000000000
95895  5.824  -98.076  28.816 0.0000000000
95906  6.934  -96.828  27.532 0.0000000000
95915  6.416  -97.170  31.948 0.0000000000
95928  6.416  -97.126  31.588 0.0000000000
95936  6.487  -97.019  31.174 0.0000000000
1368  7.108  -95.798  29.866 0.0000000000
95958  6.796  -96.666  29.804 0.0000000000
95956  7.402  -95.870  28.861 0.0000000000
95955  7.821  -95.971  27.994 0.0000000000
95957  7.547  -95.829  28.266 0.0000000000
1381  6.912  -95.182  27.974 0.0000000000
1899  5.683  -93.315  27.759 0.0000000000
1357  7.395  -94.860  33.606 0.0000000000
2146  6.268  -92.481  34.431 0.0000000000
2153  6.355  -92.767  33.353 0.0000000000
1878  5.669  -92.592  31.870 0.0000000000
1881  6.125  -93.487  31.385 0.0000000000
1593  6.488  -93.821  31.920 0.0000000000
1886  6.034  -93.732  30.479 0.0000000000
1887  5.729  -92.957  30.613 0.0000000000
2434  5.514  -91.784  29.410 0.0000000000
2176  5.568  -92.405  29.124 0.0000000000
2445  5.489  -91.751  27.671 0.0000000000
3595  5.250  -89.103  27.816 0.0000000000
3588  4.665  -87.679  28.276 0.0000000000
4028  3.808  -86.405  28.223 0.0000000000
4918  3.751  -85.154  28.543 0.0000000000
4925  3.668  -85.082  28.070 0.0000000000
4917  3.648  -84.601  28.128 0.0000000000
5386  3.631  -83.881  28.280 0.0000000000
3974  5.303  -86.789  34.879 0.0000000000
4398  5.578  -86.431  34.701 0.0000000000
4890  5.724  -85.317  33.602 0.0000000000
4898  5.394  -85.888  32.635 0.0000000000
4899  4.873  -85.357  32.723 0.0000000000
5901  3.716  -83.591  31.223 0.0000000000
5898  3.648  -83.701  32.254 0.0000000000
5379  4.111  -84.364  30.210 0.0000000000
5911  3.742  -83.387  29.252 0.0000000000
6389  3.362  -82.557  28.584 0.0000000000
6395  3.302  -82.576  28.079 0.0000000000
6403  3.157  -81.994  27.811 0.0000000000
6855  2.967  -81.356  27.990 0.0000000000
7679  2.537  -79.547  29.750 0.0000000000
8487  2.384  -77.753  27.568 0.0000000000
8972  3.069  -76.250  27.121 0.0000000000
9466  3.424  -74.999  27.679 0.0000000000
9966  5.256  -73.843  28.137 0.0000000000
8037  4.334  -78.134  36.393 0.0000000000
7645  3.877  -78.862  36.156 0.0000000000
8048  4.113  -78.517  36.036 0.0000000000
96544  1.963  -71.877  36.213 0.0000000000
9445  2.183  -75.038  35.648 0.0000000000
9939  2.256  -74.082  36.139 0.0000000000
8926  2.594  -75.609  36.897 0.0000000000
8456  3.291  -77.439  34.352 0.0000000000
8460  3.985  -77.906  33.615 0.0000000000
8468  2.739  -76.911  32.736 0.0000000000
10412  1.867  -72.346  32.961 0.0000000000
9956  2.283  -73.680  31.587 0.0000000000
96654  3.047  -72.757  28.997 0.0000000000
11259  2.218  -71.754  29.381 0.0000000000
12587  1.206  -66.209  30.274 0.0000000000
12591  1.332  -66.821  29.575 0.0000000000
13683  1.498  -65.274  29.828 0.0000000000
16066  2.073  -63.042  30.687 0.0000000000
96643  2.388  -61.826  30.658 0.0000000000
16609  2.569  -61.451  30.198 0.0000000000
16063  1.928  -58.284  33.525 0.0000000000
15470  1.691  -59.186  32.975 0.0000000000
27514  8.456  -47.319  30.122 0.0000000000
28263  9.261  -45.321  29.114 0.0000000000
29639  10.348  -43.099  28.662 0.0000000000
28240  6.978  -44.482  32.030 0.0000000000
28956  7.628  -42.865  31.363 0.0000000000
30334  9.066  -40.969  30.290 0.0000000000
33300  10.070  -38.160  28.747 0.0000000000
192  11.639  -98.183  25.882 0.0000000000
613  13.500  -99.013  18.593 0.0000000000
813  14.086  -98.336  18.427 0.0000000000
820  13.758  -98.453  17.814 0.0000000000
95907  6.255  -99.647  24.515 0.0000000000
95900  7.046  -100.348  24.731 0.0000000000
95914  6.575  -99.747  23.594 0.0000000000
604  7.148  -99.252  21.019 0.0000000000
400  7.172  -99.557  21.839 0.0000000000
408  7.769  -99.875  21.214 0.0000000000
407  8.739  -100.286  21.097 0.0000000000
823  6.815  -97.444  17.838 0.0000000000
814  7.113  -98.032  18.227 0.0000000000
822  7.423  -98.002  17.487 0.0000000000
624  8.355  -98.642  17.683 0.0000000000
623  9.459  -99.144  17.587 0.0000000000
419  9.691  -99.707  18.628 0.0000000000
622  10.439  -99.303  17.409 0.0000000000
621  11.375  -99.414  17.605 0.0000000000
629  11.118  -99.176  16.772 0.0000000000
846  13.425  -97.266  13.878 0.0000000000
841  13.234  -97.850  14.628 0.0000000000
840  14.112  -97.201  14.401 0.0000000000
839  14.519  -96.742  14.669 0.0000000000
1059  14.027  -96.189  14.057 0.0000000000
1522  10.845  -94.604  10.123 0.0000000000
1514  11.206  -95.178  10.845 0.0000000000
1729  10.927  -93.729  9.091 0.0000000000
2196  5.601  -92.034  23.287 0.0000000000
2468  5.446  -91.132  21.122 0.0000000000
2467  5.964  -91.478  21.446 0.0000000000
2472  6.210  -91.927  20.802 0.0000000000
2216  5.946  -92.077  20.496 0.0000000000
3224  4.250  -89.302  17.795 0.0000000000
3219  4.445  -90.131  18.361 0.0000000000
2493  4.743  -91.282  16.291 0.0000000000
2486  4.983  -91.695  18.074 0.0000000000
2233  5.230  -92.106  17.491 0.0000000000
2485  5.150  -92.065  18.575 0.0000000000
1954  5.752  -92.799  17.809 0.0000000000
96208  6.819  -91.560  14.138 0.0000000000
96211  7.313  -92.285  14.232 0.0000000000
2266  7.609  -91.345  12.318 0.0000000000
5020  4.330  -85.120  12.240 0.0000000000
5023  4.816  -85.282  11.468 0.0000000000
96216  4.220  -86.208  10.187 0.0000000000
5028  5.558  -85.808  11.111 0.0000000000
4535  5.565  -86.235  11.177 0.0000000000
3669  5.251  -87.587  10.228 0.0000000000
4576  3.909  -86.225  6.292 0.0000000000
4575  4.602  -86.884  6.370 0.0000000000
3266  5.408  -88.538  8.338 0.0000000000
3676  4.784  -87.950  8.146 0.0000000000
3263  5.144  -88.564  9.133 0.0000000000
3258  5.387  -88.233  10.087 0.0000000000
2862  5.861  -89.014  10.160 0.0000000000
2856  7.074  -89.189  10.943 0.0000000000
2861  6.445  -89.616  10.392 0.0000000000
2542  6.828  -90.977  8.873 0.0000000000
2533  6.209  -90.666  9.790 0.0000000000
2521  7.144  -91.526  9.966 0.0000000000
2274  7.893  -92.069  9.772 0.0000000000
2530  8.329  -91.227  8.901 0.0000000000
2885  9.490  -90.255  6.471 0.0000000000
2539  9.601  -91.181  7.480 0.0000000000
2554  10.300  -90.943  6.604 0.0000000000
2553  11.489  -91.291  6.623 0.0000000000
11268  1.790  -71.366  26.247 0.0000000000
11274  1.961  -71.251  25.443 0.0000000000
11737  2.432  -71.173  24.279 0.0000000000
11740  2.704  -71.295  23.608 0.0000000000
11281  3.147  -71.700  23.396 0.0000000000
11744  2.579  -71.256  22.953 0.0000000000
13142  1.525  -67.952  23.495 0.0000000000
12193  1.228  -69.920  21.747 0.0000000000
12189  1.533  -69.805  22.812 0.0000000000
11286  2.092  -71.742  22.565 0.0000000000
11289  1.350  -71.668  22.038 0.0000000000
11290  0.873  -71.708  21.239 0.0000000000
10877  0.825  -72.605  19.614 0.0000000000
10886  1.226  -72.464  18.730 0.0000000000
11309  1.495  -71.873  17.822 0.0000000000
10896  1.464  -72.367  16.986 0.0000000000
10471  1.311  -73.338  18.069 0.0000000000
10476  1.211  -73.273  17.104 0.0000000000
10019  1.156  -74.156  16.444 0.0000000000
9970  7.203  -74.161  28.127 0.0000000000
9978  7.256  -74.427  27.110 0.0000000000
10425  7.441  -73.417  27.078 0.0000000000
10850  6.315  -73.327  26.582 0.0000000000
10852  4.145  -72.773  25.602 0.0000000000
1907  6.283  -93.812  25.370 0.0000000000
1627  6.732  -94.120  24.446 0.0000000000
1912  6.180  -93.414  24.316 0.0000000000
2195  6.052  -92.671  23.000 0.0000000000
5397  3.462  -84.229  26.784 0.0000000000
5406  3.613  -84.367  25.846 0.0000000000
5926  3.963  -83.611  25.261 0.0000000000
8516  1.365  -77.317  20.278 0.0000000000
8519  1.577  -77.772  19.793 0.0000000000
8520  1.305  -77.225  19.433 0.0000000000
8113  1.563  -77.701  18.813 0.0000000000
8523  1.643  -77.829  18.243 0.0000000000
8527  1.590  -77.583  17.576 0.0000000000
8534  1.310  -76.618  16.528 0.0000000000
16070  3.079  -62.830  29.819 0.0000000000
16069  3.425  -63.472  29.566 0.0000000000
16075  3.108  -62.072  29.296 0.0000000000
16612  3.480  -61.660  28.735 0.0000000000
17152  4.016  -60.902  28.638 0.0000000000
24504  7.564  -48.770  25.089 0.0000000000
23694  7.217  -49.796  25.365 0.0000000000
2746  5.174  -89.331  35.167 0.0000000000
3148  5.212  -89.226  33.914 0.0000000000
3153  5.116  -88.876  33.503 0.0000000000
3979  5.036  -87.351  33.896 0.0000000000
6827  4.272  -80.829  34.127 0.0000000000
7265  4.542  -80.095  32.574 0.0000000000
7269  4.249  -79.910  31.977 0.0000000000
7670  4.818  -79.314  32.037 0.0000000000
8063  5.061  -78.622  31.927 0.0000000000
8472  4.945  -78.138  31.773 0.0000000000
96590  2.785  -66.880  34.705 0.0000000000
26786  6.911  -47.163  31.323 0.0000000000
95949  9.535  -101.417  26.847 0.0000000000
95876  8.695  -101.297  26.388 0.0000000000
95873  8.674  -101.257  25.669 0.0000000000
95881  8.559  -101.190  25.016 0.0000000000
1262  6.507  -94.455  16.573 0.0000000000
1261  5.953  -95.397  15.937 0.0000000000
1277  6.473  -94.796  14.840 0.0000000000
1493  7.503  -95.032  13.494 0.0000000000
1500  7.991  -95.046  12.789 0.0000000000
1507  8.867  -94.989  11.797 0.0000000000
1715  8.382  -94.250  11.840 0.0000000000
1723  8.401  -93.836  11.076 0.0000000000
2003  8.519  -92.992  9.902 0.0000000000
4499  3.507  -86.937  17.360 0.0000000000
4062  3.564  -87.551  16.662 0.0000000000
4073  3.436  -87.427  15.026 0.0000000000
14327  4.241  -64.707  24.736 0.0000000000
14335  4.249  -64.876  23.987 0.0000000000
7688  3.388  -79.408  26.419 0.0000000000
9987  3.899  -74.682  25.229 0.0000000000
9488  3.472  -75.667  24.991 0.0000000000
9988  3.007  -74.837  24.667 0.0000000000
9492  2.104  -75.665  23.662 0.0000000000
9493  1.533  -75.662  22.831 0.0000000000
9992  1.360  -74.903  22.894 0.0000000000
9995  1.136  -74.600  22.462 0.0000000000
10446  0.911  -74.060  22.188 0.0000000000
96678  5.460  -49.907  28.706 0.0000000000
96681  5.912  -49.169  28.611 0.0000000000
27529  7.522  -45.586  27.384 0.0000000000
26826  7.028  -45.866  27.098 0.0000000000
26092  6.480  -46.419  27.079 0.0000000000
26103  5.692  -46.785  26.704 0.0000000000
26834  7.181  -45.844  26.645 0.0000000000
27540  8.285  -44.217  25.906 0.0000000000
18211  3.502  -59.627  35.754 0.0000000000
18791  3.703  -58.492  35.675 0.0000000000
18796  3.734  -57.326  35.370 0.0000000000
19342  4.016  -56.419  34.708 0.0000000000
18797  3.609  -56.588  34.533 0.0000000000
19862  4.366  -55.143  34.096 0.0000000000
20416  4.485  -54.183  33.586 0.0000000000
23615  5.789  -50.005  33.567 0.0000000000
95919  6.739  -96.763  26.144 0.0000000000
95921  7.582  -96.121  24.625 0.0000000000
95996  10.071  -93.669  20.669 0.0000000000
95993  9.353  -94.786  21.491 0.0000000000
1936  8.988  -93.847  20.090 0.0000000000
1656  7.885  -94.326  19.616 0.0000000000
1657  7.076  -94.316  19.364 0.0000000000
1659  5.505  -94.187  18.857 0.0000000000
1664  5.974  -93.804  19.033 0.0000000000
1665  5.773  -93.853  18.477 0.0000000000
1951  5.895  -93.101  17.782 0.0000000000
5994  4.274  -82.923  12.452 0.0000000000
6929  3.773  -81.890  10.900 0.0000000000
3191  4.489  -89.618  25.953 0.0000000000
3613  4.441  -88.142  24.065 0.0000000000
4952  4.048  -85.834  23.905 0.0000000000
4462  4.054  -86.482  23.450 0.0000000000
4463  3.656  -86.141  22.943 0.0000000000
4467  3.556  -86.406  22.227 0.0000000000
4470  3.490  -86.343  21.265 0.0000000000
4974  3.520  -85.483  20.729 0.0000000000
5452  3.492  -84.853  19.281 0.0000000000
7309  2.618  -80.628  19.853 0.0000000000
6882  2.661  -81.482  19.190 0.0000000000
5964  3.069  -83.354  18.835 0.0000000000
6895  2.540  -81.244  15.063 0.0000000000
7730  3.177  -78.825  14.529 0.0000000000
11727  1.364  -69.768  28.184 0.0000000000
12175  1.174  -69.613  27.346 0.0000000000
12619  1.144  -68.855  27.617 0.0000000000
14283  4.440  -65.389  28.240 0.0000000000
14282  4.890  -65.179  27.747 0.0000000000
14906  4.973  -64.831  27.525 0.0000000000
14305  4.649  -64.952  26.986 0.0000000000
19872  3.531  -55.236  28.185 0.0000000000
19358  3.219  -56.222  27.960 0.0000000000
19875  3.838  -55.323  27.486 0.0000000000
19367  3.516  -56.367  27.239 0.0000000000
19370  3.798  -56.538  26.695 0.0000000000
20987  5.911  -54.161  25.235 0.0000000000
31036  10.782  -39.343  26.840 0.0000000000
30355  10.717  -39.785  26.717 0.0000000000
31039  10.632  -39.411  26.424 0.0000000000
31040  10.393  -39.670  26.135 0.0000000000
31045  10.376  -39.235  25.934 0.0000000000
33312  9.898  -37.683  25.431 0.0000000000
32592  9.847  -38.131  25.407 0.0000000000
31046  8.820  -39.205  25.438 0.0000000000
310  6.614  -100.342  33.289 0.0000000000
95899  5.650  -98.968  29.940 0.0000000000
95893  5.745  -98.281  30.342 0.0000000000
1374  6.764  -95.223  29.004 0.0000000000
1603  6.376  -94.571  29.264 0.0000000000
1889  5.988  -93.876  29.519 0.0000000000
1868  6.888  -93.226  34.488 0.0000000000
2154  5.918  -91.791  33.040 0.0000000000
2161  5.457  -92.117  32.107 0.0000000000
2165  5.501  -92.077  31.387 0.0000000000
2169  5.555  -92.124  30.651 0.0000000000
2430  5.534  -91.761  29.984 0.0000000000
2773  5.371  -90.962  29.117 0.0000000000
2772  5.390  -90.637  28.566 0.0000000000
3179  5.232  -90.321  29.058 0.0000000000
3174  5.314  -88.914  29.058 0.0000000000
3994  5.334  -87.526  30.603 0.0000000000
4003  4.421  -86.626  29.138 0.0000000000
4017  4.134  -86.486  28.735 0.0000000000
4432  4.123  -86.065  29.339 0.0000000000
4912  3.989  -85.222  29.352 0.0000000000
4883  6.110  -85.586  34.524 0.0000000000
4882  6.913  -84.953  34.612 0.0000000000
5362  6.352  -84.861  34.107 0.0000000000
6376  3.511  -82.546  32.411 0.0000000000
5902  3.534  -82.952  30.781 0.0000000000
5906  3.763  -83.401  30.141 0.0000000000
6850  3.013  -81.387  28.850 0.0000000000
7682  2.129  -79.659  28.761 0.0000000000
9968  2.768  -74.462  28.840 0.0000000000
8436  4.360  -77.815  36.692 0.0000000000
8440  4.219  -77.800  36.235 0.0000000000
96521  2.370  -72.267  36.913 0.0000000000
10402  1.781  -73.112  35.213 0.0000000000
9446  1.964  -74.531  35.027 0.0000000000
8945  2.415  -76.304  35.200 0.0000000000
8457  2.655  -76.722  34.181 0.0000000000
8462  2.642  -76.650  33.385 0.0000000000
10416  2.781  -72.649  30.566 0.0000000000
96647  2.090  -71.363  29.939 0.0000000000
96609  1.279  -64.948  31.620 0.0000000000
96610  1.291  -65.061  31.114 0.0000000000
96611  1.391  -64.868  30.683 0.0000000000
13682  1.475  -64.813  30.360 0.0000000000
31023  8.545  -40.131  30.705 0.0000000000
200  11.791  -100.957  24.039 0.0000000000
199  12.368  -100.127  23.590 0.0000000000
205  12.587  -100.127  22.961 0.0000000000
397  12.671  -100.140  22.164 0.0000000000
396  13.501  -98.908  21.895 0.0000000000
410  12.979  -99.712  20.060 0.0000000000
416  12.559  -99.833  19.369 0.0000000000
614  12.771  -99.454  18.815 0.0000000000
95940  5.687  -98.828  22.612 0.0000000000
595  6.262  -99.208  22.761 0.0000000000
600  6.357  -99.008  21.710 0.0000000000
599  6.907  -99.250  21.532 0.0000000000
610  7.223  -98.870  19.892 0.0000000000
1054  7.918  -97.339  15.704 0.0000000000
828  8.265  -98.065  16.326 0.0000000000
837  8.656  -97.756  15.572 0.0000000000
836  9.936  -98.290  15.568 0.0000000000
635  10.479  -98.669  15.875 0.0000000000
634  11.009  -98.983  15.968 0.0000000000
835  10.981  -98.422  15.469 0.0000000000
847  12.513  -97.535  13.925 0.0000000000
1067  12.916  -96.804  12.925 0.0000000000
1074  11.517  -95.596  13.949 0.0000000000
1281  12.131  -96.333  12.942 0.0000000000
1288  10.536  -95.247  12.986 0.0000000000
1295  10.190  -94.426  11.982 0.0000000000
2012  12.005  -93.125  8.303 0.0000000000
1738  12.091  -93.077  8.836 0.0000000000
2805  5.322  -90.226  22.510 0.0000000000
2462  5.769  -91.131  22.237 0.0000000000
2804  5.677  -90.579  21.997 0.0000000000
2813  5.174  -90.975  20.932 0.0000000000
3227  4.174  -89.882  16.185 0.0000000000
2829  4.462  -90.597  15.770 0.0000000000
96212  4.970  -91.308  15.495 0.0000000000
1959  5.794  -91.764  15.268 0.0000000000
2844  5.469  -91.004  14.799 0.0000000000
2514  7.703  -89.856  12.285 0.0000000000
5518  2.952  -84.366  10.438 0.0000000000
5039  2.713  -85.175  9.744 0.0000000000
4539  3.553  -86.235  9.719 0.0000000000
4107  3.655  -86.581  9.008 0.0000000000
4616  5.913  -87.177  5.186 0.0000000000
4124  4.869  -87.622  6.054 0.0000000000
3692  5.729  -88.128  5.888 0.0000000000
3286  6.016  -88.507  6.795 0.0000000000
3275  5.991  -88.724  7.788 0.0000000000
2890  6.225  -89.451  8.413 0.0000000000
2889  6.508  -89.619  8.000 0.0000000000
2877  6.978  -90.336  8.229 0.0000000000
2876  7.730  -90.259  7.754 0.0000000000
2540  8.659  -90.878  7.874 0.0000000000
2875  8.223  -90.202  7.383 0.0000000000
2902  8.976  -89.835  6.002 0.0000000000
2901  10.017  -89.996  5.578 0.0000000000
12180  1.372  -69.510  25.379 0.0000000000
12183  1.545  -69.599  24.690 0.0000000000
12185  1.602  -69.684  23.778 0.0000000000
13741  1.822  -67.328  22.009 0.0000000000
13155  1.483  -68.429  21.645 0.0000000000
12647  1.333  -69.118  21.491 0.0000000000
12194  1.201  -70.403  21.235 0.0000000000
11750  1.098  -70.910  20.841 0.0000000000
11752  1.221  -70.831  19.938 0.0000000000
11756  1.360  -70.904  19.008 0.0000000000
8982  4.465  -76.228  26.150 0.0000000000
9984  4.759  -74.871  25.764 0.0000000000
9483  5.980  -74.666  26.554 0.0000000000
10440  3.408  -73.299  24.281 0.0000000000
10861  3.244  -72.907  23.748 0.0000000000
1402  7.923  -95.386  25.594 0.0000000000
1406  8.339  -95.515  25.210 0.0000000000
1624  8.294  -94.993  24.476 0.0000000000
1631  8.795  -94.886  23.976 0.0000000000
1639  8.947  -94.528  22.960 0.0000000000
1633  7.286  -94.203  23.509 0.0000000000
1640  8.098  -94.158  22.797 0.0000000000
1923  8.898  -93.855  22.153 0.0000000000
95997  9.241  -93.346  20.779 0.0000000000
2213  8.272  -92.800  20.835 0.0000000000
2221  8.021  -93.017  20.086 0.0000000000
4039  3.654  -86.864  25.962 0.0000000000
4945  4.053  -85.456  24.462 0.0000000000
4946  3.964  -85.328  23.950 0.0000000000
8096  2.197  -78.791  22.242 0.0000000000
8100  2.237  -78.973  21.234 0.0000000000
8107  2.207  -79.028  19.951 0.0000000000
7711  2.405  -79.727  19.474 0.0000000000
7320  2.441  -80.380  16.711 0.0000000000
7722  2.303  -79.432  16.359 0.0000000000
8118  1.921  -78.090  16.886 0.0000000000
96362  2.783  -76.263  14.124 0.0000000000
13098  1.434  -66.538  29.001 0.0000000000
13686  1.900  -66.034  28.417 0.0000000000
14286  2.261  -65.582  28.661 0.0000000000
14269  3.274  -65.316  28.903 0.0000000000
14268  3.983  -65.322  28.878 0.0000000000
15485  3.869  -63.939  29.326 0.0000000000
15484  4.244  -64.205  28.946 0.0000000000
14896  4.385  -64.664  28.904 0.0000000000
16078  5.209  -62.054  27.572 0.0000000000
22971  5.856  -51.333  26.743 0.0000000000
21617  5.588  -53.055  26.727 0.0000000000
22302  5.982  -51.838  26.501 0.0000000000
20972  5.854  -53.247  26.230 0.0000000000
21620  6.231  -52.760  25.904 0.0000000000
22981  6.708  -50.961  25.510 0.0000000000
21625  6.538  -52.679  25.307 0.0000000000
20977  6.134  -53.389  25.599 0.0000000000
34040  10.009  -36.938  25.524 0.0000000000
34041  10.011  -37.358  25.542 0.0000000000
34046  9.602  -37.000  25.313 0.0000000000
33314  9.129  -37.530  25.140 0.0000000000
720  5.556  -98.151  34.172 0.0000000000
726  5.844  -97.936  32.886 0.0000000000
95916  6.318  -97.225  32.696 0.0000000000
95935  6.871  -96.804  32.525 0.0000000000
2408  5.403  -90.579  34.399 0.0000000000
2412  5.431  -90.607  33.147 0.0000000000
2413  5.405  -90.676  32.591 0.0000000000
4418  5.024  -86.148  31.443 0.0000000000
5888  5.296  -84.044  34.399 0.0000000000
6372  3.971  -82.464  33.270 0.0000000000
6833  4.070  -81.739  33.369 0.0000000000
6838  3.447  -81.781  32.278 0.0000000000
7676  3.190  -79.458  30.701 0.0000000000
7671  3.969  -79.368  31.363 0.0000000000
7675  3.619  -78.950  30.961 0.0000000000
96571  3.868  -67.372  35.474 0.0000000000
11240  1.723  -71.181  35.128 0.0000000000
11706  1.961  -70.071  34.929 0.0000000000
10817  1.687  -72.083  34.666 0.0000000000
9949  1.646  -73.418  33.465 0.0000000000
22935  7.181  -52.440  32.457 0.0000000000
96676  7.227  -53.302  32.135 0.0000000000
25268  7.110  -50.335  31.592 0.0000000000
28966  8.084  -43.708  30.805 0.0000000000
95878  9.965  -101.502  25.946 0.0000000000
207  11.181  -101.156  22.899 0.0000000000
211  10.799  -101.058  21.804 0.0000000000
1013  4.437  -96.990  19.024 0.0000000000
806  5.210  -97.714  19.453 0.0000000000
816  5.047  -97.276  18.653 0.0000000000
1036  5.950  -96.446  17.223 0.0000000000
1048  6.661  -96.744  16.695 0.0000000000
1260  5.912  -95.906  15.833 0.0000000000
1056  6.293  -96.252  15.980 0.0000000000
1055  7.208  -97.033  16.010 0.0000000000
1062  7.920  -97.154  15.073 0.0000000000
1071  9.115  -96.954  13.740 0.0000000000
1078  10.174  -96.788  12.789 0.0000000000
1083  10.673  -96.502  12.361 0.0000000000
1291  10.405  -95.951  11.701 0.0000000000
1515  10.555  -95.064  10.782 0.0000000000
1516  9.708  -94.416  10.767 0.0000000000
1523  10.270  -94.296  10.067 0.0000000000
1740  11.001  -93.805  9.017 0.0000000000
2013  11.475  -93.295  8.679 0.0000000000
2304  11.787  -91.896  7.112 0.0000000000
3212  3.951  -88.704  20.580 0.0000000000
3211  4.285  -89.587  20.501 0.0000000000
3220  4.193  -89.132  18.614 0.0000000000
3634  4.104  -89.042  17.181 0.0000000000
3638  3.852  -88.530  16.810 0.0000000000
3642  3.671  -88.461  16.086 0.0000000000
3641  3.893  -89.131  15.681 0.0000000000
3645  4.340  -88.751  14.930 0.0000000000
3651  5.606  -88.608  13.998 0.0000000000
3252  5.634  -88.572  12.995 0.0000000000
3724  8.673  -88.301  4.539 0.0000000000
13733  1.768  -67.134  22.819 0.0000000000
14338  2.165  -66.554  22.538 0.0000000000
14344  2.008  -66.856  22.171 0.0000000000
14345  2.197  -67.032  21.652 0.0000000000
14358  2.344  -67.035  21.016 0.0000000000
7699  3.323  -80.076  24.410 0.0000000000
7700  2.902  -79.615  23.987 0.0000000000
8495  4.300  -77.089  25.992 0.0000000000
8498  3.567  -77.450  24.979 0.0000000000
8507  2.156  -78.188  22.784 0.0000000000
8508  1.851  -77.607  22.277 0.0000000000
9496  1.492  -76.015  22.283 0.0000000000
8999  1.312  -76.430  21.247 0.0000000000
8512  1.247  -76.916  20.729 0.0000000000
9002  1.300  -76.411  20.229 0.0000000000
9504  1.405  -75.386  19.019 0.0000000000
18233  3.774  -58.369  29.725 0.0000000000
96659  3.593  -54.941  28.667 0.0000000000
20426  3.936  -54.337  28.224 0.0000000000
20425  4.315  -53.891  27.942 0.0000000000
21609  4.895  -52.756  27.680 0.0000000000
22960  5.295  -51.725  27.552 0.0000000000
25280  5.815  -49.134  28.378 0.0000000000
26083  6.318  -47.035  28.012 0.0000000000
26075  5.976  -48.626  28.140 0.0000000000
25281  5.760  -49.120  28.044 0.0000000000
23671  5.594  -50.616  27.298 0.0000000000
22972  5.596  -51.532  27.122 0.0000000000
23683  5.913  -50.695  26.763 0.0000000000
24501  6.522  -49.157  26.410 0.0000000000
25304  6.992  -47.936  26.013 0.0000000000
26845  8.434  -45.439  24.558 0.0000000000
5343  5.697  -84.201  35.007 0.0000000000
5330  4.343  -84.735  37.048 0.0000000000
5882  4.756  -83.646  34.766 0.0000000000
6367  3.883  -81.800  34.620 0.0000000000
7256  4.207  -80.139  34.405 0.0000000000
7657  4.726  -79.347  34.272 0.0000000000
96573  3.483  -65.592  35.358 0.0000000000
96578  3.754  -66.250  35.074 0.0000000000
96587  3.896  -65.728  35.238 0.0000000000
12575  4.051  -65.982  35.153 0.0000000000
96635  2.843  -61.597  35.625 0.0000000000
14246  2.530  -62.871  35.578 0.0000000000
96591  3.151  -65.496  35.285 0.0000000000
96598  1.841  -63.769  35.066 0.0000000000
15467  1.790  -59.788  34.379 0.0000000000
18221  2.601  -57.081  34.024 0.0000000000
18224  3.319  -56.284  33.924 0.0000000000
20413  6.414  -54.244  33.353 0.0000000000
21587  7.559  -53.903  33.974 0.0000000000
20953  4.743  -53.572  33.387 0.0000000000
20952  6.108  -53.716  33.196 0.0000000000
21588  6.779  -53.200  33.517 0.0000000000
22251  7.000  -52.534  33.169 0.0000000000
22936  6.760  -51.962  32.732 0.0000000000
23634  6.713  -51.345  32.448 0.0000000000
24459  6.482  -50.347  32.431 0.0000000000
95909  5.729  -98.550  24.095 0.0000000000
95941  5.556  -97.897  22.762 0.0000000000
992  5.496  -96.593  21.149 0.0000000000
1418  9.273  -95.062  23.510 0.0000000000
95981  9.140  -95.785  22.987 0.0000000000
95990  9.039  -95.684  22.331 0.0000000000
95991  9.817  -95.697  21.315 0.0000000000
95983  8.391  -95.509  22.058 0.0000000000
95975  7.849  -95.447  22.177 0.0000000000
95962  6.271  -95.512  21.741 0.0000000000
1209  5.616  -96.011  21.071 0.0000000000
1001  4.945  -97.022  20.411 0.0000000000
1222  4.697  -96.084  18.987 0.0000000000
1228  4.694  -95.413  17.891 0.0000000000
1235  4.882  -94.856  17.151 0.0000000000
1457  5.876  -94.181  16.766 0.0000000000
1482  6.994  -93.996  15.293 0.0000000000
1683  7.308  -93.204  14.091 0.0000000000
5013  3.877  -85.357  13.859 0.0000000000
5494  4.289  -84.420  11.822 0.0000000000
6035  2.093  -83.267  9.737 0.0000000000
5549  1.651  -84.277  8.601 0.0000000000
31808  10.724  -38.904  27.182 0.0000000000
31811  10.775  -38.598  26.723 0.0000000000
32590  10.797  -38.136  26.485 0.0000000000
2455  5.123  -91.262  24.875 0.0000000000
2799  4.869  -90.315  23.593 0.0000000000
2796  4.474  -89.827  24.417 0.0000000000
3202  4.936  -89.268  22.486 0.0000000000
3616  4.630  -88.185  23.213 0.0000000000
3629  3.845  -87.982  19.772 0.0000000000
4056  3.619  -87.124  18.989 0.0000000000
4500  3.317  -86.334  16.889 0.0000000000
5002  2.925  -85.340  16.201 0.0000000000
6861  3.868  -82.356  25.326 0.0000000000
6865  3.925  -82.457  25.080 0.0000000000
5422  3.266  -84.043  22.150 0.0000000000
6876  2.900  -81.760  21.252 0.0000000000
6425  3.015  -82.320  21.821 0.0000000000
6421  2.983  -82.818  22.022 0.0000000000
5943  3.207  -83.311  21.687 0.0000000000
5432  3.420  -84.142  21.654 0.0000000000
5953  3.518  -84.074  20.785 0.0000000000
5451  3.524  -84.579  19.617 0.0000000000
5456  3.404  -84.354  18.993 0.0000000000
4988  3.238  -84.910  18.407 0.0000000000
5475  3.864  -83.499  13.944 0.0000000000
5979  3.147  -83.145  14.420 0.0000000000
6901  3.210  -81.147  14.416 0.0000000000
11264  2.080  -72.044  27.036 0.0000000000
11730  1.334  -70.421  26.309 0.0000000000
11731  1.203  -70.379  27.053 0.0000000000
12178  1.076  -69.578  26.585 0.0000000000
12177  1.269  -69.783  25.903 0.0000000000
12629  1.092  -68.950  25.879 0.0000000000
13127  1.289  -67.967  25.495 0.0000000000
13698  1.705  -66.659  27.469 0.0000000000
14312  4.237  -64.830  25.559 0.0000000000
18240  4.047  -58.903  29.455 0.0000000000
17144  4.207  -60.230  28.844 0.0000000000
17674  4.622  -59.563  28.791 0.0000000000
18246  4.573  -58.690  28.460 0.0000000000
17151  4.804  -60.600  28.514 0.0000000000
17150  5.716  -60.646  28.048 0.0000000000
16616  6.206  -61.036  27.396 0.0000000000
20974  4.944  -54.243  26.745 0.0000000000
19883  4.070  -56.199  26.528 0.0000000000
18834  3.837  -56.983  26.501 0.0000000000
19369  4.207  -56.669  26.190 0.0000000000
18259  4.846  -58.287  26.963 0.0000000000
17683  5.900  -59.797  27.260 0.0000000000
17682  6.190  -60.379  27.029 0.0000000000
16083  5.913  -61.626  26.932 0.0000000000
16627  5.969  -61.070  26.680 0.0000000000
16089  5.416  -61.625  26.518 0.0000000000
16094  5.032  -61.413  25.911 0.0000000000
16633  4.519  -61.541  24.746 0.0000000000
28984  8.881  -42.682  26.549 0.0000000000
31817  10.266  -38.947  25.783 0.0000000000
31041  9.981  -39.515  25.844 0.0000000000
28986  8.616  -42.463  26.233 0.0000000000
27547  8.505  -44.522  25.158 0.0000000000
95868  9.376  -101.333  30.644 0.0000000000
135  8.093  -101.168  33.438 0.0000000000
95885  5.712  -98.795  28.666 0.0000000000
95974  8.149  -95.922  26.255 0.0000000000
95918  6.348  -97.154  30.318 0.0000000000
1178  8.003  -95.996  27.556 0.0000000000
1394  8.131  -95.730  26.464 0.0000000000
1396  7.510  -95.240  26.194 0.0000000000
1397  7.110  -94.920  26.243 0.0000000000
1615  6.887  -94.777  26.352 0.0000000000
1610  6.658  -94.710  27.228 0.0000000000
1903  6.400  -94.264  26.372 0.0000000000
1595  6.929  -94.770  31.812 0.0000000000
1872  6.970  -93.471  33.572 0.0000000000
1876  6.999  -93.675  32.942 0.0000000000
1894  5.686  -93.216  28.820 0.0000000000
2184  5.537  -92.485  27.138 0.0000000000
2786  5.260  -90.582  26.440 0.0000000000
3190  4.886  -89.892  26.451 0.0000000000
3183  4.647  -89.334  26.659 0.0000000000
3577  5.491  -88.232  29.069 0.0000000000
3587  4.869  -88.069  28.155 0.0000000000
3597  4.368  -87.736  27.828 0.0000000000
4035  3.647  -86.732  26.835 0.0000000000
4449  3.638  -85.596  28.097 0.0000000000
5919  3.377  -83.346  26.997 0.0000000000
3975  5.073  -87.227  34.762 0.0000000000
4403  5.664  -86.168  33.895 0.0000000000
4416  5.397  -86.387  32.391 0.0000000000
5893  5.314  -84.147  33.957 0.0000000000
5364  5.085  -84.529  33.538 0.0000000000
5371  4.824  -84.939  33.183 0.0000000000
5372  4.259  -84.563  32.898 0.0000000000
4900  4.342  -85.047  32.283 0.0000000000
4905  4.494  -85.444  31.553 0.0000000000
4908  4.093  -84.785  29.829 0.0000000000
5382  3.828  -83.797  28.849 0.0000000000
5914  3.418  -83.239  27.798 0.0000000000
7284  3.234  -81.083  26.881 0.0000000000
7285  2.978  -80.543  27.278 0.0000000000
8083  3.132  -78.584  26.668 0.0000000000
8491  3.402  -77.580  26.550 0.0000000000
8492  2.800  -77.954  26.927 0.0000000000
8977  3.680  -76.516  26.630 0.0000000000
9480  4.322  -75.762  26.697 0.0000000000
9472  4.735  -75.134  27.168 0.0000000000
9474  2.984  -75.677  27.527 0.0000000000
9973  4.143  -74.778  27.514 0.0000000000
96657  4.303  -73.048  28.182 0.0000000000
7244  3.452  -79.732  35.936 0.0000000000
7643  3.653  -78.904  36.847 0.0000000000
10392  2.542  -73.227  36.763 0.0000000000
10401  2.078  -73.273  35.880 0.0000000000
9935  2.460  -73.906  36.805 0.0000000000
9435  2.512  -74.794  37.189 0.0000000000
8441  3.713  -77.278  36.136 0.0000000000
8944  2.883  -76.956  35.361 0.0000000000
8451  3.391  -77.363  35.261 0.0000000000
8450  4.002  -77.869  35.401 0.0000000000
8052  4.420  -78.422  34.444 0.0000000000
8051  5.050  -78.763  33.841 0.0000000000
8060  5.132  -78.379  32.857 0.0000000000
8466  4.715  -78.002  32.513 0.0000000000
9962  3.157  -73.651  28.851 0.0000000000
10831  1.686  -71.694  28.319 0.0000000000
11261  1.295  -71.198  28.240 0.0000000000
11725  1.219  -70.710  28.529 0.0000000000
12597  1.334  -67.543  28.989 0.0000000000
13684  1.634  -65.714  29.217 0.0000000000
14263  1.891  -65.058  29.518 0.0000000000
14890  2.313  -64.421  29.881 0.0000000000
14885  1.824  -64.131  30.314 0.0000000000
15478  2.466  -63.531  30.331 0.0000000000
17139  2.749  -60.367  29.865 0.0000000000
16065  1.918  -58.338  33.001 0.0000000000
28262  9.429  -45.095  28.701 0.0000000000
29626  7.802  -41.728  31.592 0.0000000000
95932  12.819  -97.358  26.685 0.0000000000
390  13.792  -98.545  24.348 0.0000000000
95952  7.086  -100.408  25.229 0.0000000000
95889  7.778  -100.905  24.656 0.0000000000
198  7.881  -100.859  23.990 0.0000000000
394  7.441  -100.176  22.806 0.0000000000
393  8.277  -100.580  22.700 0.0000000000
209  8.933  -100.714  22.080 0.0000000000
212  9.656  -100.704  21.487 0.0000000000
618  6.929  -98.292  19.366 0.0000000000
616  8.090  -99.056  18.464 0.0000000000
609  8.016  -99.319  19.348 0.0000000000
414  8.890  -100.084  19.712 0.0000000000
413  10.109  -100.266  19.737 0.0000000000
422  11.582  -99.917  18.344 0.0000000000
627  12.945  -99.048  17.010 0.0000000000
633  11.881  -98.984  16.237 0.0000000000
632  12.519  -98.853  16.531 0.0000000000
825  13.541  -98.364  16.806 0.0000000000
824  14.377  -97.398  16.234 0.0000000000
1279  10.952  -94.874  14.429 0.0000000000
1297  11.497  -95.945  11.535 0.0000000000
1513  10.915  -94.548  11.143 0.0000000000
2202  6.420  -92.173  22.273 0.0000000000
2466  6.769  -91.997  21.095 0.0000000000
2214  7.251  -92.422  20.587 0.0000000000
2222  6.740  -92.830  19.728 0.0000000000
2474  4.804  -91.218  20.041 0.0000000000
2823  4.654  -90.801  17.637 0.0000000000
2820  4.661  -91.064  18.472 0.0000000000
2478  4.950  -91.512  19.699 0.0000000000
2477  5.314  -92.012  19.592 0.0000000000
2227  5.703  -92.622  19.324 0.0000000000
2226  5.996  -93.276  19.093 0.0000000000
2231  5.827  -93.200  18.558 0.0000000000
1960  6.114  -92.572  16.266 0.0000000000
1976  7.271  -92.998  12.738 0.0000000000
4519  4.381  -86.222  13.343 0.0000000000
4080  4.664  -86.393  12.738 0.0000000000
5022  5.384  -86.285  11.615 0.0000000000
4079  4.754  -86.945  12.972 0.0000000000
96214  5.348  -87.106  12.350 0.0000000000
3659  5.667  -87.905  12.533 0.0000000000
4106  4.265  -87.246  8.731 0.0000000000
4113  4.733  -87.412  7.101 0.0000000000
4105  4.534  -87.312  7.868 0.0000000000
4100  4.347  -87.434  9.792 0.0000000000
3257  6.053  -88.110  10.576 0.0000000000
2848  6.831  -88.989  12.349 0.0000000000
3667  7.119  -88.672  11.732 0.0000000000
2523  6.352  -90.250  10.180 0.0000000000
2515  7.595  -90.580  11.580 0.0000000000
2267  7.472  -91.535  11.435 0.0000000000
2260  7.531  -92.214  12.091 0.0000000000
1996  7.475  -92.538  11.486 0.0000000000
2004  7.810  -92.671  10.499 0.0000000000
2273  8.415  -92.299  9.684 0.0000000000
2281  9.312  -92.417  8.926 0.0000000000
2295  9.501  -91.936  8.265 0.0000000000
2305  10.910  -91.696  7.227 0.0000000000
3312  9.324  -88.675  4.535 0.0000000000
3294  10.517  -89.183  4.647 0.0000000000
10847  3.287  -72.499  26.381 0.0000000000
10853  3.544  -72.493  25.769 0.0000000000
11272  3.447  -72.427  25.323 0.0000000000
11733  2.033  -71.095  24.920 0.0000000000
11277  3.415  -72.353  24.780 0.0000000000
10856  3.745  -72.760  24.738 0.0000000000
11280  3.500  -72.230  23.934 0.0000000000
10864  3.363  -72.462  23.633 0.0000000000
10865  2.926  -72.586  23.291 0.0000000000
10866  2.262  -72.475  22.830 0.0000000000
10448  1.129  -72.966  22.165 0.0000000000
10449  0.783  -73.544  21.605 0.0000000000
10872  0.659  -72.738  20.740 0.0000000000
10451  0.699  -73.576  20.712 0.0000000000
10004  1.219  -74.478  19.319 0.0000000000
12204  1.477  -69.165  19.207 0.0000000000
12207  1.544  -70.250  18.632 0.0000000000
11755  1.318  -71.555  18.910 0.0000000000
11767  1.687  -71.017  17.811 0.0000000000
11766  1.628  -71.117  18.158 0.0000000000
10885  1.347  -72.207  18.404 0.0000000000
10009  1.284  -74.239  18.328 0.0000000000
9510  1.341  -75.025  17.723 0.0000000000
9517  1.295  -75.012  16.792 0.0000000000
9024  1.464  -75.928  15.547 0.0000000000
9523  1.929  -75.103  15.355 0.0000000000
96366  3.883  -76.116  14.120 0.0000000000
197  8.360  -101.075  24.112 0.0000000000
204  8.026  -100.764  23.429 0.0000000000
213  9.119  -100.542  21.551 0.0000000000
395  6.777  -99.481  22.460 0.0000000000
420  8.732  -99.436  18.893 0.0000000000
421  12.250  -99.786  18.715 0.0000000000
423  10.653  -99.716  18.112 0.0000000000
424  10.065  -99.446  17.941 0.0000000000
608  13.122  -99.356  19.438 0.0000000000
611  6.633  -98.261  19.757 0.0000000000
620  12.470  -99.337  17.952 0.0000000000
625  7.703  -98.416  18.163 0.0000000000
626  13.268  -98.758  17.128 0.0000000000
796  5.957  -98.309  20.860 0.0000000000
805  5.960  -98.082  20.005 0.0000000000
807  4.669  -97.389  19.096 0.0000000000
817  4.548  -97.165  18.687 0.0000000000
821  8.009  -98.226  16.958 0.0000000000
826  12.966  -98.703  16.531 0.0000000000
827  9.137  -98.343  16.146 0.0000000000
830  6.995  -97.291  17.210 0.0000000000
831  14.468  -97.143  15.198 0.0000000000
833  12.742  -98.409  15.839 0.0000000000
834  11.710  -98.527  15.715 0.0000000000
838  7.882  -97.529  16.061 0.0000000000
850  9.618  -97.283  14.121 0.0000000000
1002  4.576  -96.830  19.603 0.0000000000
1023  6.207  -97.052  17.807 0.0000000000
1024  5.418  -96.921  17.790 0.0000000000
1035  6.517  -96.997  17.333 0.0000000000
1047  7.090  -97.067  16.464 0.0000000000
1051  5.998  -94.985  16.893 0.0000000000
1057  5.745  -96.048  15.991 0.0000000000
1061  8.883  -97.198  14.476 0.0000000000
1063  6.961  -96.400  15.458 0.0000000000
1064  6.486  -96.174  15.665 0.0000000000
1072  8.305  -96.532  14.196 0.0000000000
1075  11.957  -95.961  13.209 0.0000000000
1076  11.687  -97.067  12.830 0.0000000000
1079  9.414  -96.534  13.132 0.0000000000
1179  7.876  -95.911  27.750 0.0000000000
1214  5.680  -95.601  20.954 0.0000000000
1216  4.822  -96.373  19.828 0.0000000000
1221  4.981  -95.745  19.658 0.0000000000
1236  5.515  -94.796  17.093 0.0000000000
1248  5.743  -95.073  16.615 0.0000000000
1249  6.041  -94.794  16.709 0.0000000000
1250  6.031  -94.550  16.795 0.0000000000
1263  6.175  -94.084  16.562 0.0000000000
1269  6.474  -94.754  15.427 0.0000000000
1270  6.909  -94.133  16.001 0.0000000000
1276  6.604  -95.092  14.623 0.0000000000
1282  10.071  -96.228  12.218 0.0000000000
1285  8.197  -95.579  13.365 0.0000000000
1289  11.823  -96.295  12.407 0.0000000000
1290  11.081  -96.319  11.933 0.0000000000
1294  9.582  -93.567  11.940 0.0000000000
1377  8.110  -95.939  27.190 0.0000000000
1378  7.978  -95.888  27.217 0.0000000000
1380  7.323  -95.491  27.751 0.0000000000
1386  8.108  -95.852  26.874 0.0000000000
1387  7.976  -95.799  27.128 0.0000000000
1388  7.604  -95.511  26.987 0.0000000000
1395  7.914  -95.577  26.344 0.0000000000
1401  8.232  -95.561  25.767 0.0000000000
1407  8.329  -95.321  24.981 0.0000000000
1408  7.962  -95.173  24.936 0.0000000000
1413  8.743  -95.214  24.442 0.0000000000
1414  8.621  -95.088  24.508 0.0000000000
1419  9.100  -95.042  23.997 0.0000000000
1425  6.690  -94.925  21.154 0.0000000000
1426  5.784  -95.039  20.633 0.0000000000
1433  5.730  -94.617  19.839 0.0000000000
1434  5.106  -95.069  19.477 0.0000000000
1439  8.053  -94.482  19.901 0.0000000000
1441  5.727  -94.390  19.494 0.0000000000
1449  5.247  -94.317  17.245 0.0000000000
1470  6.072  -93.836  16.753 0.0000000000
1483  7.210  -93.931  16.001 0.0000000000
1494  7.034  -94.747  13.771 0.0000000000
1501  7.445  -94.701  13.217 0.0000000000
1505  10.545  -95.420  11.365 0.0000000000
1508  8.289  -94.510  12.186 0.0000000000
1517  8.974  -94.393  10.997 0.0000000000
1521  10.706  -94.435  10.003 0.0000000000
1614  7.235  -94.895  25.813 0.0000000000
1625  8.032  -94.922  24.384 0.0000000000
1645  10.227  -94.675  22.339 0.0000000000
1651  8.495  -94.386  19.947 0.0000000000
1653  5.948  -94.334  19.589 0.0000000000
1658  6.060  -94.152  19.315 0.0000000000
1663  6.575  -94.041  19.055 0.0000000000
1710  6.906  -93.687  13.224 0.0000000000
1716  7.681  -93.954  12.086 0.0000000000
1717  7.078  -93.672  12.739 0.0000000000
1731  10.712  -94.123  9.636 0.0000000000
1732  9.905  -93.983  9.859 0.0000000000
1734  8.887  -93.609  10.383 0.0000000000
1739  11.541  -93.609  8.895 0.0000000000
1742  9.920  -93.443  9.635 0.0000000000
1917  6.902  -93.700  23.078 0.0000000000
1925  7.023  -93.128  22.463 0.0000000000
1949  5.917  -93.614  18.790 0.0000000000
1977  7.137  -93.258  12.991 0.0000000000
1987  7.284  -93.088  12.379 0.0000000000
1988  7.072  -93.430  12.788 0.0000000000
1995  7.767  -93.200  11.235 0.0000000000
2002  9.265  -93.078  9.518 0.0000000000
2005  7.509  -92.610  10.934 0.0000000000
2014  10.852  -93.209  8.747 0.0000000000
2016  9.120  -92.720  9.271 0.0000000000
2023  11.576  -92.972  7.967 0.0000000000
2166  5.453  -91.600  31.237 0.0000000000
2201  7.213  -92.603  22.052 0.0000000000
2215  6.444  -92.306  20.425 0.0000000000
2236  5.542  -92.519  17.483 0.0000000000
2283  8.135  -91.607  9.337 0.0000000000
2294  10.440  -92.137  7.838 0.0000000000
2296  8.879  -91.437  8.630 0.0000000000
2435  5.440  -91.300  29.619 0.0000000000
2439  5.452  -91.388  29.190 0.0000000000
2471  6.683  -92.153  20.737 0.0000000000
2481  5.256  -92.242  18.960 0.0000000000
2489  4.893  -91.456  17.104 0.0000000000
2531  7.547  -91.259  9.342 0.0000000000
2532  6.717  -91.174  9.651 0.0000000000
2543  6.226  -91.024  9.222 0.0000000000
2842  6.353  -89.563  13.042 0.0000000000
2849  6.515  -89.203  12.633 0.0000000000
2857  6.443  -88.790  10.555 0.0000000000
2858  5.876  -88.547  10.276 0.0000000000
2860  7.000  -89.760  10.902 0.0000000000
2863  5.491  -88.658  9.970 0.0000000000
2868  6.085  -89.949  9.658 0.0000000000
2869  5.810  -89.370  9.683 0.0000000000
2870  5.506  -88.847  9.529 0.0000000000
2879  5.878  -89.276  8.875 0.0000000000
2886  8.682  -90.151  6.869 0.0000000000
2888  7.034  -89.781  7.429 0.0000000000
2900  11.086  -90.158  5.476 0.0000000000
2915  10.265  -89.457  5.043 0.0000000000
3156  5.366  -89.631  33.112 0.0000000000
3230  4.444  -89.689  15.399 0.0000000000
3243  6.072  -89.234  12.999 0.0000000000
3245  5.627  -88.613  13.452 0.0000000000
3253  5.509  -88.394  13.269 0.0000000000
3255  7.525  -89.056  11.438 0.0000000000
3260  5.118  -88.441  9.558 0.0000000000
3262  5.069  -88.433  8.690 0.0000000000
3267  5.459  -88.776  8.966 0.0000000000
3272  7.406  -89.195  6.436 0.0000000000
3282  8.460  -89.217  5.680 0.0000000000
3285  6.461  -88.712  6.379 0.0000000000
3295  9.706  -89.186  4.893 0.0000000000
3298  7.327  -88.740  5.623 0.0000000000
3311  10.069  -88.791  4.305 0.0000000000
3618  4.760  -88.660  22.696 0.0000000000
3620  3.807  -87.849  22.006 0.0000000000
3622  4.070  -88.311  21.748 0.0000000000
3637  3.975  -89.157  16.508 0.0000000000
3644  5.140  -88.693  14.556 0.0000000000
3652  5.454  -88.223  13.571 0.0000000000
3673  4.704  -87.960  9.629 0.0000000000
3680  5.218  -88.172  7.595 0.0000000000
3690  7.015  -88.550  5.666 0.0000000000
3704  8.481  -88.427  4.731 0.0000000000
3707  6.233  -87.818  5.385 0.0000000000
3708  5.749  -87.552  5.426 0.0000000000
4001  5.339  -87.937  28.724 0.0000000000
4004  4.139  -86.284  29.004 0.0000000000
4014  5.172  -88.053  28.430 0.0000000000
4067  3.326  -87.138  15.580 0.0000000000
4071  4.766  -87.869  14.443 0.0000000000
4077  5.402  -88.099  13.883 0.0000000000
4085  5.246  -87.660  12.852 0.0000000000
4086  4.991  -86.500  12.380 0.0000000000
4136  5.409  -87.499  5.568 0.0000000000
4152  5.907  -87.496  5.236 0.0000000000
4153  5.561  -87.554  5.228 0.0000000000
4399  5.307  -86.758  34.629 0.0000000000
4485  3.517  -86.211  18.916 0.0000000000
4512  4.413  -87.377  14.362 0.0000000000
4517  4.785  -87.421  14.158 0.0000000000
4546  3.202  -86.248  8.929 0.0000000000
4559  4.151  -86.652  6.824 0.0000000000
4617  5.590  -87.388  5.388 0.0000000000
4872  7.816  -84.906  34.626 0.0000000000
4881  7.613  -84.901  34.585 0.0000000000
4903  5.346  -86.165  32.192 0.0000000000
4993  3.375  -85.821  17.890 0.0000000000
5341  7.588  -84.492  34.625 0.0000000000
5351  7.363  -84.579  34.600 0.0000000000
5440  3.481  -84.147  21.360 0.0000000000
5455  3.486  -84.172  19.518 0.0000000000
5879  7.477  -84.040  34.666 0.0000000000
5880  7.336  -83.862  34.620 0.0000000000
5886  7.508  -84.239  34.624 0.0000000000
5887  7.189  -83.994  34.622 0.0000000000
5936  3.074  -83.082  21.889 0.0000000000
5942  3.292  -83.714  21.819 0.0000000000
5948  3.503  -84.130  21.138 0.0000000000
5949  3.408  -83.744  21.301 0.0000000000
5950  3.220  -83.161  21.220 0.0000000000
5955  3.164  -82.934  20.917 0.0000000000
6415  3.902  -82.815  24.895 0.0000000000
6426  3.094  -82.839  21.581 0.0000000000
6434  3.136  -82.692  20.868 0.0000000000
7260  5.117  -79.630  33.020 0.0000000000
7666  4.911  -79.567  32.529 0.0000000000
7669  5.173  -78.916  32.209 0.0000000000
7727  2.176  -78.381  15.723 0.0000000000
8032  4.496  -77.943  36.907 0.0000000000
8104  2.029  -78.505  20.265 0.0000000000
8465  5.120  -78.221  32.100 0.0000000000
8471  5.086  -78.370  31.921 0.0000000000
8549  1.555  -76.393  15.249 0.0000000000
8996  1.436  -76.290  21.947 0.0000000000
9016  1.208  -75.830  16.240 0.0000000000
9030  1.925  -76.330  14.827 0.0000000000
9470  6.893  -74.479  27.601 0.0000000000
9477  7.185  -74.466  27.355 0.0000000000
9971  6.246  -74.243  27.942 0.0000000000
9976  7.662  -73.739  28.228 0.0000000000
9977  7.741  -74.170  27.605 0.0000000000
9981  7.556  -74.125  26.919 0.0000000000
9982  6.760  -74.322  26.636 0.0000000000
9983  5.617  -74.416  26.150 0.0000000000
10393  2.543  -72.787  36.840 0.0000000000
10397  2.378  -73.236  36.409 0.0000000000
10398  2.495  -72.963  36.621 0.0000000000
10422  7.382  -73.176  27.916 0.0000000000
10424  8.221  -73.477  27.846 0.0000000000
10426  6.756  -73.298  26.695 0.0000000000
10429  7.234  -73.877  26.649 0.0000000000
10436  2.768  -74.297  24.267 0.0000000000
10439  3.717  -73.133  24.551 0.0000000000
10444  2.316  -72.965  23.183 0.0000000000
10808  2.311  -72.557  36.435 0.0000000000
10811  2.220  -72.857  36.180 0.0000000000
10836  4.654  -72.711  26.801 0.0000000000
10840  1.636  -71.676  27.884 0.0000000000
10843  6.993  -73.037  27.439 0.0000000000
10844  6.292  -73.017  26.917 0.0000000000
10846  4.148  -72.683  26.346 0.0000000000
10891  1.397  -72.023  18.255 0.0000000000
11263  2.450  -72.281  26.968 0.0000000000
11284  3.353  -72.140  23.296 0.0000000000
11297  1.242  -71.846  19.069 0.0000000000
11303  1.320  -71.895  18.694 0.0000000000
11304  1.251  -72.040  18.895 0.0000000000
11308  1.457  -71.785  18.213 0.0000000000
11313  1.610  -71.700  17.309 0.0000000000
11759  1.452  -71.358  18.543 0.0000000000
11760  1.578  -70.869  18.378 0.0000000000
11768  1.697  -70.705  17.434 0.0000000000
12174  1.327  -69.550  27.853 0.0000000000
12198  1.301  -69.525  21.244 0.0000000000
12657  1.453  -68.929  19.531 0.0000000000
13113  0.992  -68.540  27.234 0.0000000000
13660  3.729  -63.529  35.525 0.0000000000
13661  3.532  -64.413  35.538 0.0000000000
13664  2.750  -62.965  35.627 0.0000000000
13742  1.937  -67.372  21.308 0.0000000000
14241  4.145  -63.496  35.417 0.0000000000
14243  2.682  -62.608  35.582 0.0000000000
14244  2.402  -62.540  35.517 0.0000000000
14257  1.578  -64.444  30.402 0.0000000000
14298  4.730  -65.051  27.246 0.0000000000
14299  4.383  -65.334  27.380 0.0000000000
14870  4.118  -63.391  35.631 0.0000000000
14889  2.870  -64.577  29.658 0.0000000000
14898  3.065  -64.972  29.354 0.0000000000
14907  4.965  -64.614  28.133 0.0000000000
14910  4.768  -64.749  27.077 0.0000000000
14915  4.616  -64.804  26.791 0.0000000000
15463  3.968  -63.295  35.469 0.0000000000
15464  4.215  -63.292  35.421 0.0000000000
15468  1.626  -59.506  33.469 0.0000000000
15476  3.497  -63.790  29.607 0.0000000000
16058  3.751  -63.179  35.539 0.0000000000
16088  5.959  -61.399  26.842 0.0000000000
16617  5.866  -61.395  27.533 0.0000000000
16622  6.232  -61.227  27.091 0.0000000000
16623  5.991  -61.583  27.163 0.0000000000
17138  3.161  -60.193  29.491 0.0000000000
17149  6.096  -60.828  27.598 0.0000000000
17155  6.204  -60.638  27.271 0.0000000000
17162  6.185  -60.676  26.898 0.0000000000
17647  3.044  -61.024  35.752 0.0000000000
17670  3.171  -59.854  29.653 0.0000000000
17675  4.066  -59.576  29.160 0.0000000000
17684  5.417  -59.165  27.641 0.0000000000
18232  4.044  -58.281  29.389 0.0000000000
18239  4.295  -58.702  29.097 0.0000000000
18833  4.265  -57.530  26.490 0.0000000000
19345  3.947  -56.179  34.390 0.0000000000
19861  4.351  -54.637  33.679 0.0000000000
19879  3.941  -55.868  26.857 0.0000000000
20405  6.825  -54.605  33.702 0.0000000000
20414  6.688  -54.362  33.653 0.0000000000
20415  6.417  -54.080  33.536 0.0000000000
20429  4.370  -54.365  27.499 0.0000000000
20433  4.590  -54.537  27.051 0.0000000000
20437  4.754  -54.853  26.614 0.0000000000
20443  4.968  -55.040  26.149 0.0000000000
20942  7.069  -54.667  33.677 0.0000000000
20943  6.942  -54.825  33.985 0.0000000000
20950  7.459  -54.592  33.903 0.0000000000
20965  4.656  -53.584  27.626 0.0000000000
20968  5.275  -53.378  26.936 0.0000000000
21586  7.846  -54.190  33.538 0.0000000000
21593  7.909  -53.780  33.704 0.0000000000
21594  7.516  -53.366  33.526 0.0000000000
21595  7.227  -52.999  33.444 0.0000000000
21600  7.813  -53.672  33.326 0.0000000000
21607  4.669  -53.181  27.833 0.0000000000
21610  4.861  -53.167  27.556 0.0000000000
21616  5.965  -52.530  26.361 0.0000000000
22250  7.409  -52.981  33.291 0.0000000000
22261  7.157  -52.521  32.821 0.0000000000
22292  5.055  -52.271  27.678 0.0000000000
22299  5.702  -51.835  26.913 0.0000000000
22300  5.369  -52.202  27.314 0.0000000000
22303  5.648  -52.397  26.851 0.0000000000
22934  7.456  -53.375  32.480 0.0000000000
22985  7.120  -51.127  24.854 0.0000000000
23660  5.377  -51.134  27.609 0.0000000000
23672  5.587  -51.115  27.226 0.0000000000
23684  5.734  -51.142  26.959 0.0000000000
23690  6.906  -49.626  25.732 0.0000000000
25298  5.582  -47.614  26.861 0.0000000000
25306  5.134  -47.167  26.459 0.0000000000
26085  6.042  -48.022  27.444 0.0000000000
31043  10.694  -38.982  26.211 0.0000000000
31044  10.575  -39.159  26.083 0.0000000000
31807  10.767  -38.845  26.800 0.0000000000
31815  10.772  -38.743  26.058 0.0000000000
33307  10.142  -37.752  25.397 0.0000000000
95879  10.041  -101.485  25.535 0.0000000000
95890  7.379  -100.637  25.386 0.0000000000
95894  5.679  -98.881  29.503 0.0000000000
95917  6.277  -97.314  31.647 0.0000000000
95920  6.074  -99.375  23.919 0.0000000000
95923  5.592  -98.638  23.223 0.0000000000
95938  6.534  -96.894  30.476 0.0000000000
95950  9.424  -101.456  26.132 0.0000000000
95951  6.284  -99.595  24.010 0.0000000000
95953  7.244  -100.473  25.051 0.0000000000
95963  5.742  -96.074  21.507 0.0000000000
95965  9.329  -101.410  26.550 0.0000000000
95966  7.930  -96.080  27.175 0.0000000000
95967  9.618  -101.500  26.283 0.0000000000
95970  8.025  -95.458  22.348 0.0000000000
95971  5.797  -95.679  21.334 0.0000000000
95973  8.235  -95.883  26.678 0.0000000000
95976  8.322  -95.774  26.348 0.0000000000
95980  6.776  -95.161  21.615 0.0000000000
95982  8.240  -95.639  25.632 0.0000000000
95986  9.312  -95.764  21.752 0.0000000000
95988  10.333  -95.936  22.517 0.0000000000
95989  8.904  -95.310  21.302 0.0000000000
95992  10.523  -95.656  21.470 0.0000000000
95994  10.072  -94.360  20.395 0.0000000000
95995  9.682  -93.628  21.432 0.0000000000
95998  9.828  -93.424  20.895 0.0000000000
96210  6.813  -91.584  14.247 0.0000000000
96213  5.025  -87.384  12.896 0.0000000000
96215  4.544  -86.775  10.231 0.0000000000
96572  3.602  -66.569  35.332 0.0000000000
96577  3.944  -66.746  34.882 0.0000000000
96580  3.992  -66.070  35.118 0.0000000000
96581  3.844  -65.499  35.323 0.0000000000
96597  2.936  -63.286  35.639 0.0000000000
96599  2.487  -63.258  35.552 0.0000000000
96604  3.025  -62.934  35.667 0.0000000000
96605  2.309  -62.778  35.525 0.0000000000
96606  3.141  -62.650  35.637 0.0000000000
96615  2.949  -62.346  35.634 0.0000000000
96625  3.453  -62.742  35.637 0.0000000000
96626  3.843  -62.545  35.684 0.0000000000
96632  2.766  -61.819  35.596 0.0000000000
96660  6.471  -73.571  28.281 0.0000000000
96662  5.615  -53.904  33.065 0.0000000000
96663  4.516  -53.416  27.939 0.0000000000
96668  4.919  -52.247  27.885 0.0000000000
96671  7.370  -54.464  33.414 0.0000000000
96675  5.275  -50.464  28.512 0.0000000000
