#!ascii label  , from subject 4104 vox2ras=TkReg
2019
59249  -45.117  -44.328  37.375 0.0000000000
38880  -33.405  -59.585  38.036 0.0000000000
66291  -52.126  -38.432  30.138 0.0000000000
62925  -37.216  -41.465  27.959 0.0000000000
70889  -46.930  -34.464  35.222 0.0000000000
45468  -39.636  -53.959  36.977 0.0000000000
50704  -27.300  -50.666  30.994 0.0000000000
53297  -32.334  -49.743  25.780 0.0000000000
31771  -27.491  -65.317  39.445 0.0000000000
78980  -59.477  -28.344  28.380 0.0000000000
42997  -20.944  -57.471  28.950 0.0000000000
60525  -41.312  -43.139  32.403 0.0000000000
66256  -43.668  -38.888  31.165 0.0000000000
66184  -46.457  -38.649  37.020 0.0000000000
53179  -41.896  -49.846  37.798 0.0000000000
50667  -36.104  -51.751  33.258 0.0000000000
56822  -37.953  -46.760  33.550 0.0000000000
58191  -32.945  -45.328  28.216 0.0000000000
80239  -60.235  -28.235  22.978 0.0000000000
40169  -29.064  -59.923  42.548 0.0000000000
41629  -23.888  -59.275  36.445 0.0000000000
44187  -27.460  -56.078  37.391 0.0000000000
70949  -50.927  -35.256  31.906 0.0000000000
42968  -37.258  -57.504  34.569 0.0000000000
44224  -31.054  -56.131  34.530 0.0000000000
45547  -35.341  -55.167  31.102 0.0000000000
50782  -30.932  -51.781  26.549 0.0000000000
41524  -24.217  -58.273  43.818 0.0000000000
72148  -51.821  -33.405  39.151 0.0000000000
69703  -54.456  -35.310  34.682 0.0000000000
77737  -56.903  -28.466  33.157 0.0000000000
72308  -56.291  -33.629  30.631 0.0000000000
73804  -57.928  -32.327  27.101 0.0000000000
34716  -25.138  -63.464  35.828 0.0000000000
49348  -22.289  -52.557  31.590 0.0000000000
60460  -43.750  -43.702  35.050 0.0000000000
62848  -44.509  -41.463  34.579 0.0000000000
61655  -45.775  -41.502  36.930 0.0000000000
55444  -43.463  -47.357  37.752 0.0000000000
55489  -39.969  -47.825  35.598 0.0000000000
58083  -41.609  -45.556  35.271 0.0000000000
58132  -39.244  -44.903  32.953 0.0000000000
65176  -50.768  -39.155  28.264 0.0000000000
68624  -53.009  -37.124  28.023 0.0000000000
38857  -31.799  -59.409  40.474 0.0000000000
41574  -28.534  -58.266  40.481 0.0000000000
41608  -30.623  -58.124  38.733 0.0000000000
64027  -38.316  -39.701  26.866 0.0000000000
68542  -45.682  -36.666  33.946 0.0000000000
68589  -43.618  -37.272  30.279 0.0000000000
70945  -46.727  -35.098  32.325 0.0000000000
70988  -48.183  -34.988  30.452 0.0000000000
70910  -49.277  -33.731  34.386 0.0000000000
45482  -37.904  -55.190  35.419 0.0000000000
42984  -37.150  -58.068  32.358 0.0000000000
46802  -38.063  -54.972  32.850 0.0000000000
52007  -34.112  -51.151  29.575 0.0000000000
49409  -35.077  -52.447  28.415 0.0000000000
50815  -33.419  -51.183  24.847 0.0000000000
61754  -35.155  -42.653  28.163 0.0000000000
70854  -53.703  -34.280  37.655 0.0000000000
75186  -57.274  -31.381  31.958 0.0000000000
75233  -58.653  -30.945  29.673 0.0000000000
72367  -58.252  -33.302  28.998 0.0000000000
76550  -59.186  -29.872  27.976 0.0000000000
76633  -60.488  -30.464  22.729 0.0000000000
36063  -24.326  -62.959  41.764 0.0000000000
37464  -23.690  -61.429  39.626 0.0000000000
33278  -26.459  -64.250  36.718 0.0000000000
41668  -21.912  -58.399  32.826 0.0000000000
38946  -22.234  -60.131  32.064 0.0000000000
40334  -20.066  -59.749  28.599 0.0000000000
46791  -30.542  -54.256  33.448 0.0000000000
46777  -27.566  -54.008  34.786 0.0000000000
50673  -25.862  -51.352  32.363 0.0000000000
62902  -39.292  -41.996  30.040 0.0000000000
63996  -40.457  -40.703  29.402 0.0000000000
63965  -42.692  -40.932  32.346 0.0000000000
66213  -44.605  -38.941  34.365 0.0000000000
68519  -46.365  -36.418  35.802 0.0000000000
49295  -40.825  -52.186  37.951 0.0000000000
49317  -37.825  -52.673  35.004 0.0000000000
51945  -38.560  -50.371  36.157 0.0000000000
54370  -36.474  -49.043  33.419 0.0000000000
55540  -34.176  -47.681  31.123 0.0000000000
55572  -31.870  -47.179  28.093 0.0000000000
58145  -35.908  -45.809  31.359 0.0000000000
59376  -37.226  -44.060  30.512 0.0000000000
80189  -60.079  -28.240  25.402 0.0000000000
82651  -58.708  -25.353  23.007 0.0000000000
36064  -26.783  -62.872  41.409 0.0000000000
37474  -26.588  -62.009  37.742 0.0000000000
40201  -26.119  -59.839  40.284 0.0000000000
44184  -24.398  -56.972  37.940 0.0000000000
45499  -22.945  -55.520  35.379 0.0000000000
66299  -41.276  -38.407  28.570 0.0000000000
69779  -49.539  -36.376  29.425 0.0000000000
67379  -51.265  -37.920  31.660 0.0000000000
40262  -35.668  -59.248  36.256 0.0000000000
40260  -32.761  -58.902  36.516 0.0000000000
40294  -35.100  -59.324  33.609 0.0000000000
44246  -33.260  -56.349  32.459 0.0000000000
46810  -32.116  -53.994  31.265 0.0000000000
48028  -36.651  -53.730  31.221 0.0000000000
48059  -33.049  -53.683  29.326 0.0000000000
52005  -29.882  -51.111  28.876 0.0000000000
62733  -46.921  -41.508  40.126 0.0000000000
42933  -34.251  -57.879  37.800 0.0000000000
46752  -37.260  -53.907  36.721 0.0000000000
45430  -39.341  -54.390  39.132 0.0000000000
66152  -47.222  -38.497  40.271 0.0000000000
70821  -46.463  -35.247  39.632 0.0000000000
73580  -46.927  -32.650  38.560 0.0000000000
73524  -49.797  -31.936  41.072 0.0000000000
73600  -49.469  -32.404  37.677 0.0000000000
72212  -51.998  -33.911  36.232 0.0000000000
68532  -53.053  -36.359  33.900 0.0000000000
67380  -53.627  -38.004  32.463 0.0000000000
73641  -56.052  -31.669  33.933 0.0000000000
69736  -55.585  -34.667  32.245 0.0000000000
68596  -54.526  -36.221  30.104 0.0000000000
71038  -55.627  -34.436  28.388 0.0000000000
76581  -59.529  -29.600  25.679 0.0000000000
42854  -23.159  -57.448  40.920 0.0000000000
34758  -23.006  -63.495  33.966 0.0000000000
37512  -25.041  -61.772  34.849 0.0000000000
37525  -22.040  -61.849  32.832 0.0000000000
44204  -29.729  -56.432  36.037 0.0000000000
46761  -25.003  -54.151  35.719 0.0000000000
46809  -21.348  -54.438  31.974 0.0000000000
44289  -23.955  -55.838  27.452 0.0000000000
59269  -44.268  -44.507  36.234 0.0000000000
60462  -44.827  -42.780  35.393 0.0000000000
61635  -45.654  -42.586  37.185 0.0000000000
58045  -43.822  -45.648  37.154 0.0000000000
56781  -42.598  -46.331  36.791 0.0000000000
59268  -43.707  -44.946  36.019 0.0000000000
59287  -42.293  -44.776  35.348 0.0000000000
65148  -50.774  -39.268  30.225 0.0000000000
66290  -51.455  -38.948  29.721 0.0000000000
66319  -51.981  -38.404  28.409 0.0000000000
67421  -52.731  -37.861  29.460 0.0000000000
38858  -32.407  -59.335  40.073 0.0000000000
40219  -31.483  -59.017  39.623 0.0000000000
40233  -32.306  -59.343  38.144 0.0000000000
64025  -36.305  -40.609  26.713 0.0000000000
64026  -37.515  -40.102  26.846 0.0000000000
68543  -46.222  -35.948  34.057 0.0000000000
69730  -45.491  -36.044  32.526 0.0000000000
69716  -46.890  -34.954  33.851 0.0000000000
70946  -47.409  -34.690  32.560 0.0000000000
70908  -47.362  -34.398  34.291 0.0000000000
150670  -38.375  -54.750  36.023 0.0000000000
150682  -38.552  -55.318  34.030 0.0000000000
150674  -38.411  -54.322  35.071 0.0000000000
52025  -33.117  -50.335  27.725 0.0000000000
52049  -34.169  -51.131  26.558 0.0000000000
53335  -33.012  -50.349  24.900 0.0000000000
52118  -31.097  -50.190  23.583 0.0000000000
62912  -36.498  -42.216  28.132 0.0000000000
62922  -33.994  -42.278  27.375 0.0000000000
62938  -35.230  -41.408  26.925 0.0000000000
77796  -58.589  -29.165  30.121 0.0000000000
76519  -59.248  -29.308  29.162 0.0000000000
75255  -58.891  -30.821  28.828 0.0000000000
76537  -59.566  -29.233  28.402 0.0000000000
34665  -25.450  -64.672  41.057 0.0000000000
36079  -25.389  -63.580  39.892 0.0000000000
33263  -26.576  -65.294  38.423 0.0000000000
42988  -20.967  -57.437  31.119 0.0000000000
41679  -21.129  -58.448  30.697 0.0000000000
41698  -20.302  -58.876  28.524 0.0000000000
39014  -19.602  -60.421  25.476 0.0000000000
41757  -20.544  -59.002  25.438 0.0000000000
49350  -29.046  -51.884  32.048 0.0000000000
49326  -28.018  -52.282  33.430 0.0000000000
50687  -27.086  -50.864  31.730 0.0000000000
61723  -40.287  -42.823  31.552 0.0000000000
62893  -41.266  -41.347  30.794 0.0000000000
61725  -41.844  -42.285  31.999 0.0000000000
63921  -45.187  -40.446  35.752 0.0000000000
65066  -44.700  -39.868  35.075 0.0000000000
66200  -45.712  -38.556  36.147 0.0000000000
67339  -45.697  -37.744  35.383 0.0000000000
66201  -46.194  -38.028  36.469 0.0000000000
51933  -41.454  -50.597  37.860 0.0000000000
50654  -39.656  -51.261  37.025 0.0000000000
53185  -40.170  -49.473  36.753 0.0000000000
55505  -38.576  -47.516  34.613 0.0000000000
54367  -38.298  -48.419  34.884 0.0000000000
54377  -36.685  -47.956  33.191 0.0000000000
54375  -35.172  -48.537  32.425 0.0000000000
56835  -36.085  -47.006  32.343 0.0000000000
56846  -34.827  -46.718  31.476 0.0000000000
56848  -36.428  -46.240  31.882 0.0000000000
60510  -40.601  -43.824  32.911 0.0000000000
59350  -38.802  -44.222  31.902 0.0000000000
60539  -39.257  -43.481  31.245 0.0000000000
61733  -38.863  -43.090  30.582 0.0000000000
38822  -27.458  -61.148  43.096 0.0000000000
38840  -26.320  -61.083  40.836 0.0000000000
40183  -27.497  -59.650  41.978 0.0000000000
42914  -28.275  -57.119  38.574 0.0000000000
42912  -26.139  -57.279  39.237 0.0000000000
44185  -25.471  -56.414  38.044 0.0000000000
45473  -23.807  -56.164  36.862 0.0000000000
45474  -24.614  -55.659  37.009 0.0000000000
65131  -41.837  -39.748  30.063 0.0000000000
64007  -41.123  -39.562  29.019 0.0000000000
66270  -42.592  -38.679  30.233 0.0000000000
69774  -44.876  -35.893  29.744 0.0000000000
68603  -43.352  -36.937  29.184 0.0000000000
68618  -43.678  -36.394  28.124 0.0000000000
70970  -49.907  -34.918  31.092 0.0000000000
70989  -49.124  -35.276  30.176 0.0000000000
70971  -50.496  -35.538  30.962 0.0000000000
68579  -50.556  -37.035  30.500 0.0000000000
69749  -51.416  -36.501  31.452 0.0000000000
41648  -36.849  -58.806  35.418 0.0000000000
38927  -35.638  -59.988  35.010 0.0000000000
40297  -37.416  -59.600  34.008 0.0000000000
44257  -36.642  -56.796  31.825 0.0000000000
44249  -35.422  -57.598  32.144 0.0000000000
44254  -34.222  -56.383  31.573 0.0000000000
46811  -32.456  -54.753  31.639 0.0000000000
45545  -33.583  -55.107  30.646 0.0000000000
49328  -36.701  -52.824  33.230 0.0000000000
48006  -37.295  -53.543  33.124 0.0000000000
49341  -36.399  -52.932  31.868 0.0000000000
49426  -33.730  -52.536  27.098 0.0000000000
48079  -34.431  -53.068  28.628 0.0000000000
49424  -31.691  -52.636  27.662 0.0000000000
49404  -31.190  -52.372  28.682 0.0000000000
56892  -32.308  -46.380  28.013 0.0000000000
45465  -38.223  -54.233  38.171 0.0000000000
49267  -42.000  -51.926  39.774 0.0000000000
64994  -47.190  -39.494  39.765 0.0000000000
69619  -46.640  -35.978  41.247 0.0000000000
72131  -46.336  -34.178  40.330 0.0000000000
72146  -46.445  -34.172  39.242 0.0000000000
75033  -47.297  -32.388  40.014 0.0000000000
73546  -50.487  -31.748  39.669 0.0000000000
75068  -49.344  -31.666  38.813 0.0000000000
73583  -50.634  -32.397  38.337 0.0000000000
72211  -50.962  -33.191  36.466 0.0000000000
70840  -51.994  -33.895  38.400 0.0000000000
69687  -54.050  -35.437  35.528 0.0000000000
69673  -53.145  -35.372  35.872 0.0000000000
68534  -54.120  -36.446  34.570 0.0000000000
67355  -53.090  -37.595  33.412 0.0000000000
68545  -54.450  -36.629  33.620 0.0000000000
76429  -56.784  -30.229  33.526 0.0000000000
73691  -57.224  -32.394  31.089 0.0000000000
70931  -56.532  -33.255  31.986 0.0000000000
70972  -56.021  -34.170  31.253 0.0000000000
69750  -55.091  -35.677  31.542 0.0000000000
69781  -55.560  -34.443  30.364 0.0000000000
69793  -54.587  -35.350  29.272 0.0000000000
72364  -55.907  -33.592  29.720 0.0000000000
73790  -58.407  -32.239  27.770 0.0000000000
71019  -57.958  -34.077  28.116 0.0000000000
72424  -58.096  -33.413  27.433 0.0000000000
80205  -60.340  -28.459  24.498 0.0000000000
77868  -60.095  -29.153  25.682 0.0000000000
79077  -60.599  -29.007  24.071 0.0000000000
37479  -24.460  -61.991  38.122 0.0000000000
38876  -23.252  -60.672  39.224 0.0000000000
36125  -24.479  -63.184  35.791 0.0000000000
36113  -23.575  -62.662  35.875 0.0000000000
34743  -24.417  -63.029  34.859 0.0000000000
40243  -25.206  -60.552  36.788 0.0000000000
37495  -26.011  -61.733  36.060 0.0000000000
40273  -24.352  -60.302  35.357 0.0000000000
38936  -22.047  -61.032  32.521 0.0000000000
36204  -18.480  -63.037  28.104 0.0000000000
42955  -31.980  -57.709  35.538 0.0000000000
42944  -31.086  -57.440  36.489 0.0000000000
44213  -30.404  -56.387  35.490 0.0000000000
48001  -26.076  -52.931  34.210 0.0000000000
46776  -26.445  -53.826  35.078 0.0000000000
49314  -24.393  -53.024  34.310 0.0000000000
47987  -22.569  -53.785  34.335 0.0000000000
48011  -21.883  -53.265  32.238 0.0000000000
43052  -23.406  -57.576  25.322 0.0000000000
60495  -42.410  -43.478  33.350 0.0000000000
61703  -43.385  -42.410  33.431 0.0000000000
60480  -44.093  -42.743  34.653 0.0000000000
61674  -45.328  -41.809  36.097 0.0000000000
63901  -46.002  -40.135  36.963 0.0000000000
54347  -43.032  -48.309  37.553 0.0000000000
54345  -41.307  -48.331  37.169 0.0000000000
55467  -41.491  -47.308  36.662 0.0000000000
56794  -40.975  -46.531  35.618 0.0000000000
56824  -39.283  -46.169  34.299 0.0000000000
58114  -38.697  -45.767  33.397 0.0000000000
58116  -40.301  -45.036  33.953 0.0000000000
59320  -41.305  -44.414  33.954 0.0000000000
68641  -53.608  -36.316  27.116 0.0000000000
38842  -30.801  -59.882  41.923 0.0000000000
41555  -29.081  -58.973  41.333 0.0000000000
41576  -30.374  -59.067  40.273 0.0000000000
41594  -29.520  -58.270  39.624 0.0000000000
42915  -29.596  -57.307  38.408 0.0000000000
67377  -44.551  -37.951  32.029 0.0000000000
67388  -43.410  -37.873  30.574 0.0000000000
68563  -44.622  -37.054  32.199 0.0000000000
68577  -44.889  -36.176  31.059 0.0000000000
69760  -46.398  -35.394  30.600 0.0000000000
69776  -46.636  -35.429  29.686 0.0000000000
69747  -46.930  -35.106  31.167 0.0000000000
70947  -48.491  -34.440  32.414 0.0000000000
70926  -50.592  -34.322  33.197 0.0000000000
42969  -37.811  -57.262  34.276 0.0000000000
41672  -37.775  -58.826  33.146 0.0000000000
42986  -38.183  -56.984  33.365 0.0000000000
44250  -37.787  -56.398  32.378 0.0000000000
45537  -37.170  -56.009  31.584 0.0000000000
50692  -35.129  -51.717  31.004 0.0000000000
50710  -35.377  -52.322  29.765 0.0000000000
50727  -34.737  -51.839  29.054 0.0000000000
49448  -34.342  -51.936  25.985 0.0000000000
50798  -31.223  -51.463  25.579 0.0000000000
53314  -28.806  -50.156  25.738 0.0000000000
52104  -30.258  -50.774  24.678 0.0000000000
60557  -34.477  -43.582  28.349 0.0000000000
60556  -33.765  -43.385  27.839 0.0000000000
73584  -52.396  -32.476  38.837 0.0000000000
69656  -52.767  -34.576  38.505 0.0000000000
72189  -53.447  -33.117  37.499 0.0000000000
72215  -53.818  -33.323  36.035 0.0000000000
72235  -54.453  -33.184  34.948 0.0000000000
78916  -57.858  -28.874  31.914 0.0000000000
76467  -57.592  -29.950  32.917 0.0000000000
76486  -57.853  -29.927  31.904 0.0000000000
75211  -58.236  -31.039  30.674 0.0000000000
73715  -57.985  -32.207  30.359 0.0000000000
72335  -57.829  -33.018  29.827 0.0000000000
73744  -58.476  -32.075  29.515 0.0000000000
73770  -58.539  -32.107  28.553 0.0000000000
75272  -58.730  -30.823  27.942 0.0000000000
80261  -59.735  -27.707  22.030 0.0000000000
79093  -60.594  -28.950  23.187 0.0000000000
79111  -59.514  -28.455  21.590 0.0000000000
40154  -24.133  -60.352  42.989 0.0000000000
40181  -23.276  -59.848  41.679 0.0000000000
37458  -24.172  -62.164  40.535 0.0000000000
36085  -25.118  -62.664  38.489 0.0000000000
34717  -25.719  -63.836  36.342 0.0000000000
41641  -22.939  -58.616  35.468 0.0000000000
40282  -23.000  -59.405  34.272 0.0000000000
41677  -22.110  -58.985  32.000 0.0000000000
38963  -20.814  -59.805  30.100 0.0000000000
37590  -19.634  -60.846  28.219 0.0000000000
36205  -18.693  -62.193  27.622 0.0000000000
37602  -19.061  -61.293  25.867 0.0000000000
45512  -30.756  -55.237  33.890 0.0000000000
45502  -29.709  -55.191  34.352 0.0000000000
46790  -29.332  -54.366  33.963 0.0000000000
49325  -27.234  -52.388  33.550 0.0000000000
49333  -24.567  -52.012  32.940 0.0000000000
62914  -38.229  -41.802  28.847 0.0000000000
64004  -38.897  -41.055  28.597 0.0000000000
63995  -39.810  -41.208  29.427 0.0000000000
63987  -41.589  -40.526  30.342 0.0000000000
63979  -43.065  -40.147  31.836 0.0000000000
62875  -43.321  -41.465  33.053 0.0000000000
63954  -43.603  -40.233  33.102 0.0000000000
66243  -44.239  -38.709  32.661 0.0000000000
67352  -45.183  -37.651  34.218 0.0000000000
68530  -45.957  -37.128  34.696 0.0000000000
69685  -46.555  -35.495  35.484 0.0000000000
46755  -39.840  -53.157  37.145 0.0000000000
47983  -38.954  -53.185  36.040 0.0000000000
49311  -39.053  -52.451  36.397 0.0000000000
50663  -37.939  -51.882  35.521 0.0000000000
51955  -36.760  -50.760  34.088 0.0000000000
53191  -38.761  -49.253  35.733 0.0000000000
53195  -37.899  -49.384  35.167 0.0000000000
51954  -36.080  -50.447  33.392 0.0000000000
53212  -34.685  -50.245  31.633 0.0000000000
53226  -34.056  -49.562  30.479 0.0000000000
53244  -32.562  -49.021  28.891 0.0000000000
54437  -31.639  -48.500  27.151 0.0000000000
55554  -33.267  -47.571  29.849 0.0000000000
56875  -33.721  -46.428  29.540 0.0000000000
58174  -34.855  -45.363  29.734 0.0000000000
58147  -37.706  -45.278  32.089 0.0000000000
58162  -36.572  -45.017  30.942 0.0000000000
59374  -35.861  -44.483  29.655 0.0000000000
60547  -36.622  -43.481  29.404 0.0000000000
61756  -37.287  -42.465  28.918 0.0000000000
79019  -59.726  -28.239  26.556 0.0000000000
80188  -59.568  -27.936  25.485 0.0000000000
80219  -59.024  -27.550  23.352 0.0000000000
80237  -59.325  -26.807  22.762 0.0000000000
82684  -59.331  -25.703  21.948 0.0000000000
82683  -59.000  -25.549  21.662 0.0000000000
34674  -27.304  -64.126  40.658 0.0000000000
36088  -27.706  -63.632  38.288 0.0000000000
36080  -27.249  -62.934  39.094 0.0000000000
38868  -26.226  -61.248  38.602 0.0000000000
41605  -24.786  -59.110  38.195 0.0000000000
41573  -27.311  -58.398  40.770 0.0000000000
42893  -25.507  -58.382  39.383 0.0000000000
42942  -23.934  -58.496  37.296 0.0000000000
42952  -23.199  -57.688  36.272 0.0000000000
44220  -22.323  -56.530  34.975 0.0000000000
44234  -21.327  -55.979  33.186 0.0000000000
64015  -39.428  -39.833  27.928 0.0000000000
65170  -39.890  -39.164  27.485 0.0000000000
67404  -42.866  -37.891  29.709 0.0000000000
66274  -50.348  -38.633  30.934 0.0000000000
66259  -51.475  -38.478  31.462 0.0000000000
38892  -34.545  -59.414  37.266 0.0000000000
38889  -33.137  -59.429  36.828 0.0000000000
38904  -33.843  -59.496  36.114 0.0000000000
40275  -33.908  -59.241  35.259 0.0000000000
42964  -33.190  -57.750  34.121 0.0000000000
41670  -35.679  -58.863  32.787 0.0000000000
42974  -34.060  -57.911  33.210 0.0000000000
44238  -33.006  -56.638  33.340 0.0000000000
45513  -31.816  -55.353  33.172 0.0000000000
48015  -31.145  -53.489  32.452 0.0000000000
49366  -30.235  -51.876  30.972 0.0000000000
48007  -37.753  -54.216  33.081 0.0000000000
46801  -37.611  -54.841  32.200 0.0000000000
46825  -36.098  -54.646  30.718 0.0000000000
49389  -36.053  -53.297  29.468 0.0000000000
46840  -35.675  -53.846  29.848 0.0000000000
46823  -34.119  -54.463  30.287 0.0000000000
48058  -32.504  -53.550  29.700 0.0000000000
49368  -31.563  -52.722  30.079 0.0000000000
54465  -31.295  -48.472  24.813 0.0000000000
59229  -45.388  -44.897  38.266 0.0000000000
60402  -46.277  -43.468  38.447 0.0000000000
38804  -24.524  -61.064  44.095 0.0000000000
31755  -26.865  -65.089  41.952 0.0000000000
34659  -27.067  -63.613  42.994 0.0000000000
37431  -27.812  -61.891  43.349 0.0000000000
38826  -31.928  -60.052  42.470 0.0000000000
38844  -32.436  -59.776  41.340 0.0000000000
38871  -33.509  -59.296  39.589 0.0000000000
40235  -34.516  -59.007  38.004 0.0000000000
41634  -35.279  -58.618  36.744 0.0000000000
42958  -35.475  -57.753  35.532 0.0000000000
44227  -35.894  -56.650  34.657 0.0000000000
46766  -35.928  -54.669  34.923 0.0000000000
45505  -36.961  -55.861  34.589 0.0000000000
46768  -37.565  -55.057  35.337 0.0000000000
45466  -38.472  -54.290  37.370 0.0000000000
45448  -39.318  -54.530  37.977 0.0000000000
46715  -40.473  -53.534  38.953 0.0000000000
49282  -41.446  -52.547  38.916 0.0000000000
50650  -41.860  -51.685  38.710 0.0000000000
56761  -44.889  -46.151  38.306 0.0000000000
62768  -46.647  -41.127  38.769 0.0000000000
65014  -46.842  -39.584  38.674 0.0000000000
66171  -46.623  -38.677  38.238 0.0000000000
69620  -47.010  -36.523  41.528 0.0000000000
67293  -46.637  -37.314  39.783 0.0000000000
67307  -46.710  -37.808  38.202 0.0000000000
69661  -46.364  -35.793  37.599 0.0000000000
70850  -46.482  -34.782  37.385 0.0000000000
72207  -46.840  -33.691  36.206 0.0000000000
75052  -48.232  -31.707  39.243 0.0000000000
75081  -48.281  -31.880  37.981 0.0000000000
72230  -48.095  -33.416  35.754 0.0000000000
72231  -48.919  -33.326  35.632 0.0000000000
72245  -50.020  -33.636  34.467 0.0000000000
70892  -51.387  -34.348  34.410 0.0000000000
70852  -52.704  -34.319  37.196 0.0000000000
70894  -52.548  -34.978  35.147 0.0000000000
69718  -52.384  -35.902  33.021 0.0000000000
67367  -52.261  -37.245  32.841 0.0000000000
66244  -51.980  -38.307  32.662 0.0000000000
66277  -52.789  -38.423  31.776 0.0000000000
73640  -54.859  -31.990  34.549 0.0000000000
72247  -55.328  -33.005  34.210 0.0000000000
150965  -56.458  -31.819  32.968 0.0000000000
72262  -56.263  -32.816  33.064 0.0000000000
68546  -54.828  -35.771  33.319 0.0000000000
68556  -54.709  -36.518  32.774 0.0000000000
67381  -54.204  -37.078  31.961 0.0000000000
67408  -53.645  -37.384  30.012 0.0000000000
68608  -53.998  -36.544  29.246 0.0000000000
69806  -54.056  -35.803  28.634 0.0000000000
69820  -54.585  -35.453  27.168 0.0000000000
71017  -56.439  -33.863  28.651 0.0000000000
71039  -56.495  -34.600  27.998 0.0000000000
69809  -56.700  -35.361  27.359 0.0000000000
77849  -59.664  -29.103  27.067 0.0000000000
76563  -59.321  -29.442  27.012 0.0000000000
76561  -58.027  -30.458  25.984 0.0000000000
76604  -60.189  -30.084  24.453 0.0000000000
76602  -58.897  -30.610  24.733 0.0000000000
75290  -57.478  -31.238  25.670 0.0000000000
40199  -22.735  -59.711  40.657 0.0000000000
36117  -27.222  -63.282  36.734 0.0000000000
34731  -26.517  -63.254  35.729 0.0000000000
36144  -24.449  -61.989  34.268 0.0000000000
38932  -23.675  -60.714  33.804 0.0000000000
37527  -23.426  -61.413  33.328 0.0000000000
36143  -23.681  -62.504  33.847 0.0000000000
36152  -22.613  -62.545  33.190 0.0000000000
41619  -31.681  -58.441  37.288 0.0000000000
42931  -30.708  -57.407  37.091 0.0000000000
44188  -28.613  -56.344  37.104 0.0000000000
45492  -28.538  -55.512  35.527 0.0000000000
45477  -27.605  -55.468  36.108 0.0000000000
45476  -26.618  -55.270  36.439 0.0000000000
46760  -23.900  -54.454  35.773 0.0000000000
45509  -21.576  -55.045  33.285 0.0000000000
44268  -21.047  -56.632  29.316 0.0000000000
49365  -22.804  -52.001  30.030 0.0000000000
49364  -22.454  -52.512  30.395 0.0000000000
46833  -22.005  -53.968  29.657 0.0000000000
46858  -21.815  -55.161  28.262 0.0000000000
44287  -21.434  -56.341  27.316 0.0000000000
43032  -20.949  -57.699  26.316 0.0000000000
59270  -44.961  -43.610  36.165 0.0000000000
60418  -45.458  -43.279  37.150 0.0000000000
59248  -44.347  -44.992  37.027 0.0000000000
58070  -43.872  -45.126  36.526 0.0000000000
66275  -51.436  -38.930  30.723 0.0000000000
66304  -52.076  -38.417  29.090 0.0000000000
38870  -33.175  -59.585  39.186 0.0000000000
38869  -32.717  -59.579  38.673 0.0000000000
64012  -36.745  -41.138  27.475 0.0000000000
64013  -37.331  -40.782  27.522 0.0000000000
69700  -46.705  -35.344  34.470 0.0000000000
69715  -46.467  -35.484  33.567 0.0000000000
69701  -46.887  -34.838  34.261 0.0000000000
45467  -38.697  -54.270  36.343 0.0000000000
150675  -38.336  -54.622  35.118 0.0000000000
150671  -38.640  -54.166  35.618 0.0000000000
53298  -32.879  -50.115  26.326 0.0000000000
52048  -33.412  -50.544  26.900 0.0000000000
62924  -36.137  -41.756  27.659 0.0000000000
62939  -35.753  -41.191  26.911 0.0000000000
77797  -59.350  -28.771  29.195 0.0000000000
78959  -60.084  -28.694  29.259 0.0000000000
77818  -59.713  -29.032  28.743 0.0000000000
78981  -59.654  -28.763  28.702 0.0000000000
33244  -26.073  -65.539  40.148 0.0000000000
33251  -26.302  -65.346  39.389 0.0000000000
31770  -26.971  -65.478  39.009 0.0000000000
42993  -20.994  -57.536  29.973 0.0000000000
41685  -20.710  -58.622  29.510 0.0000000000
41699  -20.668  -58.053  28.545 0.0000000000
41715  -20.309  -58.714  27.367 0.0000000000
43004  -20.555  -58.030  27.734 0.0000000000
50689  -28.894  -51.397  31.361 0.0000000000
50676  -28.463  -51.509  32.037 0.0000000000
50688  -27.995  -50.954  31.603 0.0000000000
61724  -41.379  -42.767  32.176 0.0000000000
62883  -40.798  -42.372  31.647 0.0000000000
61715  -42.423  -42.607  32.586 0.0000000000
65049  -45.882  -39.173  36.500 0.0000000000
65067  -45.217  -39.548  35.685 0.0000000000
66183  -46.073  -38.813  36.510 0.0000000000
51942  -41.141  -50.281  37.526 0.0000000000
53186  -41.135  -49.497  37.291 0.0000000000
55519  -38.191  -47.051  34.117 0.0000000000
55518  -37.702  -47.604  34.160 0.0000000000
55524  -37.164  -47.293  33.237 0.0000000000
55523  -36.499  -47.564  32.776 0.0000000000
56836  -36.837  -46.691  32.490 0.0000000000
60511  -41.547  -43.343  32.683 0.0000000000
60523  -39.773  -43.606  31.955 0.0000000000
60524  -40.850  -43.248  32.295 0.0000000000
61722  -39.821  -43.121  31.432 0.0000000000
40168  -28.039  -60.058  42.696 0.0000000000
40167  -27.089  -60.395  42.377 0.0000000000
44168  -27.287  -56.617  38.206 0.0000000000
44167  -26.304  -56.703  38.535 0.0000000000
44186  -26.442  -56.153  37.829 0.0000000000
45459  -25.587  -55.859  37.408 0.0000000000
65133  -42.988  -39.250  30.912 0.0000000000
65145  -42.029  -39.202  29.872 0.0000000000
66271  -43.160  -38.617  30.725 0.0000000000
69787  -45.192  -35.743  29.252 0.0000000000
68604  -44.377  -36.011  28.994 0.0000000000
69748  -51.143  -36.206  31.141 0.0000000000
69733  -51.321  -35.789  31.635 0.0000000000
41656  -37.274  -58.485  34.948 0.0000000000
40289  -37.278  -59.303  34.863 0.0000000000
41663  -37.983  -58.864  34.325 0.0000000000
45535  -35.532  -56.035  31.447 0.0000000000
44255  -34.809  -56.590  31.723 0.0000000000
45534  -34.650  -55.942  31.240 0.0000000000
45533  -33.648  -55.967  31.321 0.0000000000
45546  -34.414  -55.208  30.752 0.0000000000
49327  -36.266  -52.518  32.748 0.0000000000
50678  -35.997  -52.318  32.565 0.0000000000
49445  -31.790  -52.355  26.877 0.0000000000
49425  -32.604  -52.659  27.436 0.0000000000
49444  -31.183  -52.289  27.276 0.0000000000
49423  -31.106  -52.448  27.924 0.0000000000
52047  -30.591  -51.492  26.886 0.0000000000
73542  -46.580  -33.362  40.473 0.0000000000
73565  -51.839  -32.586  39.230 0.0000000000
75037  -50.720  -31.586  39.876 0.0000000000
73564  -51.151  -32.393  39.315 0.0000000000
73563  -50.683  -32.169  39.100 0.0000000000
72147  -51.335  -33.287  39.048 0.0000000000
72168  -51.500  -33.324  38.250 0.0000000000
70822  -51.572  -33.729  38.873 0.0000000000
70895  -54.187  -34.398  35.370 0.0000000000
68535  -54.648  -35.943  34.081 0.0000000000
77750  -56.677  -28.766  32.429 0.0000000000
77736  -56.787  -29.025  33.052 0.0000000000
77720  -56.411  -29.637  33.496 0.0000000000
77721  -57.095  -29.013  33.132 0.0000000000
72288  -56.923  -32.953  30.866 0.0000000000
72287  -56.620  -33.304  31.098 0.0000000000
70993  -56.311  -33.683  30.866 0.0000000000
69766  -55.631  -34.718  30.807 0.0000000000
70992  -55.930  -33.932  30.691 0.0000000000
71007  -55.582  -33.942  30.014 0.0000000000
72333  -56.226  -33.559  30.190 0.0000000000
72395  -58.359  -33.294  28.110 0.0000000000
80221  -60.413  -28.528  23.670 0.0000000000
42824  -24.024  -57.736  43.506 0.0000000000
37494  -24.391  -62.089  37.287 0.0000000000
36114  -24.713  -62.916  36.502 0.0000000000
34729  -24.782  -63.267  35.339 0.0000000000
40257  -24.618  -60.133  36.266 0.0000000000
40258  -25.154  -60.665  36.229 0.0000000000
36197  -18.593  -63.174  28.605 0.0000000000
42962  -31.593  -56.962  35.038 0.0000000000
42954  -31.181  -57.079  35.815 0.0000000000
44214  -31.035  -56.655  35.259 0.0000000000
49322  -24.092  -52.633  33.733 0.0000000000
49315  -24.804  -52.833  34.176 0.0000000000
49321  -23.127  -52.690  33.418 0.0000000000
49320  -22.590  -53.024  33.396 0.0000000000
49331  -22.452  -52.745  32.794 0.0000000000
60478  -42.725  -43.719  34.099 0.0000000000
60479  -43.364  -43.345  34.271 0.0000000000
61654  -45.650  -42.126  36.844 0.0000000000
62830  -45.615  -40.973  36.597 0.0000000000
62807  -45.826  -40.744  36.838 0.0000000000
55470  -43.348  -47.944  37.646 0.0000000000
54346  -42.167  -48.150  37.511 0.0000000000
55468  -42.467  -47.304  37.334 0.0000000000
56796  -42.263  -46.173  36.176 0.0000000000
56795  -41.655  -46.347  35.860 0.0000000000
56809  -41.165  -46.028  35.249 0.0000000000
56808  -40.486  -46.300  35.119 0.0000000000
58100  -40.062  -45.671  34.455 0.0000000000
58101  -40.926  -45.323  34.601 0.0000000000
59288  -43.271  -44.383  35.316 0.0000000000
59305  -42.260  -44.145  34.402 0.0000000000
59321  -41.871  -43.988  33.687 0.0000000000
67438  -52.521  -37.724  28.108 0.0000000000
68640  -53.014  -36.976  27.616 0.0000000000
40187  -30.968  -59.645  41.216 0.0000000000
40186  -30.441  -59.599  41.541 0.0000000000
40203  -30.558  -59.303  40.774 0.0000000000
40231  -31.047  -58.686  39.403 0.0000000000
41595  -30.347  -58.769  39.751 0.0000000000
41607  -29.716  -57.806  39.031 0.0000000000
65184  -37.786  -39.439  26.095 0.0000000000
68552  -44.707  -37.315  32.780 0.0000000000
68553  -45.149  -36.630  32.902 0.0000000000
69731  -46.150  -35.515  32.607 0.0000000000
69745  -45.512  -35.790  31.780 0.0000000000
69759  -45.604  -35.661  30.871 0.0000000000
69746  -46.328  -35.348  31.590 0.0000000000
70967  -47.005  -34.967  31.807 0.0000000000
70924  -48.047  -34.313  33.479 0.0000000000
70948  -49.703  -34.434  32.197 0.0000000000
70925  -49.338  -34.061  33.568 0.0000000000
44230  -37.800  -55.992  34.422 0.0000000000
42976  -38.154  -57.050  33.878 0.0000000000
45515  -38.413  -55.293  33.571 0.0000000000
44251  -38.216  -56.558  32.997 0.0000000000
45524  -38.258  -55.817  32.912 0.0000000000
45523  -37.748  -55.533  32.196 0.0000000000
50691  -34.587  -51.248  30.735 0.0000000000
50709  -34.593  -51.621  30.130 0.0000000000
52027  -34.260  -51.322  28.604 0.0000000000
52073  -34.098  -51.300  25.536 0.0000000000
50766  -34.468  -51.655  26.485 0.0000000000
49465  -33.995  -52.023  25.382 0.0000000000
50784  -32.962  -51.665  25.766 0.0000000000
50799  -32.298  -51.383  25.320 0.0000000000
52090  -30.882  -51.093  24.922 0.0000000000
50813  -31.696  -51.008  24.794 0.0000000000
61753  -34.165  -42.729  27.905 0.0000000000
75070  -52.761  -31.399  38.103 0.0000000000
72170  -53.390  -33.319  38.107 0.0000000000
75099  -53.889  -31.391  35.736 0.0000000000
73619  -53.894  -32.145  36.347 0.0000000000
73628  -54.324  -32.154  35.496 0.0000000000
80106  -58.232  -28.163  29.670 0.0000000000
80126  -57.914  -27.762  29.281 0.0000000000
80088  -57.807  -28.216  30.127 0.0000000000
77765  -57.887  -29.199  32.365 0.0000000000
77779  -58.252  -29.216  31.356 0.0000000000
76518  -58.826  -29.870  29.699 0.0000000000
76504  -58.371  -29.923  30.885 0.0000000000
75210  -57.611  -31.725  30.970 0.0000000000
73716  -58.431  -31.594  30.095 0.0000000000
73743  -58.202  -32.562  29.847 0.0000000000
75256  -59.141  -30.192  28.500 0.0000000000
75273  -58.994  -30.395  28.344 0.0000000000
76549  -58.895  -29.944  27.520 0.0000000000
80260  -59.152  -27.405  21.435 0.0000000000
79112  -60.227  -28.721  22.255 0.0000000000
37443  -23.582  -61.469  42.300 0.0000000000
37452  -23.495  -61.517  41.470 0.0000000000
36062  -23.958  -62.221  41.239 0.0000000000
34687  -25.970  -64.364  38.248 0.0000000000
36086  -25.636  -63.522  38.881 0.0000000000
34702  -25.962  -64.402  37.273 0.0000000000
36115  -25.428  -63.538  37.051 0.0000000000
33295  -26.433  -63.797  36.125 0.0000000000
41659  -22.435  -58.583  34.037 0.0000000000
40320  -20.741  -59.326  29.853 0.0000000000
40312  -21.042  -59.313  30.385 0.0000000000
40319  -20.451  -59.559  29.384 0.0000000000
38977  -20.046  -60.473  29.143 0.0000000000
38994  -19.810  -60.360  28.140 0.0000000000
38993  -19.611  -60.747  27.952 0.0000000000
39006  -19.517  -60.478  27.350 0.0000000000
39027  -20.178  -60.449  24.666 0.0000000000
37603  -19.570  -61.256  24.968 0.0000000000
45511  -30.032  -54.825  33.880 0.0000000000
48005  -29.667  -53.646  33.447 0.0000000000
49336  -27.476  -51.850  32.928 0.0000000000
49335  -26.528  -51.868  32.996 0.0000000000
49334  -25.566  -51.939  32.999 0.0000000000
50672  -24.892  -51.423  32.329 0.0000000000
62901  -38.677  -42.181  29.634 0.0000000000
62915  -39.215  -41.364  29.062 0.0000000000
62885  -42.124  -41.584  31.753 0.0000000000
62894  -41.938  -40.847  31.009 0.0000000000
63978  -42.471  -40.583  31.460 0.0000000000
61704  -43.827  -41.888  33.683 0.0000000000
62863  -43.679  -41.765  33.448 0.0000000000
62864  -44.140  -41.380  33.683 0.0000000000
65078  -44.424  -39.524  34.365 0.0000000000
63955  -44.020  -40.465  33.597 0.0000000000
65091  -43.884  -39.533  33.233 0.0000000000
65090  -43.606  -39.893  32.652 0.0000000000
66226  -44.492  -38.661  33.858 0.0000000000
66227  -44.821  -38.212  34.214 0.0000000000
67340  -46.290  -37.065  35.309 0.0000000000
68531  -46.404  -36.358  34.788 0.0000000000
49307  -40.101  -52.434  37.481 0.0000000000
47972  -39.551  -53.056  36.728 0.0000000000
49306  -39.621  -52.263  37.033 0.0000000000
50653  -39.061  -50.960  36.581 0.0000000000
50658  -38.408  -51.598  36.277 0.0000000000
51950  -37.879  -50.733  35.550 0.0000000000
50662  -37.252  -51.624  34.881 0.0000000000
54344  -40.407  -48.426  36.507 0.0000000000
54343  -39.876  -48.846  36.395 0.0000000000
54360  -39.627  -48.404  35.817 0.0000000000
54366  -37.685  -48.566  34.504 0.0000000000
53194  -37.253  -49.542  34.302 0.0000000000
53199  -36.603  -49.620  33.717 0.0000000000
51958  -35.352  -50.473  32.644 0.0000000000
53204  -35.563  -49.460  32.800 0.0000000000
54383  -34.557  -48.556  31.721 0.0000000000
53202  -34.602  -49.228  31.829 0.0000000000
54392  -34.291  -48.778  30.942 0.0000000000
53225  -33.495  -49.533  29.887 0.0000000000
54404  -33.150  -48.688  29.840 0.0000000000
54403  -32.582  -48.334  29.381 0.0000000000
55539  -33.753  -47.380  30.445 0.0000000000
58144  -35.341  -46.120  31.445 0.0000000000
56860  -34.216  -46.435  30.443 0.0000000000
58160  -35.158  -45.700  30.839 0.0000000000
56876  -34.242  -45.958  29.785 0.0000000000
58130  -37.975  -45.564  32.514 0.0000000000
58131  -38.523  -45.269  32.709 0.0000000000
59367  -38.305  -44.029  31.378 0.0000000000
59348  -37.375  -44.688  31.437 0.0000000000
59365  -36.830  -44.577  30.815 0.0000000000
59364  -36.405  -44.588  30.285 0.0000000000
59375  -36.793  -44.169  30.087 0.0000000000
60546  -36.059  -43.818  29.177 0.0000000000
60548  -37.574  -43.531  30.192 0.0000000000
61745  -39.050  -42.540  30.336 0.0000000000
61744  -38.475  -42.737  30.072 0.0000000000
61757  -37.857  -42.458  29.331 0.0000000000
81416  -59.164  -26.254  22.860 0.0000000000
82671  -59.342  -25.645  22.302 0.0000000000
82670  -59.156  -25.350  22.072 0.0000000000
83860  -58.719  -24.784  22.176 0.0000000000
34673  -26.988  -63.454  40.958 0.0000000000
36072  -27.172  -63.175  40.288 0.0000000000
38856  -26.257  -61.132  39.629 0.0000000000
40217  -25.966  -60.475  39.231 0.0000000000
38867  -25.761  -60.596  38.379 0.0000000000
40216  -25.623  -59.668  39.198 0.0000000000
41554  -27.984  -58.911  41.389 0.0000000000
42876  -27.519  -57.905  40.237 0.0000000000
44166  -25.367  -57.089  38.576 0.0000000000
42894  -26.068  -58.107  39.830 0.0000000000
44165  -24.725  -57.658  38.376 0.0000000000
42910  -24.695  -58.413  38.372 0.0000000000
44183  -23.902  -57.662  37.447 0.0000000000
42927  -23.882  -57.997  37.371 0.0000000000
44200  -23.666  -57.057  37.099 0.0000000000
44221  -23.025  -56.245  35.677 0.0000000000
42971  -21.488  -56.927  33.366 0.0000000000
44235  -21.779  -56.270  34.046 0.0000000000
64005  -39.632  -40.536  28.667 0.0000000000
64006  -40.614  -40.013  28.832 0.0000000000
65158  -41.311  -39.069  28.899 0.0000000000
65157  -40.815  -39.226  28.492 0.0000000000
66298  -40.727  -38.703  28.105 0.0000000000
68617  -42.836  -36.964  28.306 0.0000000000
69761  -47.265  -35.125  30.457 0.0000000000
69762  -49.327  -35.701  29.753 0.0000000000
68593  -49.856  -37.102  29.510 0.0000000000
67392  -50.872  -37.715  31.255 0.0000000000
67391  -50.435  -38.029  30.919 0.0000000000
67378  -50.738  -38.045  31.297 0.0000000000
65120  -50.711  -38.872  31.117 0.0000000000
66258  -50.765  -38.334  31.236 0.0000000000
38906  -34.866  -59.478  36.705 0.0000000000
38905  -34.462  -59.612  36.397 0.0000000000
38920  -35.468  -59.700  35.806 0.0000000000
40286  -34.768  -59.549  34.341 0.0000000000
40276  -34.413  -59.586  35.085 0.0000000000
40285  -34.177  -59.158  34.544 0.0000000000
41653  -33.729  -58.656  34.498 0.0000000000
41660  -34.108  -58.544  33.856 0.0000000000
41671  -36.633  -58.858  32.607 0.0000000000
44247  -33.900  -56.848  32.289 0.0000000000
42981  -34.432  -57.555  32.527 0.0000000000
44239  -33.557  -57.249  33.008 0.0000000000
42973  -33.463  -57.390  33.413 0.0000000000
45514  -32.419  -55.898  33.154 0.0000000000
45521  -32.756  -55.657  32.282 0.0000000000
48027  -31.457  -53.342  31.623 0.0000000000
49352  -30.734  -52.492  31.423 0.0000000000
49353  -31.382  -52.781  30.860 0.0000000000
47982  -38.332  -53.410  35.241 0.0000000000
150673  -38.171  -53.729  34.827 0.0000000000
47993  -37.762  -53.640  34.269 0.0000000000
48016  -36.719  -53.606  31.684 0.0000000000
48017  -37.114  -54.048  32.068 0.0000000000
48029  -36.770  -54.437  31.161 0.0000000000
48042  -36.466  -54.525  30.865 0.0000000000
49369  -36.194  -52.762  29.847 0.0000000000
49388  -35.785  -52.961  29.141 0.0000000000
48078  -33.445  -53.193  28.560 0.0000000000
48061  -35.157  -53.463  29.464 0.0000000000
48060  -33.950  -53.608  29.523 0.0000000000
48040  -34.511  -53.875  29.992 0.0000000000
48039  -34.067  -53.999  29.981 0.0000000000
46838  -33.243  -54.121  29.856 0.0000000000
50726  -30.810  -51.750  28.970 0.0000000000
49386  -31.206  -52.215  29.490 0.0000000000
50708  -30.704  -51.668  29.706 0.0000000000
50707  -30.061  -51.434  30.271 0.0000000000
50724  -29.496  -51.125  29.814 0.0000000000
54420  -31.809  -48.047  28.043 0.0000000000
54450  -31.328  -48.497  25.650 0.0000000000
55612  -31.273  -47.775  26.581 0.0000000000
41512  -24.463  -59.208  45.365 0.0000000000
33225  -26.902  -64.258  43.417 0.0000000000
38825  -31.187  -60.244  42.518 0.0000000000
41621  -34.607  -58.535  37.643 0.0000000000
42934  -34.810  -58.105  37.157 0.0000000000
42966  -35.673  -57.254  34.899 0.0000000000
45494  -35.475  -55.693  34.947 0.0000000000
47971  -36.527  -53.419  36.338 0.0000000000
47980  -36.156  -53.820  35.559 0.0000000000
47981  -36.532  -53.899  35.820 0.0000000000
46780  -36.664  -55.138  34.795 0.0000000000
46767  -36.881  -54.425  35.601 0.0000000000
46781  -37.235  -55.219  34.898 0.0000000000
45447  -38.512  -54.443  38.637 0.0000000000
46743  -38.129  -54.417  36.708 0.0000000000
46716  -40.943  -53.068  39.404 0.0000000000
47951  -40.745  -52.887  38.488 0.0000000000
49266  -41.599  -52.444  39.671 0.0000000000
50646  -42.259  -51.461  39.173 0.0000000000
51928  -42.640  -50.790  39.175 0.0000000000
51934  -42.199  -50.672  38.447 0.0000000000
58023  -45.304  -45.533  38.627 0.0000000000
61602  -46.613  -42.570  39.662 0.0000000000
61618  -46.399  -42.544  38.528 0.0000000000
62752  -46.745  -41.534  39.374 0.0000000000
65013  -46.624  -39.163  38.347 0.0000000000
66162  -46.835  -38.651  39.119 0.0000000000
69629  -46.568  -35.934  40.392 0.0000000000
69630  -46.649  -36.479  40.853 0.0000000000
69641  -46.463  -36.241  39.574 0.0000000000
67300  -46.564  -37.507  39.210 0.0000000000
68495  -46.407  -36.913  38.842 0.0000000000
68500  -46.467  -36.797  37.828 0.0000000000
69653  -46.217  -35.989  38.649 0.0000000000
73579  -46.552  -33.326  39.059 0.0000000000
72165  -46.631  -33.851  38.229 0.0000000000
72183  -46.479  -33.778  37.123 0.0000000000
72166  -46.805  -33.055  37.728 0.0000000000
76265  -50.334  -30.691  40.969 0.0000000000
75034  -47.782  -31.808  40.067 0.0000000000
75035  -48.814  -31.636  40.165 0.0000000000
73582  -49.805  -31.933  38.383 0.0000000000
75082  -48.728  -31.933  37.975 0.0000000000
73599  -48.629  -32.105  37.615 0.0000000000
73616  -48.153  -32.362  36.941 0.0000000000
72209  -48.578  -32.847  36.399 0.0000000000
72210  -49.729  -32.716  36.744 0.0000000000
72232  -50.022  -33.260  35.546 0.0000000000
72233  -51.123  -33.852  35.200 0.0000000000
72246  -50.749  -34.055  34.080 0.0000000000
70841  -53.322  -34.503  38.162 0.0000000000
69663  -52.601  -34.581  37.908 0.0000000000
70853  -53.117  -34.515  37.464 0.0000000000
68508  -53.228  -35.711  34.939 0.0000000000
69672  -52.979  -35.418  35.268 0.0000000000
69686  -52.856  -35.570  34.538 0.0000000000
70913  -52.420  -35.138  34.350 0.0000000000
69702  -52.665  -35.827  33.787 0.0000000000
68544  -52.602  -36.631  33.239 0.0000000000
67368  -53.416  -37.855  33.105 0.0000000000
66229  -52.557  -38.170  33.183 0.0000000000
66246  -53.199  -38.415  32.850 0.0000000000
66260  -52.380  -38.497  32.113 0.0000000000
66261  -53.040  -38.501  32.279 0.0000000000
73642  -56.315  -30.971  34.252 0.0000000000
75125  -55.331  -31.155  34.590 0.0000000000
76485  -57.546  -30.214  32.545 0.0000000000
75164  -57.224  -30.520  32.914 0.0000000000
150968  -56.912  -31.155  32.774 0.0000000000
70951  -56.125  -34.084  31.887 0.0000000000
70929  -56.340  -33.286  32.637 0.0000000000
69719  -55.277  -34.694  32.989 0.0000000000
68557  -55.096  -35.574  32.556 0.0000000000
69765  -55.025  -35.452  30.918 0.0000000000
68581  -54.642  -36.288  31.237 0.0000000000
67395  -54.158  -37.058  30.801 0.0000000000
67409  -54.230  -36.970  30.163 0.0000000000
68595  -54.207  -36.870  29.830 0.0000000000
71037  -55.043  -34.522  28.893 0.0000000000
69807  -54.673  -35.041  28.182 0.0000000000
69819  -53.967  -35.736  27.802 0.0000000000
72366  -57.241  -33.524  29.200 0.0000000000
69794  -57.817  -34.591  28.011 0.0000000000
71018  -57.406  -34.220  28.279 0.0000000000
71040  -57.103  -34.859  27.872 0.0000000000
79020  -59.868  -28.598  26.370 0.0000000000
76582  -60.102  -29.529  25.077 0.0000000000
77867  -59.668  -29.219  26.459 0.0000000000
76562  -58.530  -30.134  26.791 0.0000000000
76580  -58.783  -30.131  25.502 0.0000000000
77917  -60.528  -29.624  22.628 0.0000000000
77902  -60.571  -29.729  23.601 0.0000000000
76619  -60.431  -30.540  23.516 0.0000000000
75306  -59.588  -30.945  24.315 0.0000000000
76579  -58.113  -30.600  25.116 0.0000000000
38855  -23.139  -60.836  40.905 0.0000000000
40180  -22.900  -59.815  41.077 0.0000000000
38854  -22.779  -60.193  40.429 0.0000000000
38887  -23.306  -60.660  38.320 0.0000000000
38875  -22.810  -60.044  38.815 0.0000000000
38899  -22.731  -60.632  36.946 0.0000000000
34742  -23.566  -63.301  34.559 0.0000000000
34728  -23.480  -63.373  35.311 0.0000000000
33346  -22.974  -64.021  34.478 0.0000000000
34757  -22.255  -63.626  33.400 0.0000000000
36087  -27.163  -62.816  38.035 0.0000000000
36101  -27.468  -63.434  37.399 0.0000000000
36100  -27.116  -62.716  37.083 0.0000000000
37507  -25.416  -61.621  35.320 0.0000000000
37509  -26.178  -62.129  35.760 0.0000000000
37513  -25.567  -62.002  35.189 0.0000000000
34745  -26.201  -62.982  35.091 0.0000000000
40292  -22.694  -59.559  33.397 0.0000000000
40293  -23.221  -60.026  33.862 0.0000000000
38931  -23.127  -60.344  33.451 0.0000000000
37526  -22.754  -61.609  32.903 0.0000000000
36153  -23.219  -62.062  33.205 0.0000000000
34819  -18.810  -63.101  25.857 0.0000000000
34818  -18.491  -63.568  26.629 0.0000000000
40245  -32.575  -59.218  37.302 0.0000000000
40259  -32.256  -58.764  37.086 0.0000000000
42953  -30.520  -56.838  36.106 0.0000000000
42943  -30.288  -56.796  36.596 0.0000000000
42930  -29.831  -56.761  37.371 0.0000000000
44189  -29.420  -56.462  36.588 0.0000000000
46778  -28.596  -54.485  34.533 0.0000000000
44222  -29.487  -55.466  34.888 0.0000000000
45500  -28.234  -54.654  34.933 0.0000000000
46762  -26.115  -54.290  35.556 0.0000000000
46763  -26.983  -54.381  35.369 0.0000000000
45490  -26.857  -54.841  35.860 0.0000000000
45489  -25.839  -54.821  36.095 0.0000000000
45488  -24.761  -54.918  36.339 0.0000000000
47996  -21.651  -54.096  32.895 0.0000000000
46787  -21.834  -54.505  33.647 0.0000000000
45519  -21.236  -55.043  32.624 0.0000000000
45543  -21.066  -55.501  30.559 0.0000000000
49384  -22.770  -52.656  29.620 0.0000000000
49349  -22.944  -51.770  31.038 0.0000000000
46834  -22.989  -53.946  28.889 0.0000000000
46849  -22.837  -54.375  28.682 0.0000000000
45573  -23.363  -55.218  27.754 0.0000000000
46848  -21.958  -54.637  28.851 0.0000000000
45585  -23.020  -55.609  27.005 0.0000000000
41759  -23.682  -58.629  24.829 0.0000000000
44304  -22.323  -56.196  26.529 0.0000000000
43051  -22.403  -57.473  25.308 0.0000000000
44303  -21.467  -56.919  26.504 0.0000000000
43079  -21.894  -58.093  24.907 0.0000000000
59289  -44.217  -43.853  35.513 0.0000000000
60461  -44.185  -43.325  35.030 0.0000000000
59290  -44.597  -43.414  35.496 0.0000000000
60440  -45.394  -42.713  36.438 0.0000000000
56759  -43.334  -46.386  37.456 0.0000000000
56758  -42.881  -46.514  37.290 0.0000000000
58044  -43.334  -45.860  36.971 0.0000000000
58068  -42.577  -45.881  36.218 0.0000000000
58084  -42.298  -45.578  35.738 0.0000000000
59286  -41.893  -45.139  35.409 0.0000000000
58085  -42.780  -45.100  35.629 0.0000000000
65134  -49.675  -39.127  30.155 0.0000000000
65147  -50.078  -39.331  29.823 0.0000000000
65162  -50.756  -39.293  29.300 0.0000000000
66303  -51.451  -38.797  28.758 0.0000000000
66318  -51.724  -38.455  27.742 0.0000000000
67422  -53.245  -37.231  28.866 0.0000000000
40204  -31.305  -59.362  40.495 0.0000000000
40220  -32.054  -59.288  39.147 0.0000000000
40232  -31.597  -58.889  38.649 0.0000000000
69714  -45.797  -35.969  33.319 0.0000000000
69732  -46.796  -35.038  33.067 0.0000000000
70923  -47.284  -34.657  33.450 0.0000000000
70909  -48.488  -33.781  34.572 0.0000000000
44241  -38.170  -55.040  35.198 0.0000000000
150679  -38.285  -54.955  34.933 0.0000000000
150681  -38.530  -55.077  34.227 0.0000000000
46793  -38.290  -54.571  33.847 0.0000000000
52006  -33.590  -50.527  29.071 0.0000000000
52026  -33.892  -50.994  27.734 0.0000000000
52071  -33.609  -50.583  25.965 0.0000000000
52107  -33.197  -50.744  24.591 0.0000000000
52105  -31.043  -50.633  24.312 0.0000000000
52106  -31.936  -50.328  24.222 0.0000000000
61767  -35.815  -42.336  28.029 0.0000000000
62911  -34.489  -42.365  27.775 0.0000000000
61766  -35.528  -42.128  27.900 0.0000000000
62923  -34.934  -41.820  27.644 0.0000000000
76535  -58.964  -30.325  29.247 0.0000000000
76536  -59.343  -29.711  28.772 0.0000000000
76551  -59.487  -29.366  27.963 0.0000000000
34664  -25.016  -63.962  41.391 0.0000000000
36071  -25.187  -63.607  40.451 0.0000000000
34672  -25.499  -64.334  40.445 0.0000000000
34688  -26.159  -64.968  38.494 0.0000000000
34703  -26.327  -64.871  37.937 0.0000000000
41667  -21.617  -57.995  32.307 0.0000000000
41676  -21.600  -58.270  31.780 0.0000000000
40350  -20.022  -59.492  27.828 0.0000000000
40371  -19.720  -59.835  26.948 0.0000000000
40372  -20.045  -59.336  27.009 0.0000000000
40394  -19.868  -59.616  26.150 0.0000000000
40411  -20.200  -59.695  25.144 0.0000000000
48014  -30.333  -53.189  32.856 0.0000000000
48013  -29.317  -52.867  33.171 0.0000000000
49337  -28.545  -52.085  32.737 0.0000000000
50675  -27.739  -51.367  32.299 0.0000000000
50674  -26.801  -51.309  32.374 0.0000000000
62891  -39.704  -42.342  30.753 0.0000000000
62892  -40.311  -42.009  31.017 0.0000000000
62884  -41.281  -42.025  31.613 0.0000000000
63937  -44.824  -40.645  35.321 0.0000000000
63936  -44.557  -40.626  34.655 0.0000000000
63920  -44.835  -40.239  35.353 0.0000000000
65079  -44.823  -39.395  35.022 0.0000000000
66214  -44.989  -38.676  34.830 0.0000000000
67329  -45.881  -37.924  36.094 0.0000000000
67330  -46.230  -37.345  36.117 0.0000000000
50648  -40.915  -51.193  37.772 0.0000000000
50655  -40.237  -51.669  37.474 0.0000000000
51941  -40.468  -50.532  37.326 0.0000000000
51940  -39.545  -50.247  36.742 0.0000000000
55506  -39.566  -47.457  35.191 0.0000000000
54368  -38.914  -48.307  35.199 0.0000000000
55504  -38.085  -48.027  34.573 0.0000000000
54371  -36.927  -48.501  33.733 0.0000000000
54376  -36.190  -48.546  33.004 0.0000000000
55522  -35.889  -47.828  32.507 0.0000000000
55529  -34.722  -47.661  31.723 0.0000000000
56847  -35.646  -46.525  31.826 0.0000000000
59337  -40.374  -44.230  33.080 0.0000000000
59335  -39.159  -44.576  32.571 0.0000000000
59351  -39.410  -44.196  32.322 0.0000000000
60522  -39.140  -43.735  31.451 0.0000000000
60538  -38.672  -43.581  30.881 0.0000000000
60549  -38.207  -43.347  30.437 0.0000000000
61734  -39.380  -42.910  30.875 0.0000000000
37444  -26.874  -62.045  42.196 0.0000000000
37453  -26.619  -62.098  41.148 0.0000000000
38821  -26.594  -61.089  42.049 0.0000000000
40182  -26.586  -60.188  41.652 0.0000000000
41553  -26.855  -59.174  41.230 0.0000000000
42896  -28.033  -57.590  39.607 0.0000000000
42913  -27.163  -57.084  39.025 0.0000000000
44201  -24.225  -56.350  37.347 0.0000000000
45458  -24.841  -56.195  37.591 0.0000000000
45487  -23.613  -55.486  36.230 0.0000000000
63997  -41.243  -40.161  29.515 0.0000000000
65144  -41.623  -39.291  29.427 0.0000000000
66300  -41.832  -38.363  29.010 0.0000000000
68590  -44.266  -36.406  30.142 0.0000000000
70969  -48.843  -34.580  31.228 0.0000000000
71004  -48.402  -35.163  29.957 0.0000000000
70990  -50.055  -35.513  30.512 0.0000000000
69764  -50.501  -35.976  30.522 0.0000000000
68578  -50.164  -36.736  29.937 0.0000000000
68565  -51.041  -36.812  30.945 0.0000000000
68566  -51.281  -37.085  31.287 0.0000000000
40278  -36.447  -59.349  35.529 0.0000000000
38921  -36.041  -59.723  35.594 0.0000000000
38928  -36.063  -59.812  35.351 0.0000000000
40288  -36.521  -59.830  34.673 0.0000000000
40295  -35.720  -59.632  33.356 0.0000000000
42989  -36.350  -57.284  31.981 0.0000000000
42983  -36.100  -57.964  32.155 0.0000000000
44256  -35.776  -56.954  31.879 0.0000000000
45522  -33.382  -56.224  32.049 0.0000000000
45532  -33.012  -55.159  31.116 0.0000000000
46821  -32.674  -54.315  30.478 0.0000000000
49316  -37.227  -52.702  34.230 0.0000000000
47992  -37.246  -53.208  33.718 0.0000000000
49342  -36.856  -53.381  32.568 0.0000000000
49408  -34.637  -52.578  27.800 0.0000000000
48080  -35.097  -52.904  28.644 0.0000000000
49407  -33.975  -52.876  27.922 0.0000000000
48093  -33.337  -52.849  27.798 0.0000000000
48092  -32.797  -52.984  28.107 0.0000000000
48077  -32.496  -53.205  28.765 0.0000000000
49405  -31.696  -52.837  28.483 0.0000000000
50744  -30.783  -51.900  28.228 0.0000000000
42947  -34.249  -57.573  36.851 0.0000000000
44206  -34.014  -56.679  36.251 0.0000000000
46741  -37.350  -53.730  37.230 0.0000000000
46742  -37.789  -53.930  37.493 0.0000000000
47950  -37.566  -53.724  38.278 0.0000000000
62713  -47.289  -41.475  41.061 0.0000000000
63837  -47.296  -40.459  40.435 0.0000000000
64973  -47.396  -39.234  40.923 0.0000000000
66140  -47.509  -38.266  41.084 0.0000000000
70812  -46.429  -35.200  40.774 0.0000000000
73560  -46.580  -33.418  39.822 0.0000000000
73561  -46.922  -32.764  39.520 0.0000000000
76288  -51.032  -30.866  40.084 0.0000000000
76287  -50.573  -31.183  40.358 0.0000000000
73545  -50.043  -31.713  40.272 0.0000000000
73562  -49.682  -31.661  39.510 0.0000000000
73601  -50.153  -32.428  37.954 0.0000000000
72186  -50.898  -32.623  37.660 0.0000000000
72187  -51.770  -33.438  37.439 0.0000000000
70871  -53.546  -34.494  36.433 0.0000000000
70870  -53.108  -34.878  36.531 0.0000000000
69674  -53.509  -35.287  36.007 0.0000000000
68522  -53.634  -35.860  35.210 0.0000000000
68533  -53.483  -36.366  34.299 0.0000000000
67342  -53.095  -36.937  33.636 0.0000000000
67343  -53.485  -36.809  33.781 0.0000000000
67356  -53.714  -37.083  33.552 0.0000000000
67369  -54.063  -37.281  32.961 0.0000000000
76428  -56.101  -30.142  34.068 0.0000000000
75127  -56.332  -30.577  34.071 0.0000000000
150967  -56.522  -30.899  33.994 0.0000000000
72275  -56.756  -32.721  31.776 0.0000000000
70953  -56.632  -33.136  31.639 0.0000000000
70952  -56.416  -33.575  31.551 0.0000000000
68568  -55.319  -35.460  31.980 0.0000000000
69751  -55.595  -34.930  31.517 0.0000000000
69780  -55.166  -35.060  30.160 0.0000000000
68609  -54.326  -36.021  29.433 0.0000000000
71015  -55.208  -34.510  29.602 0.0000000000
71016  -55.587  -33.808  29.171 0.0000000000
69795  -58.043  -34.758  27.882 0.0000000000
79039  -60.253  -28.693  25.357 0.0000000000
79060  -60.448  -28.959  24.841 0.0000000000
77890  -60.367  -29.401  24.598 0.0000000000
42855  -23.436  -57.893  41.380 0.0000000000
37471  -23.783  -61.352  38.691 0.0000000000
37478  -23.830  -61.387  37.759 0.0000000000
37493  -23.703  -61.588  36.723 0.0000000000
36124  -24.140  -63.076  35.486 0.0000000000
37473  -26.224  -61.655  37.235 0.0000000000
37481  -26.590  -62.174  36.791 0.0000000000
38888  -25.665  -61.298  36.549 0.0000000000
38901  -25.179  -60.838  35.906 0.0000000000
38916  -24.963  -60.987  35.433 0.0000000000
38945  -21.640  -60.590  31.668 0.0000000000
37535  -21.379  -61.674  32.038 0.0000000000
36151  -21.759  -62.569  32.723 0.0000000000
36172  -19.658  -63.183  30.336 0.0000000000
34797  -18.785  -63.751  29.454 0.0000000000
34804  -18.554  -63.789  28.603 0.0000000000
33389  -18.232  -64.499  27.166 0.0000000000
41644  -32.637  -58.462  35.710 0.0000000000
41632  -31.856  -58.310  36.602 0.0000000000
42945  -31.593  -57.785  36.140 0.0000000000
47991  -26.608  -53.395  34.651 0.0000000000
47990  -25.819  -53.356  34.666 0.0000000000
47989  -24.906  -53.270  34.641 0.0000000000
47977  -24.678  -53.708  35.069 0.0000000000
47976  -24.216  -53.935  35.287 0.0000000000
47988  -23.773  -53.427  34.623 0.0000000000
47997  -22.011  -53.635  33.327 0.0000000000
48010  -21.637  -53.920  32.460 0.0000000000
41736  -25.071  -58.269  26.101 0.0000000000
43033  -23.979  -57.020  26.098 0.0000000000
60512  -42.107  -43.199  32.710 0.0000000000
60496  -43.102  -43.122  33.439 0.0000000000
61689  -43.713  -42.620  34.147 0.0000000000
61690  -44.092  -42.095  34.245 0.0000000000
61691  -44.645  -41.953  35.100 0.0000000000
62849  -44.881  -41.143  35.422 0.0000000000
63900  -45.682  -40.118  36.471 0.0000000000
65050  -46.192  -39.596  37.018 0.0000000000
53188  -42.653  -48.720  37.577 0.0000000000
53187  -42.080  -48.995  37.528 0.0000000000
55466  -40.847  -47.791  36.646 0.0000000000
56780  -42.066  -46.657  36.578 0.0000000000
55491  -41.103  -46.803  36.043 0.0000000000
55490  -40.478  -47.321  35.848 0.0000000000
55507  -40.033  -46.866  35.268 0.0000000000
56806  -39.105  -46.777  34.653 0.0000000000
56823  -38.646  -46.408  33.977 0.0000000000
56838  -38.270  -46.046  33.267 0.0000000000
58115  -39.423  -45.405  33.650 0.0000000000
59318  -40.035  -44.781  33.507 0.0000000000
59304  -41.615  -44.797  34.926 0.0000000000
58117  -40.757  -44.762  34.013 0.0000000000
59319  -40.545  -44.432  33.463 0.0000000000
60493  -40.945  -44.013  33.481 0.0000000000
60494  -41.452  -43.786  33.345 0.0000000000
67437  -52.147  -38.059  27.711 0.0000000000
38841  -30.292  -59.850  42.022 0.0000000000
40184  -28.593  -59.504  42.010 0.0000000000
40185  -29.700  -59.573  41.861 0.0000000000
41556  -29.685  -59.154  41.287 0.0000000000
41575  -29.776  -58.916  40.583 0.0000000000
40218  -30.867  -59.014  40.075 0.0000000000
41593  -28.775  -57.919  39.745 0.0000000000
42897  -28.989  -57.642  39.189 0.0000000000
44169  -28.080  -56.648  37.802 0.0000000000
66257  -44.037  -38.875  31.590 0.0000000000
66272  -43.739  -38.663  31.133 0.0000000000
67389  -43.922  -38.148  31.103 0.0000000000
68576  -44.276  -37.114  31.206 0.0000000000
68564  -44.980  -36.455  31.947 0.0000000000
68591  -45.033  -35.920  30.347 0.0000000000
69775  -45.681  -35.712  29.920 0.0000000000
69788  -45.889  -35.617  29.019 0.0000000000
70968  -47.711  -34.766  31.427 0.0000000000
44229  -37.362  -56.543  34.477 0.0000000000
41657  -37.745  -58.087  34.404 0.0000000000
41664  -38.147  -58.037  33.940 0.0000000000
41673  -38.190  -57.724  33.384 0.0000000000
42985  -37.808  -57.410  32.708 0.0000000000
44240  -38.415  -55.979  33.899 0.0000000000
42991  -37.265  -57.479  32.296 0.0000000000
44258  -37.233  -56.917  32.151 0.0000000000
45536  -36.363  -56.142  31.542 0.0000000000
45548  -36.161  -55.431  31.267 0.0000000000
50677  -35.530  -51.743  32.253 0.0000000000
49340  -35.680  -52.319  31.440 0.0000000000
50747  -35.122  -52.213  28.240 0.0000000000
50745  -34.410  -51.445  27.157 0.0000000000
50746  -34.992  -51.820  27.689 0.0000000000
49427  -34.467  -52.175  26.734 0.0000000000
49446  -32.827  -52.143  26.554 0.0000000000
50797  -30.702  -51.444  26.099 0.0000000000
52089  -30.332  -51.105  25.545 0.0000000000
52103  -29.539  -50.609  25.197 0.0000000000
53333  -28.764  -50.250  24.827 0.0000000000
59389  -33.676  -44.441  28.150 0.0000000000
59388  -33.077  -44.689  27.946 0.0000000000
59408  -33.144  -44.411  27.791 0.0000000000
60571  -33.221  -43.886  27.552 0.0000000000
60570  -32.534  -43.458  27.089 0.0000000000
61765  -33.807  -42.652  27.575 0.0000000000
61763  -32.737  -42.793  26.929 0.0000000000
75055  -51.767  -31.671  39.171 0.0000000000
70824  -52.324  -33.978  38.726 0.0000000000
72150  -53.364  -33.724  38.535 0.0000000000
72151  -54.022  -33.834  38.488 0.0000000000
72171  -54.146  -33.823  37.916 0.0000000000
73618  -53.516  -32.123  37.096 0.0000000000
72214  -53.588  -32.919  36.814 0.0000000000
72190  -53.576  -33.739  37.113 0.0000000000
78901  -57.515  -28.752  32.454 0.0000000000
77738  -58.049  -29.156  33.255 0.0000000000
78902  -57.693  -28.980  32.806 0.0000000000
76468  -57.702  -29.537  32.720 0.0000000000
75187  -57.936  -30.533  31.353 0.0000000000
72310  -57.278  -32.885  30.461 0.0000000000
72334  -56.965  -33.323  29.981 0.0000000000
72336  -58.245  -32.775  29.566 0.0000000000
75282  -58.247  -31.297  27.345 0.0000000000
80262  -59.965  -28.015  22.492 0.0000000000
77936  -60.285  -29.680  21.983 0.0000000000
41538  -24.262  -58.885  42.949 0.0000000000
40164  -23.940  -59.878  42.658 0.0000000000
38839  -23.272  -60.751  41.670 0.0000000000
37457  -23.677  -61.651  40.594 0.0000000000
36070  -24.694  -62.866  40.668 0.0000000000
37465  -24.278  -62.086  40.025 0.0000000000
37472  -24.391  -62.003  39.082 0.0000000000
36098  -25.027  -62.746  37.515 0.0000000000
34730  -25.923  -63.484  35.518 0.0000000000
41642  -23.303  -58.910  35.788 0.0000000000
40272  -23.784  -59.783  35.171 0.0000000000
41651  -23.311  -59.379  34.921 0.0000000000
40299  -22.392  -59.517  32.484 0.0000000000
40305  -21.712  -59.431  31.360 0.0000000000
38954  -21.226  -60.244  30.756 0.0000000000
37589  -19.276  -61.319  28.117 0.0000000000
37596  -18.980  -61.284  26.965 0.0000000000
39013  -19.337  -60.476  26.398 0.0000000000
45503  -30.375  -55.574  34.398 0.0000000000
46789  -28.399  -53.806  34.238 0.0000000000
48012  -28.622  -52.686  33.461 0.0000000000
48003  -28.099  -52.879  34.072 0.0000000000
46788  -27.810  -53.434  34.404 0.0000000000
49324  -26.290  -52.441  33.619 0.0000000000
49323  -25.256  -52.486  33.742 0.0000000000
49332  -23.402  -52.007  32.479 0.0000000000
62926  -37.808  -41.115  28.063 0.0000000000
62903  -40.377  -41.370  30.082 0.0000000000
62904  -41.004  -40.842  30.002 0.0000000000
63988  -42.208  -40.149  30.713 0.0000000000
65117  -42.784  -39.777  31.122 0.0000000000
65118  -43.448  -39.351  31.365 0.0000000000
61716  -43.035  -42.097  32.828 0.0000000000
62874  -42.737  -41.759  32.503 0.0000000000
62876  -43.719  -40.928  33.231 0.0000000000
63966  -43.364  -40.512  32.700 0.0000000000
65103  -43.563  -39.787  32.062 0.0000000000
67364  -44.672  -37.904  33.251 0.0000000000
67365  -45.046  -37.196  33.437 0.0000000000
46745  -39.828  -53.478  37.086 0.0000000000
46744  -39.244  -53.655  36.525 0.0000000000
49310  -38.437  -52.572  35.747 0.0000000000
50659  -39.182  -51.750  36.646 0.0000000000
50668  -36.709  -51.981  34.041 0.0000000000
53184  -39.461  -49.294  36.347 0.0000000000
51946  -38.983  -49.839  36.420 0.0000000000
53196  -38.450  -48.775  35.262 0.0000000000
53190  -38.281  -49.925  35.621 0.0000000000
51949  -37.415  -50.400  34.790 0.0000000000
50666  -35.570  -51.014  33.066 0.0000000000
51969  -34.851  -50.843  31.901 0.0000000000
51987  -34.205  -50.680  30.538 0.0000000000
53211  -34.478  -49.683  31.303 0.0000000000
51986  -33.760  -50.348  29.980 0.0000000000
53261  -33.180  -50.270  28.421 0.0000000000
53260  -32.584  -49.611  28.297 0.0000000000
53279  -32.102  -49.472  26.741 0.0000000000
54438  -32.041  -49.098  27.721 0.0000000000
54421  -32.214  -48.609  28.586 0.0000000000
55573  -32.378  -47.392  28.771 0.0000000000
56859  -33.754  -46.942  30.058 0.0000000000
55574  -33.121  -47.083  29.199 0.0000000000
56893  -33.092  -46.356  28.740 0.0000000000
58173  -34.216  -45.691  29.426 0.0000000000
58193  -34.424  -45.308  29.212 0.0000000000
56837  -37.698  -46.119  32.712 0.0000000000
56849  -37.161  -46.019  31.989 0.0000000000
58146  -36.765  -45.357  31.381 0.0000000000
58148  -38.231  -44.759  32.157 0.0000000000
58161  -36.130  -45.097  30.661 0.0000000000
58175  -35.497  -45.154  30.212 0.0000000000
59373  -35.178  -44.719  29.380 0.0000000000
59390  -34.674  -44.635  28.950 0.0000000000
59391  -35.297  -44.381  29.217 0.0000000000
60558  -35.502  -43.715  28.875 0.0000000000
60559  -36.107  -43.415  29.015 0.0000000000
61742  -36.883  -42.842  29.120 0.0000000000
61755  -36.314  -42.708  28.535 0.0000000000
62913  -36.981  -42.123  28.273 0.0000000000
78997  -59.614  -28.286  27.197 0.0000000000
80168  -59.418  -27.898  26.521 0.0000000000
80169  -59.799  -28.165  26.082 0.0000000000
80204  -59.737  -28.008  24.500 0.0000000000
80220  -60.005  -27.976  23.618 0.0000000000
80238  -59.669  -27.390  22.674 0.0000000000
81417  -59.323  -25.887  22.561 0.0000000000
81435  -59.397  -26.379  22.492 0.0000000000
81454  -59.481  -26.462  21.883 0.0000000000
81453  -58.757  -26.402  21.256 0.0000000000
83874  -58.448  -24.967  21.668 0.0000000000
82682  -58.196  -25.577  21.368 0.0000000000
33253  -27.985  -65.090  39.308 0.0000000000
33264  -28.303  -65.086  38.265 0.0000000000
36081  -27.845  -63.768  39.264 0.0000000000
37466  -26.668  -62.058  38.829 0.0000000000
37459  -26.705  -62.091  39.967 0.0000000000
40230  -25.152  -59.866  37.995 0.0000000000
40242  -24.698  -59.677  37.301 0.0000000000
41572  -26.362  -58.648  40.426 0.0000000000
42875  -26.737  -58.094  40.255 0.0000000000
42874  -26.377  -58.263  40.184 0.0000000000
41591  -25.625  -58.822  39.669 0.0000000000
41606  -25.122  -58.870  38.894 0.0000000000
41617  -24.439  -59.005  37.816 0.0000000000
41630  -24.121  -59.056  37.157 0.0000000000
42941  -23.730  -58.254  36.971 0.0000000000
42951  -22.749  -58.177  35.611 0.0000000000
42961  -22.307  -57.812  34.931 0.0000000000
44211  -23.307  -56.602  36.299 0.0000000000
44210  -22.789  -57.150  35.644 0.0000000000
42972  -21.922  -57.470  33.908 0.0000000000
42979  -21.261  -57.267  32.400 0.0000000000
64014  -38.479  -40.497  27.839 0.0000000000
65169  -39.018  -39.457  27.270 0.0000000000
65156  -40.169  -39.665  28.194 0.0000000000
65186  -39.426  -38.823  26.908 0.0000000000
66288  -42.669  -38.379  30.099 0.0000000000
67403  -42.441  -38.099  29.326 0.0000000000
68602  -42.844  -37.361  28.793 0.0000000000
67417  -42.208  -37.815  28.731 0.0000000000
67416  -41.469  -37.902  28.444 0.0000000000
71005  -48.552  -35.354  29.712 0.0000000000
68594  -50.138  -37.557  30.219 0.0000000000
67390  -50.061  -38.315  30.615 0.0000000000
66273  -49.938  -38.636  30.539 0.0000000000
65135  -50.214  -39.151  30.653 0.0000000000
65136  -50.805  -39.149  30.830 0.0000000000
38891  -34.182  -59.624  37.398 0.0000000000
38890  -33.641  -59.681  37.052 0.0000000000
38903  -33.272  -59.260  36.427 0.0000000000
38919  -34.745  -59.775  35.344 0.0000000000
38918  -34.259  -59.527  35.455 0.0000000000
40274  -33.261  -58.869  35.869 0.0000000000
41645  -33.334  -58.729  35.286 0.0000000000
42956  -32.585  -57.994  34.969 0.0000000000
42963  -32.346  -57.378  34.692 0.0000000000
40302  -37.243  -59.642  33.387 0.0000000000
40301  -36.759  -59.598  32.983 0.0000000000
41662  -35.226  -59.109  33.253 0.0000000000
42982  -35.002  -58.072  32.586 0.0000000000
41669  -35.037  -58.675  33.047 0.0000000000
41661  -34.655  -58.841  33.556 0.0000000000
42965  -33.784  -58.220  33.918 0.0000000000
44226  -32.698  -57.080  34.154 0.0000000000
44225  -32.103  -56.705  34.262 0.0000000000
44237  -31.955  -56.082  33.721 0.0000000000
46792  -31.248  -54.793  33.313 0.0000000000
46800  -32.301  -54.974  32.238 0.0000000000
46799  -31.704  -54.357  32.504 0.0000000000
46798  -31.048  -53.757  32.960 0.0000000000
49339  -30.247  -52.587  32.120 0.0000000000
49351  -29.728  -52.066  31.605 0.0000000000
150676  -38.367  -54.148  34.967 0.0000000000
48018  -37.639  -54.546  32.535 0.0000000000
46812  -37.306  -55.013  31.588 0.0000000000
46826  -36.670  -55.114  31.213 0.0000000000
49354  -35.895  -52.577  30.698 0.0000000000
49355  -36.360  -53.232  30.557 0.0000000000
49370  -36.226  -53.325  29.751 0.0000000000
48062  -36.015  -53.622  29.606 0.0000000000
48041  -36.442  -53.992  30.362 0.0000000000
46841  -35.991  -54.154  30.035 0.0000000000
46824  -35.204  -54.243  30.382 0.0000000000
46822  -33.392  -54.539  30.288 0.0000000000
48038  -32.272  -53.667  30.272 0.0000000000
48076  -32.007  -53.161  29.192 0.0000000000
48057  -31.979  -53.211  29.850 0.0000000000
48037  -31.847  -53.412  30.633 0.0000000000
49367  -30.924  -52.102  30.424 0.0000000000
50690  -29.601  -51.559  30.946 0.0000000000
50705  -28.268  -50.783  30.777 0.0000000000
59406  -31.769  -44.863  27.111 0.0000000000
59230  -45.927  -44.276  38.474 0.0000000000
59250  -45.784  -43.654  37.845 0.0000000000
60387  -46.482  -43.517  39.649 0.0000000000
61603  -46.545  -42.814  39.962 0.0000000000
40155  -24.473  -60.015  43.728 0.0000000000
38803  -24.206  -60.755  43.268 0.0000000000
37429  -24.012  -61.489  43.221 0.0000000000
37430  -24.507  -61.747  43.973 0.0000000000
36054  -24.130  -62.842  42.677 0.0000000000
34657  -24.603  -63.671  42.417 0.0000000000
33238  -25.442  -64.962  41.637 0.0000000000
31753  -25.957  -65.608  41.145 0.0000000000
31754  -26.468  -65.536  41.517 0.0000000000
31761  -27.185  -65.446  40.801 0.0000000000
34667  -26.831  -64.151  41.858 0.0000000000
34658  -26.865  -63.376  42.375 0.0000000000
36056  -27.225  -62.747  42.979 0.0000000000
37445  -27.240  -62.152  42.842 0.0000000000
38805  -27.884  -61.465  43.374 0.0000000000
38806  -28.255  -61.154  43.553 0.0000000000
38823  -28.684  -60.350  43.219 0.0000000000
38824  -30.031  -60.267  42.601 0.0000000000
38843  -31.629  -59.787  41.320 0.0000000000
38881  -33.791  -59.460  38.457 0.0000000000
40234  -34.074  -59.112  38.797 0.0000000000
40246  -34.346  -59.327  37.842 0.0000000000
40247  -34.840  -59.130  37.200 0.0000000000
41635  -35.908  -58.828  36.239 0.0000000000
42948  -35.120  -57.970  36.492 0.0000000000
41646  -35.648  -58.420  36.163 0.0000000000
42959  -36.226  -58.159  35.353 0.0000000000
42967  -36.385  -57.673  34.884 0.0000000000
44228  -36.691  -56.694  34.571 0.0000000000
45504  -36.256  -55.790  34.682 0.0000000000
45495  -37.792  -55.425  34.888 0.0000000000
46753  -37.754  -54.641  36.278 0.0000000000
46754  -38.059  -54.644  36.437 0.0000000000
45483  -38.205  -54.710  36.230 0.0000000000
45449  -39.680  -54.249  37.404 0.0000000000
46699  -39.821  -54.064  39.530 0.0000000000
46714  -39.914  -54.162  38.868 0.0000000000
46731  -40.028  -54.172  38.167 0.0000000000
46732  -40.155  -53.683  37.768 0.0000000000
49283  -41.859  -52.076  39.181 0.0000000000
49297  -41.691  -52.134  38.821 0.0000000000
50649  -41.466  -51.428  38.213 0.0000000000
53180  -42.965  -49.313  37.952 0.0000000000
53170  -43.285  -49.596  38.906 0.0000000000
53171  -43.629  -48.887  38.564 0.0000000000
53181  -43.438  -48.606  38.035 0.0000000000
54320  -43.475  -48.107  37.804 0.0000000000
56760  -44.108  -46.462  37.890 0.0000000000
58046  -44.765  -45.460  37.769 0.0000000000
60419  -45.949  -42.916  37.792 0.0000000000
61636  -45.950  -42.019  37.622 0.0000000000
62767  -46.363  -41.569  38.282 0.0000000000
63852  -46.967  -40.586  39.362 0.0000000000
62784  -46.501  -40.903  38.219 0.0000000000
63880  -46.502  -40.487  37.974 0.0000000000
63879  -46.303  -40.187  37.468 0.0000000000
65032  -46.524  -39.398  37.831 0.0000000000
68466  -47.529  -37.085  41.567 0.0000000000
67281  -47.332  -37.702  40.900 0.0000000000
68477  -46.873  -37.098  40.961 0.0000000000
67294  -46.749  -37.771  39.968 0.0000000000
67301  -46.689  -38.008  38.906 0.0000000000
67316  -46.524  -37.550  37.028 0.0000000000
68507  -46.353  -36.599  36.806 0.0000000000
70838  -46.572  -34.982  38.452 0.0000000000
69671  -46.354  -35.616  36.537 0.0000000000
70867  -46.529  -34.639  36.299 0.0000000000
75051  -47.475  -32.186  39.313 0.0000000000
75053  -48.979  -31.645  39.202 0.0000000000
75066  -47.765  -31.894  38.491 0.0000000000
73598  -47.542  -32.269  37.649 0.0000000000
72184  -46.914  -32.905  36.927 0.0000000000
72208  -47.640  -33.063  36.382 0.0000000000
72229  -47.404  -33.649  35.677 0.0000000000
70890  -47.719  -33.855  35.119 0.0000000000
70891  -48.278  -33.600  35.291 0.0000000000
72244  -49.329  -33.514  34.928 0.0000000000
72260  -50.244  -33.960  33.789 0.0000000000
72261  -50.527  -34.106  33.706 0.0000000000
70911  -51.310  -34.452  33.712 0.0000000000
69643  -52.152  -34.448  38.519 0.0000000000
70851  -52.303  -33.925  37.752 0.0000000000
70869  -52.641  -34.766  36.099 0.0000000000
70868  -52.191  -34.501  35.600 0.0000000000
70893  -51.886  -34.583  34.925 0.0000000000
70912  -51.924  -34.729  33.980 0.0000000000
70927  -51.737  -35.153  32.870 0.0000000000
69735  -52.154  -36.132  32.575 0.0000000000
68554  -51.863  -37.224  32.175 0.0000000000
67366  -51.922  -37.788  32.731 0.0000000000
67354  -52.587  -37.465  33.218 0.0000000000
67353  -51.812  -37.948  33.059 0.0000000000
66276  -52.386  -38.400  31.187 0.0000000000
70914  -54.662  -34.147  34.369 0.0000000000
76449  -57.376  -29.890  33.143 0.0000000000
150966  -56.779  -30.983  33.299 0.0000000000
150962  -56.505  -31.378  33.482 0.0000000000
150964  -56.352  -32.598  32.972 0.0000000000
72248  -55.938  -32.852  33.416 0.0000000000
70915  -55.386  -33.854  33.559 0.0000000000
69704  -54.783  -34.984  33.805 0.0000000000
68567  -54.899  -36.159  32.019 0.0000000000
67394  -53.338  -38.008  31.345 0.0000000000
67393  -52.852  -38.163  31.048 0.0000000000
67407  -52.848  -38.056  30.541 0.0000000000
69792  -54.198  -35.916  29.147 0.0000000000
68625  -53.459  -36.591  28.177 0.0000000000
72365  -56.380  -33.482  29.459 0.0000000000
69808  -55.587  -34.910  27.514 0.0000000000
78998  -59.736  -28.705  27.657 0.0000000000
76564  -59.415  -29.385  27.527 0.0000000000
77848  -59.592  -29.198  26.841 0.0000000000
75281  -57.840  -31.206  26.621 0.0000000000
75331  -60.194  -30.967  23.915 0.0000000000
75307  -60.002  -30.601  24.410 0.0000000000
76603  -59.565  -30.295  24.824 0.0000000000
41537  -23.779  -58.933  42.287 0.0000000000
41552  -23.290  -59.002  41.248 0.0000000000
42873  -23.064  -58.573  40.790 0.0000000000
38865  -22.728  -60.105  39.654 0.0000000000
37492  -22.530  -61.435  36.029 0.0000000000
34715  -22.927  -63.088  35.705 0.0000000000
33280  -27.998  -65.037  37.756 0.0000000000
33297  -27.424  -64.417  37.354 0.0000000000
33296  -27.009  -64.137  36.593 0.0000000000
36116  -26.786  -62.836  36.257 0.0000000000
34718  -26.955  -63.512  36.345 0.0000000000
33314  -26.685  -63.623  36.091 0.0000000000
33313  -26.448  -63.538  35.816 0.0000000000
34744  -25.433  -63.076  34.886 0.0000000000
40283  -23.607  -60.031  34.437 0.0000000000
38924  -24.023  -60.614  34.384 0.0000000000
38933  -24.184  -61.052  34.205 0.0000000000
38937  -22.767  -60.559  32.909 0.0000000000
38938  -23.286  -60.767  33.328 0.0000000000
37519  -24.448  -61.477  34.393 0.0000000000
36134  -24.757  -62.543  34.595 0.0000000000
36133  -24.143  -62.813  34.471 0.0000000000
36142  -22.927  -63.043  33.577 0.0000000000
34768  -22.044  -63.085  33.019 0.0000000000
36211  -18.500  -62.956  27.281 0.0000000000
38879  -32.951  -59.555  37.643 0.0000000000
40244  -32.009  -58.917  37.707 0.0000000000
41609  -31.443  -58.499  37.966 0.0000000000
41631  -31.297  -57.936  36.973 0.0000000000
42916  -30.448  -57.477  37.823 0.0000000000
42929  -28.889  -56.793  37.862 0.0000000000
44223  -30.074  -55.714  34.881 0.0000000000
44212  -29.381  -55.793  35.451 0.0000000000
45491  -27.845  -54.987  35.401 0.0000000000
45478  -28.140  -55.533  35.757 0.0000000000
44203  -28.651  -55.938  36.127 0.0000000000
44202  -27.919  -55.881  36.675 0.0000000000
45461  -27.236  -55.619  36.753 0.0000000000
45460  -26.504  -55.653  37.119 0.0000000000
45475  -25.659  -55.323  36.754 0.0000000000
46759  -23.330  -54.954  35.653 0.0000000000
46774  -23.717  -54.038  35.208 0.0000000000
46773  -23.012  -54.453  35.100 0.0000000000
45498  -22.257  -55.416  34.708 0.0000000000
44245  -20.976  -55.990  32.290 0.0000000000
44253  -20.948  -56.346  31.379 0.0000000000
50686  -26.188  -50.921  31.605 0.0000000000
50685  -25.235  -50.922  31.651 0.0000000000
50702  -23.276  -51.192  30.042 0.0000000000
50684  -24.019  -51.027  31.480 0.0000000000
50671  -24.198  -51.564  32.342 0.0000000000
48036  -21.948  -53.213  30.573 0.0000000000
48035  -21.674  -53.673  30.999 0.0000000000
46818  -21.412  -54.373  30.827 0.0000000000
46832  -21.389  -54.848  29.708 0.0000000000
45584  -22.413  -55.733  26.979 0.0000000000
44288  -22.058  -55.882  27.034 0.0000000000
46857  -21.516  -55.532  28.518 0.0000000000
45561  -21.230  -55.906  28.778 0.0000000000
44277  -21.114  -56.567  28.384 0.0000000000
43005  -20.881  -57.288  28.000 0.0000000000
41735  -20.939  -58.037  25.890 0.0000000000
40412  -20.786  -59.668  24.529 0.0000000000
31747  -25.812  -65.395  42.225 0.0000000000
31759  -26.044  -65.652  40.543 0.0000000000
31760  -26.528  -65.547  40.240 0.0000000000
31772  -27.953  -65.241  39.013 0.0000000000
31786  -27.295  -65.405  38.193 0.0000000000
31787  -27.612  -65.389  38.590 0.0000000000
31788  -27.926  -65.307  38.690 0.0000000000
31803  -27.593  -65.225  37.883 0.0000000000
31804  -27.820  -65.358  38.139 0.0000000000
31805  -27.914  -65.361  38.373 0.0000000000
33243  -25.787  -65.227  40.706 0.0000000000
33250  -25.979  -65.077  39.996 0.0000000000
33252  -27.597  -64.965  40.150 0.0000000000
33265  -28.175  -65.089  38.723 0.0000000000
33279  -26.998  -64.893  37.494 0.0000000000
33281  -28.115  -65.265  38.280 0.0000000000
34666  -26.857  -63.500  41.580 0.0000000000
34671  -25.104  -63.690  40.752 0.0000000000
34678  -25.929  -64.600  39.258 0.0000000000
34679  -26.197  -65.175  38.847 0.0000000000
34680  -27.971  -64.563  39.470 0.0000000000
34681  -28.148  -64.932  39.074 0.0000000000
34689  -28.179  -64.559  38.504 0.0000000000
34690  -28.225  -64.806  38.867 0.0000000000
34704  -27.773  -64.205  37.658 0.0000000000
34719  -27.419  -63.861  36.921 0.0000000000
34805  -18.662  -63.320  28.874 0.0000000000
34811  -18.386  -63.721  27.637 0.0000000000
36045  -23.749  -62.143  42.812 0.0000000000
36053  -23.721  -62.235  42.055 0.0000000000
36055  -26.892  -62.795  42.278 0.0000000000
36069  -24.106  -62.191  40.780 0.0000000000
36073  -27.618  -63.934  39.904 0.0000000000
36078  -24.989  -62.714  39.525 0.0000000000
36099  -25.591  -63.529  37.875 0.0000000000
36126  -26.029  -62.378  35.344 0.0000000000
36127  -26.261  -62.581  35.498 0.0000000000
36135  -25.781  -62.484  35.094 0.0000000000
36136  -26.134  -62.736  35.178 0.0000000000
36212  -18.754  -62.362  26.480 0.0000000000
37480  -26.118  -61.692  36.634 0.0000000000
37496  -26.394  -62.181  36.104 0.0000000000
37508  -25.851  -61.960  35.527 0.0000000000
37518  -24.052  -61.539  33.897 0.0000000000
37576  -19.707  -61.056  28.747 0.0000000000
38820  -23.697  -60.660  42.541 0.0000000000
38838  -22.901  -60.199  41.086 0.0000000000
38866  -23.208  -60.754  40.102 0.0000000000
38877  -25.636  -61.076  37.352 0.0000000000
38878  -26.047  -61.350  37.862 0.0000000000
38902  -25.513  -61.203  36.075 0.0000000000
38917  -25.407  -61.336  35.650 0.0000000000
38925  -24.495  -60.920  34.744 0.0000000000
38926  -35.211  -59.926  34.700 0.0000000000
38962  -20.640  -60.604  30.108 0.0000000000
39007  -19.831  -59.894  27.460 0.0000000000
40166  -26.718  -60.551  42.088 0.0000000000
40200  -25.810  -59.321  39.825 0.0000000000
40202  -30.072  -59.273  41.246 0.0000000000
40205  -31.836  -59.117  39.976 0.0000000000
40229  -24.770  -59.399  37.813 0.0000000000
40256  -23.977  -59.715  35.809 0.0000000000
40261  -33.404  -59.168  36.083 0.0000000000
40263  -36.204  -59.069  36.052 0.0000000000
40277  -35.963  -59.590  35.818 0.0000000000
40279  -37.070  -59.040  35.244 0.0000000000
40284  -24.084  -60.319  34.796 0.0000000000
40287  -35.747  -59.953  34.248 0.0000000000
40296  -36.625  -59.975  33.690 0.0000000000
40300  -36.190  -59.328  32.858 0.0000000000
40306  -22.157  -59.513  31.950 0.0000000000
40393  -19.560  -60.071  26.711 0.0000000000
41551  -22.940  -59.436  40.946 0.0000000000
41570  -22.964  -59.043  40.811 0.0000000000
41571  -25.897  -59.025  40.133 0.0000000000
41592  -25.973  -58.604  40.037 0.0000000000
41618  -31.089  -57.983  37.606 0.0000000000
41633  -32.334  -58.487  36.298 0.0000000000
41643  -32.042  -58.204  36.091 0.0000000000
41647  -36.253  -58.626  35.744 0.0000000000
41650  -22.802  -58.738  35.014 0.0000000000
41652  -33.052  -58.377  34.898 0.0000000000
41654  -34.287  -58.992  34.143 0.0000000000
41655  -36.655  -58.391  35.293 0.0000000000
41684  -20.429  -59.010  29.153 0.0000000000
41734  -20.523  -58.532  26.321 0.0000000000
41758  -20.991  -58.354  25.495 0.0000000000
41784  -20.652  -59.250  24.921 0.0000000000
42825  -24.259  -58.305  43.516 0.0000000000
42839  -24.295  -58.427  43.000 0.0000000000
42895  -26.928  -57.571  39.776 0.0000000000
42911  -25.296  -57.895  39.035 0.0000000000
42928  -24.111  -58.152  37.705 0.0000000000
42975  -34.677  -58.393  33.090 0.0000000000
42980  -21.603  -57.548  33.131 0.0000000000
42990  -36.808  -57.433  32.089 0.0000000000
43014  -20.595  -58.042  26.881 0.0000000000
43015  -20.900  -57.337  27.107 0.0000000000
43031  -20.667  -58.076  26.489 0.0000000000
43050  -21.480  -57.730  25.585 0.0000000000
44108  -23.608  -57.145  42.274 0.0000000000
44121  -23.408  -57.263  41.549 0.0000000000
44236  -31.401  -55.680  33.854 0.0000000000
44248  -34.870  -57.292  32.152 0.0000000000
44263  -21.019  -56.541  30.309 0.0000000000
44305  -23.521  -56.225  26.566 0.0000000000
44319  -21.451  -57.299  26.047 0.0000000000
44320  -21.977  -56.971  25.879 0.0000000000
44321  -22.956  -56.808  25.844 0.0000000000
45501  -28.870  -55.118  34.942 0.0000000000
45506  -37.473  -55.731  34.637 0.0000000000
45510  -21.799  -55.287  33.880 0.0000000000
45520  -32.168  -55.102  32.551 0.0000000000
45531  -21.032  -55.252  31.612 0.0000000000
45544  -33.153  -54.808  30.628 0.0000000000
45549  -36.638  -55.674  31.377 0.0000000000
45553  -21.142  -55.765  29.585 0.0000000000
45571  -21.505  -55.797  28.085 0.0000000000
45572  -22.226  -55.424  27.458 0.0000000000
46772  -22.181  -54.565  34.348 0.0000000000
46775  -25.496  -53.763  35.120 0.0000000000
46779  -29.113  -54.833  34.413 0.0000000000
46782  -37.561  -55.350  34.922 0.0000000000
46786  -21.634  -54.454  33.074 0.0000000000
46794  -38.589  -55.007  33.989 0.0000000000
46797  -21.499  -54.388  32.611 0.0000000000
46819  -21.737  -53.795  30.511 0.0000000000
46820  -32.236  -53.867  30.654 0.0000000000
46837  -32.836  -53.968  29.817 0.0000000000
46839  -33.731  -54.141  30.008 0.0000000000
46847  -21.482  -55.285  28.944 0.0000000000
46859  -22.639  -54.775  28.122 0.0000000000
47940  -41.006  -53.090  39.030 0.0000000000
47941  -41.214  -52.834  39.474 0.0000000000
47952  -41.173  -52.901  38.966 0.0000000000
47963  -40.171  -52.994  37.587 0.0000000000
47973  -39.835  -52.843  37.199 0.0000000000
47986  -22.058  -54.076  33.973 0.0000000000
47998  -22.891  -53.201  33.894 0.0000000000
47999  -23.473  -52.972  33.930 0.0000000000
48000  -25.378  -52.962  34.298 0.0000000000
48002  -27.097  -53.001  34.273 0.0000000000
48004  -28.908  -53.422  33.711 0.0000000000
48024  -21.619  -53.816  31.658 0.0000000000
48025  -21.807  -53.258  31.421 0.0000000000
48026  -30.848  -52.960  32.139 0.0000000000
48054  -22.499  -53.240  29.643 0.0000000000
49281  -41.155  -52.451  38.435 0.0000000000
49296  -41.473  -52.118  38.467 0.0000000000
49338  -29.539  -52.432  32.431 0.0000000000
49387  -31.584  -52.794  29.266 0.0000000000
49406  -32.204  -52.900  28.074 0.0000000000
49447  -33.793  -52.059  25.931 0.0000000000
49466  -34.204  -51.732  25.657 0.0000000000
50725  -30.092  -51.286  29.346 0.0000000000
50728  -35.146  -52.351  28.699 0.0000000000
50743  -30.348  -51.377  28.613 0.0000000000
50764  -30.735  -51.812  27.448 0.0000000000
50765  -34.529  -51.550  26.924 0.0000000000
50781  -30.702  -51.494  26.370 0.0000000000
50783  -31.991  -51.732  26.153 0.0000000000
50785  -33.423  -51.636  25.530 0.0000000000
50786  -34.291  -51.540  25.849 0.0000000000
50800  -33.087  -51.396  25.148 0.0000000000
50801  -33.727  -51.448  25.323 0.0000000000
50802  -34.052  -51.480  25.452 0.0000000000
50814  -32.685  -51.136  24.609 0.0000000000
50816  -33.641  -51.207  24.991 0.0000000000
51922  -42.686  -50.682  39.584 0.0000000000
51932  -41.010  -50.655  37.634 0.0000000000
51939  -39.006  -50.358  36.542 0.0000000000
51953  -35.693  -50.479  33.043 0.0000000000
51959  -35.784  -50.057  33.016 0.0000000000
51965  -24.833  -50.604  30.970 0.0000000000
51968  -34.576  -50.777  31.220 0.0000000000
51982  -26.385  -50.303  30.538 0.0000000000
52004  -29.278  -50.829  29.198 0.0000000000
52050  -34.410  -51.063  26.159 0.0000000000
52070  -30.662  -51.517  26.616 0.0000000000
52072  -34.052  -50.974  25.667 0.0000000000
52091  -33.540  -50.680  25.217 0.0000000000
52092  -33.802  -51.155  25.169 0.0000000000
52093  -34.021  -51.255  25.277 0.0000000000
52108  -33.590  -51.076  24.857 0.0000000000
52116  -29.590  -50.463  24.429 0.0000000000
52117  -30.267  -50.389  23.844 0.0000000000
53155  -43.624  -49.022  39.357 0.0000000000
53178  -41.446  -50.070  37.596 0.0000000000
53198  -36.111  -49.506  33.252 0.0000000000
53203  -34.859  -49.692  32.138 0.0000000000
53245  -32.937  -49.490  29.191 0.0000000000
53280  -32.638  -49.934  27.288 0.0000000000
54319  -43.278  -48.588  37.775 0.0000000000
54348  -43.244  -48.224  37.605 0.0000000000
54361  -40.099  -47.985  35.895 0.0000000000
54374  -34.641  -48.981  32.155 0.0000000000
54384  -34.872  -48.015  32.057 0.0000000000
54391  -33.709  -48.457  30.420 0.0000000000
55442  -42.681  -46.825  37.312 0.0000000000
55443  -42.967  -47.064  37.578 0.0000000000
55469  -43.150  -47.766  37.568 0.0000000000
55530  -35.306  -47.447  32.100 0.0000000000
55553  -32.794  -47.554  29.359 0.0000000000
55594  -31.636  -47.457  27.492 0.0000000000
56782  -43.021  -46.050  36.998 0.0000000000
56807  -39.725  -46.439  34.783 0.0000000000
58069  -43.150  -45.499  36.299 0.0000000000
58099  -39.604  -45.877  34.333 0.0000000000
58192  -33.825  -45.448  28.893 0.0000000000
59306  -42.869  -43.861  34.534 0.0000000000
59336  -39.899  -44.415  32.869 0.0000000000
59349  -38.004  -44.445  31.703 0.0000000000
59366  -37.721  -43.984  30.996 0.0000000000
59407  -32.549  -44.639  27.568 0.0000000000
60481  -44.410  -42.386  34.842 0.0000000000
60509  -40.117  -43.955  32.566 0.0000000000
60537  -38.053  -43.585  30.627 0.0000000000
60588  -31.851  -43.570  26.557 0.0000000000
61578  -46.545  -42.818  40.240 0.0000000000
61601  -46.529  -43.261  39.090 0.0000000000
61619  -46.626  -41.885  38.900 0.0000000000
61675  -45.592  -41.217  36.572 0.0000000000
61702  -42.889  -42.959  33.109 0.0000000000
61714  -41.888  -43.032  32.528 0.0000000000
61735  -39.881  -42.487  31.089 0.0000000000
61743  -37.435  -42.888  29.520 0.0000000000
61752  -33.747  -42.872  27.693 0.0000000000
61764  -33.318  -42.793  27.313 0.0000000000
62783  -46.214  -41.051  37.604 0.0000000000
62806  -45.658  -40.582  36.558 0.0000000000
62829  -45.444  -40.890  36.320 0.0000000000
62910  -34.217  -42.447  27.686 0.0000000000
63865  -46.727  -40.426  38.497 0.0000000000
63967  -43.628  -40.608  33.182 0.0000000000
65033  -46.634  -40.003  38.079 0.0000000000
65104  -43.918  -39.393  32.262 0.0000000000
65119  -43.822  -39.380  31.763 0.0000000000
65121  -51.088  -39.012  31.116 0.0000000000
65132  -42.471  -39.243  30.415 0.0000000000
65171  -40.468  -39.083  27.894 0.0000000000
66161  -46.676  -39.007  38.608 0.0000000000
66172  -46.681  -38.205  38.583 0.0000000000
66228  -52.260  -38.087  33.129 0.0000000000
66230  -53.228  -38.386  33.198 0.0000000000
66245  -52.686  -38.539  32.823 0.0000000000
66286  -41.652  -38.743  29.097 0.0000000000
66287  -42.217  -38.551  29.593 0.0000000000
67308  -46.706  -37.978  38.528 0.0000000000
67341  -52.882  -36.938  33.510 0.0000000000
67351  -44.769  -38.060  33.876 0.0000000000
67405  -49.886  -38.098  30.215 0.0000000000
67406  -50.236  -37.741  30.515 0.0000000000
67418  -42.860  -37.539  29.054 0.0000000000
67439  -53.055  -37.177  28.279 0.0000000000
68489  -46.552  -36.909  39.656 0.0000000000
68490  -46.717  -36.979  40.254 0.0000000000
68509  -53.338  -35.648  35.322 0.0000000000
68510  -53.433  -35.562  35.628 0.0000000000
68520  -53.150  -35.774  34.692 0.0000000000
68521  -53.378  -35.931  34.744 0.0000000000
68555  -52.232  -36.603  32.645 0.0000000000
68575  -43.824  -37.616  30.789 0.0000000000
68580  -50.752  -37.539  31.018 0.0000000000
69642  -46.644  -36.476  40.171 0.0000000000
69644  -52.298  -34.535  38.762 0.0000000000
69645  -52.727  -34.246  38.817 0.0000000000
69654  -52.113  -34.549  37.973 0.0000000000
69655  -52.402  -34.689  38.371 0.0000000000
69662  -52.435  -34.375  37.874 0.0000000000
69664  -52.932  -34.647  38.051 0.0000000000
69717  -52.063  -35.811  32.609 0.0000000000
69734  -51.725  -36.100  31.980 0.0000000000
69763  -49.879  -36.112  29.875 0.0000000000
70823  -51.908  -34.016  38.815 0.0000000000
70825  -53.117  -34.150  38.615 0.0000000000
70826  -53.759  -34.054  38.674 0.0000000000
70839  -51.540  -33.573  38.646 0.0000000000
70842  -53.910  -34.278  38.357 0.0000000000
70907  -46.920  -34.737  34.545 0.0000000000
70928  -52.290  -35.320  33.615 0.0000000000
70930  -56.377  -33.610  32.058 0.0000000000
70932  -56.649  -32.994  31.842 0.0000000000
70950  -51.466  -35.497  32.255 0.0000000000
70954  -56.716  -32.903  31.610 0.0000000000
70973  -56.245  -33.735  31.110 0.0000000000
70991  -50.355  -35.644  30.652 0.0000000000
71006  -55.390  -34.498  30.051 0.0000000000
72149  -52.542  -33.400  38.778 0.0000000000
72167  -51.200  -33.075  38.614 0.0000000000
72169  -52.890  -33.125  38.372 0.0000000000
72185  -50.040  -32.545  37.541 0.0000000000
72188  -52.366  -33.826  37.053 0.0000000000
72213  -52.481  -34.217  36.658 0.0000000000
72234  -51.785  -34.233  35.514 0.0000000000
72273  -56.617  -33.219  31.395 0.0000000000
72274  -56.801  -32.911  31.319 0.0000000000
72309  -56.627  -33.384  30.650 0.0000000000
73523  -49.569  -31.758  41.101 0.0000000000
73543  -46.894  -32.830  40.255 0.0000000000
73544  -49.570  -31.811  40.671 0.0000000000
73581  -49.093  -32.078  38.013 0.0000000000
73585  -52.766  -32.388  38.263 0.0000000000
73615  -47.530  -32.576  36.953 0.0000000000
73617  -48.926  -32.464  37.101 0.0000000000
73654  -56.230  -32.372  33.253 0.0000000000
75012  -50.062  -31.564  41.097 0.0000000000
75036  -50.332  -31.498  40.423 0.0000000000
75054  -51.249  -31.722  39.489 0.0000000000
75067  -48.769  -31.723  38.405 0.0000000000
75126  -55.881  -30.705  34.401 0.0000000000
76289  -51.219  -30.075  40.262 0.0000000000
76430  -57.385  -29.418  33.115 0.0000000000
76450  -57.652  -29.295  33.065 0.0000000000
77722  -57.732  -28.992  33.203 0.0000000000
77751  -57.888  -29.104  32.997 0.0000000000
77780  -59.946  -28.521  29.494 0.0000000000
77781  -60.018  -28.634  29.511 0.0000000000
77798  -59.924  -28.794  29.198 0.0000000000
77817  -59.514  -29.068  28.991 0.0000000000
77832  -59.661  -29.042  28.077 0.0000000000
78885  -57.632  -28.944  33.110 0.0000000000
78886  -57.853  -29.000  33.451 0.0000000000
78893  -57.162  -28.687  32.807 0.0000000000
78894  -57.486  -28.859  33.067 0.0000000000
78895  -57.760  -28.961  33.242 0.0000000000
78917  -60.899  -28.917  30.436 0.0000000000
78918  -60.793  -28.123  30.407 0.0000000000
78936  -57.679  -28.362  30.373 0.0000000000
78938  -60.272  -28.487  29.805 0.0000000000
78939  -60.519  -28.443  29.816 0.0000000000
78958  -60.069  -28.663  29.380 0.0000000000
80071  -60.796  -28.131  30.499 0.0000000000
80072  -60.794  -28.041  30.787 0.0000000000
80089  -58.032  -28.172  30.175 0.0000000000
80090  -60.384  -28.105  30.305 0.0000000000
80091  -60.842  -28.200  30.140 0.0000000000
80105  -57.859  -28.095  29.878 0.0000000000
80107  -60.564  -28.275  29.963 0.0000000000
80108  -60.775  -28.215  29.855 0.0000000000
80203  -59.029  -27.929  24.637 0.0000000000
81298  -60.746  -27.961  30.360 0.0000000000
81299  -60.966  -28.276  30.742 0.0000000000
81313  -60.664  -27.785  30.126 0.0000000000
81314  -60.898  -27.971  30.151 0.0000000000
81331  -60.625  -27.994  29.984 0.0000000000
81332  -60.800  -27.859  29.959 0.0000000000
81434  -59.351  -26.462  22.717 0.0000000000
83840  -59.146  -25.192  22.543 0.0000000000
83861  -59.021  -25.115  22.345 0.0000000000
150672  -38.534  -54.328  35.423 0.0000000000
150677  -38.744  -53.823  35.781 0.0000000000
150678  -38.409  -54.786  34.425 0.0000000000
150680  -38.383  -55.123  34.520 0.0000000000
150961  -56.642  -31.003  33.694 0.0000000000
150963  -56.717  -30.727  33.532 0.0000000000
