#!ascii label  , from subject 4104 vox2ras=TkReg
408
107154  -23.435  -4.331  -22.820 0.0000000000
101844  -19.986  -9.361  -21.062 0.0000000000
104128  -25.911  -7.737  -24.020 0.0000000000
97381  -22.143  -13.075  -22.654 0.0000000000
119646  -26.536  8.492  -26.222 0.0000000000
118875  -30.257  7.109  -23.965 0.0000000000
110111  -21.690  -1.161  -23.278 0.0000000000
92511  -21.404  -17.289  -22.351 0.0000000000
99538  -20.682  -11.236  -22.253 0.0000000000
97348  -19.767  -13.278  -21.499 0.0000000000
120365  -29.070  8.740  -24.829 0.0000000000
115026  -23.590  3.714  -24.733 0.0000000000
106224  -19.329  -5.299  -21.418 0.0000000000
108104  -17.743  -3.242  -20.678 0.0000000000
108138  -21.745  -3.096  -23.674 0.0000000000
112044  -25.007  0.604  -22.907 0.0000000000
110094  -25.251  -1.638  -22.018 0.0000000000
108126  -27.010  -3.595  -21.771 0.0000000000
102950  -16.933  -8.032  -20.033 0.0000000000
104102  -20.657  -7.480  -22.330 0.0000000000
105245  -24.372  -6.598  -22.678 0.0000000000
102991  -22.567  -8.540  -22.636 0.0000000000
100696  -23.725  -10.552  -23.123 0.0000000000
98464  -24.779  -12.608  -23.742 0.0000000000
112040  -20.549  0.599  -22.684 0.0000000000
113940  -25.278  2.591  -23.595 0.0000000000
116030  -30.087  4.392  -23.217 0.0000000000
95001  -19.626  -15.384  -21.370 0.0000000000
95026  -22.505  -15.366  -22.694 0.0000000000
98409  -19.001  -12.277  -20.390 0.0000000000
97323  -18.649  -13.205  -20.081 0.0000000000
116058  -23.720  4.431  -24.711 0.0000000000
115004  -22.303  3.180  -24.126 0.0000000000
106254  -21.312  -4.804  -23.217 0.0000000000
107152  -20.654  -4.161  -22.315 0.0000000000
107171  -22.080  -3.906  -23.448 0.0000000000
109110  -23.628  -2.490  -22.891 0.0000000000
108124  -24.025  -3.449  -22.639 0.0000000000
109092  -25.993  -2.728  -21.476 0.0000000000
107155  -24.531  -4.456  -22.429 0.0000000000
102952  -18.829  -8.296  -20.342 0.0000000000
104088  -19.327  -7.312  -20.841 0.0000000000
102973  -20.227  -8.446  -21.828 0.0000000000
104103  -21.443  -7.502  -22.623 0.0000000000
101845  -20.472  -9.402  -21.886 0.0000000000
98442  -21.598  -11.606  -22.549 0.0000000000
100694  -21.886  -10.296  -22.878 0.0000000000
99557  -22.823  -11.345  -22.900 0.0000000000
99559  -24.434  -11.646  -23.421 0.0000000000
98445  -23.912  -12.562  -23.225 0.0000000000
118870  -25.330  7.574  -25.642 0.0000000000
118856  -24.436  7.380  -24.525 0.0000000000
119655  -26.010  8.747  -26.511 0.0000000000
121914  -25.761  10.722  -27.354 0.0000000000
121908  -27.857  10.930  -25.797 0.0000000000
119638  -29.602  7.981  -24.492 0.0000000000
110091  -19.848  -2.215  -22.366 0.0000000000
110074  -19.384  -1.307  -21.554 0.0000000000
111054  -20.765  -0.270  -22.706 0.0000000000
113005  -22.606  1.425  -24.128 0.0000000000
112064  -22.136  0.317  -24.148 0.0000000000
112989  -27.939  1.479  -22.222 0.0000000000
113926  -27.408  2.415  -22.397 0.0000000000
114993  -30.103  3.274  -23.199 0.0000000000
104107  -25.628  -7.341  -22.824 0.0000000000
105247  -26.342  -5.937  -22.744 0.0000000000
92490  -20.386  -17.353  -21.462 0.0000000000
93765  -20.748  -16.385  -21.585 0.0000000000
95002  -20.523  -15.354  -21.637 0.0000000000
93785  -21.984  -16.361  -22.574 0.0000000000
100653  -19.310  -10.301  -20.646 0.0000000000
100671  -20.013  -10.341  -21.348 0.0000000000
99519  -19.473  -11.305  -20.837 0.0000000000
98426  -20.349  -12.235  -21.713 0.0000000000
97365  -21.310  -13.055  -22.075 0.0000000000
118028  -24.663  6.333  -25.156 0.0000000000
120363  -28.034  8.596  -25.496 0.0000000000
118859  -26.404  6.426  -25.445 0.0000000000
118045  -26.619  5.712  -24.776 0.0000000000
117086  -27.003  5.241  -24.243 0.0000000000
106207  -17.186  -5.071  -20.408 0.0000000000
107137  -18.257  -4.152  -20.885 0.0000000000
109109  -19.994  -3.131  -22.169 0.0000000000
151633  -21.445  -2.146  -23.139 0.0000000000
111072  -22.556  -0.691  -23.887 0.0000000000
111056  -23.811  -0.764  -23.360 0.0000000000
111058  -25.752  -0.494  -22.342 0.0000000000
112047  -28.394  0.460  -22.705 0.0000000000
111060  -27.871  -0.495  -22.428 0.0000000000
91243  -22.636  -18.279  -23.079 0.0000000000
91261  -23.164  -17.753  -23.192 0.0000000000
105210  -17.982  -6.417  -20.139 0.0000000000
105229  -19.694  -6.339  -21.512 0.0000000000
106237  -21.635  -5.501  -23.083 0.0000000000
106239  -23.872  -5.454  -22.718 0.0000000000
105244  -23.123  -6.497  -22.952 0.0000000000
104105  -23.443  -7.610  -22.884 0.0000000000
102992  -23.575  -8.638  -22.858 0.0000000000
101863  -21.792  -9.423  -22.634 0.0000000000
101864  -22.667  -9.484  -22.823 0.0000000000
101882  -25.448  -9.187  -23.055 0.0000000000
101884  -25.996  -10.219  -23.713 0.0000000000
99582  -26.633  -11.257  -24.065 0.0000000000
121155  -29.304  10.828  -25.572 0.0000000000
113937  -22.137  2.301  -24.093 0.0000000000
113939  -24.020  2.853  -24.297 0.0000000000
116039  -26.326  4.118  -23.724 0.0000000000
113008  -25.116  1.656  -23.180 0.0000000000
115009  -27.266  3.638  -22.951 0.0000000000
118049  -30.957  6.257  -24.402 0.0000000000
106240  -25.117  -5.526  -22.257 0.0000000000
107158  -27.639  -4.190  -23.105 0.0000000000
97346  -17.486  -13.963  -20.837 0.0000000000
96204  -19.256  -14.385  -21.188 0.0000000000
96225  -21.074  -14.193  -22.016 0.0000000000
96243  -22.004  -14.267  -22.564 0.0000000000
93786  -22.986  -16.364  -22.992 0.0000000000
95027  -23.353  -15.317  -23.011 0.0000000000
97383  -23.670  -13.611  -23.314 0.0000000000
113917  -20.969  2.714  -22.079 0.0000000000
106255  -21.892  -4.637  -23.318 0.0000000000
107172  -22.661  -4.075  -23.237 0.0000000000
108123  -23.156  -3.341  -23.097 0.0000000000
108125  -25.007  -3.497  -22.222 0.0000000000
101826  -19.153  -9.302  -20.462 0.0000000000
101825  -18.164  -9.222  -20.224 0.0000000000
102972  -19.608  -8.375  -21.060 0.0000000000
98443  -21.950  -12.122  -22.593 0.0000000000
98444  -22.896  -12.337  -22.902 0.0000000000
118883  -25.911  7.868  -26.085 0.0000000000
120371  -26.896  9.231  -26.517 0.0000000000
121154  -26.468  10.025  -26.813 0.0000000000
121907  -27.230  10.465  -26.356 0.0000000000
121143  -27.294  9.709  -26.311 0.0000000000
118874  -29.175  6.962  -24.503 0.0000000000
120383  -31.468  9.496  -25.533 0.0000000000
119648  -31.364  8.411  -24.998 0.0000000000
118876  -31.177  7.298  -24.620 0.0000000000
110075  -20.593  -1.339  -22.484 0.0000000000
111055  -21.243  -0.661  -23.105 0.0000000000
111071  -21.824  -0.607  -23.651 0.0000000000
112990  -28.826  1.444  -22.747 0.0000000000
113928  -29.422  2.273  -22.884 0.0000000000
105259  -26.286  -7.061  -23.083 0.0000000000
105271  -26.689  -7.133  -23.982 0.0000000000
91242  -21.554  -18.166  -22.755 0.0000000000
91241  -20.935  -18.015  -22.384 0.0000000000
92510  -20.844  -17.615  -21.973 0.0000000000
92491  -21.021  -17.051  -21.769 0.0000000000
93766  -21.370  -16.392  -21.977 0.0000000000
92512  -22.212  -17.300  -22.898 0.0000000000
99518  -18.569  -11.229  -20.105 0.0000000000
97347  -19.169  -13.258  -20.809 0.0000000000
98410  -19.678  -12.289  -21.107 0.0000000000
97364  -20.629  -13.199  -21.788 0.0000000000
118043  -24.349  5.724  -25.159 0.0000000000
118858  -26.016  6.477  -25.656 0.0000000000
117063  -25.226  5.760  -25.252 0.0000000000
116059  -24.520  4.644  -24.659 0.0000000000
116060  -25.339  4.746  -24.527 0.0000000000
116037  -24.856  4.193  -24.349 0.0000000000
106223  -18.573  -5.054  -20.879 0.0000000000
107138  -19.029  -4.358  -21.322 0.0000000000
108137  -21.273  -3.144  -23.411 0.0000000000
108122  -19.997  -3.749  -21.757 0.0000000000
107169  -20.767  -2.793  -22.890 0.0000000000
109137  -21.852  -2.474  -23.552 0.0000000000
110113  -22.727  -1.607  -23.572 0.0000000000
109128  -22.278  -2.442  -23.560 0.0000000000
110093  -24.127  -1.569  -22.714 0.0000000000
111059  -26.888  -0.436  -21.894 0.0000000000
110095  -26.449  -1.384  -22.029 0.0000000000
108108  -26.537  -3.331  -21.548 0.0000000000
109094  -27.445  -2.521  -21.770 0.0000000000
108127  -27.589  -3.370  -22.170 0.0000000000
90051  -22.671  -19.446  -22.884 0.0000000000
90052  -23.472  -19.685  -22.749 0.0000000000
104069  -17.481  -7.165  -19.946 0.0000000000
104089  -20.002  -7.418  -21.674 0.0000000000
105241  -20.430  -6.416  -22.215 0.0000000000
105242  -21.166  -6.471  -22.712 0.0000000000
105243  -22.054  -6.458  -22.872 0.0000000000
102990  -21.656  -8.491  -22.522 0.0000000000
104104  -22.362  -7.530  -22.750 0.0000000000
100672  -20.557  -10.330  -22.065 0.0000000000
100693  -21.141  -10.296  -22.594 0.0000000000
100695  -22.751  -10.400  -22.991 0.0000000000
101865  -23.653  -9.603  -22.927 0.0000000000
101866  -24.831  -9.721  -22.827 0.0000000000
101883  -25.754  -9.620  -23.438 0.0000000000
100698  -25.346  -10.359  -23.241 0.0000000000
98446  -24.508  -12.125  -23.525 0.0000000000
99581  -25.654  -11.579  -23.846 0.0000000000
98466  -26.584  -12.376  -23.967 0.0000000000
120364  -28.364  8.638  -25.295 0.0000000000
121145  -28.763  10.303  -25.361 0.0000000000
121146  -29.823  10.212  -25.276 0.0000000000
108078  -16.901  -3.418  -20.138 0.0000000000
112025  -20.263  0.700  -21.821 0.0000000000
112985  -20.971  1.488  -23.024 0.0000000000
112986  -21.441  1.934  -23.244 0.0000000000
113006  -23.492  1.685  -23.971 0.0000000000
115007  -25.767  3.454  -23.716 0.0000000000
112043  -24.198  -0.036  -23.692 0.0000000000
112066  -24.121  0.928  -23.605 0.0000000000
112987  -25.815  1.509  -22.661 0.0000000000
114992  -28.980  3.281  -22.697 0.0000000000
114990  -27.066  3.091  -22.740 0.0000000000
116029  -29.318  4.155  -22.944 0.0000000000
117050  -28.716  4.811  -23.000 0.0000000000
117089  -30.820  5.310  -24.196 0.0000000000
117090  -31.208  5.384  -24.925 0.0000000000
106242  -26.952  -4.792  -22.789 0.0000000000
94978  -19.060  -15.445  -21.070 0.0000000000
94977  -18.850  -14.936  -20.739 0.0000000000
95024  -21.135  -15.097  -21.985 0.0000000000
96242  -21.430  -14.753  -22.228 0.0000000000
93807  -23.346  -16.869  -23.216 0.0000000000
96245  -23.794  -14.490  -23.378 0.0000000000
116036  -23.089  4.702  -24.433 0.0000000000
114988  -22.314  4.094  -23.950 0.0000000000
115005  -22.915  3.801  -24.680 0.0000000000
106235  -20.042  -5.355  -22.138 0.0000000000
107139  -19.771  -4.470  -21.753 0.0000000000
107153  -20.984  -4.560  -23.017 0.0000000000
107170  -21.396  -3.886  -23.144 0.0000000000
108139  -22.471  -3.235  -23.508 0.0000000000
109129  -22.926  -2.467  -23.393 0.0000000000
109111  -24.494  -2.551  -22.315 0.0000000000
110077  -26.170  -2.084  -21.711 0.0000000000
109112  -25.305  -2.691  -21.820 0.0000000000
108107  -25.789  -3.434  -21.720 0.0000000000
107140  -26.331  -3.842  -21.798 0.0000000000
101824  -17.463  -8.967  -19.550 0.0000000000
102951  -17.850  -8.194  -20.047 0.0000000000
104070  -18.463  -7.258  -20.153 0.0000000000
102989  -20.815  -8.482  -22.467 0.0000000000
99555  -21.373  -11.111  -22.593 0.0000000000
99556  -22.018  -11.144  -22.806 0.0000000000
100697  -24.717  -10.745  -23.268 0.0000000000
99558  -23.727  -11.535  -23.182 0.0000000000
118855  -23.651  6.778  -23.982 0.0000000000
118882  -25.341  8.201  -25.960 0.0000000000
120382  -26.058  9.230  -26.731 0.0000000000
122732  -27.899  12.452  -26.382 0.0000000000
120366  -29.846  8.821  -24.543 0.0000000000
121147  -30.720  10.193  -25.469 0.0000000000
120375  -30.547  9.384  -24.799 0.0000000000
110073  -18.740  -0.539  -20.696 0.0000000000
111037  -19.239  -0.431  -21.224 0.0000000000
111039  -20.479  -0.100  -22.184 0.0000000000
112062  -20.887  0.710  -23.251 0.0000000000
113003  -21.148  0.982  -23.462 0.0000000000
112063  -21.340  0.316  -23.579 0.0000000000
112988  -26.827  1.532  -22.250 0.0000000000
114994  -30.300  3.941  -23.600 0.0000000000
105246  -25.797  -6.601  -22.413 0.0000000000
105260  -26.497  -6.291  -23.116 0.0000000000
93764  -19.961  -16.374  -21.377 0.0000000000
95003  -21.124  -15.727  -21.783 0.0000000000
95025  -21.619  -15.430  -22.285 0.0000000000
100652  -18.488  -10.164  -20.226 0.0000000000
99537  -20.032  -11.291  -21.653 0.0000000000
98427  -21.148  -12.128  -22.243 0.0000000000
97366  -21.685  -12.853  -22.391 0.0000000000
118018  -22.964  6.358  -23.405 0.0000000000
118027  -23.775  6.135  -24.566 0.0000000000
118857  -25.322  6.804  -25.444 0.0000000000
118884  -26.557  7.608  -25.867 0.0000000000
120372  -27.700  8.900  -25.824 0.0000000000
119647  -27.287  7.993  -25.647 0.0000000000
118885  -27.077  7.435  -25.511 0.0000000000
118873  -27.826  7.248  -25.136 0.0000000000
117084  -25.012  5.342  -25.055 0.0000000000
118030  -26.242  6.054  -25.181 0.0000000000
118046  -27.177  6.202  -24.860 0.0000000000
118047  -28.286  6.416  -24.484 0.0000000000
117088  -28.540  6.037  -24.072 0.0000000000
108106  -19.449  -3.839  -21.531 0.0000000000
108121  -19.468  -3.331  -21.770 0.0000000000
108105  -18.711  -3.364  -21.408 0.0000000000
109091  -19.281  -2.564  -21.697 0.0000000000
151629  -20.904  -2.099  -22.854 0.0000000000
151634  -21.401  -1.708  -23.063 0.0000000000
110112  -22.025  -1.647  -23.482 0.0000000000
111073  -23.253  -0.803  -23.814 0.0000000000
110092  -23.372  -1.604  -23.302 0.0000000000
111057  -24.682  -0.634  -22.861 0.0000000000
112045  -26.234  0.560  -22.203 0.0000000000
112046  -27.381  0.526  -22.162 0.0000000000
112068  -28.930  0.107  -23.430 0.0000000000
110096  -27.573  -1.500  -21.925 0.0000000000
103016  -25.925  -8.415  -24.143 0.0000000000
105227  -17.918  -5.598  -20.489 0.0000000000
105228  -18.799  -6.179  -20.753 0.0000000000
106236  -20.801  -5.351  -22.851 0.0000000000
106238  -22.623  -5.189  -23.106 0.0000000000
104106  -24.748  -7.734  -22.797 0.0000000000
104116  -25.035  -8.290  -22.873 0.0000000000
101862  -20.978  -9.405  -22.524 0.0000000000
102993  -24.511  -8.800  -22.884 0.0000000000
103004  -25.605  -8.605  -23.481 0.0000000000
100717  -25.505  -10.791  -23.474 0.0000000000
100718  -26.254  -10.637  -23.851 0.0000000000
121144  -27.837  9.969  -25.696 0.0000000000
121909  -28.645  11.098  -25.598 0.0000000000
121156  -30.070  10.788  -25.927 0.0000000000
113923  -21.363  2.488  -22.760 0.0000000000
115003  -21.946  2.837  -23.804 0.0000000000
113954  -23.434  3.251  -24.752 0.0000000000
113004  -21.651  1.395  -23.716 0.0000000000
113938  -22.938  2.597  -24.548 0.0000000000
113955  -23.773  3.397  -24.684 0.0000000000
116038  -25.523  4.160  -24.040 0.0000000000
116062  -26.791  4.620  -23.862 0.0000000000
117067  -28.911  5.640  -23.550 0.0000000000
112065  -23.303  0.271  -24.208 0.0000000000
113007  -24.340  1.892  -23.520 0.0000000000
113924  -25.638  2.049  -23.105 0.0000000000
113925  -26.304  2.473  -22.879 0.0000000000
113941  -25.997  2.969  -23.412 0.0000000000
116041  -27.789  4.341  -23.157 0.0000000000
117066  -27.944  4.855  -23.466 0.0000000000
118033  -30.273  6.131  -24.083 0.0000000000
118886  -31.736  7.359  -25.526 0.0000000000
107156  -25.722  -4.370  -22.023 0.0000000000
106241  -26.325  -5.344  -22.325 0.0000000000
107157  -26.851  -4.219  -22.119 0.0000000000
96203  -18.571  -13.981  -20.622 0.0000000000
96224  -20.073  -14.310  -21.679 0.0000000000
96226  -21.621  -13.489  -22.341 0.0000000000
93787  -23.555  -15.873  -23.201 0.0000000000
96244  -23.028  -14.412  -22.998 0.0000000000
97382  -22.896  -13.379  -23.017 0.0000000000
92536  -22.964  -17.324  -23.153 0.0000000000
96202  -18.160  -13.916  -20.579 0.0000000000
96222  -17.746  -14.139  -20.549 0.0000000000
96223  -18.587  -14.008  -20.377 0.0000000000
96241  -17.100  -14.718  -21.355 0.0000000000
97345  -17.213  -13.886  -20.905 0.0000000000
97362  -16.632  -14.198  -21.195 0.0000000000
97363  -17.170  -14.170  -21.381 0.0000000000
98428  -21.498  -12.535  -22.322 0.0000000000
99580  -24.945  -11.656  -23.654 0.0000000000
100716  -24.902  -11.217  -23.479 0.0000000000
101867  -25.236  -10.162  -23.048 0.0000000000
103003  -25.215  -8.747  -22.958 0.0000000000
104117  -25.549  -7.803  -23.280 0.0000000000
106256  -22.307  -4.448  -23.293 0.0000000000
106267  -26.744  -5.894  -23.935 0.0000000000
107141  -26.695  -3.757  -21.790 0.0000000000
108077  -16.181  -3.396  -19.930 0.0000000000
108109  -27.154  -3.124  -21.589 0.0000000000
108147  -21.351  -2.753  -23.421 0.0000000000
108148  -21.632  -2.697  -23.536 0.0000000000
109093  -26.730  -2.617  -21.501 0.0000000000
110076  -25.663  -2.272  -21.722 0.0000000000
110078  -26.905  -1.995  -21.693 0.0000000000
112041  -20.883  0.133  -23.126 0.0000000000
112042  -23.669  -0.356  -23.903 0.0000000000
112048  -29.043  0.763  -23.199 0.0000000000
112067  -24.624  1.269  -23.292 0.0000000000
113927  -28.421  2.367  -22.596 0.0000000000
113936  -21.715  2.401  -23.497 0.0000000000
114989  -22.706  4.369  -24.290 0.0000000000
114991  -27.900  3.303  -22.653 0.0000000000
115006  -24.959  3.479  -24.205 0.0000000000
115008  -26.569  3.418  -23.280 0.0000000000
115011  -30.514  3.584  -24.107 0.0000000000
115027  -24.185  3.806  -24.590 0.0000000000
116027  -27.691  3.972  -22.963 0.0000000000
116028  -28.342  4.185  -22.934 0.0000000000
116040  -27.203  4.222  -23.396 0.0000000000
116042  -30.595  4.480  -23.865 0.0000000000
116061  -26.171  4.709  -24.212 0.0000000000
117049  -28.311  4.634  -23.098 0.0000000000
117051  -29.498  5.008  -22.936 0.0000000000
117064  -25.583  5.722  -25.155 0.0000000000
117065  -27.241  4.742  -23.746 0.0000000000
117068  -30.069  5.385  -23.562 0.0000000000
117083  -24.179  5.160  -24.925 0.0000000000
117085  -25.995  5.375  -24.735 0.0000000000
117087  -27.967  5.770  -24.079 0.0000000000
118017  -22.360  6.089  -23.008 0.0000000000
118029  -25.423  6.114  -25.392 0.0000000000
118031  -26.640  6.379  -25.266 0.0000000000
118032  -29.610  6.234  -23.998 0.0000000000
118042  -23.938  5.570  -24.916 0.0000000000
118044  -24.915  5.840  -25.304 0.0000000000
118048  -28.930  6.255  -24.154 0.0000000000
118860  -29.761  6.751  -24.001 0.0000000000
118861  -30.002  6.562  -23.936 0.0000000000
118871  -25.927  7.014  -26.228 0.0000000000
118872  -26.683  6.857  -25.480 0.0000000000
118895  -32.258  7.401  -26.481 0.0000000000
119636  -28.009  8.223  -25.403 0.0000000000
119637  -28.701  7.965  -24.956 0.0000000000
119639  -30.520  8.207  -24.446 0.0000000000
119645  -25.768  8.457  -26.298 0.0000000000
119656  -31.932  8.441  -25.926 0.0000000000
120373  -28.538  9.359  -25.292 0.0000000000
120374  -29.432  9.506  -24.941 0.0000000000
121916  -28.180  11.626  -25.817 0.0000000000
121917  -29.125  11.604  -25.993 0.0000000000
122725  -27.524  11.659  -26.203 0.0000000000
151630  -21.239  -2.289  -23.075 0.0000000000
151631  -21.061  -1.896  -22.837 0.0000000000
151632  -21.606  -2.311  -23.324 0.0000000000
