#!ascii label  , from subject 3221 vox2ras=TkReg
1024
70383  -29.966  -24.006  47.431 0.0000000000
56677  -19.493  -35.277  47.123 0.0000000000
65469  -25.612  -28.289  45.536 0.0000000000
95829  -45.322  -4.579  32.236 0.0000000000
100606  -52.373  -0.554  29.111 0.0000000000
61829  -12.920  -31.298  51.963 0.0000000000
91115  -41.703  -8.033  34.767 0.0000000000
70401  -33.530  -23.768  45.977 0.0000000000
70382  -25.213  -24.077  47.633 0.0000000000
60636  -15.940  -31.386  48.597 0.0000000000
57898  -15.837  -34.711  52.598 0.0000000000
75585  -26.028  -20.661  44.943 0.0000000000
73121  -29.205  -23.064  42.715 0.0000000000
59296  -24.057  -33.354  45.617 0.0000000000
71727  -22.340  -23.448  48.395 0.0000000000
84616  -37.095  -13.584  33.434 0.0000000000
85952  -42.298  -12.469  32.703 0.0000000000
89898  -46.039  -10.006  31.708 0.0000000000
56567  -6.953  -35.491  54.558 0.0000000000
55139  -3.871  -37.228  58.348 0.0000000000
73163  -32.505  -22.345  39.950 0.0000000000
76890  -34.294  -19.232  36.821 0.0000000000
83286  -33.465  -14.324  36.068 0.0000000000
57893  -11.550  -34.693  53.449 0.0000000000
56648  -19.285  -36.174  49.373 0.0000000000
56650  -21.500  -36.254  48.999 0.0000000000
71747  -27.871  -23.566  47.556 0.0000000000
60697  -18.760  -32.556  45.667 0.0000000000
57991  -17.437  -33.995  47.183 0.0000000000
57958  -17.783  -34.864  49.426 0.0000000000
75528  -26.808  -20.263  48.102 0.0000000000
74362  -23.798  -21.369  46.793 0.0000000000
87180  -37.679  -11.209  34.180 0.0000000000
85940  -39.914  -13.241  33.002 0.0000000000
88602  -39.544  -10.629  33.683 0.0000000000
91152  -42.818  -8.392  31.504 0.0000000000
92403  -44.694  -7.203  30.803 0.0000000000
91171  -47.680  -8.481  30.641 0.0000000000
93545  -47.532  -6.599  30.010 0.0000000000
94662  -49.209  -5.036  29.472 0.0000000000
73124  -30.832  -22.070  42.795 0.0000000000
71830  -31.017  -23.712  41.310 0.0000000000
74459  -32.015  -21.334  40.796 0.0000000000
79442  -31.883  -17.668  38.705 0.0000000000
82055  -31.151  -15.462  37.509 0.0000000000
80791  -33.867  -16.573  36.932 0.0000000000
84574  -31.645  -13.415  36.406 0.0000000000
87148  -32.999  -11.132  35.441 0.0000000000
61943  -25.550  -31.216  45.038 0.0000000000
60549  -9.596  -32.811  52.776 0.0000000000
60584  -11.360  -32.630  51.618 0.0000000000
51146  -3.760  -39.486  59.002 0.0000000000
52531  -1.566  -39.028  60.135 0.0000000000
88585  -40.513  -10.024  35.589 0.0000000000
73087  -35.698  -22.702  45.174 0.0000000000
67933  -24.617  -26.045  46.586 0.0000000000
61854  -14.294  -30.797  50.057 0.0000000000
59218  -13.281  -32.643  50.537 0.0000000000
59221  -16.277  -33.640  50.472 0.0000000000
101859  -53.519  0.477  29.052 0.0000000000
71776  -27.540  -22.688  45.237 0.0000000000
70421  -29.975  -24.227  44.731 0.0000000000
73096  -27.883  -22.218  44.255 0.0000000000
59317  -20.445  -33.445  45.066 0.0000000000
56697  -22.006  -34.971  46.652 0.0000000000
59319  -22.752  -33.098  44.763 0.0000000000
63149  -24.438  -30.382  44.416 0.0000000000
65475  -24.619  -28.581  44.462 0.0000000000
66664  -23.431  -26.442  48.669 0.0000000000
67943  -23.312  -25.816  46.043 0.0000000000
70395  -23.322  -24.142  46.284 0.0000000000
73066  -25.032  -22.428  46.020 0.0000000000
83291  -38.715  -15.521  36.198 0.0000000000
89885  -40.895  -9.366  33.025 0.0000000000
88615  -43.699  -10.723  31.708 0.0000000000
95854  -50.859  -4.010  29.451 0.0000000000
55169  -5.416  -36.719  56.373 0.0000000000
52560  -6.267  -38.249  58.064 0.0000000000
70423  -31.814  -24.206  44.209 0.0000000000
71801  -33.383  -23.401  42.897 0.0000000000
74427  -34.909  -22.203  42.073 0.0000000000
76846  -32.349  -19.602  39.334 0.0000000000
74480  -33.629  -21.106  38.747 0.0000000000
75654  -35.935  -20.847  40.161 0.0000000000
78125  -37.048  -19.055  38.203 0.0000000000
80779  -37.330  -16.570  37.967 0.0000000000
83250  -37.329  -15.611  37.548 0.0000000000
83307  -35.547  -14.176  34.193 0.0000000000
87164  -34.986  -11.175  34.732 0.0000000000
56667  -23.857  -35.482  48.905 0.0000000000
59145  -7.589  -33.578  54.309 0.0000000000
57891  -9.283  -35.019  53.222 0.0000000000
57921  -13.511  -33.899  52.528 0.0000000000
51132  -0.864  -40.081  59.987 0.0000000000
56663  -19.966  -35.779  48.185 0.0000000000
56649  -20.474  -36.442  48.935 0.0000000000
56664  -21.001  -35.764  48.226 0.0000000000
71748  -28.920  -23.717  47.776 0.0000000000
58040  -18.866  -34.020  45.368 0.0000000000
59314  -17.665  -32.790  45.764 0.0000000000
57993  -18.794  -34.809  46.654 0.0000000000
56661  -18.220  -35.066  47.920 0.0000000000
87168  -38.043  -10.537  35.107 0.0000000000
87191  -38.833  -11.319  33.438 0.0000000000
88592  -39.121  -10.566  34.475 0.0000000000
94641  -43.967  -5.262  32.142 0.0000000000
93535  -44.075  -6.005  31.293 0.0000000000
93536  -44.921  -6.086  30.891 0.0000000000
93544  -46.483  -6.425  30.234 0.0000000000
94650  -46.012  -5.302  30.437 0.0000000000
95843  -46.529  -4.637  30.216 0.0000000000
74444  -31.276  -21.955  41.372 0.0000000000
82030  -30.753  -15.652  39.380 0.0000000000
83266  -30.750  -14.401  37.441 0.0000000000
85877  -30.366  -12.668  37.984 0.0000000000
87122  -31.277  -11.115  38.056 0.0000000000
63122  -26.146  -30.349  45.838 0.0000000000
61910  -26.562  -31.498  46.997 0.0000000000
64270  -26.498  -29.621  46.409 0.0000000000
60572  -10.971  -32.269  52.313 0.0000000000
61838  -11.875  -31.986  51.466 0.0000000000
99356  -51.932  -1.629  28.883 0.0000000000
52532  -2.217  -39.102  60.149 0.0000000000
70387  -33.861  -24.088  47.204 0.0000000000
71781  -34.721  -23.065  44.998 0.0000000000
69145  -24.813  -25.339  47.322 0.0000000000
69135  -25.412  -25.466  48.338 0.0000000000
63102  -16.497  -30.400  48.091 0.0000000000
64251  -15.999  -29.774  49.253 0.0000000000
63054  -14.901  -30.393  50.446 0.0000000000
61867  -14.774  -31.099  49.515 0.0000000000
60599  -14.826  -32.295  49.622 0.0000000000
59243  -16.123  -32.736  49.421 0.0000000000
56637  -19.082  -36.218  50.740 0.0000000000
56635  -17.608  -34.837  50.703 0.0000000000
73095  -26.882  -22.040  44.845 0.0000000000
71788  -27.689  -22.433  44.657 0.0000000000
74399  -27.311  -21.501  44.561 0.0000000000
60699  -21.066  -32.856  45.387 0.0000000000
59318  -21.568  -33.393  45.067 0.0000000000
60700  -22.137  -32.738  45.267 0.0000000000
63133  -24.145  -30.955  45.528 0.0000000000
64281  -24.541  -29.665  45.474 0.0000000000
64292  -24.558  -29.485  44.745 0.0000000000
65459  -24.511  -28.455  46.484 0.0000000000
71705  -22.472  -22.992  50.203 0.0000000000
69122  -22.418  -24.757  49.064 0.0000000000
67919  -23.159  -26.121  47.086 0.0000000000
69144  -22.386  -24.716  47.301 0.0000000000
69158  -23.392  -25.008  46.212 0.0000000000
71760  -22.691  -23.507  46.934 0.0000000000
75570  -25.365  -20.427  45.520 0.0000000000
73079  -24.584  -21.733  45.852 0.0000000000
73081  -25.804  -22.020  45.272 0.0000000000
73082  -26.636  -22.542  45.620 0.0000000000
83310  -38.011  -14.901  34.284 0.0000000000
83302  -39.519  -15.441  35.360 0.0000000000
83311  -39.290  -14.953  34.199 0.0000000000
85951  -41.670  -12.508  32.660 0.0000000000
85941  -41.289  -13.628  33.461 0.0000000000
89877  -41.292  -8.716  35.080 0.0000000000
89875  -40.409  -9.617  33.793 0.0000000000
91127  -41.023  -8.347  33.759 0.0000000000
89908  -44.832  -9.165  30.787 0.0000000000
89896  -43.601  -9.897  31.413 0.0000000000
88616  -44.798  -10.552  31.778 0.0000000000
88607  -45.448  -10.637  32.823 0.0000000000
94663  -49.837  -4.736  29.579 0.0000000000
97035  -49.368  -3.242  29.609 0.0000000000
97036  -50.523  -3.264  29.253 0.0000000000
57848  -6.283  -34.827  55.208 0.0000000000
57830  -5.466  -35.332  56.539 0.0000000000
56542  -6.170  -35.821  55.579 0.0000000000
53827  -6.628  -37.504  57.921 0.0000000000
53806  -6.261  -37.622  60.069 0.0000000000
71797  -28.893  -23.295  43.335 0.0000000000
70422  -30.895  -24.338  44.471 0.0000000000
70455  -30.426  -24.162  42.837 0.0000000000
71846  -32.180  -23.292  40.693 0.0000000000
71815  -32.206  -23.748  41.930 0.0000000000
73142  -33.274  -22.978  41.297 0.0000000000
73126  -34.374  -22.654  42.242 0.0000000000
73154  -33.599  -22.570  40.753 0.0000000000
78105  -32.259  -18.414  39.677 0.0000000000
78138  -32.582  -18.974  37.333 0.0000000000
75688  -33.236  -20.145  37.770 0.0000000000
75690  -34.258  -19.969  37.667 0.0000000000
75665  -34.998  -20.715  38.959 0.0000000000
75678  -35.428  -20.321  38.676 0.0000000000
76848  -36.938  -19.876  39.635 0.0000000000
76880  -35.803  -19.339  37.737 0.0000000000
82058  -34.553  -15.826  36.866 0.0000000000
80792  -35.337  -16.598  37.024 0.0000000000
82059  -35.778  -15.849  37.116 0.0000000000
82044  -36.607  -15.905  37.839 0.0000000000
83271  -36.107  -15.370  36.640 0.0000000000
83289  -36.671  -15.256  35.881 0.0000000000
83287  -34.516  -14.604  35.561 0.0000000000
88543  -33.280  -10.084  36.994 0.0000000000
87163  -33.969  -11.184  34.952 0.0000000000
88566  -35.248  -10.338  36.104 0.0000000000
58044  -22.984  -33.771  45.383 0.0000000000
56681  -23.257  -35.195  47.678 0.0000000000
57982  -24.316  -34.932  48.450 0.0000000000
59180  -10.229  -33.832  52.162 0.0000000000
59178  -8.712  -34.070  52.659 0.0000000000
57892  -10.402  -34.955  53.687 0.0000000000
59185  -14.642  -33.839  51.619 0.0000000000
59184  -13.786  -33.652  51.704 0.0000000000
57922  -14.424  -34.106  52.327 0.0000000000
55241  -19.703  -36.842  50.362 0.0000000000
55242  -20.468  -37.206  50.401 0.0000000000
55243  -21.464  -37.033  50.729 0.0000000000
55244  -22.371  -36.403  50.387 0.0000000000
71729  -26.053  -23.814  48.132 0.0000000000
70369  -26.408  -24.562  48.781 0.0000000000
61907  -18.150  -31.755  47.005 0.0000000000
61920  -16.836  -31.413  46.820 0.0000000000
59276  -16.716  -32.501  47.277 0.0000000000
59262  -16.944  -33.382  48.750 0.0000000000
57979  -17.309  -34.082  48.159 0.0000000000
56647  -18.297  -35.407  48.924 0.0000000000
75553  -26.161  -20.098  46.348 0.0000000000
75572  -27.350  -20.560  45.379 0.0000000000
73026  -23.249  -21.976  49.580 0.0000000000
74342  -23.236  -21.653  47.739 0.0000000000
75539  -25.118  -20.255  47.757 0.0000000000
87189  -37.171  -12.264  33.549 0.0000000000
84618  -39.227  -13.996  33.437 0.0000000000
85939  -38.665  -12.755  33.072 0.0000000000
87201  -39.743  -11.621  32.798 0.0000000000
87203  -41.134  -11.544  32.323 0.0000000000
91128  -41.619  -7.782  33.316 0.0000000000
92391  -42.979  -6.692  32.338 0.0000000000
91154  -44.139  -8.229  30.914 0.0000000000
91169  -45.656  -8.538  30.752 0.0000000000
91157  -47.109  -9.055  31.198 0.0000000000
91170  -46.578  -8.362  30.666 0.0000000000
92418  -48.139  -7.585  30.186 0.0000000000
93546  -48.567  -6.663  30.011 0.0000000000
94652  -48.015  -5.833  29.681 0.0000000000
95850  -47.980  -4.508  29.444 0.0000000000
56544  -8.498  -35.728  55.618 0.0000000000
56543  -7.281  -36.312  55.566 0.0000000000
56518  -7.966  -35.848  56.762 0.0000000000
73123  -30.164  -22.399  42.506 0.0000000000
71828  -29.862  -23.208  42.092 0.0000000000
73140  -30.405  -22.642  41.564 0.0000000000
74457  -31.185  -22.538  40.679 0.0000000000
73161  -31.717  -22.296  40.179 0.0000000000
79430  -31.792  -17.240  39.780 0.0000000000
79441  -31.417  -16.871  39.007 0.0000000000
79453  -31.489  -17.094  38.066 0.0000000000
79455  -33.143  -17.437  36.777 0.0000000000
79456  -34.277  -17.454  36.733 0.0000000000
80790  -32.660  -16.582  36.976 0.0000000000
83268  -32.878  -14.828  36.625 0.0000000000
83285  -32.579  -14.038  36.279 0.0000000000
84584  -32.658  -13.222  35.276 0.0000000000
85886  -31.849  -12.658  36.118 0.0000000000
60702  -24.816  -32.607  45.627 0.0000000000
57997  -25.380  -33.720  47.471 0.0000000000
60663  -25.777  -32.764  47.029 0.0000000000
60571  -10.380  -32.900  52.083 0.0000000000
59181  -11.111  -33.829  52.122 0.0000000000
52558  -3.239  -39.058  57.808 0.0000000000
55138  -3.205  -37.689  58.721 0.0000000000
53824  -2.688  -38.591  58.784 0.0000000000
53812  -1.733  -38.384  59.814 0.0000000000
53803  -1.208  -38.106  60.201 0.0000000000
74406  -36.197  -21.905  44.028 0.0000000000
66697  -25.473  -27.423  46.272 0.0000000000
65460  -26.449  -28.770  46.949 0.0000000000
61841  -14.301  -30.858  51.021 0.0000000000
61840  -13.355  -31.284  51.152 0.0000000000
60596  -12.780  -32.073  50.687 0.0000000000
60597  -13.330  -32.172  50.216 0.0000000000
59220  -15.017  -32.928  50.169 0.0000000000
57940  -15.946  -34.179  51.469 0.0000000000
59244  -16.971  -33.597  49.771 0.0000000000
57942  -17.230  -34.505  50.972 0.0000000000
56614  -17.285  -34.913  52.557 0.0000000000
101853  -52.843  0.171  29.493 0.0000000000
71778  -29.204  -23.816  46.235 0.0000000000
70408  -29.968  -24.129  45.853 0.0000000000
71790  -29.131  -23.782  45.095 0.0000000000
71789  -28.378  -23.039  44.366 0.0000000000
73106  -28.833  -22.652  43.349 0.0000000000
75573  -28.003  -20.823  45.311 0.0000000000
74401  -29.131  -21.607  44.411 0.0000000000
73107  -29.467  -22.402  43.126 0.0000000000
73108  -30.109  -22.159  43.407 0.0000000000
58041  -19.890  -34.158  45.171 0.0000000000
56696  -21.067  -35.066  46.537 0.0000000000
58042  -21.003  -34.142  45.107 0.0000000000
58043  -22.091  -34.015  45.180 0.0000000000
59320  -23.659  -33.265  45.105 0.0000000000
61941  -23.300  -31.825  45.384 0.0000000000
60719  -23.398  -31.931  44.460 0.0000000000
60721  -24.501  -32.099  44.698 0.0000000000
61957  -25.089  -31.002  44.222 0.0000000000
64305  -25.273  -29.427  43.761 0.0000000000
66712  -25.153  -28.113  44.277 0.0000000000
66677  -24.022  -27.447  47.810 0.0000000000
66684  -23.620  -26.820  46.929 0.0000000000
66704  -23.911  -26.966  45.436 0.0000000000
67946  -24.968  -27.356  45.231 0.0000000000
69172  -23.820  -25.915  45.708 0.0000000000
69159  -24.071  -25.434  46.382 0.0000000000
71744  -24.694  -23.706  46.831 0.0000000000
73064  -23.333  -22.356  46.837 0.0000000000
71762  -24.223  -23.274  46.347 0.0000000000
71763  -25.225  -22.989  46.633 0.0000000000
71764  -26.204  -22.997  46.709 0.0000000000
71765  -27.315  -23.017  46.422 0.0000000000
59316  -19.305  -33.360  45.128 0.0000000000
84620  -40.824  -14.182  33.962 0.0000000000
88593  -40.019  -10.197  34.416 0.0000000000
88604  -40.689  -10.133  32.730 0.0000000000
88613  -41.357  -10.504  32.178 0.0000000000
91142  -42.132  -8.332  32.180 0.0000000000
88614  -42.522  -10.556  31.961 0.0000000000
87205  -43.184  -11.424  32.134 0.0000000000
88606  -44.629  -11.155  32.848 0.0000000000
97037  -51.559  -3.463  29.432 0.0000000000
98200  -51.251  -2.490  29.127 0.0000000000
99355  -51.009  -1.479  29.526 0.0000000000
56468  -4.858  -35.508  57.542 0.0000000000
55154  -4.776  -36.750  57.150 0.0000000000
55170  -6.553  -37.019  56.516 0.0000000000
52584  -5.607  -37.839  56.863 0.0000000000
52572  -4.775  -38.499  57.122 0.0000000000
52548  -5.313  -38.884  59.106 0.0000000000
70409  -30.836  -24.338  45.570 0.0000000000
70410  -31.794  -24.262  45.316 0.0000000000
70411  -32.841  -23.922  44.985 0.0000000000
70456  -31.115  -24.189  42.636 0.0000000000
70438  -32.471  -23.888  43.327 0.0000000000
71780  -33.753  -23.559  44.693 0.0000000000
71793  -34.165  -23.039  44.056 0.0000000000
73112  -35.288  -22.450  43.315 0.0000000000
74429  -36.465  -21.506  42.549 0.0000000000
75651  -32.006  -21.385  39.985 0.0000000000
74469  -32.402  -21.791  39.520 0.0000000000
74479  -32.877  -21.362  38.880 0.0000000000
74470  -33.295  -21.946  39.633 0.0000000000
74461  -34.305  -21.912  40.507 0.0000000000
74462  -35.302  -21.342  40.574 0.0000000000
79457  -35.322  -17.858  36.737 0.0000000000
79444  -37.392  -17.699  37.938 0.0000000000
83273  -37.985  -15.509  36.988 0.0000000000
83300  -37.347  -15.150  35.056 0.0000000000
83319  -36.257  -14.139  33.716 0.0000000000
85917  -33.916  -12.628  34.499 0.0000000000
85935  -35.291  -12.937  33.921 0.0000000000
85920  -36.009  -12.184  33.760 0.0000000000
87166  -36.805  -10.864  34.716 0.0000000000
88581  -36.910  -10.356  35.455 0.0000000000
56665  -22.067  -35.664  48.265 0.0000000000
56652  -23.410  -35.749  49.356 0.0000000000
57970  -24.670  -35.096  49.222 0.0000000000
57868  -6.918  -34.411  54.597 0.0000000000
59146  -8.275  -33.194  53.968 0.0000000000
57889  -7.562  -34.300  53.703 0.0000000000
56592  -7.702  -35.203  53.822 0.0000000000
56569  -9.063  -35.644  54.641 0.0000000000
59199  -12.074  -33.202  51.322 0.0000000000
59182  -11.925  -33.650  52.007 0.0000000000
57894  -12.439  -34.382  53.344 0.0000000000
52517  -1.689  -39.332  61.155 0.0000000000
51133  -1.271  -39.646  60.507 0.0000000000
52530  -0.508  -39.057  59.913 0.0000000000
70384  -30.555  -24.343  47.755 0.0000000000
56678  -20.547  -35.525  47.260 0.0000000000
71767  -29.394  -23.875  47.181 0.0000000000
58013  -19.432  -34.635  46.028 0.0000000000
58012  -18.360  -34.195  45.961 0.0000000000
56676  -18.684  -35.132  47.331 0.0000000000
88583  -38.516  -10.391  35.392 0.0000000000
88570  -38.868  -10.195  36.330 0.0000000000
94631  -44.891  -5.112  32.722 0.0000000000
94642  -44.868  -5.134  31.566 0.0000000000
94649  -45.337  -5.483  30.854 0.0000000000
94643  -45.518  -4.863  31.070 0.0000000000
95837  -46.131  -4.220  31.035 0.0000000000
84559  -30.290  -13.421  38.606 0.0000000000
65477  -25.778  -28.884  45.088 0.0000000000
64282  -26.025  -29.547  45.455 0.0000000000
61814  -12.499  -31.523  52.728 0.0000000000
61813  -11.738  -31.753  52.605 0.0000000000
61828  -12.075  -31.514  51.945 0.0000000000
100605  -51.629  -1.000  29.217 0.0000000000
99357  -53.096  -1.394  28.815 0.0000000000
71751  -34.255  -23.632  46.404 0.0000000000
71769  -34.876  -23.364  46.014 0.0000000000
71768  -34.075  -23.448  45.596 0.0000000000
70367  -24.950  -24.808  47.614 0.0000000000
69134  -24.914  -25.007  47.958 0.0000000000
70368  -25.293  -24.462  48.050 0.0000000000
61884  -16.221  -31.132  48.077 0.0000000000
63087  -16.222  -30.285  48.488 0.0000000000
61883  -15.898  -30.726  48.478 0.0000000000
63075  -15.192  -30.499  49.430 0.0000000000
61868  -15.412  -30.936  48.992 0.0000000000
60617  -15.338  -31.843  49.211 0.0000000000
60618  -16.118  -32.019  48.714 0.0000000000
74398  -26.265  -21.279  44.762 0.0000000000
75586  -26.847  -20.791  44.841 0.0000000000
60678  -21.749  -32.624  46.123 0.0000000000
64260  -24.679  -29.276  47.162 0.0000000000
63105  -24.555  -30.042  46.788 0.0000000000
64269  -24.515  -29.412  46.221 0.0000000000
65453  -24.427  -28.370  47.553 0.0000000000
71714  -22.375  -23.229  49.262 0.0000000000
70333  -22.351  -23.779  49.527 0.0000000000
70350  -22.338  -24.227  49.102 0.0000000000
69132  -22.362  -25.007  48.493 0.0000000000
70366  -22.321  -24.125  48.000 0.0000000000
70380  -22.449  -23.953  47.239 0.0000000000
73051  -22.395  -22.981  47.988 0.0000000000
74381  -25.405  -21.247  45.029 0.0000000000
74397  -25.778  -20.941  44.803 0.0000000000
74382  -25.895  -21.541  44.936 0.0000000000
83321  -37.553  -14.328  33.696 0.0000000000
83322  -38.445  -14.425  33.731 0.0000000000
85942  -42.407  -13.005  33.281 0.0000000000
87193  -42.752  -12.490  32.797 0.0000000000
91114  -41.084  -8.328  34.385 0.0000000000
88623  -44.544  -9.812  31.267 0.0000000000
89897  -45.247  -9.888  31.413 0.0000000000
88617  -45.600  -10.445  31.989 0.0000000000
57867  -6.597  -35.037  54.734 0.0000000000
56566  -6.505  -35.321  54.978 0.0000000000
71811  -29.078  -23.146  42.929 0.0000000000
70435  -30.106  -24.260  43.620 0.0000000000
71812  -29.630  -23.578  42.654 0.0000000000
73152  -32.070  -22.901  40.217 0.0000000000
71832  -32.563  -23.364  41.238 0.0000000000
73153  -32.847  -22.704  40.501 0.0000000000
78148  -33.190  -18.754  36.794 0.0000000000
78139  -33.293  -19.294  36.953 0.0000000000
76878  -33.976  -19.638  37.061 0.0000000000
75677  -34.870  -20.109  38.239 0.0000000000
76879  -34.944  -19.489  37.319 0.0000000000
76864  -35.364  -19.681  37.919 0.0000000000
78140  -35.123  -19.088  37.016 0.0000000000
83269  -33.995  -14.990  36.579 0.0000000000
83270  -35.077  -15.335  36.417 0.0000000000
83288  -35.663  -14.958  35.727 0.0000000000
58017  -23.772  -33.808  46.130 0.0000000000
57995  -23.528  -34.821  47.127 0.0000000000
58018  -24.317  -33.691  46.436 0.0000000000
57918  -10.821  -34.511  52.650 0.0000000000
57917  -9.849  -34.543  52.715 0.0000000000
57923  -15.377  -34.273  52.001 0.0000000000
57897  -15.060  -34.688  52.836 0.0000000000
56447  -4.084  -36.099  58.935 0.0000000000
55126  -3.583  -36.676  59.015 0.0000000000
70386  -32.694  -24.563  47.337 0.0000000000
53910  -20.344  -37.512  50.859 0.0000000000
55251  -20.151  -36.818  49.701 0.0000000000
55252  -20.989  -36.753  49.740 0.0000000000
55253  -21.894  -36.498  49.799 0.0000000000
55254  -22.420  -36.243  49.833 0.0000000000
71746  -26.718  -23.445  47.442 0.0000000000
71730  -27.286  -23.927  48.440 0.0000000000
60675  -18.776  -32.263  46.593 0.0000000000
61922  -18.212  -31.938  46.109 0.0000000000
59294  -17.307  -33.054  46.408 0.0000000000
60674  -17.494  -32.302  46.008 0.0000000000
59293  -16.900  -32.341  46.767 0.0000000000
60656  -16.631  -31.866  47.035 0.0000000000
59277  -17.109  -33.239  47.672 0.0000000000
56662  -18.918  -35.652  48.079 0.0000000000
75540  -25.995  -20.142  47.383 0.0000000000
75541  -26.887  -20.207  47.086 0.0000000000
74305  -23.679  -21.307  49.179 0.0000000000
75527  -25.826  -20.186  48.346 0.0000000000
75552  -25.222  -20.225  46.715 0.0000000000
87190  -37.760  -11.956  33.504 0.0000000000
87192  -39.729  -11.035  33.123 0.0000000000
87202  -40.290  -11.263  32.614 0.0000000000
92383  -42.352  -7.255  32.798 0.0000000000
92402  -43.415  -7.160  31.319 0.0000000000
91168  -44.944  -8.304  30.686 0.0000000000
92415  -45.264  -7.865  30.625 0.0000000000
92416  -45.804  -7.371  30.504 0.0000000000
92417  -47.031  -7.493  30.340 0.0000000000
95838  -46.767  -4.076  30.511 0.0000000000
95844  -47.225  -4.396  29.846 0.0000000000
73141  -30.771  -22.146  42.052 0.0000000000
74443  -31.011  -22.434  40.972 0.0000000000
74458  -31.531  -22.096  40.498 0.0000000000
73151  -31.439  -22.713  40.452 0.0000000000
82042  -30.789  -15.637  38.471 0.0000000000
80788  -31.186  -16.326  38.197 0.0000000000
79454  -32.146  -17.696  37.456 0.0000000000
80789  -31.700  -16.494  37.439 0.0000000000
84570  -30.998  -13.536  36.945 0.0000000000
83267  -31.720  -14.414  36.736 0.0000000000
83284  -32.044  -13.798  36.346 0.0000000000
84575  -32.277  -13.362  35.930 0.0000000000
85885  -31.224  -12.691  36.581 0.0000000000
88520  -31.659  -11.016  37.224 0.0000000000
61926  -25.552  -31.750  45.682 0.0000000000
60682  -25.508  -32.393  46.338 0.0000000000
61889  -26.816  -31.697  47.741 0.0000000000
60645  -26.925  -32.307  48.197 0.0000000000
60583  -10.885  -33.052  51.703 0.0000000000
59197  -10.749  -33.384  51.896 0.0000000000
59198  -11.299  -33.325  51.649 0.0000000000
51157  -3.179  -39.699  58.307 0.0000000000
52557  -2.787  -39.123  58.413 0.0000000000
51156  -2.768  -39.482  58.733 0.0000000000
52544  -1.989  -38.799  59.682 0.0000000000
73088  -36.641  -22.408  45.241 0.0000000000
73102  -36.174  -22.209  44.629 0.0000000000
67934  -24.813  -26.785  46.140 0.0000000000
66686  -25.626  -27.141  47.751 0.0000000000
61842  -15.141  -30.477  51.177 0.0000000000
61830  -13.891  -31.067  52.010 0.0000000000
61853  -13.655  -31.363  50.297 0.0000000000
61852  -13.065  -31.675  50.636 0.0000000000
60615  -13.834  -31.817  49.794 0.0000000000
59202  -15.360  -33.793  51.082 0.0000000000
59203  -16.044  -33.979  51.050 0.0000000000
57968  -17.340  -34.208  49.151 0.0000000000
57957  -17.372  -34.428  50.185 0.0000000000
56624  -17.694  -34.952  51.335 0.0000000000
57925  -17.061  -34.577  51.641 0.0000000000
71777  -28.310  -23.352  45.661 0.0000000000
74400  -28.406  -21.770  44.115 0.0000000000
75555  -27.895  -20.574  45.999 0.0000000000
74384  -29.149  -21.459  45.271 0.0000000000
74413  -29.263  -21.981  43.718 0.0000000000
74414  -29.728  -21.933  44.085 0.0000000000
58014  -20.518  -34.631  45.811 0.0000000000
63148  -24.139  -30.935  44.896 0.0000000000
61942  -23.727  -31.387  45.143 0.0000000000
61955  -23.924  -31.400  44.555 0.0000000000
60720  -23.831  -31.926  44.342 0.0000000000
61956  -24.495  -31.028  44.281 0.0000000000
64304  -24.637  -29.408  43.979 0.0000000000
65498  -24.957  -29.125  43.445 0.0000000000
65487  -25.292  -28.798  43.990 0.0000000000
66711  -24.784  -27.956  44.444 0.0000000000
69123  -22.658  -24.971  49.566 0.0000000000
67877  -23.229  -25.603  50.751 0.0000000000
67891  -23.365  -26.082  49.454 0.0000000000
66665  -24.075  -27.008  49.053 0.0000000000
66676  -23.441  -26.692  47.951 0.0000000000
67932  -23.349  -26.255  46.283 0.0000000000
67951  -24.700  -27.425  44.941 0.0000000000
67944  -23.654  -26.260  45.758 0.0000000000
67945  -24.293  -26.608  45.582 0.0000000000
70396  -24.027  -24.347  46.497 0.0000000000
74361  -23.272  -21.962  47.223 0.0000000000
73065  -24.212  -22.171  46.188 0.0000000000
71766  -28.486  -23.609  46.796 0.0000000000
60698  -19.969  -32.828  45.510 0.0000000000
83274  -38.971  -15.318  37.217 0.0000000000
83303  -40.491  -15.458  35.641 0.0000000000
83293  -40.780  -15.413  36.599 0.0000000000
84619  -40.262  -14.062  33.571 0.0000000000
88594  -40.543  -9.551  34.714 0.0000000000
89884  -40.564  -9.877  33.185 0.0000000000
89895  -42.863  -9.461  31.504 0.0000000000
88605  -43.902  -11.538  32.464 0.0000000000
88596  -45.285  -10.818  33.960 0.0000000000
94654  -50.036  -5.607  29.987 0.0000000000
95846  -51.522  -4.402  30.016 0.0000000000
98199  -50.162  -2.295  29.637 0.0000000000
56516  -5.531  -35.973  56.274 0.0000000000
57815  -5.215  -35.000  57.190 0.0000000000
56493  -5.114  -35.828  56.943 0.0000000000
56492  -4.806  -36.000  57.395 0.0000000000
55155  -5.217  -36.319  56.667 0.0000000000
55171  -7.131  -36.535  56.592 0.0000000000
55184  -6.811  -36.696  56.119 0.0000000000
52574  -6.250  -37.934  57.562 0.0000000000
53843  -6.317  -37.607  57.053 0.0000000000
52573  -5.738  -38.266  57.264 0.0000000000
52583  -5.304  -37.965  56.863 0.0000000000
51176  -5.185  -39.002  57.550 0.0000000000
51159  -4.961  -39.403  58.175 0.0000000000
52559  -5.744  -38.931  58.097 0.0000000000
53805  -5.617  -38.230  60.131 0.0000000000
71829  -30.287  -23.335  41.622 0.0000000000
71813  -30.566  -23.989  42.073 0.0000000000
71814  -31.436  -24.015  41.986 0.0000000000
71816  -32.949  -23.416  42.024 0.0000000000
71800  -32.575  -23.860  42.730 0.0000000000
71791  -32.962  -23.759  43.476 0.0000000000
71779  -33.143  -23.771  44.173 0.0000000000
71792  -33.585  -23.506  43.780 0.0000000000
71802  -33.886  -23.108  43.380 0.0000000000
73127  -34.974  -22.493  42.651 0.0000000000
74418  -35.937  -21.944  43.345 0.0000000000
74428  -35.551  -21.990  42.454 0.0000000000
75652  -32.161  -20.457  40.142 0.0000000000
75663  -32.139  -21.506  39.599 0.0000000000
75664  -32.383  -20.818  39.183 0.0000000000
78124  -32.228  -18.706  38.416 0.0000000000
75675  -33.114  -20.489  38.205 0.0000000000
74471  -34.303  -21.329  39.318 0.0000000000
75653  -34.983  -20.843  39.929 0.0000000000
75634  -36.029  -21.190  40.986 0.0000000000
75635  -36.763  -20.963  41.576 0.0000000000
76866  -36.833  -19.490  38.469 0.0000000000
80778  -36.352  -16.626  37.337 0.0000000000
80793  -35.917  -17.178  37.001 0.0000000000
79443  -37.026  -17.132  37.433 0.0000000000
82060  -36.564  -15.654  37.292 0.0000000000
82045  -37.781  -15.892  37.905 0.0000000000
83251  -38.324  -15.544  37.824 0.0000000000
83272  -37.025  -15.458  36.815 0.0000000000
83298  -35.334  -14.474  34.724 0.0000000000
83299  -36.345  -14.844  34.935 0.0000000000
83309  -36.985  -14.760  34.207 0.0000000000
83308  -36.082  -14.389  34.045 0.0000000000
85901  -32.844  -12.667  35.007 0.0000000000
84585  -33.431  -13.354  34.893 0.0000000000
87175  -33.603  -12.299  34.655 0.0000000000
87177  -34.723  -11.754  34.289 0.0000000000
85936  -35.793  -12.834  33.646 0.0000000000
87178  -35.605  -11.628  34.150 0.0000000000
87179  -36.694  -11.681  33.943 0.0000000000
87165  -35.890  -11.093  34.696 0.0000000000
56679  -21.574  -35.473  47.331 0.0000000000
57981  -23.580  -35.110  47.910 0.0000000000
56666  -23.231  -35.496  48.366 0.0000000000
59267  -25.726  -33.448  47.663 0.0000000000
57983  -25.585  -34.026  48.264 0.0000000000
64261  -26.683  -29.699  47.739 0.0000000000
59147  -8.967  -33.010  53.439 0.0000000000
59132  -9.050  -32.585  54.403 0.0000000000
57916  -9.070  -34.522  52.710 0.0000000000
57890  -8.318  -34.726  53.055 0.0000000000
56593  -8.623  -35.449  53.757 0.0000000000
56594  -9.502  -35.391  53.930 0.0000000000
60586  -12.956  -32.473  50.684 0.0000000000
60585  -12.341  -32.436  51.066 0.0000000000
59200  -13.142  -33.038  51.024 0.0000000000
59183  -12.829  -33.468  51.892 0.0000000000
57920  -12.601  -33.889  52.648 0.0000000000
57895  -13.252  -34.245  53.254 0.0000000000
52543  0.001  -39.305  59.576 0.0000000000
60696  -17.959  -32.476  45.532 0.0000000000
59315  -18.177  -33.363  45.482 0.0000000000
59295  -17.842  -33.685  45.989 0.0000000000
58011  -17.746  -33.961  46.439 0.0000000000
57980  -17.670  -34.603  47.725 0.0000000000
75514  -26.437  -20.305  48.885 0.0000000000
87167  -37.587  -10.654  34.912 0.0000000000
87181  -38.306  -10.765  34.572 0.0000000000
93534  -43.445  -6.005  32.032 0.0000000000
92404  -45.252  -6.721  30.691 0.0000000000
93543  -45.609  -6.226  30.548 0.0000000000
94651  -46.998  -5.487  29.836 0.0000000000
74425  -31.396  -21.696  42.244 0.0000000000
74445  -32.049  -21.289  41.690 0.0000000000
82054  -30.601  -14.986  38.062 0.0000000000
83249  -30.344  -14.271  38.270 0.0000000000
84569  -30.419  -13.512  37.678 0.0000000000
85878  -30.713  -12.708  37.227 0.0000000000
87121  -30.591  -11.850  38.036 0.0000000000
61944  -25.842  -30.783  45.462 0.0000000000
61927  -25.949  -31.299  46.125 0.0000000000
63106  -26.615  -30.573  46.755 0.0000000000
63091  -26.892  -30.872  47.710 0.0000000000
61827  -11.482  -31.960  52.011 0.0000000000
98201  -52.546  -2.726  29.410 0.0000000000
52520  -3.589  -38.731  60.749 0.0000000000
52533  -2.966  -39.322  59.863 0.0000000000
52519  -2.702  -38.706  60.993 0.0000000000
52518  -1.965  -38.832  61.005 0.0000000000
71782  -35.227  -22.970  45.655 0.0000000000
67920  -24.839  -25.871  47.182 0.0000000000
67921  -25.121  -26.372  47.290 0.0000000000
69146  -24.941  -25.774  47.575 0.0000000000
67907  -25.646  -26.448  48.496 0.0000000000
69124  -25.727  -25.942  48.822 0.0000000000
63089  -17.282  -30.474  47.891 0.0000000000
63088  -16.721  -30.191  48.304 0.0000000000
63077  -16.410  -29.885  49.205 0.0000000000
63066  -16.228  -29.634  50.079 0.0000000000
63065  -15.382  -29.963  49.863 0.0000000000
63064  -14.846  -30.490  49.822 0.0000000000
60616  -14.449  -31.808  49.535 0.0000000000
59242  -15.320  -32.451  49.586 0.0000000000
56636  -18.155  -35.392  50.298 0.0000000000
56625  -18.416  -35.816  51.716 0.0000000000
61925  -24.204  -30.951  46.210 0.0000000000
63121  -24.417  -30.407  46.025 0.0000000000
63134  -24.374  -30.309  45.135 0.0000000000
65468  -24.444  -28.659  45.428 0.0000000000
70334  -22.419  -24.100  49.974 0.0000000000
69133  -22.797  -25.516  48.930 0.0000000000
67906  -22.955  -25.844  48.166 0.0000000000
67918  -22.646  -25.495  47.102 0.0000000000
67931  -22.976  -25.668  46.398 0.0000000000
69170  -23.110  -25.419  46.088 0.0000000000
69157  -22.702  -24.932  46.331 0.0000000000
70394  -22.671  -24.063  46.627 0.0000000000
75569  -24.546  -20.635  46.298 0.0000000000
74380  -24.577  -21.299  45.758 0.0000000000
73080  -24.889  -21.808  45.598 0.0000000000
73067  -25.894  -22.606  46.052 0.0000000000
83301  -38.431  -15.277  35.165 0.0000000000
83292  -39.747  -15.533  36.420 0.0000000000
83312  -40.372  -15.115  34.789 0.0000000000
85950  -40.493  -12.352  32.572 0.0000000000
89867  -41.058  -9.262  35.277 0.0000000000
89876  -40.945  -8.874  34.383 0.0000000000
91153  -43.375  -8.290  31.230 0.0000000000
89906  -43.196  -8.859  31.317 0.0000000000
89907  -43.808  -9.247  31.169 0.0000000000
88622  -44.079  -10.097  31.363 0.0000000000
95851  -48.620  -4.486  29.412 0.0000000000
95852  -49.278  -4.238  29.395 0.0000000000
95853  -50.072  -4.081  29.252 0.0000000000
57831  -5.962  -34.535  56.399 0.0000000000
56517  -5.746  -35.415  56.138 0.0000000000
56541  -5.736  -36.326  55.991 0.0000000000
53815  -5.921  -38.175  59.391 0.0000000000
71798  -29.266  -23.778  43.907 0.0000000000
70436  -31.006  -24.296  43.462 0.0000000000
71845  -31.523  -23.339  40.687 0.0000000000
71831  -31.820  -23.658  41.254 0.0000000000
73110  -33.983  -23.034  42.755 0.0000000000
73125  -33.605  -22.938  42.119 0.0000000000
73143  -33.967  -22.602  41.369 0.0000000000
74446  -34.589  -22.292  41.488 0.0000000000
75689  -33.582  -20.106  37.689 0.0000000000
75676  -33.947  -20.418  38.185 0.0000000000
74481  -34.337  -20.749  38.664 0.0000000000
75666  -35.924  -20.461  39.258 0.0000000000
75667  -36.401  -20.412  39.895 0.0000000000
76847  -36.404  -19.931  38.923 0.0000000000
76881  -36.303  -19.368  38.084 0.0000000000
82057  -33.350  -15.699  36.908 0.0000000000
82043  -36.022  -16.197  37.380 0.0000000000
84587  -34.899  -14.115  34.658 0.0000000000
88564  -33.081  -10.637  35.996 0.0000000000
87149  -33.540  -10.834  35.530 0.0000000000
88565  -34.156  -10.536  35.834 0.0000000000
88579  -35.153  -10.743  35.314 0.0000000000
88580  -36.042  -10.570  35.401 0.0000000000
58016  -22.665  -34.493  46.199 0.0000000000
56698  -22.546  -34.918  46.744 0.0000000000
60570  -9.694  -33.386  52.397 0.0000000000
59163  -9.043  -33.466  52.742 0.0000000000
59179  -9.367  -33.983  52.416 0.0000000000
59201  -14.258  -33.442  50.925 0.0000000000
57896  -14.114  -34.473  53.141 0.0000000000
55231  -19.455  -37.003  51.282 0.0000000000
53904  -20.197  -37.691  51.416 0.0000000000
53911  -20.713  -37.586  50.885 0.0000000000
53905  -21.095  -37.910  51.429 0.0000000000
71728  -25.485  -23.954  47.827 0.0000000000
61906  -17.598  -31.229  47.461 0.0000000000
61939  -17.818  -31.994  45.836 0.0000000000
61921  -17.466  -31.568  46.556 0.0000000000
63104  -17.143  -30.910  47.170 0.0000000000
63118  -16.826  -30.973  47.112 0.0000000000
61905  -16.484  -31.156  47.441 0.0000000000
60637  -16.493  -31.776  47.926 0.0000000000
59261  -16.525  -32.618  48.266 0.0000000000
57969  -17.725  -34.772  48.542 0.0000000000
75571  -26.472  -20.339  45.461 0.0000000000
75554  -27.107  -20.245  46.165 0.0000000000
71715  -22.631  -22.657  49.534 0.0000000000
73025  -22.681  -22.527  49.074 0.0000000000
73040  -22.997  -22.158  48.513 0.0000000000
74324  -23.402  -21.387  48.612 0.0000000000
74343  -23.773  -20.909  47.856 0.0000000000
75538  -24.437  -20.496  48.156 0.0000000000
75551  -24.411  -20.544  47.224 0.0000000000
85938  -37.568  -12.804  33.332 0.0000000000
84617  -38.096  -13.674  33.369 0.0000000000
85949  -39.479  -12.254  32.773 0.0000000000
92390  -42.712  -7.581  31.869 0.0000000000
89909  -45.709  -9.243  31.115 0.0000000000
89910  -46.503  -9.445  31.530 0.0000000000
91156  -46.224  -8.905  31.079 0.0000000000
94653  -48.963  -5.806  29.825 0.0000000000
94661  -48.408  -5.154  29.429 0.0000000000
94660  -47.674  -5.092  29.489 0.0000000000
97033  -48.266  -4.162  29.494 0.0000000000
56568  -8.017  -35.699  54.607 0.0000000000
73122  -29.637  -22.863  42.413 0.0000000000
73139  -30.005  -23.021  41.859 0.0000000000
71843  -30.473  -23.009  41.123 0.0000000000
73150  -30.829  -22.775  40.872 0.0000000000
71844  -30.839  -23.216  40.877 0.0000000000
73162  -31.987  -22.358  39.961 0.0000000000
79429  -31.477  -16.894  39.552 0.0000000000
80776  -31.092  -16.198  38.983 0.0000000000
79467  -32.842  -18.229  36.900 0.0000000000
79468  -33.608  -18.186  36.648 0.0000000000
82056  -32.212  -15.580  37.017 0.0000000000
84577  -33.760  -13.977  35.413 0.0000000000
84576  -33.004  -13.736  35.625 0.0000000000
85900  -32.316  -12.641  35.534 0.0000000000
87147  -32.178  -11.739  35.946 0.0000000000
87132  -31.192  -11.723  36.956 0.0000000000
87133  -31.780  -11.337  36.559 0.0000000000
88563  -32.557  -11.018  35.938 0.0000000000
59297  -24.499  -33.271  46.173 0.0000000000
59280  -24.896  -33.382  46.684 0.0000000000
59298  -25.005  -32.997  46.517 0.0000000000
59281  -25.398  -33.254  46.996 0.0000000000
59282  -25.884  -32.988  47.451 0.0000000000
60683  -26.057  -31.884  46.717 0.0000000000
60664  -26.295  -32.377  47.290 0.0000000000
60550  -10.347  -32.318  52.906 0.0000000000
57919  -11.745  -34.196  52.656 0.0000000000
56613  -16.375  -34.801  52.679 0.0000000000
53840  -3.607  -38.460  57.730 0.0000000000
53825  -3.222  -38.308  58.295 0.0000000000
53814  -2.820  -37.998  58.869 0.0000000000
53813  -2.235  -38.181  59.317 0.0000000000
52545  -2.520  -39.169  59.201 0.0000000000
53804  -1.852  -37.843  59.873 0.0000000000
88572  -40.700  -10.103  36.765 0.0000000000
89868  -41.734  -8.929  35.596 0.0000000000
74419  -36.680  -21.722  43.462 0.0000000000
65470  -26.114  -28.868  45.942 0.0000000000
66698  -25.894  -28.284  46.407 0.0000000000
66687  -25.936  -27.996  47.361 0.0000000000
69136  -26.082  -25.150  49.043 0.0000000000
61839  -12.533  -31.654  51.176 0.0000000000
60598  -14.145  -32.367  49.834 0.0000000000
59219  -13.820  -32.819  50.379 0.0000000000
57956  -17.019  -33.998  50.731 0.0000000000
57941  -16.569  -34.221  51.192 0.0000000000
57924  -16.360  -34.522  52.032 0.0000000000
100600  -52.257  -0.043  29.879 0.0000000000
70397  -29.988  -24.061  46.853 0.0000000000
75587  -27.717  -21.056  44.780 0.0000000000
74383  -28.468  -21.263  44.902 0.0000000000
74412  -28.955  -22.181  43.518 0.0000000000
73097  -30.417  -22.134  44.271 0.0000000000
56695  -20.207  -35.049  46.522 0.0000000000
58015  -21.551  -34.592  45.843 0.0000000000
60679  -22.802  -32.205  45.876 0.0000000000
60701  -22.970  -32.268  44.898 0.0000000000
61954  -23.425  -31.778  44.791 0.0000000000
59341  -23.308  -32.360  44.578 0.0000000000
59343  -24.028  -32.780  44.802 0.0000000000
59321  -24.279  -32.947  45.262 0.0000000000
60722  -25.102  -31.625  44.722 0.0000000000
63161  -24.722  -30.085  43.796 0.0000000000
61974  -25.090  -30.379  43.831 0.0000000000
63135  -25.425  -30.659  44.489 0.0000000000
63151  -25.480  -29.689  44.259 0.0000000000
65488  -25.543  -28.923  44.464 0.0000000000
65476  -25.447  -28.426  44.658 0.0000000000
66685  -24.091  -27.584  46.756 0.0000000000
66696  -24.274  -27.636  46.098 0.0000000000
66695  -23.675  -26.930  46.078 0.0000000000
66705  -24.462  -27.640  45.098 0.0000000000
67952  -24.977  -27.621  44.645 0.0000000000
66706  -25.292  -27.788  45.005 0.0000000000
69171  -23.510  -25.667  46.008 0.0000000000
70381  -24.779  -24.457  47.194 0.0000000000
73052  -22.823  -22.503  47.639 0.0000000000
71743  -22.857  -22.973  47.033 0.0000000000
71761  -23.261  -23.203  46.478 0.0000000000
71745  -25.526  -23.638  47.318 0.0000000000
73068  -26.513  -22.771  46.189 0.0000000000
60676  -19.629  -32.567  46.350 0.0000000000
84599  -40.370  -14.631  34.073 0.0000000000
85921  -41.773  -14.078  34.100 0.0000000000
88584  -39.496  -10.283  35.446 0.0000000000
88603  -40.196  -10.392  33.198 0.0000000000
88612  -40.684  -10.748  32.475 0.0000000000
87204  -42.307  -11.750  32.331 0.0000000000
91141  -41.406  -8.617  32.801 0.0000000000
89894  -41.713  -9.440  32.036 0.0000000000
87195  -44.179  -11.758  33.232 0.0000000000
100599  -51.493  -0.504  29.967 0.0000000000
56467  -4.521  -35.981  58.028 0.0000000000
53841  -4.131  -37.925  57.378 0.0000000000
55183  -6.382  -36.827  55.894 0.0000000000
53869  -5.868  -37.184  56.004 0.0000000000
55156  -6.820  -37.028  57.240 0.0000000000
53857  -6.119  -37.411  56.369 0.0000000000
53856  -5.540  -37.410  56.528 0.0000000000
55168  -5.163  -37.132  56.703 0.0000000000
53855  -4.903  -37.637  56.858 0.0000000000
52571  -3.934  -38.826  57.497 0.0000000000
51158  -4.098  -39.685  58.209 0.0000000000
52547  -4.470  -39.121  59.360 0.0000000000
52535  -4.845  -38.725  60.087 0.0000000000
52534  -3.905  -39.094  59.894 0.0000000000
70398  -30.771  -24.365  46.663 0.0000000000
70412  -33.562  -23.614  45.330 0.0000000000
71799  -31.897  -23.978  42.461 0.0000000000
70437  -31.839  -24.043  43.157 0.0000000000
70424  -32.504  -23.924  43.899 0.0000000000
73086  -35.240  -22.760  44.605 0.0000000000
73111  -34.520  -22.822  43.220 0.0000000000
73100  -34.892  -22.705  44.077 0.0000000000
73101  -35.631  -22.398  44.173 0.0000000000
75632  -32.491  -20.308  41.220 0.0000000000
74468  -31.884  -21.932  39.858 0.0000000000
76863  -32.527  -19.780  38.249 0.0000000000
74460  -33.502  -22.307  40.323 0.0000000000
74447  -35.218  -21.750  41.415 0.0000000000
74448  -35.969  -21.423  41.815 0.0000000000
74430  -37.149  -21.317  42.935 0.0000000000
76830  -37.220  -20.051  40.303 0.0000000000
79470  -34.939  -18.390  36.743 0.0000000000
78141  -35.593  -18.766  37.075 0.0000000000
78142  -36.696  -18.835  37.775 0.0000000000
79458  -36.568  -17.807  37.059 0.0000000000
83290  -37.685  -15.396  36.030 0.0000000000
84586  -34.372  -13.919  34.852 0.0000000000
84596  -35.147  -13.664  34.204 0.0000000000
87176  -33.960  -12.035  34.495 0.0000000000
85918  -34.643  -12.638  34.210 0.0000000000
84614  -35.560  -13.285  33.793 0.0000000000
85937  -36.622  -12.692  33.498 0.0000000000
88582  -37.698  -10.323  35.549 0.0000000000
88569  -37.957  -10.148  36.284 0.0000000000
56680  -22.648  -35.236  47.348 0.0000000000
56651  -22.450  -35.879  49.265 0.0000000000
56638  -22.865  -36.011  49.943 0.0000000000
57996  -24.672  -33.942  47.044 0.0000000000
57971  -25.367  -34.887  49.660 0.0000000000
56653  -24.327  -35.453  49.533 0.0000000000
56640  -24.278  -35.583  50.527 0.0000000000
57849  -6.641  -34.019  55.646 0.0000000000
56591  -7.270  -34.867  54.137 0.0000000000
59162  -8.224  -33.684  53.148 0.0000000000
59161  -7.827  -33.647  53.718 0.0000000000
56570  -10.121  -35.394  54.663 0.0000000000
56596  -14.759  -34.817  53.708 0.0000000000
101858  -52.995  -0.093  29.086 0.0000000000
51124  -1.373  -39.868  61.411 0.0000000000
49746  -0.507  -40.724  59.485 0.0000000000
51155  0.176  -39.956  58.897 0.0000000000
51143  -0.086  -39.723  59.252 0.0000000000
51134  -3.052  -39.464  59.465 0.0000000000
51135  -3.307  -39.408  59.454 0.0000000000
51144  -2.703  -39.475  58.985 0.0000000000
51145  -2.958  -39.540  59.136 0.0000000000
51147  -4.520  -39.366  58.755 0.0000000000
51174  -3.710  -39.448  57.738 0.0000000000
51175  -4.425  -39.257  57.611 0.0000000000
52546  -2.794  -39.394  59.369 0.0000000000
52549  -5.970  -38.436  58.724 0.0000000000
53826  -3.666  -38.004  57.879 0.0000000000
53842  -5.868  -37.744  56.777 0.0000000000
53868  -5.614  -37.038  56.120 0.0000000000
55182  -5.815  -36.708  55.845 0.0000000000
55232  -19.974  -37.371  50.803 0.0000000000
57992  -18.079  -34.617  46.984 0.0000000000
57994  -22.840  -34.873  46.849 0.0000000000
58039  -18.457  -33.870  45.564 0.0000000000
59222  -17.062  -33.752  50.359 0.0000000000
59342  -23.657  -32.605  44.615 0.0000000000
60673  -16.955  -32.061  46.433 0.0000000000
60681  -24.918  -32.795  46.185 0.0000000000
60703  -25.238  -32.029  45.269 0.0000000000
61812  -11.345  -32.021  52.489 0.0000000000
61866  -14.157  -31.376  49.799 0.0000000000
61904  -16.339  -30.690  48.015 0.0000000000
61940  -18.177  -32.203  45.716 0.0000000000
61973  -24.894  -30.452  43.864 0.0000000000
63076  -15.717  -30.141  49.083 0.0000000000
63103  -16.710  -30.532  47.621 0.0000000000
63119  -17.038  -31.130  46.825 0.0000000000
63120  -24.210  -30.986  45.932 0.0000000000
63136  -25.720  -30.237  44.866 0.0000000000
63150  -25.307  -30.184  44.068 0.0000000000
63162  -25.078  -29.904  43.577 0.0000000000
64244  -15.889  -29.718  49.549 0.0000000000
64245  -16.174  -29.673  49.650 0.0000000000
64252  -16.124  -29.723  49.431 0.0000000000
64293  -25.670  -29.406  44.693 0.0000000000
64306  -25.452  -29.231  44.171 0.0000000000
64318  -24.876  -29.415  43.526 0.0000000000
64319  -25.079  -29.304  43.428 0.0000000000
65486  -24.914  -28.698  43.760 0.0000000000
65499  -25.136  -29.042  43.558 0.0000000000
67893  -25.877  -26.161  49.016 0.0000000000
67905  -22.445  -25.340  47.734 0.0000000000
70351  -22.436  -24.455  49.557 0.0000000000
70457  -31.541  -24.076  42.540 0.0000000000
71704  -22.380  -23.528  49.748 0.0000000000
71742  -22.468  -23.345  47.564 0.0000000000
73039  -22.489  -22.763  48.474 0.0000000000
73094  -26.200  -21.678  44.942 0.0000000000
75584  -25.596  -20.769  45.001 0.0000000000
76865  -35.861  -19.823  38.413 0.0000000000
76877  -33.091  -19.869  37.480 0.0000000000
76891  -34.501  -19.340  36.964 0.0000000000
78149  -33.925  -18.949  36.637 0.0000000000
78150  -34.791  -18.923  36.808 0.0000000000
78151  -35.169  -18.485  36.816 0.0000000000
79459  -37.075  -18.225  37.534 0.0000000000
79469  -34.474  -18.294  36.656 0.0000000000
80777  -35.888  -16.374  37.295 0.0000000000
83297  -34.768  -14.308  34.929 0.0000000000
83320  -36.670  -14.208  33.700 0.0000000000
84594  -33.705  -12.974  34.572 0.0000000000
84595  -34.185  -13.215  34.482 0.0000000000
84597  -35.682  -14.030  33.937 0.0000000000
84598  -39.816  -14.486  33.733 0.0000000000
84615  -36.056  -13.693  33.597 0.0000000000
85916  -33.408  -12.640  34.704 0.0000000000
85919  -35.342  -12.304  33.951 0.0000000000
87131  -30.657  -12.215  37.530 0.0000000000
87146  -31.540  -12.174  36.337 0.0000000000
87161  -32.582  -12.225  35.327 0.0000000000
87162  -33.148  -11.950  34.995 0.0000000000
88541  -31.683  -11.197  36.827 0.0000000000
88578  -34.566  -10.877  35.187 0.0000000000
89918  -45.184  -8.755  30.718 0.0000000000
89919  -45.342  -8.946  30.810 0.0000000000
91155  -45.850  -8.887  31.008 0.0000000000
92401  -43.044  -7.846  31.444 0.0000000000
