#!ascii label  , from subject 3221 vox2ras=TkReg
1218
101248  -20.704  -0.156  -20.725 0.5555555820
101250  -22.143  -0.336  -21.497 0.6666666865
102477  -21.956  1.147  -22.219 0.7777777910
102478  -22.795  0.875  -22.258 0.7777777910
103711  -22.095  2.082  -22.925 0.8888888955
102500  -24.313  1.376  -23.022 0.8888888955
101231  -20.305  -0.442  -20.364 0.5555555820
102463  -20.440  0.861  -20.600 0.5555555820
103698  -20.913  1.759  -21.200 0.6666666865
103699  -21.636  1.920  -21.948 0.8888888955
103712  -23.172  1.730  -22.900 0.8888888955
104938  -23.476  3.441  -23.802 1.0000000000
103730  -24.702  2.017  -23.336 0.8888888955
104955  -25.214  3.016  -23.915 1.0000000000
103687  -20.489  2.204  -21.004 0.7777777910
106134  -21.465  3.665  -21.921 1.0000000000
106146  -21.227  4.776  -23.032 1.0000000000
104936  -21.907  3.263  -23.051 1.0000000000
106169  -22.308  3.775  -24.098 1.0000000000
106168  -21.636  4.369  -23.558 1.0000000000
106148  -22.801  3.759  -24.098 1.0000000000
106184  -21.807  4.426  -24.296 1.0000000000
106185  -22.239  4.192  -24.659 1.0000000000
106170  -22.911  3.871  -24.475 1.0000000000
104969  -24.621  3.865  -24.317 1.0000000000
107402  -21.962  4.276  -25.045 1.0000000000
172678  -23.025  4.273  -25.251 1.0000000000
106198  -24.157  4.219  -24.403 1.0000000000
107428  -23.169  4.779  -25.036 1.0000000000
107404  -23.744  5.285  -24.393 0.7777777910
107371  -20.510  5.517  -22.649 0.8888888955
106167  -21.189  5.027  -23.407 1.0000000000
107401  -21.587  4.779  -24.731 1.0000000000
108604  -19.865  5.751  -24.235 1.0000000000
108606  -21.096  5.359  -24.680 1.0000000000
107426  -21.711  4.917  -26.274 1.0000000000
107437  -22.602  4.642  -27.088 1.0000000000
108661  -22.808  5.310  -27.538 1.0000000000
108623  -23.094  5.764  -24.506 1.0000000000
108624  -24.038  5.779  -24.747 0.8888888955
108625  -25.153  5.724  -24.995 0.7777777910
108626  -26.312  5.639  -24.937 0.7777777910
173850  -19.864  7.499  -22.993 0.5555555820
113521  -19.549  8.933  -25.590 0.7777777910
112257  -19.683  8.006  -24.687 0.8888888955
109831  -20.524  6.647  -25.373 1.0000000000
108636  -20.766  6.054  -25.705 1.0000000000
111041  -19.853  7.741  -25.926 0.8888888955
109845  -20.586  7.000  -26.331 1.0000000000
109858  -20.823  6.741  -27.260 1.0000000000
109846  -21.844  6.430  -26.061 1.0000000000
109834  -22.932  6.293  -24.909 0.8888888955
109833  -22.155  6.550  -25.262 1.0000000000
109835  -24.356  6.604  -24.999 0.8888888955
111046  -24.857  7.587  -25.116 0.7777777910
109838  -27.267  7.196  -24.775 0.6666666865
111048  -26.779  7.710  -24.972 0.6666666865
173859  -20.427  9.884  -23.762 0.4444444478
113499  -19.594  9.041  -25.054 0.7777777910
173867  -18.534  9.762  -26.639 0.6666666865
112309  -19.320  8.769  -27.363 0.7777777910
112325  -19.594  8.233  -27.493 0.8888888955
111071  -19.917  7.709  -27.662 0.8888888955
109859  -21.763  6.312  -27.431 1.0000000000
112327  -20.580  8.018  -27.220 1.0000000000
112312  -20.796  8.020  -26.588 1.0000000000
111043  -21.702  7.260  -25.217 1.0000000000
111044  -22.466  7.276  -24.773 0.8888888955
111045  -23.499  7.720  -25.070 0.7777777910
111049  -27.258  7.586  -24.718 0.5555555820
112299  -25.344  8.472  -25.065 0.7777777910
112284  -26.583  8.540  -24.542 0.6666666865
114754  -17.108  9.936  -27.460 0.6666666865
173857  -18.529  10.407  -25.607 0.6666666865
113574  -18.014  9.371  -28.339 0.7777777910
113585  -17.506  9.731  -28.588 0.7777777910
112337  -19.431  9.062  -28.068 0.8888888955
113589  -20.122  8.775  -28.093 0.8888888955
113576  -19.941  9.572  -27.188 1.0000000000
113560  -20.764  9.266  -26.410 1.0000000000
112295  -21.070  8.929  -25.493 1.0000000000
112296  -21.132  8.267  -25.675 0.8888888955
112260  -22.300  8.856  -24.261 0.8888888955
112297  -23.466  8.801  -25.093 0.8888888955
112298  -24.333  8.594  -25.168 0.7777777910
113503  -22.050  9.201  -24.080 0.8888888955
113526  -22.796  9.288  -24.661 0.7777777910
113546  -24.853  9.474  -25.115 0.7777777910
113547  -25.786  9.330  -24.784 0.7777777910
113527  -26.331  9.645  -24.319 0.6666666865
115979  -16.573  10.818  -26.930 0.6666666865
115964  -16.838  11.253  -27.932 0.7777777910
114798  -18.694  10.376  -27.607 0.8888888955
114799  -19.377  10.191  -27.238 0.8888888955
115944  -19.808  10.459  -26.476 1.0000000000
114758  -20.411  9.907  -25.886 1.0000000000
113523  -20.345  9.437  -24.324 1.0000000000
112258  -20.994  9.018  -23.991 0.8888888955
114737  -24.331  10.444  -25.193 0.7777777910
114738  -25.241  10.458  -25.056 0.7777777910
114739  -26.071  10.514  -24.924 0.6666666865
114718  -26.620  10.691  -24.176 0.5555555820
114703  -27.106  10.463  -23.686 0.5555555820
117107  -17.236  11.267  -27.062 0.7777777910
173862  -19.262  11.464  -23.807 0.6666666865
115966  -19.006  10.898  -26.915 0.8888888955
173889  -19.897  10.966  -25.829 1.0000000000
114733  -19.837  10.864  -24.328 1.0000000000
114716  -21.947  10.380  -24.145 0.8888888955
113502  -21.652  9.710  -23.985 0.8888888955
115869  -22.439  11.176  -24.461 0.8888888955
113543  -22.776  9.843  -24.563 0.8888888955
115897  -24.685  11.414  -25.304 0.7777777910
117060  -25.828  12.436  -25.457 0.7777777910
115898  -25.575  11.444  -25.359 0.7777777910
115870  -26.930  11.532  -24.315 0.5555555820
117058  -24.026  12.314  -25.517 0.7777777910
117061  -26.407  12.567  -25.054 0.5555555820
115871  -27.518  11.738  -24.208 0.5555555820
118130  -19.579  12.101  -21.675 0.4444444478
173863  -19.567  11.873  -24.254 0.7777777910
173880  -19.680  11.249  -25.807 1.0000000000
173920  -19.209  11.651  -26.224 0.8888888955
173873  -20.834  11.784  -24.602 1.0000000000
115866  -20.729  11.439  -23.997 0.8888888955
117036  -22.032  11.917  -24.195 0.8888888955
115855  -21.978  11.015  -23.932 0.8888888955
115896  -23.737  11.337  -25.291 0.8888888955
117059  -25.000  12.306  -25.827 0.6666666865
118188  -26.758  13.023  -24.988 0.5555555820
119403  -19.238  13.668  -21.385 0.6666666865
118141  -19.960  12.401  -22.222 0.6666666865
116984  -20.332  12.254  -23.104 0.7777777910
173879  -21.187  12.264  -23.625 0.8888888955
173872  -20.979  12.061  -23.548 0.7777777910
173890  -21.454  12.489  -23.942 0.7777777910
118187  -21.874  12.445  -24.334 0.8888888955
118202  -21.929  13.305  -24.554 0.7777777910
117037  -22.329  12.062  -24.625 0.8888888955
118203  -23.389  13.326  -25.178 0.7777777910
117057  -23.054  12.270  -25.045 0.7777777910
119452  -23.916  14.349  -25.413 0.6666666865
119453  -24.757  14.295  -26.281 0.6666666865
118204  -24.404  13.306  -25.803 0.6666666865
118205  -25.400  13.297  -25.989 0.5555555820
120711  -25.314  15.314  -26.150 0.6666666865
119455  -26.943  14.326  -25.342 0.5555555820
118207  -26.818  13.513  -25.118 0.4444444478
120713  -27.065  15.267  -25.700 0.5555555820
120633  -18.929  15.321  -19.836 0.3333333433
119404  -19.712  14.079  -21.871 0.5555555820
120665  -20.536  15.094  -22.518 0.5555555820
119417  -20.283  14.286  -22.774 0.7777777910
173887  -21.663  13.963  -23.939 0.7777777910
173917  -21.733  14.904  -24.213 0.6666666865
118201  -22.048  13.959  -24.418 0.6666666865
173895  -21.939  14.176  -24.305 0.6666666865
119451  -22.806  14.391  -24.938 0.6666666865
120710  -24.349  15.347  -25.612 0.6666666865
120712  -26.393  15.235  -26.066 0.5555555820
121860  -26.935  16.148  -25.963 0.5555555820
120634  -19.435  15.733  -19.927 0.4444444478
121780  -18.253  16.200  -18.919 0.4444444478
120641  -19.495  15.335  -20.756 0.4444444478
121803  -19.950  16.290  -20.929 0.5555555820
120652  -20.230  15.450  -21.896 0.5555555820
173888  -21.169  15.077  -23.099 0.6666666865
119418  -20.763  14.906  -22.812 0.6666666865
173903  -21.470  15.299  -23.632 0.6666666865
173905  -21.906  14.494  -24.366 0.6666666865
120709  -23.306  15.428  -25.171 0.6666666865
121859  -25.728  16.248  -25.903 0.6666666865
122945  -19.613  16.915  -20.465 0.4444444478
121838  -21.309  16.542  -23.444 0.6666666865
120678  -21.307  15.860  -23.193 0.6666666865
121840  -21.717  16.448  -24.403 0.6666666865
173906  -21.832  15.418  -24.469 0.6666666865
120692  -21.678  15.825  -24.318 0.6666666865
121858  -24.732  16.331  -25.612 0.6666666865
104915  -21.389  2.779  -21.596 1.0000000000
104929  -21.859  2.984  -22.285 1.0000000000
103744  -22.285  3.043  -23.398 1.0000000000
173858  -19.129  9.638  -25.485 0.5555555820
111025  -21.975  7.896  -24.247 0.8888888955
118254  -18.170  10.587  -26.449 0.5555555820
118131  -18.840  12.978  -21.161 0.5555555820
115965  -18.997  10.899  -26.487 0.7777777910
115894  -20.247  11.346  -24.466 1.0000000000
173884  -18.079  12.766  -19.299 0.2222222239
118206  -26.265  13.368  -25.402 0.6666666865
173878  -21.333  12.951  -24.037 0.7777777910
120666  -21.007  15.626  -22.459 0.6666666865
121824  -21.328  16.642  -22.708 0.6666666865
173883  -17.946  10.657  -25.928 0.4444444478
123006  -27.159  17.300  -25.744 0.5555555820
121841  -27.606  16.534  -25.049 0.5555555820
121781  -19.196  16.256  -19.459 0.3333333433
99980  -21.198  -1.511  -20.786 0.5555555820
99998  -21.831  -1.312  -21.326 0.5555555820
101249  -21.295  -0.393  -21.033 0.6666666865
101268  -22.709  0.017  -21.786 0.5555555820
102480  -24.584  0.561  -22.896 0.7777777910
102501  -25.222  1.010  -23.256 0.8888888955
99979  -20.428  -1.539  -20.182 0.5555555820
102479  -23.811  0.787  -22.595 0.8888888955
103731  -25.496  1.994  -23.522 0.7777777910
101230  -19.852  -0.377  -19.902 0.4444444478
103670  -19.440  1.600  -19.911 0.5555555820
104901  -19.775  3.132  -20.738 0.2222222239
104914  -20.716  2.926  -21.184 0.6666666865
106188  -25.369  4.109  -24.653 0.8888888955
106171  -26.394  3.899  -24.942 0.6666666865
106113  -20.256  5.125  -21.538 0.5555555820
109819  -27.116  5.872  -24.757 0.6666666865
173844  -20.312  6.276  -22.135 0.4444444478
109820  -27.680  6.451  -24.538 0.5555555820
111009  -27.958  7.758  -23.831 0.5555555820
173853  -20.198  8.644  -22.229 0.2222222239
112285  -27.231  8.269  -24.278 0.5555555820
113505  -27.417  9.626  -23.617 0.5555555820
115804  -18.499  10.823  -20.499 0.3333333433
114704  -28.020  10.649  -23.669 0.5555555820
115872  -28.105  11.736  -23.910 0.4444444478
173874  -18.928  12.062  -20.939 0.3333333433
117039  -27.684  12.492  -24.046 0.5555555820
119440  -27.967  14.151  -24.559 0.4444444478
120632  -18.285  15.278  -19.141 0.3333333433
119385  -18.533  14.570  -19.755 0.3333333433
119394  -18.919  14.297  -20.544 0.4444444478
121842  -28.137  16.337  -24.395 0.4444444478
122989  -27.663  17.036  -24.787 0.2222222239
121804  -20.730  16.467  -21.429 0.6666666865
121839  -21.389  16.669  -24.044 0.6666666865
121856  -22.765  16.507  -25.022 0.6666666865
123003  -24.111  17.385  -25.185 0.6666666865
123004  -24.919  17.279  -25.699 0.6666666865
123005  -25.804  17.185  -26.249 0.6666666865
123007  -28.077  17.920  -25.655 0.3333333433
121816  -21.352  17.012  -22.007 0.5555555820
102447  -20.457  0.273  -20.585 0.5555555820
102464  -20.877  0.620  -20.866 0.6666666865
102465  -21.591  0.751  -21.483 0.6666666865
102466  -22.231  0.493  -21.837 0.7777777910
103727  -22.264  2.861  -23.249 1.0000000000
103729  -23.783  2.236  -23.340 1.0000000000
103713  -23.758  1.549  -22.945 0.8888888955
102429  -19.596  0.488  -19.809 0.4444444478
102446  -20.077  0.503  -20.301 0.5555555820
103671  -19.850  1.070  -20.126 0.5555555820
103686  -20.144  1.690  -20.607 0.6666666865
103697  -20.602  1.230  -20.787 0.6666666865
103728  -22.868  2.846  -23.245 1.0000000000
104939  -24.385  2.820  -23.671 1.0000000000
104952  -22.493  3.278  -23.533 1.0000000000
106149  -23.037  3.740  -23.983 1.0000000000
104940  -24.963  2.501  -23.556 1.0000000000
104954  -24.223  3.617  -24.084 1.0000000000
104902  -20.274  2.480  -20.900 0.5555555820
106114  -20.891  3.911  -21.614 0.8888888955
106115  -21.179  3.332  -21.522 1.0000000000
106147  -21.584  3.979  -22.697 1.0000000000
106133  -21.032  4.676  -22.293 0.8888888955
106145  -20.885  5.034  -22.870 1.0000000000
104951  -22.050  3.356  -23.511 1.0000000000
104937  -22.854  3.541  -23.772 1.0000000000
107387  -20.832  5.240  -23.818 1.0000000000
107388  -21.377  5.078  -24.231 1.0000000000
104953  -23.523  3.865  -24.661 1.0000000000
104970  -25.346  3.508  -24.401 0.8888888955
172674  -24.041  3.772  -25.128 1.0000000000
107417  -21.789  4.322  -25.837 1.0000000000
107416  -21.569  4.845  -25.417 1.0000000000
106211  -23.057  4.352  -26.534 1.0000000000
106197  -24.080  4.757  -24.266 1.0000000000
106187  -24.411  4.614  -24.398 0.8888888955
107405  -24.795  5.063  -24.656 0.7777777910
108588  -19.814  6.175  -23.429 1.0000000000
173845  -20.059  6.684  -22.764 0.5555555820
173843  -20.709  5.143  -22.144 0.6666666865
107386  -20.141  5.287  -23.509 1.0000000000
173842  -20.514  5.632  -22.089 0.5555555820
108605  -20.580  5.703  -24.554 1.0000000000
109800  -19.903  6.659  -23.990 0.8888888955
109818  -20.403  6.574  -24.900 1.0000000000
108649  -20.926  6.152  -26.526 1.0000000000
108660  -21.962  5.181  -27.774 1.0000000000
109869  -22.458  5.992  -27.929 1.0000000000
108638  -22.641  5.667  -26.157 1.0000000000
109836  -25.568  6.624  -25.096 0.7777777910
109837  -26.696  6.714  -24.988 0.6666666865
173848  -20.105  7.894  -22.287 0.5555555820
113486  -19.662  8.091  -23.941 0.6666666865
108564  -19.885  6.859  -23.222 0.7777777910
109801  -19.988  7.091  -23.832 0.7777777910
113500  -19.657  8.386  -24.412 0.7777777910
114732  -19.005  9.427  -26.375 0.6666666865
113559  -19.467  8.647  -26.580 0.8888888955
112279  -19.633  8.290  -25.300 0.8888888955
112310  -19.629  8.218  -26.660 0.8888888955
109817  -20.212  6.620  -24.471 0.8888888955
111023  -20.029  7.432  -25.079 1.0000000000
111059  -19.921  7.701  -26.753 0.8888888955
111061  -21.367  7.265  -26.432 1.0000000000
112300  -26.106  8.299  -24.895 0.6666666865
173856  -20.255  9.111  -22.497 0.3333333433
173855  -19.813  8.576  -23.774 0.4444444478
114755  -18.106  9.582  -27.483 0.6666666865
114756  -18.580  9.456  -27.192 0.7777777910
112338  -19.672  8.447  -28.142 0.8888888955
111073  -21.060  7.368  -27.267 1.0000000000
113561  -20.937  8.627  -26.348 1.0000000000
111027  -23.091  8.434  -25.037 0.7777777910
112261  -26.850  8.967  -23.892 0.5555555820
113587  -19.065  9.576  -27.978 0.8888888955
113541  -20.733  9.404  -25.424 1.0000000000
173861  -19.929  10.757  -22.495 0.4444444478
114778  -19.661  10.256  -26.809 0.8888888955
114734  -20.179  9.907  -24.913 1.0000000000
114715  -20.114  10.361  -23.743 0.8888888955
114736  -23.469  10.415  -25.010 0.7777777910
114720  -27.795  11.310  -24.008 0.5555555820
173864  -19.318  11.437  -24.831 0.6666666865
115943  -19.016  11.385  -26.761 0.8888888955
114699  -20.669  11.300  -24.000 1.0000000000
114735  -22.777  10.327  -24.639 0.8888888955
115899  -26.319  11.651  -24.850 0.6666666865
117038  -26.984  12.330  -24.605 0.5555555820
173866  -19.924  11.049  -25.092 1.0000000000
173865  -20.296  12.231  -24.100 0.7777777910
173881  -21.250  12.028  -23.612 0.8888888955
118173  -27.936  13.442  -23.867 0.5555555820
118142  -20.261  12.846  -22.763 0.6666666865
116983  -20.201  12.137  -23.184 0.7777777910
118156  -20.913  13.034  -23.493 0.7777777910
173870  -20.516  11.890  -23.296 0.7777777910
119454  -25.903  14.282  -26.023 0.5555555820
120694  -27.738  15.404  -25.023 0.4444444478
119395  -19.191  14.506  -21.058 0.4444444478
119429  -20.871  14.361  -23.161 0.7777777910
120653  -20.908  15.900  -21.843 0.6666666865
120708  -22.204  15.515  -24.711 0.6666666865
121857  -23.765  16.428  -25.205 0.6666666865
173868  -19.508  11.553  -21.700 0.4444444478
122990  -28.193  17.314  -24.497 0.3333333433
123017  -28.256  18.327  -26.364 0.3333333433
101232  -20.742  -0.817  -20.664 0.5555555820
101291  -25.141  0.088  -22.961 0.6666666865
99978  -20.104  -0.941  -19.977 0.4444444478
104956  -26.184  3.084  -24.543 0.7777777910
101212  -19.265  -0.436  -19.413 0.3333333433
107389  -26.721  4.639  -24.895 0.6666666865
173854  -20.165  8.816  -22.795 0.3333333433
173851  -20.205  8.354  -22.271 0.3333333433
115805  -19.613  8.851  -21.401 0.1111111119
118117  -18.718  13.940  -20.238 0.3333333433
97693  -24.811  -3.210  -21.714 0.4444444478
97667  -26.995  -3.096  -19.424 0.2222222239
98816  -21.934  -2.460  -21.105 0.4444444478
98817  -22.947  -2.855  -21.006 0.4444444478
98834  -22.246  -1.802  -21.414 0.4444444478
98835  -22.772  -2.043  -21.292 0.4444444478
98837  -24.459  -2.336  -21.773 0.4444444478
98861  -25.186  -1.971  -22.012 0.4444444478
98819  -26.771  -2.108  -20.988 0.2222222239
100024  -23.707  -0.995  -21.726 0.4444444478
100025  -24.167  -1.297  -21.881 0.4444444478
98860  -24.734  -1.725  -21.928 0.4444444478
99982  -27.448  -1.457  -21.150 0.1111111119
99983  -28.248  -1.114  -20.899 0.1111111119
100026  -24.975  -1.357  -22.340 0.4444444478
100028  -26.857  -1.253  -22.375 0.3333333433
101269  -23.490  -0.373  -21.971 0.4444444478
100027  -25.938  -1.666  -22.385 0.3333333433
101272  -26.461  -0.707  -22.793 0.3333333433
100004  -27.737  -0.960  -21.289 0.2222222239
101271  -25.498  -0.691  -22.728 0.4444444478
101270  -24.477  -0.382  -22.579 0.4444444478
101294  -27.700  0.232  -23.211 0.2222222239
102481  -28.165  0.254  -22.840 0.1111111119
102483  -30.164  0.827  -22.613 0.1111111119
101293  -26.924  0.033  -23.335 0.3333333433
102502  -26.379  1.067  -23.748 0.4444444478
102526  -26.705  1.720  -23.634 0.6666666865
103749  -28.963  1.911  -23.969 0.4444444478
103747  -26.974  2.400  -23.555 0.6666666865
104959  -29.693  2.462  -24.197 0.3333333433
104958  -28.572  2.830  -24.180 0.5555555820
106172  -27.120  3.854  -24.719 0.5555555820
106173  -28.096  3.743  -24.595 0.5555555820
107391  -28.501  4.621  -24.526 0.3333333433
106150  -26.739  3.769  -24.780 0.5555555820
108609  -28.773  5.714  -24.132 0.4444444478
109821  -28.334  6.798  -24.070 0.4444444478
121855  -22.063  16.622  -24.622 0.5555555820
123000  -22.004  17.349  -24.349 0.5555555820
123002  -23.129  17.582  -24.962 0.5555555820
124113  -25.012  17.890  -26.746 0.5555555820
97692  -23.919  -3.413  -21.875 0.4444444478
97695  -26.105  -2.775  -21.009 0.2222222239
100003  -27.340  -1.047  -21.754 0.2222222239
101273  -27.521  -0.447  -22.519 0.2222222239
101274  -28.253  0.139  -22.278 0.1111111119
102503  -27.503  0.680  -23.775 0.4444444478
102504  -28.482  0.742  -23.386 0.3333333433
103748  -27.891  2.106  -24.110 0.4444444478
107392  -29.251  4.692  -24.106 0.3333333433
112262  -27.764  8.399  -23.734 0.4444444478
122988  -22.591  18.159  -24.508 0.5555555820
124099  -22.160  18.914  -24.403 0.5555555820
101251  -22.865  -0.646  -21.582 0.4444444478
103750  -30.015  1.633  -24.190 0.2222222239
123015  -26.012  17.466  -27.182 0.5555555820
96495  -22.990  -4.517  -20.847 0.4444444478
96511  -23.535  -4.241  -21.298 0.4444444478
96512  -24.027  -4.258  -21.532 0.4444444478
96498  -25.183  -3.761  -20.323 0.2222222239
97666  -25.861  -3.490  -19.774 0.2222222239
96479  -27.647  -4.050  -19.323 0.1111111119
98815  -21.010  -2.532  -20.416 0.4444444478
97679  -22.479  -3.582  -20.821 0.4444444478
98798  -27.056  -2.304  -20.075 0.1111111119
98820  -27.655  -1.930  -20.594 0.1111111119
99984  -29.258  -1.303  -20.569 0.1111111119
101254  -28.969  0.182  -21.299 0.1111111119
102468  -29.674  0.539  -21.691 0.1111111119
102506  -30.740  1.064  -23.372 0.1111111119
103751  -31.042  1.452  -24.197 0.2222222239
106175  -30.411  2.901  -24.174 0.1111111119
106152  -29.813  4.174  -23.968 0.2222222239
107373  -29.634  4.772  -23.489 0.2222222239
108610  -29.275  5.227  -23.784 0.3333333433
111030  -28.143  7.218  -23.936 0.4444444478
112263  -28.524  8.430  -23.207 0.3333333433
113506  -28.153  9.361  -23.339 0.4444444478
117040  -28.113  12.272  -23.792 0.4444444478
119441  -28.444  14.893  -24.454 0.3333333433
122946  -20.085  17.340  -20.924 0.4444444478
122972  -21.502  17.579  -22.912 0.5555555820
122987  -22.255  18.049  -24.121 0.5555555820
124110  -23.577  18.254  -24.954 0.5555555820
124111  -24.158  18.388  -25.332 0.5555555820
125189  -24.748  18.350  -27.070 0.5555555820
124098  -21.654  18.823  -24.020 0.5555555820
103746  -26.159  2.178  -23.919 0.6666666865
107390  -27.569  4.563  -24.751 0.5555555820
108608  -27.813  5.401  -24.654 0.4444444478
99999  -22.539  -1.256  -21.459 0.4444444478
101292  -25.964  0.132  -23.083 0.3333333433
98836  -23.564  -2.517  -21.407 0.4444444478
97694  -25.500  -3.018  -21.364 0.4444444478
97682  -25.005  -3.579  -21.031 0.3333333433
98838  -25.277  -2.590  -21.879 0.4444444478
96513  -24.476  -3.822  -21.446 0.4444444478
97683  -25.675  -3.257  -20.633 0.3333333433
97684  -26.374  -2.804  -20.279 0.1111111119
97680  -23.312  -3.609  -21.263 0.4444444478
98818  -23.372  -3.041  -21.218 0.4444444478
100000  -23.406  -1.353  -21.496 0.4444444478
100001  -23.936  -1.870  -21.549 0.4444444478
98839  -26.053  -2.423  -21.739 0.4444444478
98862  -25.618  -2.203  -22.042 0.4444444478
100002  -26.684  -1.734  -21.813 0.2222222239
101233  -28.409  -0.609  -21.062 0.1111111119
98821  -28.547  -1.992  -20.450 0.1111111119
101252  -27.598  -0.590  -21.927 0.2222222239
101253  -28.118  -0.387  -21.537 0.2222222239
102482  -28.987  0.614  -22.592 0.1111111119
102505  -29.669  0.864  -23.345 0.1111111119
102527  -27.293  1.472  -23.868 0.4444444478
102528  -28.228  1.289  -23.919 0.4444444478
102529  -29.290  1.251  -23.771 0.3333333433
104960  -30.716  2.095  -24.380 0.1111111119
104957  -27.345  3.202  -24.194 0.5555555820
106174  -29.336  3.613  -24.316 0.3333333433
109802  -29.051  6.436  -23.729 0.4444444478
122986  -21.777  17.638  -23.777 0.5555555820
124112  -24.793  18.097  -26.027 0.5555555820
97691  -23.650  -3.944  -21.632 0.4444444478
102467  -28.730  0.378  -21.844 0.1111111119
102530  -30.363  1.160  -23.852 0.2222222239
96497  -24.487  -4.333  -20.581 0.4444444478
96477  -25.114  -4.303  -19.683 0.2222222239
97678  -21.605  -3.507  -20.377 0.4444444478
98797  -20.364  -2.582  -19.859 0.4444444478
98799  -27.857  -2.526  -19.988 0.1111111119
101234  -28.931  -0.446  -20.877 0.1111111119
89158  -23.131  -10.740  -17.131 0.1111111119
91805  -21.501  -8.403  -19.401 0.3333333433
90542  -22.275  -9.274  -18.921 0.2222222239
89157  -22.270  -10.196  -18.268 0.2222222239
89140  -23.966  -10.133  -16.832 0.1111111119
90530  -23.282  -9.427  -17.297 0.1111111119
95273  -19.794  -5.366  -18.647 0.3333333433
94066  -19.965  -6.405  -18.214 0.3333333433
92936  -20.338  -7.439  -18.543 0.3333333433
92949  -21.795  -7.501  -19.591 0.3333333433
92950  -22.736  -7.478  -19.181 0.3333333433
91793  -22.674  -8.428  -18.514 0.2222222239
92937  -22.984  -7.839  -18.573 0.2222222239
91779  -22.963  -8.567  -17.784 0.2222222239
90531  -24.304  -9.201  -17.226 0.1111111119
91794  -23.283  -8.073  -18.189 0.2222222239
96473  -19.026  -3.956  -18.938 0.2222222239
96456  -19.147  -4.583  -18.777 0.2222222239
95272  -18.945  -4.973  -18.540 0.2222222239
95274  -20.415  -5.691  -18.920 0.3333333433
94067  -20.535  -6.325  -18.902 0.3333333433
91795  -23.821  -7.981  -18.334 0.1111111119
97663  -19.349  -3.315  -19.253 0.2222222239
96474  -19.704  -4.255  -19.081 0.3333333433
97664  -20.096  -3.397  -19.440 0.3333333433
95290  -20.203  -4.832  -19.103 0.3333333433
96493  -21.316  -4.496  -19.745 0.3333333433
95291  -20.829  -5.408  -19.372 0.3333333433
95309  -21.303  -5.092  -19.639 0.3333333433
94100  -22.332  -5.767  -20.025 0.3333333433
95310  -21.780  -5.361  -19.828 0.3333333433
94081  -23.104  -6.554  -19.793 0.3333333433
94102  -23.305  -6.038  -20.099 0.3333333433
92952  -24.386  -6.703  -19.115 0.3333333433
92939  -24.482  -7.613  -18.575 0.1111111119
98795  -19.159  -2.387  -19.133 0.2222222239
98796  -19.821  -2.520  -19.447 0.2222222239
97665  -20.820  -3.463  -19.849 0.3333333433
96494  -22.127  -4.464  -20.312 0.3333333433
95311  -22.549  -5.285  -20.335 0.3333333433
95312  -23.405  -5.410  -20.389 0.3333333433
94082  -23.898  -6.042  -19.735 0.3333333433
94083  -24.859  -5.970  -19.108 0.1111111119
99957  -18.989  -1.395  -18.923 0.3333333433
99958  -19.766  -1.438  -19.519 0.3333333433
95293  -23.943  -5.400  -20.096 0.3333333433
96496  -23.751  -4.705  -20.930 0.3333333433
96476  -24.618  -4.521  -19.974 0.3333333433
108590  -29.124  5.969  -23.751 0.2222222239
111010  -28.485  7.457  -23.622 0.2222222239
109803  -29.828  6.903  -23.146 0.2222222239
115856  -28.441  11.524  -23.329 0.3333333433
114694  -28.512  10.810  -23.046 0.2222222239
91806  -22.170  -8.549  -19.359 0.3333333433
90529  -22.504  -9.057  -18.038 0.2222222239
91780  -24.013  -8.486  -17.830 0.1111111119
95292  -21.517  -5.935  -19.605 0.3333333433
94080  -22.155  -6.419  -19.795 0.3333333433
92951  -23.675  -7.003  -19.179 0.3333333433
96475  -20.508  -4.298  -19.376 0.3333333433
95294  -24.432  -5.027  -19.728 0.3333333433
87793  -22.556  -11.578  -17.841 0.1111111119
87794  -23.615  -11.827  -17.274 0.1111111119
92935  -19.805  -7.126  -17.978 0.3333333433
91804  -20.849  -8.407  -19.022 0.3333333433
90552  -21.398  -9.205  -19.296 0.3333333433
90554  -22.087  -9.451  -19.633 0.3333333433
95256  -19.472  -5.884  -18.042 0.3333333433
90510  -24.542  -9.699  -16.995 0.1111111119
96455  -18.493  -4.286  -18.515 0.2222222239
91781  -25.110  -8.847  -17.383 0.1111111119
97651  -18.687  -3.271  -18.914 0.2222222239
94068  -24.979  -6.796  -18.852 0.1111111119
94069  -25.544  -6.311  -18.527 0.1111111119
101211  -18.553  -0.441  -18.919 0.1111111119
111011  -29.196  7.896  -22.942 0.2222222239
117004  -28.511  12.436  -22.692 0.2222222239
115847  -28.681  11.362  -22.747 0.2222222239
102428  -18.965  0.562  -19.289 0.2222222239
104913  -20.394  3.738  -21.346 0.5555555820
99959  -20.143  -2.008  -19.692 0.4444444478
113490  -28.935  9.552  -22.471 0.2222222239
87775  -24.210  -11.031  -16.902 0.1111111119
92948  -20.987  -7.450  -19.268 0.3333333433
94079  -21.286  -6.519  -19.463 0.3333333433
92938  -23.491  -7.660  -18.671 0.2222222239
92921  -24.828  -8.314  -18.067 0.1111111119
94101  -22.794  -5.965  -20.178 0.3333333433
92940  -25.381  -7.164  -18.467 0.1111111119
89169  -22.201  -9.954  -19.456 0.2222222239
91792  -20.342  -8.508  -18.348 0.3333333433
92920  -20.065  -7.798  -17.867 0.2222222239
90541  -20.774  -9.355  -18.878 0.3333333433
89167  -21.325  -10.071  -19.545 0.3333333433
89168  -21.905  -10.302  -19.816 0.3333333433
94051  -19.318  -6.492  -17.809 0.2222222239
109780  -30.181  7.028  -22.664 0.1111111119
110972  -30.211  7.696  -21.907 0.1111111119
110986  -30.041  7.507  -22.353 0.1111111119
113479  -29.482  9.622  -21.826 0.1111111119
113480  -30.184  9.269  -21.139 0.1111111119
113489  -28.520  9.993  -22.973 0.1111111119
114695  -28.877  10.506  -22.404 0.1111111119
114682  -29.503  10.707  -21.954 0.1111111119
118174  -28.267  13.538  -23.474 0.2222222239
115833  -29.654  11.367  -21.720 0.1111111119
120679  -29.039  15.183  -24.201 0.1111111119
121843  -29.301  16.334  -24.444 0.1111111119
120667  -29.138  15.082  -23.533 0.1111111119
120669  -30.029  16.193  -23.731 0.1111111119
122985  -21.355  17.110  -23.526 0.4444444478
124062  -20.473  18.324  -20.816 0.4444444478
122961  -21.355  17.725  -22.069 0.4444444478
124102  -28.631  18.050  -24.623 0.1111111119
124100  -22.893  18.834  -24.567 0.4444444478
123027  -27.652  18.275  -27.783 0.3333333433
123016  -27.522  17.839  -26.864 0.2222222239
124114  -28.463  18.613  -25.574 0.1111111119
124101  -23.530  19.042  -24.769 0.4444444478
125173  -22.227  19.731  -24.604 0.4444444478
125175  -23.821  19.639  -24.979 0.4444444478
125187  -24.429  18.973  -25.611 0.4444444478
125188  -24.614  18.951  -26.408 0.4444444478
125201  -24.743  18.734  -27.513 0.4444444478
124143  -26.095  18.841  -28.496 0.4444444478
123036  -26.206  18.081  -28.378 0.2222222239
123038  -27.508  18.872  -28.214 0.2222222239
124135  -28.004  19.121  -27.656 0.2222222239
125203  -28.086  19.477  -26.710 0.2222222239
129700  -27.142  23.037  -29.538 0.1111111119
127420  -27.652  22.248  -28.564 0.1111111119
126262  -28.301  20.611  -26.023 0.1111111119
125124  -21.099  19.371  -21.605 0.4444444478
125141  -21.347  19.918  -22.419 0.4444444478
125156  -21.323  19.884  -23.637 0.4444444478
126243  -21.895  20.324  -24.556 0.3333333433
125174  -22.849  20.028  -24.609 0.4444444478
126247  -24.090  19.906  -26.074 0.4444444478
126260  -24.550  19.910  -26.695 0.4444444478
125215  -25.264  19.334  -28.304 0.4444444478
127393  -23.942  21.372  -26.749 0.3333333433
125226  -26.088  19.789  -28.429 0.3333333433
126297  -26.189  20.943  -28.516 0.1111111119
125227  -26.803  20.111  -28.254 0.1111111119
126299  -27.115  20.923  -27.638 0.1111111119
124145  -27.492  19.600  -28.100 0.2222222239
125228  -27.256  20.381  -27.808 0.1111111119
126287  -27.210  21.373  -27.783 0.1111111119
125140  -20.869  20.160  -21.397 0.2222222239
126228  -22.453  20.600  -24.547 0.3333333433
125159  -23.448  20.468  -24.248 0.3333333433
126259  -23.988  20.846  -26.173 0.3333333433
126274  -24.887  20.042  -27.487 0.4444444478
127405  -24.625  21.368  -27.400 0.2222222239
126285  -24.659  20.931  -27.582 0.2222222239
126307  -26.444  21.506  -28.623 0.1111111119
128539  -25.608  21.903  -28.319 0.1111111119
127406  -25.095  21.314  -27.956 0.1111111119
128546  -25.795  21.966  -29.281 0.1111111119
127418  -26.814  21.916  -28.528 0.1111111119
128554  -26.354  22.074  -29.953 0.1111111119
127427  -26.535  21.877  -29.191 0.1111111119
126226  -21.614  20.676  -24.129 0.3333333433
125158  -22.716  20.948  -24.323 0.3333333433
125126  -22.363  22.132  -23.873 0.3333333433
125144  -23.150  21.050  -23.844 0.3333333433
126246  -23.974  20.414  -25.241 0.3333333433
126258  -23.934  20.859  -26.101 0.3333333433
128502  -23.913  21.784  -26.311 0.2222222239
128526  -24.405  21.583  -27.100 0.2222222239
128527  -25.087  21.676  -27.172 0.1111111119
129698  -26.175  22.676  -28.770 0.1111111119
129708  -26.423  22.377  -29.735 0.1111111119
130820  -26.763  24.942  -30.133 0.1111111119
129603  -21.974  23.735  -22.191 0.1111111119
127328  -23.356  22.406  -22.159 0.1111111119
126197  -23.295  21.278  -22.559 0.2222222239
126214  -24.583  20.479  -22.820 0.2222222239
126229  -24.296  20.176  -24.044 0.3333333433
128474  -25.232  21.975  -24.314 0.2222222239
127371  -23.984  21.468  -25.377 0.3333333433
127358  -24.683  21.198  -24.439 0.3333333433
128504  -25.147  22.314  -25.695 0.2222222239
129665  -25.744  22.727  -26.252 0.1111111119
130798  -26.040  23.396  -26.908 0.1111111119
129680  -25.611  22.411  -26.833 0.1111111119
130807  -26.148  23.577  -27.930 0.1111111119
130812  -26.407  23.917  -28.865 0.1111111119
129699  -26.567  23.020  -29.330 0.1111111119
130814  -27.188  24.368  -29.636 0.1111111119
129690  -27.597  23.380  -29.337 0.1111111119
128441  -23.366  23.277  -22.168 0.1111111119
127309  -23.806  22.184  -21.046 0.1111111119
127329  -23.857  21.406  -21.662 0.1111111119
127347  -26.150  21.319  -22.160 0.1111111119
129633  -26.233  23.103  -24.452 0.1111111119
128475  -26.016  22.157  -24.019 0.1111111119
128489  -25.579  22.435  -24.852 0.2222222239
130759  -26.289  23.819  -25.241 0.1111111119
129653  -26.009  22.947  -25.473 0.1111111119
131863  -25.720  25.489  -25.792 0.1111111119
131875  -26.086  24.379  -27.187 0.1111111119
130806  -25.977  25.191  -26.968 0.1111111119
131885  -26.033  24.569  -28.058 0.1111111119
127311  -25.270  21.633  -20.988 0.1111111119
128425  -26.228  21.545  -21.140 0.1111111119
128424  -25.971  21.908  -21.402 0.1111111119
129634  -26.396  23.129  -23.803 0.1111111119
130742  -26.555  23.661  -23.904 0.1111111119
130741  -26.459  23.913  -24.661 0.1111111119
131854  -26.359  25.198  -25.025 0.1111111119
131852  -25.908  25.603  -25.876 0.1111111119
131833  -27.022  24.258  -23.295 0.1111111119
130714  -27.086  23.491  -22.687 0.1111111119
110987  -30.432  7.184  -22.199 0.1111111119
112242  -29.306  8.616  -22.409 0.1111111119
112227  -29.976  8.277  -21.635 0.1111111119
112228  -30.891  8.433  -20.952 0.1111111119
117005  -28.827  12.118  -22.141 0.1111111119
115848  -28.957  11.534  -22.126 0.1111111119
116985  -28.617  12.756  -22.043 0.1111111119
122992  -29.906  16.867  -24.234 0.1111111119
124077  -21.485  18.639  -22.254 0.4444444478
123014  -25.716  17.547  -27.662 0.4444444478
123026  -26.815  17.632  -27.936 0.3333333433
124125  -28.141  18.610  -27.039 0.2222222239
124126  -28.296  18.969  -26.355 0.1111111119
125216  -27.674  19.949  -27.387 0.2222222239
126298  -26.715  21.117  -27.973 0.1111111119
127407  -27.132  21.773  -28.106 0.1111111119
127409  -27.886  21.881  -27.841 0.1111111119
128548  -27.211  22.267  -29.292 0.1111111119
127359  -25.530  21.435  -23.618 0.2222222239
128442  -26.572  21.809  -21.987 0.1111111119
131853  -26.209  24.894  -25.546 0.1111111119
131873  -25.744  25.712  -26.648 0.1111111119
132942  -26.530  25.761  -24.649 0.1111111119
132933  -26.881  25.295  -23.603 0.1111111119
112229  -31.598  8.309  -20.714 0.1111111119
117003  -28.169  12.728  -23.076 0.2222222239
119430  -28.231  13.854  -24.151 0.2222222239
122991  -29.360  17.203  -24.131 0.1111111119
124088  -21.560  18.755  -23.208 0.4444444478
125176  -24.204  19.598  -25.663 0.4444444478
126286  -25.370  20.521  -28.173 0.2222222239
127292  -23.964  22.297  -20.153 0.1111111119
174010  -24.221  22.921  -19.069 0.1111111119
129573  -26.529  22.070  -21.273 0.1111111119
129620  -26.502  23.029  -23.309 0.1111111119
131842  -26.534  24.667  -24.495 0.1111111119
110974  -31.907  7.621  -21.033 0.1111111119
108592  -30.123  6.295  -22.962 0.1111111119
109781  -30.505  6.617  -22.381 0.1111111119
110973  -30.676  7.402  -21.783 0.1111111119
112213  -32.203  8.507  -20.597 0.1111111119
113463  -30.756  9.627  -20.312 0.1111111119
114683  -30.150  10.468  -21.290 0.1111111119
114662  -30.716  11.011  -20.408 0.1111111119
115834  -30.134  11.666  -21.143 0.1111111119
118145  -29.674  13.573  -21.494 0.1111111119
116986  -29.138  12.393  -21.672 0.1111111119
118144  -28.769  13.510  -22.144 0.1111111119
120655  -29.566  15.653  -22.026 0.1111111119
121817  -29.654  16.421  -22.927 0.1111111119
122947  -20.975  17.433  -21.408 0.4444444478
124090  -29.571  17.241  -23.508 0.1111111119
122975  -29.651  17.503  -23.888 0.1111111119
126248  -28.452  20.253  -24.710 0.1111111119
125178  -29.057  18.402  -23.896 0.1111111119
173987  -20.309  18.799  -20.286 0.4444444478
127372  -28.508  21.497  -25.054 0.1111111119
127383  -28.341  21.718  -26.212 0.1111111119
126210  -21.537  21.390  -23.123 0.2222222239
126194  -21.634  21.948  -23.373 0.2222222239
128515  -28.048  22.436  -27.613 0.1111111119
173976  -20.648  22.458  -21.673 0.1111111119
126196  -22.841  22.055  -23.303 0.2222222239
129681  -27.660  23.646  -28.698 0.1111111119
130808  -27.468  24.417  -29.208 0.1111111119
128439  -21.041  23.158  -21.549 0.1111111119
173988  -21.429  23.318  -20.249 0.1111111119
130672  -23.518  23.499  -20.541 0.1111111119
174045  -23.183  24.307  -19.553 0.1111111119
130821  -27.167  25.299  -30.391 0.1111111119
174025  -23.915  24.912  -19.037 0.1111111119
174022  -25.701  22.359  -19.220 0.1111111119
132972  -25.689  26.154  -27.222 0.1111111119
132982  -25.622  26.353  -28.454 0.1111111119
132990  -25.722  26.312  -29.453 0.1111111119
132991  -26.043  26.416  -30.314 0.1111111119
129555  -26.256  22.030  -20.139 0.1111111119
129594  -26.900  22.593  -21.672 0.1111111119
132949  -25.971  26.184  -25.497 0.1111111119
133966  -25.363  27.633  -25.941 0.1111111119
118158  -28.064  13.096  -23.168 0.1111111119
124124  -24.933  17.949  -27.313 0.4444444478
120696  -29.284  15.677  -24.440 0.2222222239
125172  -21.610  19.731  -24.407 0.4444444478
119419  -28.869  14.244  -22.950 0.1111111119
120668  -29.787  15.801  -23.346 0.1111111119
120654  -29.038  15.084  -22.651 0.1111111119
124103  -29.357  18.059  -24.027 0.1111111119
125177  -28.913  18.920  -24.337 0.1111111119
124144  -26.852  19.251  -28.440 0.2222222239
126275  -27.865  20.363  -26.769 0.2222222239
126261  -27.906  19.922  -26.335 0.1111111119
129691  -27.817  23.076  -29.563 0.1111111119
130813  -26.872  24.015  -29.422 0.1111111119
128549  -27.449  22.497  -29.134 0.1111111119
128528  -27.856  23.103  -29.014 0.1111111119
128529  -27.831  22.466  -28.490 0.1111111119
126276  -28.090  21.175  -26.830 0.2222222239
126273  -24.297  20.820  -26.922 0.3333333433
126288  -27.513  21.084  -27.361 0.2222222239
127417  -25.732  21.413  -28.613 0.2222222239
127426  -26.086  21.664  -29.341 0.1111111119
129707  -25.758  22.510  -29.674 0.1111111119
126211  -21.773  21.634  -24.104 0.3333333433
125143  -22.797  21.748  -24.015 0.3333333433
127326  -21.711  22.184  -23.263 0.1111111119
126213  -23.615  20.612  -23.247 0.3333333433
128503  -23.937  22.325  -25.860 0.2222222239
129689  -25.890  22.541  -27.666 0.1111111119
130819  -26.414  24.619  -29.522 0.1111111119
131901  -26.179  25.483  -29.786 0.1111111119
173977  -21.049  22.829  -20.711 0.1111111119
128456  -21.428  23.083  -22.304 0.1111111119
129590  -22.480  24.045  -21.912 0.1111111119
126198  -23.980  20.744  -22.285 0.1111111119
126230  -24.997  20.792  -23.483 0.3333333433
128488  -24.638  22.102  -25.017 0.2222222239
128514  -24.820  22.180  -26.391 0.1111111119
130779  -26.077  23.720  -25.996 0.1111111119
131894  -25.980  24.914  -28.967 0.1111111119
129571  -23.393  23.584  -21.571 0.1111111119
127331  -25.803  21.120  -21.623 0.1111111119
127330  -24.785  20.911  -21.698 0.1111111119
128459  -26.256  21.739  -22.874 0.1111111119
131864  -26.094  24.465  -26.371 0.1111111119
132955  -25.443  26.350  -26.197 0.1111111119
131884  -26.026  25.215  -27.207 0.1111111119
132981  -25.807  26.109  -27.755 0.1111111119
131893  -25.948  25.514  -28.117 0.1111111119
127275  -23.710  22.689  -19.711 0.1111111119
128405  -25.541  21.856  -20.080 0.1111111119
129572  -26.185  22.014  -21.705 0.1111111119
130731  -26.749  23.452  -23.186 0.1111111119
133974  -25.408  27.128  -26.031 0.1111111119
109782  -31.178  6.182  -22.127 0.1111111119
118159  -28.435  13.523  -23.005 0.1111111119
125191  -28.196  19.505  -25.861 0.1111111119
127395  -28.172  21.832  -27.113 0.1111111119
128505  -28.227  22.570  -26.629 0.1111111119
132965  -25.393  26.744  -26.939 0.1111111119
133959  -26.516  26.570  -24.259 0.1111111119
112212  -31.424  8.840  -20.482 0.1111111119
174021  -24.932  22.750  -19.458 0.1111111119
119405  -28.972  14.329  -22.404 0.1111111119
129682  -27.881  23.206  -28.027 0.1111111119
128455  -21.065  22.479  -22.347 0.1111111119
173966  -20.325  22.077  -20.088 0.1111111119
130694  -22.287  24.165  -21.335 0.1111111119
133985  -25.162  27.054  -28.144 0.1111111119
131900  -26.008  25.731  -28.976 0.1111111119
133967  -25.541  27.197  -25.553 0.1111111119
134875  -25.147  28.133  -25.852 0.1111111119
133973  -25.251  27.793  -26.489 0.1111111119
90528  -20.114  -9.463  -18.186 0.2222222239
173847  -19.732  6.751  -21.575 0.2222222239
103685  -19.684  2.188  -20.409 0.3333333433
122929  -19.634  17.528  -20.291 0.2222222239
125092  -20.169  19.059  -19.638 0.1111111119
173984  -20.541  19.661  -20.463 0.1111111119
173875  -18.444  13.797  -19.691 0.1111111119
173885  -18.092  13.848  -18.925 0.1111111119
121768  -17.764  15.815  -18.122 0.1111111119
121756  -17.046  16.081  -17.063 0.1111111119
124035  -18.689  17.816  -18.475 0.1111111119
125079  -18.980  19.308  -17.477 0.1111111119
126149  -20.219  19.517  -19.140 0.1111111119
173985  -20.562  20.010  -19.941 0.1111111119
122928  -19.389  17.152  -19.749 0.2222222239
121769  -17.854  16.467  -17.812 0.1111111119
104885  -19.297  3.620  -20.113 0.2222222239
122917  -18.819  17.119  -19.018 0.1111111119
114646  -18.526  9.198  -19.910 0.1111111119
124049  -19.541  17.905  -19.833 0.3333333433
124037  -19.724  18.418  -19.613 0.3333333433
125091  -19.725  18.792  -19.178 0.1111111119
106101  -19.278  4.646  -20.272 0.2222222239
124036  -19.244  18.133  -19.123 0.1111111119
124028  -18.899  18.537  -18.285 0.1111111119
122898  -15.746  16.482  -16.576 0.1111111119
122909  -17.840  17.122  -17.386 0.1111111119
124019  -17.243  17.763  -16.766 0.1111111119
124027  -18.339  18.091  -17.541 0.1111111119
89155  -20.586  -10.359  -18.697 0.1111111119
87791  -21.183  -11.226  -19.058 0.1111111119
90527  -19.405  -9.485  -17.527 0.1111111119
91777  -19.756  -8.548  -17.700 0.1111111119
103657  -18.617  1.599  -19.184 0.1111111119
109756  -18.744  6.921  -20.456 0.1111111119
173892  -17.504  12.538  -17.865 0.2222222239
109755  -19.120  7.419  -20.880 0.1111111119
90526  -18.611  -9.470  -16.986 0.1111111119
89154  -19.872  -10.448  -17.893 0.1111111119
87805  -21.655  -10.605  -19.489 0.1111111119
91775  -18.105  -8.480  -16.843 0.1111111119
91776  -18.982  -8.497  -17.185 0.1111111119
94050  -18.669  -6.601  -17.420 0.1111111119
95255  -18.632  -5.486  -17.920 0.1111111119
97650  -18.244  -3.235  -18.342 0.1111111119
104884  -18.985  2.809  -19.793 0.1111111119
115797  -17.653  11.432  -18.423 0.2222222239
89156  -21.959  -10.490  -19.214 0.1111111119
104900  -19.433  2.408  -20.264 0.1111111119
98787  -18.552  -2.338  -18.649 0.1111111119
96440  -17.986  -4.640  -18.016 0.1111111119
92919  -19.317  -7.504  -17.523 0.1111111119
89153  -19.078  -10.453  -17.289 0.1111111119
92918  -18.468  -7.523  -17.075 0.1111111119
95244  -18.245  -6.044  -17.367 0.1111111119
102414  -18.113  0.520  -18.876 0.1111111119
103656  -17.893  1.503  -18.558 0.1111111119
116934  -16.741  12.866  -17.067 0.1111111119
173898  -17.244  13.649  -17.794 0.1111111119
119384  -18.208  14.540  -19.016 0.1111111119
173894  -17.700  14.396  -18.273 0.1111111119
120620  -17.997  15.175  -18.444 0.1111111119
121779  -18.017  15.652  -18.712 0.1111111119
87806  -21.712  -10.716  -19.256 0.1111111119
89176  -21.606  -9.572  -19.676 0.3333333433
89177  -21.825  -9.734  -19.932 0.3333333433
89178  -22.133  -9.871  -19.948 0.3333333433
90509  -24.018  -9.576  -16.970 0.1111111119
90553  -21.814  -9.223  -19.513 0.3333333433
91778  -22.659  -8.653  -18.066 0.2222222239
95313  -24.002  -4.999  -20.379 0.3333333433
97681  -23.547  -3.159  -21.428 0.4444444478
99981  -27.043  -1.595  -21.431 0.2222222239
102531  -31.387  1.001  -23.944 0.2222222239
103745  -22.512  2.999  -23.329 1.0000000000
104941  -26.749  3.527  -24.569 0.5555555820
104942  -27.052  3.558  -24.479 0.5555555820
104968  -24.068  3.752  -24.879 1.0000000000
104978  -23.547  4.101  -25.094 1.0000000000
106151  -26.919  3.689  -24.627 0.5555555820
106186  -23.961  4.980  -24.286 1.0000000000
106196  -22.704  4.143  -25.178 1.0000000000
106203  -22.634  4.256  -25.813 1.0000000000
106204  -23.223  4.288  -25.421 1.0000000000
106205  -23.667  4.125  -24.769 1.0000000000
106206  -24.026  3.840  -24.371 1.0000000000
106210  -22.782  4.312  -26.323 1.0000000000
107372  -20.797  5.185  -23.261 1.0000000000
107403  -23.174  5.471  -24.212 1.0000000000
107406  -25.786  4.808  -25.011 0.7777777910
107418  -22.787  5.260  -24.429 1.0000000000
107419  -23.447  5.121  -24.046 1.0000000000
107427  -22.281  4.515  -26.419 1.0000000000
107429  -23.572  4.803  -24.286 1.0000000000
107436  -21.882  4.806  -27.059 1.0000000000
107438  -23.091  4.763  -26.665 1.0000000000
108589  -19.851  6.796  -23.597 0.7777777910
108607  -27.105  5.204  -24.788 0.6666666865
108621  -20.658  5.898  -25.017 1.0000000000
108622  -21.122  5.379  -25.168 1.0000000000
108637  -21.239  5.483  -26.000 1.0000000000
108639  -22.747  5.532  -25.607 1.0000000000
108650  -21.538  5.693  -26.950 1.0000000000
108651  -22.699  5.577  -26.653 1.0000000000
108652  -23.040  5.149  -26.642 1.0000000000
108662  -23.154  5.051  -27.178 1.0000000000
109764  -30.853  6.868  -21.982 0.1111111119
109779  -19.775  7.195  -23.460 0.7777777910
109804  -30.173  6.599  -22.854 0.1111111119
109832  -21.891  6.693  -25.389 1.0000000000
109844  -20.240  7.628  -26.965 0.8888888955
109847  -22.422  5.907  -25.947 1.0000000000
109848  -22.576  5.852  -25.469 1.0000000000
109857  -20.526  7.528  -27.084 1.0000000000
109860  -22.410  5.987  -27.115 1.0000000000
109868  -22.224  5.627  -28.070 1.0000000000
110959  -32.262  8.007  -20.842 0.1111111119
110960  -32.586  8.019  -20.958 0.1111111119
110971  -19.726  7.801  -23.542 0.6666666865
110984  -19.778  7.510  -24.134 0.7777777910
110985  -19.745  7.470  -23.877 0.7777777910
111005  -19.915  7.349  -24.303 0.7777777910
111006  -19.941  7.203  -24.102 0.7777777910
111007  -21.975  8.248  -23.970 0.8888888955
111008  -22.166  8.373  -24.137 0.8888888955
111024  -20.394  7.020  -25.166 1.0000000000
111026  -22.601  8.318  -24.681 0.7777777910
111028  -27.171  7.943  -24.655 0.5555555820
111029  -27.711  7.495  -24.222 0.5555555820
111042  -20.328  7.230  -25.553 0.8888888955
111047  -25.930  7.568  -25.145 0.6666666865
111060  -20.291  7.407  -26.052 0.8888888955
111072  -20.420  7.737  -27.387 0.8888888955
111084  -19.944  7.840  -28.340 0.8888888955
111085  -20.285  7.788  -28.077 0.8888888955
112226  -19.627  7.914  -23.793 0.6666666865
112239  -19.658  7.867  -24.196 0.6666666865
112240  -19.578  7.943  -23.995 0.6666666865
112241  -28.717  9.070  -22.875 0.3333333433
112256  -19.690  8.607  -25.025 0.7777777910
112259  -21.768  8.653  -23.916 0.8888888955
112264  -28.933  8.493  -22.857 0.3333333433
112278  -19.679  8.681  -25.296 0.7777777910
112280  -20.841  8.877  -24.908 1.0000000000
112281  -21.192  8.183  -24.502 0.8888888955
112282  -22.661  9.022  -24.587 0.8888888955
112283  -22.938  8.927  -24.891 0.8888888955
112294  -19.696  8.151  -25.892 0.8888888955
112311  -20.594  8.565  -26.950 1.0000000000
112324  -19.273  8.848  -27.934 0.7777777910
112326  -20.420  8.324  -27.722 1.0000000000
112339  -20.161  8.223  -28.301 0.8888888955
113487  -21.179  10.028  -23.750 0.8888888955
113488  -21.430  9.973  -23.916 0.8888888955
113501  -20.988  9.840  -23.770 0.8888888955
113504  -26.753  9.953  -23.835 0.5555555820
113522  -19.622  8.679  -25.530 0.7777777910
113524  -22.059  9.987  -24.269 0.8888888955
113525  -22.440  9.621  -24.406 0.8888888955
113539  -19.456  9.052  -26.309 0.8888888955
113540  -19.638  8.705  -25.837 0.7777777910
113542  -21.190  8.981  -25.938 1.0000000000
113544  -23.083  9.589  -24.775 0.7777777910
113545  -23.915  9.551  -25.144 0.7777777910
113557  -18.341  9.354  -27.559 0.7777777910
113558  -18.892  9.254  -27.245 0.7777777910
113573  -17.567  9.495  -28.569 0.6666666865
113575  -18.761  9.156  -28.086 0.7777777910
113577  -20.312  9.231  -27.245 1.0000000000
113586  -18.292  9.829  -28.324 0.7777777910
113588  -19.719  9.308  -27.707 1.0000000000
114692  -21.006  10.238  -23.552 0.8888888955
114693  -21.225  10.246  -23.679 0.8888888955
114700  -21.004  10.615  -23.518 0.8888888955
114701  -21.532  10.400  -23.834 0.8888888955
114702  -26.769  10.401  -23.846 0.5555555820
114714  -20.917  10.868  -24.310 1.0000000000
114717  -22.306  10.407  -24.354 0.8888888955
114719  -27.332  11.119  -23.939 0.5555555820
114757  -19.940  10.525  -25.313 1.0000000000
114775  -16.877  9.842  -27.937 0.6666666865
114776  -17.276  9.694  -28.199 0.7777777910
114777  -17.920  9.879  -28.360 0.6666666865
114779  -19.896  10.128  -26.561 1.0000000000
114780  -20.386  9.649  -26.572 1.0000000000
114796  -16.833  10.433  -28.138 0.7777777910
114797  -17.713  10.488  -28.198 0.7777777910
114800  -19.697  9.713  -27.135 0.8888888955
115853  -21.073  10.981  -23.565 1.0000000000
115854  -21.479  11.043  -23.625 0.8888888955
115867  -21.248  11.556  -23.564 0.8888888955
115868  -22.178  11.046  -24.128 0.8888888955
115895  -22.945  11.247  -24.956 0.8888888955
115941  -16.528  10.662  -27.681 0.6666666865
115942  -18.749  11.394  -26.759 0.8888888955
115963  -16.552  10.764  -27.410 0.6666666865
115967  -19.400  10.951  -26.668 0.8888888955
115980  -16.181  10.976  -27.210 0.6666666865
115981  -16.556  11.035  -27.351 0.6666666865
117002  -20.453  12.418  -23.172 0.7777777910
117018  -21.814  11.581  -23.900 0.8888888955
117019  -22.056  11.410  -23.954 0.8888888955
117020  -28.040  12.642  -23.428 0.2222222239
117021  -28.351  12.144  -23.512 0.4444444478
117035  -21.655  12.200  -23.853 0.8888888955
117089  -18.912  11.603  -26.685 0.8888888955
117106  -17.053  11.059  -26.810 0.6666666865
117118  -16.613  10.978  -26.778 0.6666666865
117119  -16.522  10.999  -27.006 0.6666666865
118143  -20.286  12.501  -22.983 0.7777777910
118157  -20.406  12.663  -23.090 0.7777777910
118189  -27.263  13.342  -24.628 0.5555555820
118267  -17.380  10.627  -26.773 0.6666666865
119431  -28.627  14.120  -23.869 0.2222222239
119450  -22.065  14.395  -24.536 0.6666666865
120607  -17.439  15.185  -17.626 0.1111111119
120640  -19.039  14.927  -20.574 0.4444444478
120680  -29.719  15.726  -24.157 0.2222222239
120681  -30.084  15.977  -23.885 0.1111111119
120693  -21.897  16.114  -24.535 0.6666666865
120695  -28.712  15.629  -24.543 0.1111111119
121755  -16.106  16.351  -16.801 0.1111111119
121757  -17.533  16.620  -17.299 0.1111111119
121789  -19.582  16.263  -20.150 0.3333333433
121805  -21.150  16.792  -21.651 0.5555555820
121815  -21.244  16.348  -21.943 0.6666666865
121818  -30.011  16.462  -23.548 0.1111111119
121825  -21.380  17.234  -22.438 0.5555555820
121826  -27.664  16.781  -24.717 0.5555555820
121827  -27.777  16.676  -24.516 0.5555555820
121828  -29.811  16.109  -24.383 0.1111111119
121829  -30.008  16.364  -24.126 0.1111111119
121844  -29.731  16.688  -24.323 0.1111111119
121854  -21.675  16.983  -24.344 0.6666666865
122900  -17.214  16.889  -17.005 0.1111111119
122916  -18.343  17.117  -18.185 0.1111111119
122962  -29.437  17.095  -22.835 0.1111111119
122963  -29.638  16.916  -23.349 0.1111111119
122971  -21.310  16.978  -23.182 0.4444444478
122973  -27.732  16.924  -24.528 0.5555555820
122974  -27.888  16.956  -24.295 0.3333333433
122976  -29.940  17.080  -23.805 0.1111111119
123001  -22.430  17.387  -24.651 0.5555555820
123025  -25.870  17.563  -28.033 0.4444444478
123037  -26.884  18.448  -28.319 0.2222222239
124018  -16.659  17.578  -16.054 0.1111111119
124050  -19.943  18.217  -20.242 0.3333333433
124063  -21.001  18.518  -21.455 0.4444444478
124079  -29.481  17.345  -23.201 0.1111111119
124089  -29.672  17.690  -23.466 0.1111111119
124123  -25.306  17.780  -27.757 0.4444444478
124134  -25.451  18.309  -28.275 0.4444444478
125080  -19.557  19.137  -18.492 0.1111111119
125081  -19.982  19.218  -18.991 0.1111111119
125125  -21.981  22.122  -24.047 0.3333333433
125142  -22.224  21.961  -24.192 0.3333333433
125157  -22.295  21.519  -24.276 0.3333333433
125190  -28.031  19.619  -26.341 0.1111111119
125202  -24.740  18.323  -27.324 0.4444444478
125204  -28.199  19.304  -26.342 0.1111111119
126195  -21.922  22.187  -23.623 0.2222222239
126212  -23.119  21.343  -23.375 0.3333333433
126227  -22.091  20.916  -24.489 0.3333333433
126244  -22.267  20.365  -24.614 0.4444444478
126245  -22.504  20.373  -24.618 0.4444444478
126272  -23.960  21.084  -26.515 0.3333333433
126289  -27.953  21.513  -27.284 0.2222222239
126306  -26.258  21.402  -28.791 0.1111111119
127258  -23.741  22.853  -19.346 0.1111111119
127259  -23.930  22.743  -19.242 0.1111111119
127276  -24.227  22.497  -19.534 0.1111111119
127291  -23.635  22.666  -20.442 0.1111111119
127293  -24.733  22.142  -20.181 0.1111111119
127308  -23.593  22.749  -21.122 0.1111111119
127310  -24.426  21.799  -20.971 0.1111111119
127327  -22.395  22.642  -23.189 0.1111111119
127344  -21.563  22.398  -22.813 0.1111111119
127345  -22.071  23.053  -22.890 0.1111111119
127346  -25.601  20.876  -22.590 0.1111111119
127381  -23.901  21.366  -26.364 0.3333333433
127382  -23.826  21.578  -26.008 0.2222222239
127394  -24.231  21.386  -27.157 0.3333333433
127408  -27.527  21.814  -28.046 0.1111111119
127419  -27.313  21.870  -28.701 0.1111111119
127428  -26.998  22.133  -28.882 0.1111111119
127429  -27.524  22.133  -29.134 0.1111111119
127434  -26.180  21.744  -29.905 0.1111111119
127435  -26.331  21.785  -29.715 0.1111111119
128403  -23.702  22.524  -20.016 0.1111111119
128404  -23.829  22.447  -19.853 0.1111111119
128423  -23.523  23.096  -21.522 0.1111111119
128440  -22.856  23.097  -22.718 0.1111111119
128443  -26.278  21.465  -21.768 0.1111111119
128457  -22.314  23.420  -22.557 0.1111111119
128458  -22.926  23.528  -22.467 0.1111111119
128460  -26.393  21.581  -22.161 0.1111111119
128512  -23.873  21.650  -26.526 0.2222222239
128513  -23.982  22.193  -26.955 0.2222222239
128540  -27.867  22.991  -29.338 0.1111111119
128541  -27.698  22.675  -29.129 0.1111111119
128547  -26.525  21.910  -29.635 0.1111111119
128553  -25.945  21.943  -29.991 0.1111111119
128555  -26.953  21.966  -29.741 0.1111111119
129569  -21.459  23.929  -20.751 0.1111111119
129589  -21.367  23.514  -21.124 0.1111111119
129591  -23.112  23.860  -22.086 0.1111111119
129592  -26.671  22.052  -22.134 0.1111111119
129593  -26.795  22.232  -22.037 0.1111111119
129602  -21.462  23.593  -21.772 0.1111111119
129604  -22.587  23.753  -22.296 0.1111111119
129605  -26.520  22.360  -22.790 0.1111111119
129606  -26.750  22.785  -22.612 0.1111111119
129607  -26.927  22.629  -22.220 0.1111111119
129619  -26.311  22.622  -23.538 0.1111111119
129701  -27.537  22.701  -29.353 0.1111111119
129709  -26.691  22.334  -29.680 0.1111111119
130693  -21.674  24.045  -21.233 0.1111111119
130695  -23.025  24.036  -21.428 0.1111111119
130712  -21.563  23.794  -21.486 0.1111111119
130713  -21.845  24.006  -21.721 0.1111111119
130715  -27.069  22.985  -22.164 0.1111111119
130777  -25.541  25.726  -26.372 0.1111111119
130778  -25.758  25.676  -26.520 0.1111111119
130796  -25.259  25.375  -26.844 0.1111111119
130797  -25.879  25.601  -26.816 0.1111111119
130805  -25.925  25.383  -27.189 0.1111111119
131841  -26.404  24.325  -25.033 0.1111111119
131862  -25.451  25.953  -26.027 0.1111111119
131874  -26.067  25.084  -26.634 0.1111111119
131883  -25.903  25.670  -27.006 0.1111111119
131892  -25.935  25.751  -27.432 0.1111111119
132948  -25.673  25.894  -25.857 0.1111111119
132950  -26.275  25.501  -25.243 0.1111111119
132954  -25.508  26.005  -26.464 0.1111111119
132956  -25.479  26.681  -25.815 0.1111111119
132964  -25.571  26.113  -26.759 0.1111111119
132973  -25.404  26.615  -27.636 0.1111111119
134867  -25.389  27.771  -25.618 0.1111111119
172672  -24.158  3.687  -25.123 1.0000000000
172673  -24.003  3.800  -25.135 1.0000000000
172675  -23.616  3.875  -24.972 1.0000000000
172676  -23.816  3.935  -25.104 1.0000000000
172677  -23.091  4.084  -25.136 1.0000000000
173852  -20.207  8.503  -22.433 0.3333333433
173860  -19.100  11.063  -24.330 0.4444444478
173869  -19.399  11.953  -21.361 0.2222222239
173871  -17.778  10.149  -27.134 0.6666666865
173876  -17.188  10.186  -27.193 0.6666666865
173877  -16.866  10.077  -27.587 0.6666666865
173882  -16.886  10.641  -26.861 0.6666666865
173886  -16.501  10.673  -27.370 0.6666666865
173891  -17.290  10.650  -26.562 0.6666666865
173896  -21.338  14.436  -23.551 0.7777777910
173897  -19.758  11.046  -26.242 1.0000000000
173901  -17.088  10.595  -26.803 0.6666666865
173902  -21.404  15.957  -23.810 0.6666666865
173904  -19.247  11.462  -26.505 0.8888888955
173916  -21.565  15.508  -24.011 0.6666666865
173922  -18.846  11.875  -26.578 0.8888888955
173936  -16.558  17.758  -15.783 0.1111111119
173986  -20.612  20.168  -19.825 0.1111111119
173989  -21.111  22.958  -19.581 0.1111111119
174011  -23.789  23.244  -19.381 0.1111111119
174014  -23.555  22.790  -20.146 0.1111111119
174029  -23.506  22.934  -20.350 0.1111111119
