#!ascii label  , from subject 3221 vox2ras=TkReg
509
111061  -21.367  7.265  -26.432 0.0000000000
106167  -21.189  5.027  -23.407 0.0000000000
104956  -26.184  3.084  -24.543 0.0000000000
101269  -23.490  -0.373  -21.971 0.0000000000
124101  -23.530  19.042  -24.769 0.0000000000
120711  -25.314  15.314  -26.150 0.0000000000
173866  -19.924  11.049  -25.092 0.0000000000
97679  -22.479  -3.582  -20.821 0.0000000000
103711  -22.095  2.082  -22.925 0.0000000000
102465  -21.591  0.751  -21.483 0.0000000000
123003  -24.111  17.385  -25.185 0.0000000000
173903  -21.470  15.299  -23.632 0.0000000000
113559  -19.467  8.647  -26.580 0.0000000000
115979  -16.573  10.818  -26.930 0.0000000000
114758  -20.411  9.907  -25.886 0.0000000000
115869  -22.439  11.176  -24.461 0.0000000000
112297  -23.466  8.801  -25.093 0.0000000000
109836  -25.568  6.624  -25.096 0.0000000000
173850  -19.864  7.499  -22.993 0.0000000000
108636  -20.766  6.054  -25.705 0.0000000000
107404  -23.744  5.285  -24.393 0.0000000000
106170  -22.911  3.871  -24.475 0.0000000000
102501  -25.222  1.010  -23.256 0.0000000000
101272  -26.461  -0.707  -22.793 0.0000000000
119403  -19.238  13.668  -21.385 0.0000000000
118202  -21.929  13.305  -24.554 0.0000000000
118205  -25.400  13.297  -25.989 0.0000000000
101231  -20.305  -0.442  -20.364 0.0000000000
98835  -22.772  -2.043  -21.292 0.0000000000
103698  -20.913  1.759  -21.200 0.0000000000
103686  -20.144  1.690  -20.607 0.0000000000
121838  -21.309  16.542  -23.444 0.0000000000
120652  -20.230  15.450  -21.896 0.0000000000
111071  -19.917  7.709  -27.662 0.0000000000
112337  -19.431  9.062  -28.068 0.0000000000
113561  -20.937  8.627  -26.348 0.0000000000
112258  -20.994  9.018  -23.991 0.0000000000
111044  -22.466  7.276  -24.773 0.0000000000
111046  -24.857  7.587  -25.116 0.0000000000
109835  -24.356  6.604  -24.999 0.0000000000
108588  -19.814  6.175  -23.429 0.0000000000
109817  -20.212  6.620  -24.471 0.0000000000
107388  -21.377  5.078  -24.231 0.0000000000
107402  -21.962  4.276  -25.045 0.0000000000
106169  -22.308  3.775  -24.098 0.0000000000
102478  -22.795  0.875  -22.258 0.0000000000
103713  -23.758  1.549  -22.945 0.0000000000
102480  -24.584  0.561  -22.896 0.0000000000
101292  -25.964  0.132  -23.083 0.0000000000
101271  -25.498  -0.691  -22.728 0.0000000000
124088  -21.560  18.755  -23.208 0.0000000000
125141  -21.347  19.918  -22.419 0.0000000000
125174  -22.849  20.028  -24.609 0.0000000000
126246  -23.974  20.414  -25.241 0.0000000000
125188  -24.614  18.951  -26.408 0.0000000000
121858  -24.732  16.331  -25.612 0.0000000000
115965  -18.997  10.899  -26.487 0.0000000000
173863  -19.567  11.873  -24.254 0.0000000000
116983  -20.201  12.137  -23.184 0.0000000000
118156  -20.913  13.034  -23.493 0.0000000000
173879  -21.187  12.264  -23.625 0.0000000000
115897  -24.685  11.414  -25.304 0.0000000000
117058  -24.026  12.314  -25.517 0.0000000000
117060  -25.828  12.436  -25.457 0.0000000000
106188  -25.369  4.109  -24.653 0.0000000000
107389  -26.721  4.639  -24.895 0.0000000000
98797  -20.364  -2.582  -19.859 0.0000000000
98815  -21.010  -2.532  -20.416 0.0000000000
99998  -21.831  -1.312  -21.326 0.0000000000
98817  -22.947  -2.855  -21.006 0.0000000000
106134  -21.465  3.665  -21.921 0.0000000000
104936  -21.907  3.263  -23.051 0.0000000000
104929  -21.859  2.984  -22.285 0.0000000000
103699  -21.636  1.920  -21.948 0.0000000000
102466  -22.231  0.493  -21.837 0.0000000000
122987  -22.255  18.049  -24.121 0.0000000000
124110  -23.577  18.254  -24.954 0.0000000000
123000  -22.004  17.349  -24.349 0.0000000000
121856  -22.765  16.507  -25.022 0.0000000000
120709  -23.306  15.428  -25.171 0.0000000000
173858  -19.129  9.638  -25.485 0.0000000000
114755  -18.106  9.582  -27.483 0.0000000000
114798  -18.694  10.376  -27.607 0.0000000000
173889  -19.897  10.966  -25.829 0.0000000000
115866  -20.729  11.439  -23.997 0.0000000000
114715  -20.114  10.361  -23.743 0.0000000000
113543  -22.776  9.843  -24.563 0.0000000000
114738  -25.241  10.458  -25.056 0.0000000000
113547  -25.786  9.330  -24.784 0.0000000000
95312  -23.405  -5.410  -20.389 0.0000000000
96511  -23.535  -4.241  -21.298 0.0000000000
113500  -19.657  8.386  -24.412 0.0000000000
111041  -19.853  7.741  -25.926 0.0000000000
109858  -20.823  6.741  -27.260 0.0000000000
108638  -22.641  5.667  -26.157 0.0000000000
107437  -22.602  4.642  -27.088 0.0000000000
172674  -24.041  3.772  -25.128 0.0000000000
104955  -25.214  3.016  -23.915 0.0000000000
104952  -22.493  3.278  -23.533 0.0000000000
104939  -24.385  2.820  -23.671 0.0000000000
103746  -26.159  2.178  -23.919 0.0000000000
102502  -26.379  1.067  -23.748 0.0000000000
101294  -27.700  0.232  -23.211 0.0000000000
124113  -25.012  17.890  -26.746 0.0000000000
119417  -20.283  14.286  -22.774 0.0000000000
173895  -21.939  14.176  -24.305 0.0000000000
119452  -23.916  14.349  -25.413 0.0000000000
117037  -22.329  12.062  -24.625 0.0000000000
118204  -24.404  13.306  -25.803 0.0000000000
119453  -24.757  14.295  -26.281 0.0000000000
108625  -25.153  5.724  -24.995 0.0000000000
109819  -27.116  5.872  -24.757 0.0000000000
102446  -20.077  0.503  -20.301 0.0000000000
101248  -20.704  -0.156  -20.725 0.0000000000
101250  -22.143  -0.336  -21.497 0.0000000000
100024  -23.707  -0.995  -21.726 0.0000000000
97692  -23.919  -3.413  -21.875 0.0000000000
98837  -24.459  -2.336  -21.773 0.0000000000
98860  -24.734  -1.725  -21.928 0.0000000000
120641  -19.495  15.335  -20.756 0.0000000000
111073  -21.060  7.368  -27.267 0.0000000000
112327  -20.580  8.018  -27.220 0.0000000000
112312  -20.796  8.020  -26.588 0.0000000000
112296  -21.132  8.267  -25.675 0.0000000000
111043  -21.702  7.260  -25.217 0.0000000000
109833  -22.155  6.550  -25.262 0.0000000000
106145  -20.885  5.034  -22.870 0.0000000000
107371  -20.510  5.517  -22.649 0.0000000000
107386  -20.141  5.287  -23.509 0.0000000000
108604  -19.865  5.751  -24.235 0.0000000000
107387  -20.832  5.240  -23.818 0.0000000000
106184  -21.807  4.426  -24.296 0.0000000000
106168  -21.636  4.369  -23.558 0.0000000000
102479  -23.811  0.787  -22.595 0.0000000000
101291  -25.141  0.088  -22.961 0.0000000000
101270  -24.477  -0.382  -22.579 0.0000000000
124099  -22.160  18.914  -24.403 0.0000000000
125172  -21.610  19.731  -24.407 0.0000000000
125173  -22.227  19.731  -24.604 0.0000000000
125175  -23.821  19.639  -24.979 0.0000000000
125187  -24.429  18.973  -25.611 0.0000000000
121859  -25.728  16.248  -25.903 0.0000000000
173920  -19.209  11.651  -26.224 0.0000000000
173864  -19.318  11.437  -24.831 0.0000000000
173865  -20.296  12.231  -24.100 0.0000000000
173870  -20.516  11.890  -23.296 0.0000000000
173873  -20.834  11.784  -24.602 0.0000000000
115898  -25.575  11.444  -25.359 0.0000000000
106150  -26.739  3.769  -24.780 0.0000000000
104957  -27.345  3.202  -24.194 0.0000000000
96494  -22.127  -4.464  -20.312 0.0000000000
97678  -21.605  -3.507  -20.377 0.0000000000
98816  -21.934  -2.460  -21.105 0.0000000000
106114  -20.891  3.911  -21.614 0.0000000000
106115  -21.179  3.332  -21.522 0.0000000000
102477  -21.956  1.147  -22.219 0.0000000000
122972  -21.502  17.579  -22.912 0.0000000000
122986  -21.777  17.638  -23.777 0.0000000000
122985  -21.355  17.110  -23.526 0.0000000000
120678  -21.307  15.860  -23.193 0.0000000000
121840  -21.717  16.448  -24.403 0.0000000000
120692  -21.678  15.825  -24.318 0.0000000000
120708  -22.204  15.515  -24.711 0.0000000000
173906  -21.832  15.418  -24.469 0.0000000000
114732  -19.005  9.427  -26.375 0.0000000000
114756  -18.580  9.456  -27.192 0.0000000000
113576  -19.941  9.572  -27.188 0.0000000000
113587  -19.065  9.576  -27.978 0.0000000000
114799  -19.377  10.191  -27.238 0.0000000000
114778  -19.661  10.256  -26.809 0.0000000000
115944  -19.808  10.459  -26.476 0.0000000000
114733  -19.837  10.864  -24.328 0.0000000000
114734  -20.179  9.907  -24.913 0.0000000000
112260  -22.300  8.856  -24.261 0.0000000000
113503  -22.050  9.201  -24.080 0.0000000000
113526  -22.796  9.288  -24.661 0.0000000000
114737  -24.331  10.444  -25.193 0.0000000000
113546  -24.853  9.474  -25.115 0.0000000000
112300  -26.106  8.299  -24.895 0.0000000000
109838  -27.267  7.196  -24.775 0.0000000000
95311  -22.549  -5.285  -20.335 0.0000000000
173855  -19.813  8.576  -23.774 0.0000000000
113486  -19.662  8.091  -23.941 0.0000000000
109818  -20.403  6.574  -24.900 0.0000000000
111023  -20.029  7.432  -25.079 0.0000000000
109831  -20.524  6.647  -25.373 0.0000000000
109845  -20.586  7.000  -26.331 0.0000000000
108649  -20.926  6.152  -26.526 0.0000000000
108660  -21.962  5.181  -27.774 0.0000000000
107426  -21.711  4.917  -26.274 0.0000000000
172678  -23.025  4.273  -25.251 0.0000000000
104953  -23.523  3.865  -24.661 0.0000000000
104969  -24.621  3.865  -24.317 0.0000000000
104954  -24.223  3.617  -24.084 0.0000000000
103744  -22.285  3.043  -23.398 0.0000000000
103727  -22.264  2.861  -23.249 0.0000000000
102500  -24.313  1.376  -23.022 0.0000000000
103729  -23.783  2.236  -23.340 0.0000000000
103730  -24.702  2.017  -23.336 0.0000000000
104940  -24.963  2.501  -23.556 0.0000000000
103731  -25.496  1.994  -23.522 0.0000000000
101293  -26.924  0.033  -23.335 0.0000000000
101273  -27.521  -0.447  -22.519 0.0000000000
124112  -24.793  18.097  -26.027 0.0000000000
123004  -24.919  17.279  -25.699 0.0000000000
173857  -18.529  10.407  -25.607 0.0000000000
119404  -19.712  14.079  -21.871 0.0000000000
173878  -21.333  12.951  -24.037 0.0000000000
173887  -21.663  13.963  -23.939 0.0000000000
118201  -22.048  13.959  -24.418 0.0000000000
119451  -22.806  14.391  -24.938 0.0000000000
115855  -21.978  11.015  -23.932 0.0000000000
117036  -22.032  11.917  -24.195 0.0000000000
119454  -25.903  14.282  -26.023 0.0000000000
119455  -26.943  14.326  -25.342 0.0000000000
108623  -23.094  5.764  -24.506 0.0000000000
108624  -24.038  5.779  -24.747 0.0000000000
108626  -26.312  5.639  -24.937 0.0000000000
99979  -20.428  -1.539  -20.182 0.0000000000
101230  -19.852  -0.377  -19.902 0.0000000000
102447  -20.457  0.273  -20.585 0.0000000000
98834  -22.246  -1.802  -21.414 0.0000000000
99999  -22.539  -1.256  -21.459 0.0000000000
101251  -22.865  -0.646  -21.582 0.0000000000
100000  -23.406  -1.353  -21.496 0.0000000000
97691  -23.650  -3.944  -21.632 0.0000000000
104914  -20.716  2.926  -21.184 0.0000000000
103687  -20.489  2.204  -21.004 0.0000000000
103697  -20.602  1.230  -20.787 0.0000000000
121824  -21.328  16.642  -22.708 0.0000000000
120653  -20.908  15.900  -21.843 0.0000000000
120666  -21.007  15.626  -22.459 0.0000000000
173888  -21.169  15.077  -23.099 0.0000000000
112325  -19.594  8.233  -27.493 0.0000000000
112309  -19.320  8.769  -27.363 0.0000000000
112338  -19.672  8.447  -28.142 0.0000000000
113589  -20.122  8.775  -28.093 0.0000000000
113560  -20.764  9.266  -26.410 0.0000000000
113541  -20.733  9.404  -25.424 0.0000000000
112295  -21.070  8.929  -25.493 0.0000000000
111025  -21.975  7.896  -24.247 0.0000000000
111027  -23.091  8.434  -25.037 0.0000000000
112298  -24.333  8.594  -25.168 0.0000000000
111045  -23.499  7.720  -25.070 0.0000000000
173845  -20.059  6.684  -22.764 0.0000000000
108564  -19.885  6.859  -23.222 0.0000000000
109801  -19.988  7.091  -23.832 0.0000000000
109800  -19.903  6.659  -23.990 0.0000000000
108605  -20.580  5.703  -24.554 0.0000000000
108606  -21.096  5.359  -24.680 0.0000000000
107416  -21.569  4.845  -25.417 0.0000000000
107401  -21.587  4.779  -24.731 0.0000000000
106185  -22.239  4.192  -24.659 0.0000000000
106148  -22.801  3.759  -24.098 0.0000000000
103712  -23.172  1.730  -22.900 0.0000000000
124077  -21.485  18.639  -22.254 0.0000000000
126243  -21.895  20.324  -24.556 0.0000000000
121857  -23.765  16.428  -25.205 0.0000000000
123005  -25.804  17.185  -26.249 0.0000000000
118130  -19.579  12.101  -21.675 0.0000000000
118141  -19.960  12.401  -22.222 0.0000000000
116984  -20.332  12.254  -23.104 0.0000000000
118142  -20.261  12.846  -22.763 0.0000000000
173872  -20.979  12.061  -23.548 0.0000000000
173890  -21.454  12.489  -23.942 0.0000000000
115896  -23.737  11.337  -25.291 0.0000000000
117059  -25.000  12.306  -25.827 0.0000000000
118206  -26.265  13.368  -25.402 0.0000000000
106187  -24.411  4.614  -24.398 0.0000000000
107405  -24.795  5.063  -24.656 0.0000000000
106171  -26.394  3.899  -24.942 0.0000000000
99980  -21.198  -1.511  -20.786 0.0000000000
101232  -20.742  -0.817  -20.664 0.0000000000
106133  -21.032  4.676  -22.293 0.0000000000
106146  -21.227  4.776  -23.032 0.0000000000
106147  -21.584  3.979  -22.697 0.0000000000
104915  -21.389  2.779  -21.596 0.0000000000
101268  -22.709  0.017  -21.786 0.0000000000
124062  -20.473  18.324  -20.816 0.0000000000
124098  -21.654  18.823  -24.020 0.0000000000
124100  -22.893  18.834  -24.567 0.0000000000
122988  -22.591  18.159  -24.508 0.0000000000
123002  -23.129  17.582  -24.962 0.0000000000
121839  -21.389  16.669  -24.044 0.0000000000
121855  -22.063  16.622  -24.622 0.0000000000
120710  -24.349  15.347  -25.612 0.0000000000
114754  -17.108  9.936  -27.460 0.0000000000
113574  -18.014  9.371  -28.339 0.0000000000
113585  -17.506  9.731  -28.588 0.0000000000
115964  -16.838  11.253  -27.932 0.0000000000
115966  -19.006  10.898  -26.915 0.0000000000
115943  -19.016  11.385  -26.761 0.0000000000
173880  -19.680  11.249  -25.807 0.0000000000
115894  -20.247  11.346  -24.466 0.0000000000
114699  -20.669  11.300  -24.000 0.0000000000
114716  -21.947  10.380  -24.145 0.0000000000
113523  -20.345  9.437  -24.324 0.0000000000
113502  -21.652  9.710  -23.985 0.0000000000
114735  -22.777  10.327  -24.639 0.0000000000
114736  -23.469  10.415  -25.010 0.0000000000
114739  -26.071  10.514  -24.924 0.0000000000
113527  -26.331  9.645  -24.319 0.0000000000
112299  -25.344  8.472  -25.065 0.0000000000
103747  -26.974  2.400  -23.555 0.0000000000
96495  -22.990  -4.517  -20.847 0.0000000000
113499  -19.594  9.041  -25.054 0.0000000000
113521  -19.549  8.933  -25.590 0.0000000000
112257  -19.683  8.006  -24.687 0.0000000000
112279  -19.633  8.290  -25.300 0.0000000000
112310  -19.629  8.218  -26.660 0.0000000000
111059  -19.921  7.701  -26.753 0.0000000000
109859  -21.763  6.312  -27.431 0.0000000000
109846  -21.844  6.430  -26.061 0.0000000000
109869  -22.458  5.992  -27.929 0.0000000000
108661  -22.808  5.310  -27.538 0.0000000000
107428  -23.169  4.779  -25.036 0.0000000000
107417  -21.789  4.322  -25.837 0.0000000000
106211  -23.057  4.352  -26.534 0.0000000000
106197  -24.080  4.757  -24.266 0.0000000000
106198  -24.157  4.219  -24.403 0.0000000000
104970  -25.346  3.508  -24.401 0.0000000000
104951  -22.050  3.356  -23.511 0.0000000000
104937  -22.854  3.541  -23.772 0.0000000000
106149  -23.037  3.740  -23.983 0.0000000000
103728  -22.868  2.846  -23.245 0.0000000000
104938  -23.476  3.441  -23.802 0.0000000000
102526  -26.705  1.720  -23.634 0.0000000000
102527  -27.293  1.472  -23.868 0.0000000000
124111  -24.158  18.388  -25.332 0.0000000000
125189  -24.748  18.350  -27.070 0.0000000000
123015  -26.012  17.466  -27.182 0.0000000000
120665  -20.536  15.094  -22.518 0.0000000000
119418  -20.763  14.906  -22.812 0.0000000000
119429  -20.871  14.361  -23.161 0.0000000000
173917  -21.733  14.904  -24.213 0.0000000000
173905  -21.906  14.494  -24.366 0.0000000000
173881  -21.250  12.028  -23.612 0.0000000000
118187  -21.874  12.445  -24.334 0.0000000000
117057  -23.054  12.270  -25.045 0.0000000000
118203  -23.389  13.326  -25.178 0.0000000000
120712  -26.393  15.235  -26.066 0.0000000000
109834  -22.932  6.293  -24.909 0.0000000000
109837  -26.696  6.714  -24.988 0.0000000000
103671  -19.850  1.070  -20.126 0.0000000000
102463  -20.440  0.861  -20.600 0.0000000000
102464  -20.877  0.620  -20.866 0.0000000000
101249  -21.295  -0.393  -21.033 0.0000000000
97680  -23.312  -3.609  -21.263 0.0000000000
98818  -23.372  -3.041  -21.218 0.0000000000
98836  -23.564  -2.517  -21.407 0.0000000000
100001  -23.936  -1.870  -21.549 0.0000000000
100025  -24.167  -1.297  -21.881 0.0000000000
100026  -24.975  -1.357  -22.340 0.0000000000
96512  -24.027  -4.258  -21.532 0.0000000000
97681  -23.547  -3.159  -21.428 0.0000000000
99978  -20.104  -0.941  -19.977 0.0000000000
103745  -22.512  2.999  -23.329 0.0000000000
104902  -20.274  2.480  -20.900 0.0000000000
104941  -26.749  3.527  -24.569 0.0000000000
104942  -27.052  3.558  -24.479 0.0000000000
104968  -24.068  3.752  -24.879 0.0000000000
104978  -23.547  4.101  -25.094 0.0000000000
106151  -26.919  3.689  -24.627 0.0000000000
106186  -23.961  4.980  -24.286 0.0000000000
106196  -22.704  4.143  -25.178 0.0000000000
106203  -22.634  4.256  -25.813 0.0000000000
106204  -23.223  4.288  -25.421 0.0000000000
106205  -23.667  4.125  -24.769 0.0000000000
106206  -24.026  3.840  -24.371 0.0000000000
106210  -22.782  4.312  -26.323 0.0000000000
107372  -20.797  5.185  -23.261 0.0000000000
107403  -23.174  5.471  -24.212 0.0000000000
107406  -25.786  4.808  -25.011 0.0000000000
107418  -22.787  5.260  -24.429 0.0000000000
107419  -23.447  5.121  -24.046 0.0000000000
107427  -22.281  4.515  -26.419 0.0000000000
107429  -23.572  4.803  -24.286 0.0000000000
107436  -21.882  4.806  -27.059 0.0000000000
107438  -23.091  4.763  -26.665 0.0000000000
108589  -19.851  6.796  -23.597 0.0000000000
108607  -27.105  5.204  -24.788 0.0000000000
108621  -20.658  5.898  -25.017 0.0000000000
108622  -21.122  5.379  -25.168 0.0000000000
108637  -21.239  5.483  -26.000 0.0000000000
108639  -22.747  5.532  -25.607 0.0000000000
108650  -21.538  5.693  -26.950 0.0000000000
108651  -22.699  5.577  -26.653 0.0000000000
108652  -23.040  5.149  -26.642 0.0000000000
108662  -23.154  5.051  -27.178 0.0000000000
109779  -19.775  7.195  -23.460 0.0000000000
109832  -21.891  6.693  -25.389 0.0000000000
109844  -20.240  7.628  -26.965 0.0000000000
109847  -22.422  5.907  -25.947 0.0000000000
109848  -22.576  5.852  -25.469 0.0000000000
109857  -20.526  7.528  -27.084 0.0000000000
109860  -22.410  5.987  -27.115 0.0000000000
109868  -22.224  5.627  -28.070 0.0000000000
110971  -19.726  7.801  -23.542 0.0000000000
110984  -19.778  7.510  -24.134 0.0000000000
110985  -19.745  7.470  -23.877 0.0000000000
111005  -19.915  7.349  -24.303 0.0000000000
111006  -19.941  7.203  -24.102 0.0000000000
111007  -21.975  8.248  -23.970 0.0000000000
111008  -22.166  8.373  -24.137 0.0000000000
111024  -20.394  7.020  -25.166 0.0000000000
111026  -22.601  8.318  -24.681 0.0000000000
111042  -20.328  7.230  -25.553 0.0000000000
111060  -20.291  7.407  -26.052 0.0000000000
111072  -20.420  7.737  -27.387 0.0000000000
111084  -19.944  7.840  -28.340 0.0000000000
111085  -20.285  7.788  -28.077 0.0000000000
112226  -19.627  7.914  -23.793 0.0000000000
112239  -19.658  7.867  -24.196 0.0000000000
112240  -19.578  7.943  -23.995 0.0000000000
112256  -19.690  8.607  -25.025 0.0000000000
112259  -21.768  8.653  -23.916 0.0000000000
112278  -19.679  8.681  -25.296 0.0000000000
112280  -20.841  8.877  -24.908 0.0000000000
112281  -21.192  8.183  -24.502 0.0000000000
112282  -22.661  9.022  -24.587 0.0000000000
112283  -22.938  8.927  -24.891 0.0000000000
112294  -19.696  8.151  -25.892 0.0000000000
112311  -20.594  8.565  -26.950 0.0000000000
112324  -19.273  8.848  -27.934 0.0000000000
112326  -20.420  8.324  -27.722 0.0000000000
112339  -20.161  8.223  -28.301 0.0000000000
113487  -21.179  10.028  -23.750 0.0000000000
113488  -21.430  9.973  -23.916 0.0000000000
113501  -20.988  9.840  -23.770 0.0000000000
113522  -19.622  8.679  -25.530 0.0000000000
113524  -22.059  9.987  -24.269 0.0000000000
113525  -22.440  9.621  -24.406 0.0000000000
113539  -19.456  9.052  -26.309 0.0000000000
113540  -19.638  8.705  -25.837 0.0000000000
113542  -21.190  8.981  -25.938 0.0000000000
113544  -23.083  9.589  -24.775 0.0000000000
113545  -23.915  9.551  -25.144 0.0000000000
113557  -18.341  9.354  -27.559 0.0000000000
113558  -18.892  9.254  -27.245 0.0000000000
113573  -17.567  9.495  -28.569 0.0000000000
113575  -18.761  9.156  -28.086 0.0000000000
113577  -20.312  9.231  -27.245 0.0000000000
113586  -18.292  9.829  -28.324 0.0000000000
113588  -19.719  9.308  -27.707 0.0000000000
114692  -21.006  10.238  -23.552 0.0000000000
114693  -21.225  10.246  -23.679 0.0000000000
114700  -21.004  10.615  -23.518 0.0000000000
114701  -21.532  10.400  -23.834 0.0000000000
114714  -20.917  10.868  -24.310 0.0000000000
114717  -22.306  10.407  -24.354 0.0000000000
114757  -19.940  10.525  -25.313 0.0000000000
114775  -16.877  9.842  -27.937 0.0000000000
114776  -17.276  9.694  -28.199 0.0000000000
114777  -17.920  9.879  -28.360 0.0000000000
114779  -19.896  10.128  -26.561 0.0000000000
114780  -20.386  9.649  -26.572 0.0000000000
114796  -16.833  10.433  -28.138 0.0000000000
114797  -17.713  10.488  -28.198 0.0000000000
114800  -19.697  9.713  -27.135 0.0000000000
115853  -21.073  10.981  -23.565 0.0000000000
115854  -21.479  11.043  -23.625 0.0000000000
115867  -21.248  11.556  -23.564 0.0000000000
115868  -22.178  11.046  -24.128 0.0000000000
115895  -22.945  11.247  -24.956 0.0000000000
115941  -16.528  10.662  -27.681 0.0000000000
115942  -18.749  11.394  -26.759 0.0000000000
115963  -16.552  10.764  -27.410 0.0000000000
115967  -19.400  10.951  -26.668 0.0000000000
115980  -16.181  10.976  -27.210 0.0000000000
115981  -16.556  11.035  -27.351 0.0000000000
117002  -20.453  12.418  -23.172 0.0000000000
117018  -21.814  11.581  -23.900 0.0000000000
117019  -22.056  11.410  -23.954 0.0000000000
117035  -21.655  12.200  -23.853 0.0000000000
117089  -18.912  11.603  -26.685 0.0000000000
117106  -17.053  11.059  -26.810 0.0000000000
117118  -16.613  10.978  -26.778 0.0000000000
117119  -16.522  10.999  -27.006 0.0000000000
118143  -20.286  12.501  -22.983 0.0000000000
118157  -20.406  12.663  -23.090 0.0000000000
118267  -17.380  10.627  -26.773 0.0000000000
119450  -22.065  14.395  -24.536 0.0000000000
120693  -21.897  16.114  -24.535 0.0000000000
121815  -21.244  16.348  -21.943 0.0000000000
121854  -21.675  16.983  -24.344 0.0000000000
122971  -21.310  16.978  -23.182 0.0000000000
123001  -22.430  17.387  -24.651 0.0000000000
124063  -21.001  18.518  -21.455 0.0000000000
126244  -22.267  20.365  -24.614 0.0000000000
126245  -22.504  20.373  -24.618 0.0000000000
172672  -24.158  3.687  -25.123 0.0000000000
172673  -24.003  3.800  -25.135 0.0000000000
172675  -23.616  3.875  -24.972 0.0000000000
172676  -23.816  3.935  -25.104 0.0000000000
172677  -23.091  4.084  -25.136 0.0000000000
173871  -17.778  10.149  -27.134 0.0000000000
173876  -17.188  10.186  -27.193 0.0000000000
173877  -16.866  10.077  -27.587 0.0000000000
173882  -16.886  10.641  -26.861 0.0000000000
173883  -17.946  10.657  -25.928 0.0000000000
173886  -16.501  10.673  -27.370 0.0000000000
173891  -17.290  10.650  -26.562 0.0000000000
173896  -21.338  14.436  -23.551 0.0000000000
173897  -19.758  11.046  -26.242 0.0000000000
173901  -17.088  10.595  -26.803 0.0000000000
173902  -21.404  15.957  -23.810 0.0000000000
173904  -19.247  11.462  -26.505 0.0000000000
173916  -21.565  15.508  -24.011 0.0000000000
173922  -18.846  11.875  -26.578 0.0000000000
