#!ascii label  , from subject 3221 vox2ras=TkReg
1225
135985  51.773  35.834  17.495 0.0000000000
142132  54.883  40.234  15.218 0.0000000000
133767  61.195  33.003  22.980 0.0000000000
136970  47.296  35.230  22.221 0.0000000000
133755  50.179  32.298  23.297 0.0000000000
142189  52.071  40.568  11.896 0.0000000000
146291  50.491  44.613  21.476 0.0000000000
150125  53.192  48.229  24.655 0.0000000000
133700  59.125  32.979  29.220 0.0000000000
130551  58.449  29.305  24.496 0.0000000000
137063  56.085  35.479  13.163 0.0000000000
134928  56.892  33.926  19.142 0.0000000000
138034  60.199  36.454  17.348 0.0000000000
139019  58.636  37.440  23.846 0.0000000000
150170  51.529  48.539  20.423 0.0000000000
146339  58.224  44.475  16.121 0.0000000000
132720  53.555  31.374  24.275 0.0000000000
135966  49.627  35.723  19.595 0.0000000000
134864  49.041  33.723  22.454 0.0000000000
134902  51.207  34.749  20.720 0.0000000000
138086  51.526  37.826  14.494 0.0000000000
138037  49.614  37.122  17.755 0.0000000000
150080  47.271  49.174  27.263 0.0000000000
133679  58.381  31.982  32.021 0.0000000000
130511  61.100  29.498  29.665 0.0000000000
128240  60.132  27.985  31.983 0.0000000000
152832  53.941  51.675  18.328 0.0000000000
140168  56.549  37.989  13.724 0.0000000000
137053  58.453  35.446  14.694 0.0000000000
139095  57.143  37.208  15.971 0.0000000000
142050  55.545  40.313  22.977 0.0000000000
141068  58.141  39.933  21.675 0.0000000000
143096  58.270  40.975  24.899 0.0000000000
140049  58.064  38.425  27.004 0.0000000000
145231  54.902  44.558  19.754 0.0000000000
148268  56.474  46.083  20.799 0.0000000000
143177  56.881  41.957  15.568 0.0000000000
142184  56.311  40.564  12.057 0.0000000000
133811  59.137  33.024  20.909 0.0000000000
134857  55.348  33.969  22.944 0.0000000000
133732  56.801  32.573  24.900 0.0000000000
132726  47.709  30.810  24.171 0.0000000000
131671  49.845  29.645  22.651 0.0000000000
146392  54.533  44.198  12.539 0.0000000000
144250  50.477  42.439  13.345 0.0000000000
144187  53.250  42.544  18.218 0.0000000000
140139  54.514  38.270  17.611 0.0000000000
153695  45.886  52.198  25.972 0.0000000000
153710  49.496  51.919  24.500 0.0000000000
148243  51.980  46.419  23.427 0.0000000000
134806  60.218  33.423  26.372 0.0000000000
132698  58.510  31.565  26.551 0.0000000000
131628  59.669  30.373  27.927 0.0000000000
130555  60.861  28.938  24.073 0.0000000000
137042  54.045  36.076  15.147 0.0000000000
135972  54.304  34.889  18.601 0.0000000000
136010  56.635  34.460  16.063 0.0000000000
133846  59.755  33.663  17.620 0.0000000000
135949  61.222  34.496  20.835 0.0000000000
140105  58.171  38.470  19.026 0.0000000000
139044  59.810  37.237  21.351 0.0000000000
136954  60.009  35.675  23.267 0.0000000000
136935  58.058  36.048  26.161 0.0000000000
136903  57.593  35.427  29.783 0.0000000000
151957  50.277  50.553  18.756 0.0000000000
151938  54.421  49.296  18.732 0.0000000000
150184  56.031  48.011  19.647 0.0000000000
148314  57.116  46.241  15.469 0.0000000000
144279  55.677  42.235  11.260 0.0000000000
139168  53.975  37.923  11.796 0.0000000000
134881  53.454  34.554  21.721 0.0000000000
133753  51.948  32.829  23.679 0.0000000000
130568  51.433  29.460  22.277 0.0000000000
131640  55.831  30.201  24.891 0.0000000000
135976  50.731  35.714  18.410 0.0000000000
135954  50.686  34.826  20.440 0.0000000000
135964  51.520  35.176  19.297 0.0000000000
137045  52.012  37.094  16.030 0.0000000000
138072  50.222  37.337  15.349 0.0000000000
137014  50.360  36.488  17.502 0.0000000000
137001  49.552  36.703  18.688 0.0000000000
132635  58.296  31.410  33.792 0.0000000000
130487  59.688  29.379  32.417 0.0000000000
129364  59.126  29.139  33.810 0.0000000000
131702  47.457  29.597  19.991 0.0000000000
141147  55.783  39.203  14.224 0.0000000000
139118  56.631  37.795  14.738 0.0000000000
140156  55.542  38.415  15.347 0.0000000000
143099  56.058  41.762  23.969 0.0000000000
143119  56.762  40.755  23.348 0.0000000000
144199  55.334  42.695  16.991 0.0000000000
145277  56.166  43.535  17.284 0.0000000000
143178  55.978  41.745  15.682 0.0000000000
142141  56.552  40.701  13.962 0.0000000000
133791  59.794  32.793  21.781 0.0000000000
133770  58.266  32.833  23.026 0.0000000000
133748  58.753  32.386  24.111 0.0000000000
135934  45.931  35.011  22.903 0.0000000000
135916  47.094  34.160  23.303 0.0000000000
133775  49.746  32.994  22.867 0.0000000000
134839  48.611  32.864  23.257 0.0000000000
133756  49.138  32.221  23.432 0.0000000000
131658  49.211  30.175  23.324 0.0000000000
132724  49.692  31.305  23.515 0.0000000000
144282  52.758  42.214  11.933 0.0000000000
145344  51.964  42.723  12.679 0.0000000000
143230  51.205  41.586  12.236 0.0000000000
136989  47.476  36.220  20.823 0.0000000000
136981  46.198  35.976  21.657 0.0000000000
145247  52.112  43.064  19.390 0.0000000000
143155  52.121  41.194  18.421 0.0000000000
145248  51.239  42.870  19.818 0.0000000000
148231  48.616  47.201  24.070 0.0000000000
149165  49.695  48.410  25.315 0.0000000000
147253  50.876  45.627  22.562 0.0000000000
146300  52.984  44.575  20.366 0.0000000000
134799  59.740  33.336  27.544 0.0000000000
133714  60.019  32.525  27.016 0.0000000000
132674  59.599  31.289  28.768 0.0000000000
128299  61.069  27.528  27.576 0.0000000000
130530  61.041  28.951  26.877 0.0000000000
128310  61.534  27.605  25.075 0.0000000000
137054  54.921  35.498  14.096 0.0000000000
136011  55.836  35.137  15.729 0.0000000000
136036  56.480  34.887  13.692 0.0000000000
138056  60.240  35.687  16.081 0.0000000000
134972  60.057  34.337  15.752 0.0000000000
135980  60.193  34.743  17.832 0.0000000000
134912  61.009  33.653  19.268 0.0000000000
136992  60.455  35.732  19.040 0.0000000000
140123  54.349  38.124  18.548 0.0000000000
140121  56.335  37.979  18.290 0.0000000000
141102  56.876  38.422  20.078 0.0000000000
140070  59.305  38.519  22.830 0.0000000000
140085  59.585  38.715  20.929 0.0000000000
139034  59.283  37.513  22.035 0.0000000000
137968  59.657  36.136  22.292 0.0000000000
137962  58.545  36.670  23.227 0.0000000000
136939  59.021  35.339  25.437 0.0000000000
137960  57.486  36.690  24.549 0.0000000000
140042  57.767  38.585  28.456 0.0000000000
137932  57.146  36.586  28.246 0.0000000000
151097  51.044  49.351  19.289 0.0000000000
151941  52.620  50.169  19.009 0.0000000000
151086  52.932  49.072  20.067 0.0000000000
151870  51.445  50.583  25.058 0.0000000000
152742  51.030  50.664  23.608 0.0000000000
151879  53.255  49.645  24.101 0.0000000000
146311  58.186  44.648  18.154 0.0000000000
149213  57.214  46.688  19.958 0.0000000000
148284  57.663  46.168  18.151 0.0000000000
149232  57.049  46.985  17.910 0.0000000000
147336  58.124  45.207  15.504 0.0000000000
146376  56.675  44.735  13.188 0.0000000000
145338  57.288  43.359  12.884 0.0000000000
139149  56.137  37.473  11.951 0.0000000000
140216  55.010  38.812  11.593 0.0000000000
138098  54.754  36.725  12.661 0.0000000000
137066  53.826  36.264  14.048 0.0000000000
134943  55.411  34.450  18.332 0.0000000000
134916  54.278  34.821  19.912 0.0000000000
134915  55.191  34.774  20.016 0.0000000000
134819  54.766  33.453  24.461 0.0000000000
134836  53.730  33.917  23.580 0.0000000000
132721  52.655  31.916  24.033 0.0000000000
131655  52.123  30.981  23.335 0.0000000000
131668  52.575  30.295  22.869 0.0000000000
131635  57.813  30.345  27.142 0.0000000000
132686  56.457  30.931  27.079 0.0000000000
130546  56.743  29.835  25.229 0.0000000000
135956  48.787  35.611  20.841 0.0000000000
135932  47.859  34.521  22.576 0.0000000000
135943  48.799  34.798  21.651 0.0000000000
134885  50.008  34.463  21.917 0.0000000000
134862  51.048  34.045  22.211 0.0000000000
139154  51.907  38.911  13.400 0.0000000000
136995  48.748  36.622  19.689 0.0000000000
133692  58.804  32.328  30.856 0.0000000000
132670  60.003  31.236  29.605 0.0000000000
131600  59.450  30.561  31.336 0.0000000000
129416  60.693  28.667  30.677 0.0000000000
138095  56.852  36.688  13.053 0.0000000000
136035  57.504  34.753  13.865 0.0000000000
139133  58.052  36.904  14.102 0.0000000000
139116  57.917  36.621  15.101 0.0000000000
139093  58.738  37.024  16.506 0.0000000000
142066  54.742  39.305  22.006 0.0000000000
141088  56.437  38.794  20.896 0.0000000000
142063  57.217  39.990  22.405 0.0000000000
142047  58.372  40.261  23.129 0.0000000000
142027  59.081  39.491  24.625 0.0000000000
140065  58.335  38.129  25.108 0.0000000000
142022  58.434  39.778  25.979 0.0000000000
141030  58.191  39.389  27.333 0.0000000000
141012  57.296  39.702  29.475 0.0000000000
150155  50.147  48.713  21.123 0.0000000000
147249  54.318  45.840  22.015 0.0000000000
149189  54.625  47.052  22.879 0.0000000000
147287  55.466  45.789  19.952 0.0000000000
145258  56.878  44.454  18.083 0.0000000000
144211  58.129  42.938  15.839 0.0000000000
144249  57.610  42.538  13.440 0.0000000000
143200  57.158  41.327  13.875 0.0000000000
141173  56.042  39.536  12.593 0.0000000000
133839  57.791  33.680  19.663 0.0000000000
134896  56.379  34.029  21.238 0.0000000000
133813  57.319  33.707  21.493 0.0000000000
134833  56.190  33.535  23.626 0.0000000000
133725  54.963  32.494  25.704 0.0000000000
130564  58.305  29.073  22.401 0.0000000000
130565  57.462  29.161  22.205 0.0000000000
132712  46.021  31.173  24.650 0.0000000000
134840  47.807  33.408  23.272 0.0000000000
133736  47.363  31.347  24.431 0.0000000000
131660  46.871  29.969  23.838 0.0000000000
131673  47.158  29.245  22.640 0.0000000000
131672  48.578  29.007  22.359 0.0000000000
130584  49.171  28.721  21.173 0.0000000000
147371  53.940  45.295  13.828 0.0000000000
146380  51.751  43.953  13.885 0.0000000000
143166  54.018  41.662  16.880 0.0000000000
141141  54.379  39.365  15.862 0.0000000000
142124  53.398  40.526  16.848 0.0000000000
141125  53.098  39.307  17.730 0.0000000000
141103  53.139  38.741  19.416 0.0000000000
141073  53.036  38.801  21.616 0.0000000000
142052  53.402  39.768  22.881 0.0000000000
153693  47.408  52.456  25.421 0.0000000000
153674  49.237  51.744  25.999 0.0000000000
151016  50.741  50.185  26.180 0.0000000000
148227  52.683  46.841  24.057 0.0000000000
147272  53.823  45.606  21.446 0.0000000000
145245  54.055  43.982  19.126 0.0000000000
133728  61.104  32.991  24.875 0.0000000000
132705  59.495  31.966  25.132 0.0000000000
132688  59.894  31.888  26.551 0.0000000000
132689  59.090  31.250  27.222 0.0000000000
130537  58.646  29.668  26.531 0.0000000000
130517  60.227  29.887  28.699 0.0000000000
130535  60.584  29.150  26.380 0.0000000000
130550  59.372  29.234  24.613 0.0000000000
135998  52.953  36.109  16.733 0.0000000000
135974  52.463  35.103  18.353 0.0000000000
135996  54.761  35.354  16.697 0.0000000000
135995  55.899  34.728  17.010 0.0000000000
134955  56.712  34.116  17.306 0.0000000000
136022  57.970  34.345  14.671 0.0000000000
134953  58.555  33.630  16.720 0.0000000000
133849  57.918  33.661  18.666 0.0000000000
133826  59.390  33.354  19.851 0.0000000000
133809  61.083  33.159  20.365 0.0000000000
134877  61.303  33.635  22.172 0.0000000000
140147  55.594  38.133  16.418 0.0000000000
140136  57.623  37.581  17.164 0.0000000000
140118  59.467  37.834  18.139 0.0000000000
141086  58.484  39.405  20.547 0.0000000000
141099  59.391  38.974  19.749 0.0000000000
139063  60.209  37.331  19.525 0.0000000000
136978  60.318  35.937  20.942 0.0000000000
135930  60.717  34.942  22.385 0.0000000000
135902  61.151  34.137  23.781 0.0000000000
135899  60.171  34.498  25.116 0.0000000000
135896  59.517  34.687  26.301 0.0000000000
135878  58.926  34.211  28.090 0.0000000000
137955  56.961  36.577  26.517 0.0000000000
136913  57.516  35.419  28.750 0.0000000000
134781  57.941  33.919  29.806 0.0000000000
134750  58.288  33.710  31.499 0.0000000000
152834  51.857  51.613  18.411 0.0000000000
151953  54.132  50.683  18.492 0.0000000000
151125  54.886  48.659  17.663 0.0000000000
150143  54.544  48.146  22.539 0.0000000000
151072  53.344  48.552  21.165 0.0000000000
151091  55.224  47.939  19.008 0.0000000000
150218  55.900  47.398  17.164 0.0000000000
149246  56.039  47.093  16.096 0.0000000000
147368  56.567  45.387  13.640 0.0000000000
146406  54.986  43.751  11.744 0.0000000000
143258  53.960  40.872  11.532 0.0000000000
143242  56.370  41.284  11.728 0.0000000000
142205  54.400  40.420  11.352 0.0000000000
140219  52.660  38.884  11.978 0.0000000000
139135  52.834  37.726  13.642 0.0000000000
137057  52.956  36.681  14.963 0.0000000000
135963  52.419  35.103  19.429 0.0000000000
134900  52.359  34.809  20.948 0.0000000000
134861  51.733  33.869  22.467 0.0000000000
134880  54.434  34.660  21.907 0.0000000000
134838  52.071  33.553  23.086 0.0000000000
133754  51.091  32.459  23.335 0.0000000000
131656  51.194  30.794  23.263 0.0000000000
130569  50.550  29.211  22.132 0.0000000000
133731  57.837  32.125  25.194 0.0000000000
133717  56.022  31.690  26.165 0.0000000000
131646  54.477  31.078  24.659 0.0000000000
131651  55.924  29.669  22.608 0.0000000000
131667  53.448  30.240  22.829 0.0000000000
128242  58.958  27.367  32.213 0.0000000000
127203  59.798  26.598  28.648 0.0000000000
135975  51.430  35.560  18.153 0.0000000000
135965  50.459  35.487  19.205 0.0000000000
137012  51.913  36.068  17.121 0.0000000000
137029  50.957  36.699  16.826 0.0000000000
137013  51.217  35.998  17.309 0.0000000000
136999  50.768  35.881  17.917 0.0000000000
131560  58.855  30.265  33.970 0.0000000000
142143  55.304  39.982  14.658 0.0000000000
140170  55.772  38.621  14.627 0.0000000000
141140  54.844  39.148  15.236 0.0000000000
143179  55.147  41.253  15.941 0.0000000000
144214  55.702  42.166  16.410 0.0000000000
143191  55.496  41.107  15.264 0.0000000000
142142  55.854  40.250  14.278 0.0000000000
133768  60.293  32.703  22.786 0.0000000000
133769  59.289  32.727  22.889 0.0000000000
133747  59.753  32.563  23.707 0.0000000000
135933  46.853  34.871  22.878 0.0000000000
143247  52.523  41.247  11.825 0.0000000000
144283  52.127  41.742  11.900 0.0000000000
142190  51.320  40.664  11.992 0.0000000000
136980  47.248  35.863  21.360 0.0000000000
136971  46.505  35.500  22.274 0.0000000000
146302  51.029  44.199  20.607 0.0000000000
145235  51.612  43.583  20.101 0.0000000000
147254  50.020  45.486  22.588 0.0000000000
147232  50.465  46.102  23.047 0.0000000000
146272  50.474  45.067  22.214 0.0000000000
146290  51.569  44.809  21.229 0.0000000000
134793  59.163  33.347  28.508 0.0000000000
133708  59.603  32.295  28.069 0.0000000000
133699  59.463  32.312  29.039 0.0000000000
128307  61.558  27.472  25.739 0.0000000000
137064  55.341  35.534  13.513 0.0000000000
136024  55.552  35.069  14.384 0.0000000000
136037  55.834  35.116  13.600 0.0000000000
137025  60.274  35.339  16.374 0.0000000000
136998  60.344  35.603  18.100 0.0000000000
138019  60.339  36.464  18.401 0.0000000000
140095  54.876  38.323  20.102 0.0000000000
140108  55.136  38.147  19.312 0.0000000000
140094  55.830  38.290  20.136 0.0000000000
140067  59.232  38.373  23.908 0.0000000000
139024  59.058  37.510  23.114 0.0000000000
137969  59.109  36.512  22.665 0.0000000000
137963  57.871  36.755  23.605 0.0000000000
139020  57.966  37.502  24.372 0.0000000000
140035  57.532  38.686  29.182 0.0000000000
150172  49.793  48.478  20.392 0.0000000000
150189  49.449  48.680  19.796 0.0000000000
150187  51.456  48.677  19.745 0.0000000000
151096  52.009  49.459  19.415 0.0000000000
150186  52.250  48.903  19.893 0.0000000000
151030  52.433  49.224  24.920 0.0000000000
151869  52.191  50.012  24.830 0.0000000000
151041  53.504  49.089  24.438 0.0000000000
146324  58.248  44.597  17.142 0.0000000000
147315  58.137  45.687  18.257 0.0000000000
147314  58.280  45.347  17.670 0.0000000000
147325  58.182  45.550  16.621 0.0000000000
146350  58.239  44.444  15.155 0.0000000000
146362  58.147  44.600  14.161 0.0000000000
145319  58.265  43.695  13.878 0.0000000000
138097  55.705  36.695  12.180 0.0000000000
139150  55.528  37.423  11.786 0.0000000000
137074  55.508  36.012  12.807 0.0000000000
138082  54.640  36.317  13.231 0.0000000000
134929  55.842  34.417  19.135 0.0000000000
134914  56.183  34.409  20.123 0.0000000000
133734  53.894  32.825  24.961 0.0000000000
133735  53.325  32.951  24.595 0.0000000000
132709  53.602  32.151  24.763 0.0000000000
131654  53.040  30.858  23.595 0.0000000000
130545  57.650  29.597  25.371 0.0000000000
130539  57.010  30.016  26.055 0.0000000000
130552  57.529  29.373  24.348 0.0000000000
135955  49.598  35.242  20.416 0.0000000000
135941  50.384  34.667  21.286 0.0000000000
134884  50.880  34.517  21.447 0.0000000000
134863  50.247  33.828  22.321 0.0000000000
139136  52.261  38.354  14.097 0.0000000000
139137  50.903  38.470  13.873 0.0000000000
139119  50.757  37.681  14.322 0.0000000000
138049  49.594  37.136  16.822 0.0000000000
138061  49.744  37.088  15.934 0.0000000000
136993  49.780  35.958  18.997 0.0000000000
137002  49.134  36.763  19.223 0.0000000000
136987  49.067  35.980  20.104 0.0000000000
132666  59.362  31.272  30.909 0.0000000000
132662  59.126  31.351  31.755 0.0000000000
129389  60.051  28.801  32.187 0.0000000000
130486  60.017  29.567  31.708 0.0000000000
128258  60.396  28.119  30.993 0.0000000000
128272  61.214  27.762  29.692 0.0000000000
127185  60.691  27.373  30.276 0.0000000000
153806  52.366  52.275  17.935 0.0000000000
153816  51.792  52.475  17.278 0.0000000000
139134  56.949  37.296  13.529 0.0000000000
138081  57.627  36.360  13.487 0.0000000000
139105  56.870  37.494  15.300 0.0000000000
139104  57.464  36.987  15.567 0.0000000000
138047  58.797  36.725  16.004 0.0000000000
139094  57.779  37.031  16.444 0.0000000000
142065  55.328  39.537  22.182 0.0000000000
142064  56.248  39.753  22.323 0.0000000000
142049  56.542  40.212  23.018 0.0000000000
143107  58.037  41.144  24.095 0.0000000000
142036  57.969  40.718  23.590 0.0000000000
142035  58.464  40.363  24.074 0.0000000000
142034  59.135  39.820  24.211 0.0000000000
142028  58.665  39.893  25.030 0.0000000000
142011  58.291  40.009  26.726 0.0000000000
143061  57.943  40.705  27.655 0.0000000000
141023  57.781  39.468  28.450 0.0000000000
142004  57.807  40.339  28.012 0.0000000000
147271  54.565  45.782  21.224 0.0000000000
146297  55.301  44.923  19.839 0.0000000000
144197  56.879  43.075  16.626 0.0000000000
145276  56.894  43.644  17.224 0.0000000000
145288  57.302  43.263  16.691 0.0000000000
145287  58.060  43.520  16.727 0.0000000000
144226  57.687  42.352  15.326 0.0000000000
144236  57.853  42.197  14.433 0.0000000000
143189  57.064  41.737  14.709 0.0000000000
141161  56.060  39.272  13.155 0.0000000000
142155  56.274  40.346  13.331 0.0000000000
140186  56.179  38.379  13.011 0.0000000000
139148  56.416  37.685  12.628 0.0000000000
133827  58.480  33.378  20.220 0.0000000000
133828  57.678  33.670  20.606 0.0000000000
133812  58.228  33.356  21.219 0.0000000000
133749  57.602  32.636  24.015 0.0000000000
133771  57.327  33.088  23.066 0.0000000000
133750  56.652  33.083  23.935 0.0000000000
133733  56.004  32.894  24.721 0.0000000000
133724  55.880  32.382  25.556 0.0000000000
133738  45.759  32.079  24.845 0.0000000000
135931  48.498  34.224  22.319 0.0000000000
134865  48.309  33.962  22.661 0.0000000000
133757  47.891  32.010  23.889 0.0000000000
132711  46.878  30.808  24.624 0.0000000000
131659  48.059  30.003  23.436 0.0000000000
147369  55.594  45.518  13.490 0.0000000000
146377  54.346  44.741  13.275 0.0000000000
145345  51.490  42.457  12.741 0.0000000000
145323  52.294  43.331  13.263 0.0000000000
145324  51.198  43.047  13.277 0.0000000000
144201  53.656  42.094  17.563 0.0000000000
143181  53.735  40.980  16.610 0.0000000000
143167  53.210  41.237  17.216 0.0000000000
142112  52.390  40.489  18.151 0.0000000000
141114  52.634  39.229  18.691 0.0000000000
141092  52.335  39.048  20.759 0.0000000000
141055  53.586  39.222  22.288 0.0000000000
153713  46.826  52.294  24.673 0.0000000000
153694  46.675  52.284  25.605 0.0000000000
154578  48.300  52.113  26.828 0.0000000000
152682  49.235  51.425  26.548 0.0000000000
152701  50.008  51.395  26.182 0.0000000000
148229  50.694  47.023  24.366 0.0000000000
148228  51.732  46.960  24.252 0.0000000000
149163  51.315  48.224  25.264 0.0000000000
147229  53.221  46.137  22.847 0.0000000000
147251  52.725  45.631  22.431 0.0000000000
145246  53.082  43.632  19.235 0.0000000000
145233  53.552  44.113  19.862 0.0000000000
145261  53.605  43.371  18.520 0.0000000000
144186  54.131  42.877  17.938 0.0000000000
134810  60.505  33.673  25.320 0.0000000000
133721  60.533  32.801  25.624 0.0000000000
132682  59.362  31.458  27.814 0.0000000000
132683  59.302  30.872  27.757 0.0000000000
131634  58.880  30.306  27.189 0.0000000000
130532  59.475  29.882  27.267 0.0000000000
131610  60.702  29.966  29.595 0.0000000000
131617  60.184  30.174  29.229 0.0000000000
130516  60.792  29.423  28.778 0.0000000000
130541  61.065  28.811  25.573 0.0000000000
130542  60.343  29.154  25.634 0.0000000000
130549  60.233  29.131  24.734 0.0000000000
130562  60.055  28.997  22.609 0.0000000000
130556  60.269  29.057  23.648 0.0000000000
137026  53.100  36.322  16.272 0.0000000000
135997  53.676  35.916  16.444 0.0000000000
134956  55.917  34.244  17.683 0.0000000000
135994  56.625  34.348  16.702 0.0000000000
136034  58.205  34.881  14.298 0.0000000000
136021  58.418  34.775  15.071 0.0000000000
134952  59.368  33.741  16.746 0.0000000000
134974  58.604  33.797  15.962 0.0000000000
133858  58.994  33.612  17.112 0.0000000000
133859  58.592  33.558  17.419 0.0000000000
133848  58.679  33.435  18.222 0.0000000000
133838  58.625  33.426  19.200 0.0000000000
133837  59.410  33.398  18.728 0.0000000000
134911  61.310  33.923  20.002 0.0000000000
133824  61.094  33.435  19.738 0.0000000000
133790  60.933  32.903  21.654 0.0000000000
134894  61.300  33.738  21.125 0.0000000000
140148  54.716  38.505  16.639 0.0000000000
140157  54.923  38.626  15.838 0.0000000000
140120  57.388  38.091  18.168 0.0000000000
140119  58.454  38.101  18.166 0.0000000000
141069  56.902  39.525  21.584 0.0000000000
141087  57.477  39.162  20.773 0.0000000000
139045  59.798  38.032  21.270 0.0000000000
141085  59.317  39.216  20.330 0.0000000000
139054  60.152  37.655  20.471 0.0000000000
140092  60.130  38.056  19.622 0.0000000000
138001  60.235  36.675  20.200 0.0000000000
137992  60.098  36.785  20.944 0.0000000000
136969  60.151  35.637  21.973 0.0000000000
135929  61.277  34.252  22.607 0.0000000000
135915  60.814  34.619  23.242 0.0000000000
135903  60.502  34.539  24.189 0.0000000000
136934  58.735  35.162  26.663 0.0000000000
135888  59.217  34.383  27.284 0.0000000000
136924  58.692  35.049  27.317 0.0000000000
140057  58.169  38.153  26.032 0.0000000000
139017  57.754  37.280  25.343 0.0000000000
139009  57.333  37.355  26.524 0.0000000000
137924  56.991  36.364  29.408 0.0000000000
137931  57.069  35.981  28.666 0.0000000000
135865  58.063  34.534  29.327 0.0000000000
135852  57.539  34.452  30.200 0.0000000000
134768  58.180  33.513  30.499 0.0000000000
151112  49.601  49.679  19.020 0.0000000000
151959  48.013  50.155  18.459 0.0000000000
151958  49.116  50.370  18.614 0.0000000000
151956  51.339  50.845  18.770 0.0000000000
151940  53.417  50.056  18.896 0.0000000000
151954  53.265  50.903  18.653 0.0000000000
151939  54.055  49.753  18.801 0.0000000000
151952  54.715  49.969  18.211 0.0000000000
151951  54.817  49.202  18.043 0.0000000000
148252  55.965  46.430  21.923 0.0000000000
150142  54.986  47.662  22.534 0.0000000000
149198  56.011  46.964  21.794 0.0000000000
149214  56.642  47.424  20.216 0.0000000000
150166  56.041  47.813  20.823 0.0000000000
150167  55.017  47.653  20.595 0.0000000000
151083  54.488  48.000  20.051 0.0000000000
151084  53.939  48.408  20.271 0.0000000000
150185  54.981  47.715  19.582 0.0000000000
148297  57.283  46.637  16.198 0.0000000000
150211  56.143  47.331  17.826 0.0000000000
149245  56.725  47.166  16.253 0.0000000000
149239  56.144  47.206  16.636 0.0000000000
148298  56.780  46.756  15.785 0.0000000000
148315  56.438  46.217  15.165 0.0000000000
147352  56.737  45.932  14.329 0.0000000000
145340  56.173  43.708  11.856 0.0000000000
146390  56.509  44.284  12.644 0.0000000000
145360  55.408  43.266  11.535 0.0000000000
144280  54.758  42.330  11.299 0.0000000000
143245  54.250  41.444  11.397 0.0000000000
143229  56.780  41.263  12.126 0.0000000000
144277  56.777  41.726  11.829 0.0000000000
140217  54.351  38.695  11.602 0.0000000000
140236  54.486  39.405  11.560 0.0000000000
140237  54.036  39.294  11.569 0.0000000000
141187  53.335  39.653  11.653 0.0000000000
139169  53.097  38.228  11.988 0.0000000000
139153  52.720  38.311  12.800 0.0000000000
138100  53.234  37.580  13.125 0.0000000000
137056  53.651  36.315  14.716 0.0000000000
137067  53.256  36.525  14.343 0.0000000000
137043  53.487  36.323  15.561 0.0000000000
137044  52.782  36.637  15.806 0.0000000000
135983  53.604  35.314  17.577 0.0000000000
135973  53.554  34.986  18.749 0.0000000000
134899  53.328  34.940  20.666 0.0000000000
134882  52.533  34.406  21.647 0.0000000000
134878  56.047  33.889  22.273 0.0000000000
134879  55.362  34.283  22.038 0.0000000000
134858  54.507  34.229  22.824 0.0000000000
133752  52.668  32.960  24.236 0.0000000000
134837  52.749  33.686  23.475 0.0000000000
132723  50.656  31.525  23.416 0.0000000000
132722  51.586  31.744  23.568 0.0000000000
131669  51.756  30.174  22.736 0.0000000000
131670  50.834  29.975  22.737 0.0000000000
130583  50.157  28.920  21.183 0.0000000000
130582  51.166  29.115  21.372 0.0000000000
132706  58.715  31.873  25.541 0.0000000000
132707  58.036  31.753  26.060 0.0000000000
131637  55.999  30.517  26.324 0.0000000000
132692  56.272  31.191  26.845 0.0000000000
131638  55.111  30.917  26.250 0.0000000000
132700  54.800  31.223  26.050 0.0000000000
131641  54.885  30.830  25.503 0.0000000000
130578  56.608  29.125  21.032 0.0000000000
130560  56.645  29.442  22.977 0.0000000000
131680  56.024  29.120  21.169 0.0000000000
135953  51.613  34.936  20.171 0.0000000000
138059  51.491  37.384  15.479 0.0000000000
138071  50.947  37.436  14.984 0.0000000000
138060  50.867  37.366  16.064 0.0000000000
138048  50.230  36.871  16.686 0.0000000000
138036  49.936  36.869  17.166 0.0000000000
137015  49.957  36.605  18.088 0.0000000000
132647  58.591  31.243  32.765 0.0000000000
131583  59.318  30.238  32.229 0.0000000000
131571  59.002  30.418  33.298 0.0000000000
130475  59.307  29.487  33.078 0.0000000000
129378  59.290  28.708  33.310 0.0000000000
140187  56.114  38.633  13.508 0.0000000000
140169  56.170  38.287  14.190 0.0000000000
140155  56.263  38.008  15.021 0.0000000000
140146  56.537  37.608  16.108 0.0000000000
143110  55.458  41.157  23.437 0.0000000000
143120  56.059  40.686  23.342 0.0000000000
143109  56.419  41.230  23.625 0.0000000000
143097  57.494  41.617  24.625 0.0000000000
144185  54.982  43.241  17.536 0.0000000000
145259  55.782  43.988  17.833 0.0000000000
144184  55.707  43.332  17.285 0.0000000000
144198  56.200  43.015  16.864 0.0000000000
143201  56.607  41.047  14.345 0.0000000000
143190  56.139  41.343  14.846 0.0000000000
141162  56.027  39.445  13.728 0.0000000000
133792  58.757  32.949  21.977 0.0000000000
133776  49.144  32.963  23.062 0.0000000000
132725  48.650  31.076  23.748 0.0000000000
145341  54.279  43.897  12.040 0.0000000000
145342  53.784  43.643  12.443 0.0000000000
145363  53.004  42.669  12.130 0.0000000000
144265  51.748  42.125  12.201 0.0000000000
144266  51.025  42.056  12.774 0.0000000000
138003  47.135  36.611  20.614 0.0000000000
137993  46.519  36.287  21.080 0.0000000000
136972  45.395  35.787  22.404 0.0000000000
145262  52.753  42.978  18.738 0.0000000000
144202  52.944  41.672  18.030 0.0000000000
145263  52.299  42.687  18.913 0.0000000000
144189  51.677  41.778  18.983 0.0000000000
150114  47.956  48.716  25.782 0.0000000000
149166  48.598  48.316  25.237 0.0000000000
149180  49.164  47.793  24.678 0.0000000000
148245  50.072  46.542  23.669 0.0000000000
148257  51.312  46.123  23.026 0.0000000000
147274  52.164  45.233  21.873 0.0000000000
145234  52.622  43.781  20.018 0.0000000000
135887  59.872  34.039  26.722 0.0000000000
131621  59.811  30.440  28.483 0.0000000000
129425  61.076  28.405  28.203 0.0000000000
129431  61.151  28.259  27.237 0.0000000000
129435  61.336  28.152  25.624 0.0000000000
129437  61.317  28.202  24.875 0.0000000000
137055  54.375  35.886  14.504 0.0000000000
136012  54.682  35.685  15.379 0.0000000000
136025  54.914  35.541  14.562 0.0000000000
136023  56.881  34.490  14.881 0.0000000000
137040  59.059  35.438  15.389 0.0000000000
136020  58.922  34.811  15.438 0.0000000000
136008  60.244  34.748  16.012 0.0000000000
135993  60.218  34.689  16.836 0.0000000000
134939  60.065  33.935  17.395 0.0000000000
133836  59.917  33.612  18.209 0.0000000000
134927  60.428  34.030  18.605 0.0000000000
135971  60.590  34.820  18.844 0.0000000000
135961  60.750  35.135  19.643 0.0000000000
141124  53.788  38.589  17.939 0.0000000000
140138  55.476  38.068  17.432 0.0000000000
140122  55.314  38.045  18.410 0.0000000000
140107  56.121  38.094  19.251 0.0000000000
140106  57.153  38.265  19.131 0.0000000000
141053  59.125  39.712  22.502 0.0000000000
141067  59.143  39.430  21.275 0.0000000000
140076  59.426  38.679  21.824 0.0000000000
139033  59.482  36.936  21.631 0.0000000000
137981  59.937  36.516  21.655 0.0000000000
137982  59.331  36.628  21.952 0.0000000000
136955  59.119  36.210  23.327 0.0000000000
136942  59.834  35.300  24.623 0.0000000000
136943  58.768  36.067  24.081 0.0000000000
136940  57.929  36.064  24.920 0.0000000000
138992  57.650  38.309  28.093 0.0000000000
139001  57.164  37.167  27.465 0.0000000000
138993  57.346  37.795  28.454 0.0000000000
151099  49.208  49.083  19.410 0.0000000000
151111  50.396  49.747  19.080 0.0000000000
151943  50.967  50.140  19.015 0.0000000000
151095  52.819  49.500  19.425 0.0000000000
151094  53.466  49.355  19.411 0.0000000000
153709  49.919  51.644  24.884 0.0000000000
152727  50.211  51.436  24.348 0.0000000000
152726  51.214  50.999  24.166 0.0000000000
151881  52.066  50.500  24.224 0.0000000000
147285  57.123  45.332  19.995 0.0000000000
149202  56.977  46.492  20.655 0.0000000000
148274  57.358  45.878  19.743 0.0000000000
150183  56.998  47.457  19.497 0.0000000000
150200  56.579  47.464  18.680 0.0000000000
147326  57.761  46.186  16.400 0.0000000000
147337  57.686  45.922  15.769 0.0000000000
147351  57.349  45.462  14.638 0.0000000000
146363  57.585  44.990  13.916 0.0000000000
146389  57.033  43.905  12.700 0.0000000000
145339  56.961  43.432  12.011 0.0000000000
140214  56.065  39.175  12.158 0.0000000000
140215  55.584  39.209  11.840 0.0000000000
139166  55.626  38.180  11.669 0.0000000000
139167  54.896  37.867  11.594 0.0000000000
139151  54.132  37.368  12.364 0.0000000000
138099  53.869  37.192  13.001 0.0000000000
138083  54.190  36.584  13.447 0.0000000000
134944  54.725  34.759  18.613 0.0000000000
134931  54.171  34.837  19.147 0.0000000000
134930  54.953  34.749  19.155 0.0000000000
134898  54.342  34.845  20.875 0.0000000000
134835  54.621  33.857  23.703 0.0000000000
134820  53.930  33.552  24.474 0.0000000000
131685  52.271  29.864  22.360 0.0000000000
132690  58.089  31.127  27.344 0.0000000000
132699  57.725  31.492  26.701 0.0000000000
131630  57.076  30.650  27.210 0.0000000000
135944  47.871  35.174  21.803 0.0000000000
134886  49.432  34.441  21.852 0.0000000000
135942  49.845  34.777  21.289 0.0000000000
133774  50.776  33.233  22.830 0.0000000000
140220  52.000  39.550  12.409 0.0000000000
141174  50.903  39.842  12.623 0.0000000000
140188  50.215  38.966  13.589 0.0000000000
138020  49.252  37.302  18.455 0.0000000000
138021  48.649  37.156  18.911 0.0000000000
136988  48.048  36.254  20.524 0.0000000000
136979  48.163  35.547  21.249 0.0000000000
150098  47.209  48.823  26.326 0.0000000000
149181  48.129  47.836  24.564 0.0000000000
148246  49.081  46.566  23.578 0.0000000000
133696  59.080  32.720  29.825 0.0000000000
133695  59.576  31.986  30.091 0.0000000000
132665  59.758  31.158  30.327 0.0000000000
131611  60.322  30.155  30.150 0.0000000000
131582  59.638  30.073  31.559 0.0000000000
130500  60.235  29.346  30.790 0.0000000000
130512  60.910  29.331  30.372 0.0000000000
129415  61.225  28.607  30.069 0.0000000000
128287  61.041  27.615  28.638 0.0000000000
137072  56.620  36.326  12.894 0.0000000000
137062  56.992  35.718  13.228 0.0000000000
138080  58.383  36.090  13.983 0.0000000000
139117  57.089  37.400  14.514 0.0000000000
138068  58.335  36.162  14.763 0.0000000000
137041  58.490  35.759  15.204 0.0000000000
138058  58.736  36.199  15.610 0.0000000000
138046  59.532  36.635  16.394 0.0000000000
138035  59.763  36.902  17.004 0.0000000000
141071  55.013  39.020  21.538 0.0000000000
141089  55.443  38.568  20.922 0.0000000000
141070  55.922  39.105  21.647 0.0000000000
142062  57.940  40.218  22.560 0.0000000000
141054  58.460  40.159  22.451 0.0000000000
142046  59.087  40.054  23.495 0.0000000000
141049  59.290  39.313  23.540 0.0000000000
140068  58.709  38.016  24.483 0.0000000000
141047  58.954  38.862  24.810 0.0000000000
141044  58.408  39.025  25.553 0.0000000000
141036  58.247  39.161  26.450 0.0000000000
149191  53.774  46.876  23.896 0.0000000000
150124  54.026  47.720  24.194 0.0000000000
148254  54.663  46.289  22.386 0.0000000000
147270  55.314  45.951  20.956 0.0000000000
147269  55.847  46.104  20.479 0.0000000000
145243  56.135  44.512  18.667 0.0000000000
146306  56.425  44.823  19.102 0.0000000000
147295  56.720  45.081  19.539 0.0000000000
145257  57.630  44.164  18.224 0.0000000000
145275  57.491  44.779  17.351 0.0000000000
145298  58.228  43.674  15.603 0.0000000000
144235  58.235  42.998  14.175 0.0000000000
144225  58.200  42.939  15.031 0.0000000000
143215  57.055  41.333  12.854 0.0000000000
142169  56.422  40.513  12.475 0.0000000000
141184  56.261  39.733  12.242 0.0000000000
140199  56.184  38.800  12.361 0.0000000000
138096  56.398  36.805  12.514 0.0000000000
134913  56.984  33.853  20.252 0.0000000000
134895  57.096  33.805  20.878 0.0000000000
133795  56.529  33.754  22.554 0.0000000000
133793  57.876  33.348  22.208 0.0000000000
133794  57.093  33.576  22.398 0.0000000000
134856  56.051  33.746  23.043 0.0000000000
134834  55.490  33.668  23.814 0.0000000000
134812  54.860  32.976  25.051 0.0000000000
132702  54.114  32.344  25.129 0.0000000000
130558  58.370  29.190  23.441 0.0000000000
130559  57.474  29.236  23.261 0.0000000000
131649  45.007  30.713  24.037 0.0000000000
133758  47.058  32.623  24.010 0.0000000000
133737  46.822  31.830  24.633 0.0000000000
131647  46.212  30.482  24.310 0.0000000000
131661  45.792  30.026  23.689 0.0000000000
131674  46.054  29.411  22.836 0.0000000000
131687  47.295  28.989  21.295 0.0000000000
145322  53.238  43.605  13.172 0.0000000000
146379  52.725  44.142  13.765 0.0000000000
142170  50.728  40.483  12.539 0.0000000000
142157  50.459  40.956  12.842 0.0000000000
142122  54.583  40.705  15.893 0.0000000000
142133  54.334  39.944  15.661 0.0000000000
142123  53.981  40.222  16.141 0.0000000000
141134  53.947  39.161  16.960 0.0000000000
143168  52.642  41.001  17.804 0.0000000000
142111  52.855  40.318  17.475 0.0000000000
141112  53.793  38.340  18.445 0.0000000000
140110  53.671  38.350  19.329 0.0000000000
141090  54.473  38.526  20.837 0.0000000000
141072  54.114  38.995  21.648 0.0000000000
142051  54.466  39.755  22.565 0.0000000000
153711  48.597  52.288  24.535 0.0000000000
154609  47.773  52.632  26.029 0.0000000000
153676  48.330  52.472  26.030 0.0000000000
153691  49.012  52.101  25.342 0.0000000000
152700  50.522  51.226  25.681 0.0000000000
151856  50.756  50.702  26.002 0.0000000000
151031  51.180  49.793  25.749 0.0000000000
150113  48.987  48.964  25.892 0.0000000000
151032  50.567  49.636  26.199 0.0000000000
150111  51.593  48.607  25.290 0.0000000000
150126  52.193  48.185  24.898 0.0000000000
148226  53.337  46.782  23.857 0.0000000000
147250  53.548  45.737  22.221 0.0000000000
146287  54.105  45.447  20.596 0.0000000000
147273  53.066  45.283  21.718 0.0000000000
146299  53.792  44.883  20.091 0.0000000000
145232  54.363  44.469  19.666 0.0000000000
145260  54.565  43.764  18.264 0.0000000000
143165  54.870  41.857  16.670 0.0000000000
133745  61.211  32.949  24.083 0.0000000000
133746  60.531  32.522  23.830 0.0000000000
133729  60.645  32.569  24.737 0.0000000000
132696  60.102  32.110  25.454 0.0000000000
132697  59.328  31.803  26.108 0.0000000000
130544  58.534  29.440  25.537 0.0000000000
130522  60.853  29.118  27.773 0.0000000000
130531  60.096  29.572  27.362 0.0000000000
130536  59.628  29.498  26.630 0.0000000000
130543  59.451  29.306  25.645 0.0000000000
130557  59.292  29.155  23.556 0.0000000000
135984  52.523  35.754  17.326 0.0000000000
135982  54.728  34.874  17.912 0.0000000000
135981  55.491  34.535  17.732 0.0000000000
134942  56.295  33.990  18.250 0.0000000000
134941  57.297  33.867  18.038 0.0000000000
134993  57.296  34.078  15.748 0.0000000000
134991  58.483  34.224  15.358 0.0000000000
134975  57.859  33.674  16.168 0.0000000000
134976  57.158  34.036  16.486 0.0000000000
134954  57.758  33.731  17.114 0.0000000000
133825  60.349  33.378  19.396 0.0000000000
133810  60.159  32.985  20.626 0.0000000000
140137  56.486  37.820  17.273 0.0000000000
139086  58.376  37.310  16.973 0.0000000000
140134  59.225  37.521  17.603 0.0000000000
139071  60.094  37.468  18.099 0.0000000000
141101  57.831  38.890  19.826 0.0000000000
141100  58.810  39.191  19.597 0.0000000000
140104  59.294  38.423  19.136 0.0000000000
140103  60.035  37.849  18.899 0.0000000000
138010  60.335  36.572  19.280 0.0000000000
136986  60.445  35.852  19.937 0.0000000000
135950  60.765  35.181  20.473 0.0000000000
135940  60.776  35.097  21.409 0.0000000000
135939  61.260  34.386  21.772 0.0000000000
134855  61.327  33.665  22.896 0.0000000000
134832  61.288  33.557  23.573 0.0000000000
134816  61.095  33.663  24.503 0.0000000000
134817  60.564  34.078  24.786 0.0000000000
136938  59.797  35.051  25.264 0.0000000000
135900  59.791  34.800  25.650 0.0000000000
134800  59.298  33.805  27.853 0.0000000000
137954  56.984  36.431  25.584 0.0000000000
137943  57.116  35.972  26.535 0.0000000000
136926  57.170  35.995  27.760 0.0000000000
136925  57.824  35.503  27.462 0.0000000000
135879  58.390  34.852  28.406 0.0000000000
135864  58.662  34.089  28.765 0.0000000000
134780  58.527  33.453  29.462 0.0000000000
134767  58.499  32.889  30.081 0.0000000000
133693  58.359  33.084  31.130 0.0000000000
133680  58.373  32.905  31.796 0.0000000000
133661  58.173  32.608  32.687 0.0000000000
152833  52.898  51.668  18.344 0.0000000000
151955  52.311  50.932  18.757 0.0000000000
151969  54.795  49.525  17.793 0.0000000000
151133  54.798  48.605  17.140 0.0000000000
151074  51.060  49.086  21.865 0.0000000000
150153  51.739  48.777  21.465 0.0000000000
150135  54.457  47.904  23.420 0.0000000000
151048  54.085  48.628  23.453 0.0000000000
150148  55.976  47.491  21.474 0.0000000000
150152  52.625  48.598  21.418 0.0000000000
150169  52.384  48.704  20.654 0.0000000000
151085  53.450  48.830  20.141 0.0000000000
151093  54.001  49.035  19.394 0.0000000000
151092  54.564  48.483  19.160 0.0000000000
150201  55.694  47.743  18.552 0.0000000000
151109  55.008  48.423  18.330 0.0000000000
150212  55.448  47.877  17.719 0.0000000000
150219  55.465  47.892  16.885 0.0000000000
149261  55.713  46.574  15.603 0.0000000000
147380  55.151  44.796  13.090 0.0000000000
147378  56.426  44.825  13.101 0.0000000000
147379  55.986  44.912  12.932 0.0000000000
146407  54.707  43.959  11.947 0.0000000000
145361  54.364  43.313  11.717 0.0000000000
144281  53.842  42.242  11.676 0.0000000000
142188  53.211  40.438  11.683 0.0000000000
144248  58.118  43.205  13.679 0.0000000000
144278  56.477  42.090  11.568 0.0000000000
143243  55.845  41.388  11.310 0.0000000000
141201  55.452  40.033  11.743 0.0000000000
142186  55.413  40.840  11.236 0.0000000000
143244  55.009  41.281  11.080 0.0000000000
142206  53.866  40.422  11.531 0.0000000000
142207  53.619  40.359  11.650 0.0000000000
141188  52.440  39.829  11.914 0.0000000000
140200  52.241  39.062  12.699 0.0000000000
138085  52.455  37.420  14.223 0.0000000000
138084  53.250  36.925  13.754 0.0000000000
138069  52.763  36.848  14.391 0.0000000000
138070  52.113  37.250  14.949 0.0000000000
137058  52.490  36.904  15.391 0.0000000000
137027  52.426  36.359  16.625 0.0000000000
135962  53.129  35.104  19.800 0.0000000000
135951  52.762  35.049  20.444 0.0000000000
134901  51.654  34.763  20.862 0.0000000000
134883  51.697  34.444  21.624 0.0000000000
134897  55.334  34.543  21.026 0.0000000000
134859  53.570  34.186  22.660 0.0000000000
134860  52.688  33.944  22.467 0.0000000000
133773  51.487  33.198  23.119 0.0000000000
131657  50.243  30.550  23.222 0.0000000000
130570  49.686  28.920  22.008 0.0000000000
132717  59.537  32.244  24.405 0.0000000000
133730  58.593  32.058  24.894 0.0000000000
133715  57.247  31.511  26.674 0.0000000000
133723  56.767  31.996  25.773 0.0000000000
133718  55.368  32.059  26.117 0.0000000000
132701  54.488  31.790  25.567 0.0000000000
132708  54.095  31.502  24.839 0.0000000000
130553  56.651  29.633  24.087 0.0000000000
131644  55.923  30.098  23.651 0.0000000000
131681  55.442  29.218  21.132 0.0000000000
131665  55.182  29.413  22.240 0.0000000000
131652  55.067  30.024  23.215 0.0000000000
131645  55.052  30.529  24.289 0.0000000000
131653  54.141  30.727  23.708 0.0000000000
132719  54.071  31.213  24.371 0.0000000000
131684  52.927  29.741  22.166 0.0000000000
128211  59.124  28.305  33.461 0.0000000000
128241  59.413  27.605  32.267 0.0000000000
127169  59.160  27.155  30.884 0.0000000000
127168  59.959  27.603  30.983 0.0000000000
127146  59.727  27.615  31.736 0.0000000000
127147  59.316  27.353  31.684 0.0000000000
127167  60.521  27.773  30.659 0.0000000000
127186  59.959  26.955  30.027 0.0000000000
128212  58.695  28.002  33.785 0.0000000000
128221  59.822  28.396  32.479 0.0000000000
128222  59.413  28.116  32.914 0.0000000000
128223  58.599  27.695  32.769 0.0000000000
128257  61.034  27.958  30.586 0.0000000000
128313  61.499  27.523  24.326 0.0000000000
129379  59.042  28.528  33.782 0.0000000000
129390  59.606  28.800  32.747 0.0000000000
129404  60.207  28.718  31.365 0.0000000000
129420  61.213  28.546  29.180 0.0000000000
129433  61.286  28.158  26.371 0.0000000000
129439  61.263  28.255  23.942 0.0000000000
130463  59.104  29.801  33.731 0.0000000000
130523  60.225  29.744  28.196 0.0000000000
130534  61.128  28.698  26.163 0.0000000000
130538  57.741  29.823  26.324 0.0000000000
130548  60.991  28.901  24.792 0.0000000000
130566  56.673  29.304  21.956 0.0000000000
130567  51.931  29.682  22.317 0.0000000000
131572  58.622  30.709  33.780 0.0000000000
131599  59.911  30.047  31.037 0.0000000000
131612  59.694  30.594  30.696 0.0000000000
131616  60.746  29.767  29.329 0.0000000000
131629  59.385  30.357  27.561 0.0000000000
131631  56.581  30.707  26.999 0.0000000000
131632  56.294  30.838  26.894 0.0000000000
131636  57.005  30.319  26.769 0.0000000000
131642  54.446  31.301  25.200 0.0000000000
131664  55.975  29.247  21.719 0.0000000000
132634  58.618  30.934  33.405 0.0000000000
132684  57.346  30.889  27.417 0.0000000000
132685  56.760  30.959  27.270 0.0000000000
132691  57.152  31.280  27.065 0.0000000000
132693  55.294  31.437  26.335 0.0000000000
132694  54.886  32.005  26.131 0.0000000000
132704  60.071  32.275  24.603 0.0000000000
132710  53.060  32.501  24.393 0.0000000000
132716  59.991  32.417  24.141 0.0000000000
132718  59.035  32.011  24.782 0.0000000000
133660  58.197  31.887  32.618 0.0000000000
133691  59.373  31.680  30.533 0.0000000000
133716  56.785  31.564  26.511 0.0000000000
133720  61.042  33.030  25.223 0.0000000000
133722  57.388  31.731  26.184 0.0000000000
133726  54.425  32.594  25.242 0.0000000000
133751  55.960  33.320  24.155 0.0000000000
133772  56.682  33.541  23.117 0.0000000000
133814  56.684  33.805  21.977 0.0000000000
133847  59.337  33.501  17.637 0.0000000000
133860  58.074  33.636  17.867 0.0000000000
134792  59.503  32.801  28.269 0.0000000000
134809  61.006  33.267  25.127 0.0000000000
134811  55.398  32.807  25.156 0.0000000000
134813  54.349  33.127  24.905 0.0000000000
134818  55.403  33.203  24.575 0.0000000000
134821  53.194  33.536  24.174 0.0000000000
134917  53.730  34.920  19.760 0.0000000000
134926  61.079  34.152  19.139 0.0000000000
134932  53.659  34.927  19.349 0.0000000000
134940  59.661  33.669  17.323 0.0000000000
134951  60.117  34.090  16.313 0.0000000000
134973  59.276  34.222  15.770 0.0000000000
134990  58.724  34.518  15.476 0.0000000000
134992  57.868  33.923  15.350 0.0000000000
135889  58.696  34.860  27.749 0.0000000000
135895  60.101  34.206  25.918 0.0000000000
135914  61.296  34.076  23.221 0.0000000000
135952  52.287  35.036  20.283 0.0000000000
135960  61.099  34.699  20.044 0.0000000000
135970  61.038  34.600  19.536 0.0000000000
136009  59.672  34.787  15.540 0.0000000000
136013  54.009  36.055  15.653 0.0000000000
136914  57.238  35.824  28.169 0.0000000000
136944  57.784  36.169  24.102 0.0000000000
136994  49.319  36.267  19.374 0.0000000000
137000  50.203  36.059  18.374 0.0000000000
137011  60.274  35.486  17.145 0.0000000000
137028  51.660  36.510  16.778 0.0000000000
137039  60.089  35.347  15.696 0.0000000000
137046  51.407  37.003  16.531 0.0000000000
137052  58.595  35.128  15.250 0.0000000000
137061  58.062  35.453  13.690 0.0000000000
137065  54.582  35.949  13.679 0.0000000000
137073  56.256  36.129  12.733 0.0000000000
137075  54.951  36.051  13.135 0.0000000000
137925  57.164  37.106  28.953 0.0000000000
137944  57.116  36.369  27.226 0.0000000000
138045  60.224  35.985  16.506 0.0000000000
138057  59.804  36.042  15.725 0.0000000000
138108  55.086  37.100  11.905 0.0000000000
138109  54.549  37.319  11.978 0.0000000000
139000  57.555  37.989  27.573 0.0000000000
139010  57.067  36.833  26.874 0.0000000000
139055  59.917  38.265  20.715 0.0000000000
139070  60.247  37.180  18.682 0.0000000000
139083  60.264  37.007  17.986 0.0000000000
139084  59.731  37.278  17.488 0.0000000000
139085  59.026  37.317  17.172 0.0000000000
139092  59.374  37.040  16.916 0.0000000000
139103  58.045  36.216  16.188 0.0000000000
139106  49.744  37.502  15.385 0.0000000000
139152  53.467  37.715  12.461 0.0000000000
139155  51.311  39.127  13.440 0.0000000000
139165  56.195  38.415  11.968 0.0000000000
139170  52.806  38.445  12.206 0.0000000000
140041  58.136  38.739  27.891 0.0000000000
140093  59.759  38.527  20.130 0.0000000000
140097  53.522  38.457  19.808 0.0000000000
140109  54.311  38.142  19.368 0.0000000000
140117  60.035  37.680  18.439 0.0000000000
140124  53.854  38.237  18.840 0.0000000000
140135  58.698  37.641  17.533 0.0000000000
140145  57.251  37.310  16.438 0.0000000000
140201  51.606  39.365  12.962 0.0000000000
140218  53.594  38.864  11.657 0.0000000000
140221  51.344  39.697  12.653 0.0000000000
140234  55.224  39.737  11.713 0.0000000000
140235  54.969  39.554  11.614 0.0000000000
141022  58.170  39.348  27.883 0.0000000000
141031  58.081  39.739  27.814 0.0000000000
141046  59.202  39.166  24.232 0.0000000000
141113  53.390  38.654  18.595 0.0000000000
141126  52.488  39.852  18.133 0.0000000000
141135  53.366  39.874  16.949 0.0000000000
141148  55.327  39.396  14.678 0.0000000000
141185  55.892  39.913  12.127 0.0000000000
141186  53.737  39.464  11.596 0.0000000000
141189  51.453  40.009  12.141 0.0000000000
141202  55.055  40.073  11.485 0.0000000000
141203  54.609  40.019  11.428 0.0000000000
141204  53.995  39.893  11.484 0.0000000000
141205  53.639  40.177  11.604 0.0000000000
142003  58.109  40.153  27.444 0.0000000000
142037  55.297  40.715  23.156 0.0000000000
142048  57.442  40.400  23.174 0.0000000000
142131  55.560  40.760  14.857 0.0000000000
142156  56.043  40.029  13.735 0.0000000000
142171  50.380  40.290  12.896 0.0000000000
142185  55.819  40.646  11.629 0.0000000000
142187  53.666  40.701  11.607 0.0000000000
142203  55.321  40.437  11.418 0.0000000000
142204  54.925  40.527  11.204 0.0000000000
143108  57.327  41.191  23.713 0.0000000000
143121  55.679  40.711  23.262 0.0000000000
143180  54.355  41.136  16.305 0.0000000000
143231  50.761  41.291  12.541 0.0000000000
143246  53.466  41.273  11.681 0.0000000000
143248  51.669  41.297  11.943 0.0000000000
143249  51.022  41.084  12.078 0.0000000000
143256  54.672  40.740  11.183 0.0000000000
143257  54.365  40.823  11.294 0.0000000000
144174  51.927  42.455  18.992 0.0000000000
144175  51.441  42.323  19.433 0.0000000000
144188  52.379  42.221  18.537 0.0000000000
144200  54.493  42.425  17.245 0.0000000000
144212  57.409  42.743  16.205 0.0000000000
144213  56.530  42.471  16.224 0.0000000000
144262  57.118  42.303  12.214 0.0000000000
144263  56.790  42.708  11.743 0.0000000000
144264  52.289  42.517  12.270 0.0000000000
145242  56.623  44.702  18.616 0.0000000000
145244  55.155  44.305  19.122 0.0000000000
145309  58.306  43.716  14.710 0.0000000000
145320  57.835  43.561  13.451 0.0000000000
145321  53.722  43.894  13.046 0.0000000000
145343  52.861  42.893  12.508 0.0000000000
145359  56.291  42.931  11.580 0.0000000000
145362  53.385  42.896  11.978 0.0000000000
146286  54.746  45.652  20.263 0.0000000000
146288  53.374  45.183  20.870 0.0000000000
146289  52.533  44.947  21.085 0.0000000000
146296  56.032  45.136  19.701 0.0000000000
146298  54.552  44.973  19.971 0.0000000000
146301  52.059  44.329  20.549 0.0000000000
146305  56.950  44.991  18.720 0.0000000000
146307  55.838  44.722  19.310 0.0000000000
146312  57.431  44.671  18.483 0.0000000000
146374  58.056  44.105  13.600 0.0000000000
146375  57.286  44.414  13.405 0.0000000000
146378  53.603  44.401  13.485 0.0000000000
146391  55.447  44.182  12.197 0.0000000000
146393  54.029  44.147  12.970 0.0000000000
147230  52.444  46.077  22.975 0.0000000000
147231  51.995  46.065  23.035 0.0000000000
147233  49.542  45.990  23.071 0.0000000000
147248  55.101  45.790  21.899 0.0000000000
147252  51.811  45.737  22.627 0.0000000000
147275  51.241  45.109  22.049 0.0000000000
147286  56.345  45.582  20.195 0.0000000000
147294  57.267  45.372  19.271 0.0000000000
147304  58.204  45.255  18.259 0.0000000000
147305  57.739  45.308  18.704 0.0000000000
147350  58.095  45.003  14.830 0.0000000000
147367  57.233  45.124  13.833 0.0000000000
148230  49.639  47.105  24.241 0.0000000000
148239  54.868  46.710  22.598 0.0000000000
148240  54.295  46.769  22.852 0.0000000000
148241  53.679  46.670  23.317 0.0000000000
148242  52.902  46.504  23.425 0.0000000000
148244  51.037  46.535  23.634 0.0000000000
148253  55.392  46.388  22.279 0.0000000000
148255  53.935  46.319  22.545 0.0000000000
148256  51.746  46.086  23.035 0.0000000000
148260  56.057  46.252  21.210 0.0000000000
148261  55.703  45.993  21.714 0.0000000000
148267  57.136  45.966  20.409 0.0000000000
148280  57.448  46.022  19.080 0.0000000000
148283  58.171  45.893  17.916 0.0000000000
148288  58.109  45.995  17.475 0.0000000000
148289  57.558  46.410  17.097 0.0000000000
148331  56.287  46.067  14.308 0.0000000000
149164  50.790  48.293  25.357 0.0000000000
149167  47.630  48.217  25.220 0.0000000000
149175  53.992  47.344  24.134 0.0000000000
149176  53.514  47.270  24.253 0.0000000000
149177  52.485  47.544  24.559 0.0000000000
149178  51.447  47.835  24.938 0.0000000000
149179  50.246  47.723  24.850 0.0000000000
149190  54.202  47.184  23.629 0.0000000000
149194  55.740  46.736  22.191 0.0000000000
149195  55.299  47.069  22.488 0.0000000000
149199  55.670  47.534  22.096 0.0000000000
149203  56.451  46.922  20.878 0.0000000000
149204  51.415  48.461  20.247 0.0000000000
149205  51.181  48.391  20.240 0.0000000000
149215  51.352  48.362  20.062 0.0000000000
149216  51.084  48.268  19.990 0.0000000000
149226  57.194  46.787  18.863 0.0000000000
149238  56.770  47.183  16.983 0.0000000000
150097  48.172  49.185  26.573 0.0000000000
150109  52.925  48.508  24.780 0.0000000000
150110  52.568  48.597  24.875 0.0000000000
150115  47.205  48.523  25.675 0.0000000000
150127  51.769  48.205  25.076 0.0000000000
150134  54.618  47.394  22.930 0.0000000000
150149  55.302  47.905  21.668 0.0000000000
150154  50.951  48.792  21.158 0.0000000000
150168  54.354  48.131  20.809 0.0000000000
150171  50.757  48.417  20.427 0.0000000000
150188  50.528  48.524  19.722 0.0000000000
151017  50.079  50.022  26.550 0.0000000000
151029  52.957  48.750  24.758 0.0000000000
151040  54.050  48.388  24.195 0.0000000000
151042  52.897  49.661  24.561 0.0000000000
151073  52.985  48.772  20.698 0.0000000000
151075  50.426  49.086  21.800 0.0000000000
151098  50.051  49.101  19.310 0.0000000000
151110  54.693  49.112  18.404 0.0000000000
151126  54.711  49.281  17.433 0.0000000000
151857  50.131  50.720  26.481 0.0000000000
151880  52.759  50.056  24.211 0.0000000000
151942  51.735  50.161  19.067 0.0000000000
152713  50.776  51.113  25.105 0.0000000000
152714  50.239  51.487  25.276 0.0000000000
152743  50.501  50.937  23.624 0.0000000000
153653  48.902  51.676  26.339 0.0000000000
153654  48.685  51.781  26.835 0.0000000000
153675  48.649  52.103  26.150 0.0000000000
153690  49.697  51.784  25.381 0.0000000000
153692  48.225  52.503  25.495 0.0000000000
154577  48.459  51.901  26.840 0.0000000000
154593  48.446  52.056  26.642 0.0000000000
154594  48.151  52.420  26.441 0.0000000000
154595  47.576  52.345  26.540 0.0000000000
154608  48.156  52.657  26.019 0.0000000000
154610  47.228  52.361  26.141 0.0000000000
