#!ascii label  , from subject 3221 vox2ras=TkReg
1180
106799  20.095  8.091  -22.678 0.2500000000
105670  20.448  6.739  -22.848 0.7500000000
107891  19.298  9.307  -20.241 0.2500000000
107915  20.168  10.049  -22.630 0.3750000000
107914  19.827  8.926  -22.138 0.2500000000
106811  19.667  7.919  -24.977 0.8750000000
106817  20.315  6.854  -25.104 0.8750000000
107931  20.210  9.338  -23.609 0.3750000000
107930  20.113  8.817  -23.142 0.3750000000
107938  19.707  8.986  -24.255 0.8750000000
107980  19.111  8.379  -25.720 1.0000000000
113823  19.826  10.265  -25.870 0.8750000000
110330  19.127  9.589  -26.525 0.8750000000
108006  18.993  8.601  -26.223 1.0000000000
109167  18.705  8.998  -26.069 1.0000000000
109188  18.362  9.920  -26.680 1.0000000000
106900  19.964  7.899  -26.281 1.0000000000
106880  19.685  7.951  -25.935 1.0000000000
106879  20.335  7.328  -25.827 1.0000000000
107979  19.281  8.179  -25.510 1.0000000000
107892  19.475  10.480  -21.394 0.1250000000
109189  18.625  10.148  -26.861 1.0000000000
108025  19.576  8.644  -26.576 1.0000000000
108026  18.831  9.150  -26.639 1.0000000000
109187  18.545  9.874  -26.845 1.0000000000
109222  17.311  11.108  -28.095 1.0000000000
106899  20.457  7.919  -26.461 1.0000000000
105733  22.935  7.894  -25.471 1.0000000000
105756  20.811  7.168  -26.384 1.0000000000
109068  17.624  12.379  -18.679 0.2500000000
112676  19.089  11.240  -26.874 1.0000000000
108024  20.469  8.962  -26.541 1.0000000000
109186  19.022  10.033  -27.064 1.0000000000
111520  18.753  11.362  -27.165 1.0000000000
171322  21.052  9.336  -26.260 1.0000000000
106878  21.673  7.905  -25.891 1.0000000000
106877  21.903  8.848  -25.767 1.0000000000
106876  23.353  8.854  -25.298 1.0000000000
109067  18.542  10.691  -19.633 0.5000000000
109086  20.096  12.088  -23.213 0.8750000000
113858  19.612  12.120  -27.230 1.0000000000
114964  20.177  11.942  -26.784 1.0000000000
111518  20.148  11.502  -27.274 1.0000000000
112689  19.091  12.010  -27.196 1.0000000000
108004  22.763  9.929  -25.496 1.0000000000
171321  22.018  10.025  -25.744 1.0000000000
111386  17.728  13.435  -18.868 0.5000000000
111398  18.455  13.388  -20.220 0.6250000000
111484  21.488  12.029  -25.319 1.0000000000
112675  21.360  11.617  -26.340 1.0000000000
113836  21.724  12.864  -27.082 1.0000000000
114947  21.261  12.500  -26.786 1.0000000000
110306  22.144  10.734  -25.542 1.0000000000
171324  22.305  11.277  -27.244 1.0000000000
112706  20.385  12.868  -29.039 1.0000000000
109166  22.730  10.641  -25.428 0.8750000000
108003  23.875  9.791  -25.204 0.8750000000
111422  19.969  14.096  -23.137 1.0000000000
111462  20.624  12.519  -24.353 1.0000000000
112665  21.385  13.076  -24.955 1.0000000000
110304  23.603  11.530  -25.263 1.0000000000
110305  22.673  11.300  -25.437 1.0000000000
111483  22.774  12.267  -25.333 1.0000000000
112554  16.849  13.868  -17.955 0.5000000000
111411  19.282  14.132  -21.524 1.0000000000
113787  20.667  14.584  -24.011 1.0000000000
112632  20.375  14.211  -23.683 1.0000000000
113809  22.363  14.082  -24.983 1.0000000000
113786  21.481  14.503  -24.709 1.0000000000
112647  20.645  13.509  -24.357 1.0000000000
112662  24.020  13.375  -25.097 1.0000000000
113810  21.553  13.648  -24.842 1.0000000000
111481  24.634  12.736  -25.012 0.8750000000
115928  17.265  17.023  -17.349 1.0000000000
117166  16.178  16.754  -16.648 0.3750000000
115935  17.563  17.015  -18.307 0.8750000000
113729  18.347  15.888  -20.552 1.0000000000
114896  20.629  15.417  -23.438 1.0000000000
171317  20.444  15.212  -22.847 1.0000000000
118463  17.741  18.554  -17.276 0.8750000000
118497  18.387  18.315  -18.716 1.0000000000
117186  17.966  17.810  -18.851 1.0000000000
115950  17.736  16.989  -19.397 1.0000000000
117185  18.287  17.649  -19.795 1.0000000000
113746  18.971  16.215  -21.158 1.0000000000
116044  20.309  15.930  -22.671 1.0000000000
116025  20.441  16.795  -22.918 1.0000000000
116042  21.829  16.518  -24.480 1.0000000000
118462  18.321  18.908  -17.808 0.7500000000
118524  19.203  18.371  -19.752 1.0000000000
117206  18.811  17.500  -20.213 1.0000000000
118591  21.144  18.280  -24.157 1.0000000000
117230  19.971  17.810  -22.119 1.0000000000
117253  20.136  17.346  -22.302 1.0000000000
118496  18.795  18.322  -19.230 1.0000000000
118523  19.418  18.410  -20.438 1.0000000000
118549  20.184  18.278  -22.210 1.0000000000
125406  22.911  25.235  -19.887 0.1250000000
126578  24.744  25.687  -20.372 0.1250000000
125420  23.371  24.464  -20.164 0.2500000000
125419  24.211  24.743  -20.470 0.1250000000
127717  24.910  26.276  -21.259 0.2500000000
125429  24.620  24.306  -21.014 0.5000000000
127728  24.819  26.032  -21.897 0.2500000000
127736  24.797  26.185  -22.351 0.3750000000
126587  24.708  25.283  -21.088 0.2500000000
128889  24.315  27.405  -21.963 0.2500000000
128890  23.632  27.979  -22.260 0.2500000000
128907  24.371  26.909  -22.654 0.2500000000
128924  23.310  27.694  -23.115 0.2500000000
128908  23.440  27.824  -22.471 0.2500000000
128923  24.020  27.329  -23.795 0.3750000000
129979  22.612  27.902  -23.936 0.2500000000
106783  19.540  8.016  -20.774 0.1250000000
105714  21.779  6.875  -25.424 1.0000000000
105656  20.116  6.920  -20.953 0.1250000000
104566  20.350  5.554  -24.436 0.7500000000
171310  20.741  6.411  -25.302 1.0000000000
105702  21.400  6.417  -25.185 1.0000000000
104586  24.087  7.080  -24.934 1.0000000000
106874  25.694  8.829  -25.074 0.8750000000
109163  25.386  10.678  -24.832 0.8750000000
108002  24.974  9.759  -24.962 0.8750000000
110302  25.840  11.476  -24.592 0.8750000000
117153  15.910  17.486  -15.808 0.1250000000
115906  14.874  16.755  -15.575 0.1250000000
112567  17.711  14.276  -18.996 0.6250000000
113808  23.394  14.070  -25.048 1.0000000000
110278  25.495  12.239  -24.628 0.8750000000
117165  16.692  17.121  -16.646 0.5000000000
117172  17.689  17.702  -17.812 0.8750000000
115915  15.627  16.511  -16.422 0.3750000000
114807  16.802  16.236  -17.442 0.8750000000
114895  21.221  15.526  -24.275 1.0000000000
116040  24.253  16.506  -24.696 1.0000000000
116041  22.933  16.519  -24.816 1.0000000000
118478  18.156  18.331  -18.177 1.0000000000
117271  21.424  17.505  -24.323 1.0000000000
119762  18.899  19.605  -18.696 0.8750000000
119805  20.162  20.380  -21.376 1.0000000000
119822  19.991  19.032  -21.156 1.0000000000
118570  20.786  18.443  -23.483 1.0000000000
126564  23.370  25.760  -19.265 0.1250000000
125407  21.912  25.441  -20.025 0.1250000000
123304  21.190  23.217  -20.208 0.6250000000
124325  23.881  23.862  -20.637 0.6250000000
125437  25.027  24.064  -21.392 0.5000000000
126579  23.866  25.165  -19.784 0.2500000000
127735  25.149  25.977  -22.526 0.5000000000
128876  24.749  27.202  -21.165 0.2500000000
129955  23.792  28.129  -22.142 0.2500000000
128906  25.032  26.612  -23.278 0.5000000000
131072  21.603  28.707  -22.382 0.1250000000
129970  22.219  28.586  -22.866 0.2500000000
131092  22.458  28.556  -24.649 0.2500000000
131081  20.909  28.017  -22.458 0.1250000000
171312  18.782  9.461  -25.464 1.0000000000
105715  21.153  6.578  -26.024 1.0000000000
111521  18.489  11.007  -27.209 1.0000000000
105754  21.470  7.926  -26.189 1.0000000000
109208  18.116  10.515  -27.345 1.0000000000
110351  18.145  11.197  -27.460 1.0000000000
105735  21.601  7.266  -26.118 1.0000000000
104587  23.457  7.299  -25.050 1.0000000000
113837  19.562  11.578  -26.762 1.0000000000
106898  21.075  8.369  -26.370 1.0000000000
109185  20.054  9.878  -26.746 1.0000000000
109207  18.563  10.696  -27.163 1.0000000000
110349  19.067  10.852  -27.047 1.0000000000
110327  20.738  10.373  -26.920 1.0000000000
114979  20.133  12.323  -27.738 1.0000000000
171323  21.564  10.707  -26.607 1.0000000000
109165  23.322  10.647  -25.344 0.8750000000
106873  26.790  8.858  -25.510 0.8750000000
111498  21.650  11.661  -26.714 1.0000000000
171315  21.053  11.727  -25.602 1.0000000000
112664  22.094  13.028  -25.017 1.0000000000
111412  18.231  14.270  -20.257 1.0000000000
112582  18.403  14.966  -20.598 1.0000000000
112603  19.261  15.411  -21.386 1.0000000000
112602  20.179  14.947  -22.253 1.0000000000
114914  22.388  14.732  -25.043 1.0000000000
113767  20.359  14.650  -23.171 1.0000000000
114815  17.182  16.233  -17.770 1.0000000000
115930  16.221  16.330  -17.007 0.7500000000
112583  17.864  14.839  -19.719 1.0000000000
113717  17.597  15.424  -18.719 1.0000000000
114828  17.879  16.108  -19.526 1.0000000000
171313  20.173  15.669  -22.045 1.0000000000
118477  18.624  18.904  -18.537 0.8750000000
114827  18.072  16.645  -20.199 1.0000000000
115949  18.021  17.220  -20.133 1.0000000000
117232  19.699  17.150  -21.612 1.0000000000
113752  19.837  16.300  -21.753 1.0000000000
116043  20.911  16.626  -23.589 1.0000000000
117220  19.506  17.380  -21.316 1.0000000000
118533  20.202  18.877  -21.705 1.0000000000
119806  19.956  19.501  -20.667 1.0000000000
119782  19.038  19.214  -19.177 1.0000000000
126565  22.517  25.785  -19.414 0.1250000000
124313  22.436  24.518  -20.330 0.3750000000
126598  24.852  24.855  -21.622 0.5000000000
129980  21.687  28.436  -23.262 0.2500000000
104551  21.190  6.174  -24.892 1.0000000000
171318  16.721  14.369  -17.310 0.6250000000
112568  17.169  14.902  -17.499 0.7500000000
114794  15.925  16.100  -16.879 0.7500000000
113703  16.851  15.787  -17.451 0.8750000000
113718  17.335  15.575  -17.821 1.0000000000
114814  17.542  16.307  -18.429 1.0000000000
120995  19.670  19.571  -19.772 1.0000000000
121011  20.231  21.007  -22.515 1.0000000000
119855  20.873  19.623  -23.231 1.0000000000
124315  20.880  24.103  -19.281 0.3750000000
123314  22.066  22.840  -20.486 0.7500000000
124326  22.922  23.531  -20.244 0.7500000000
124327  22.094  23.792  -20.419 0.5000000000
124340  23.480  23.100  -20.861 0.7500000000
129989  23.055  28.059  -25.165 0.2500000000
128938  24.289  27.434  -24.721 0.3750000000
99844  22.506  2.930  -22.870 0.7500000000
99842  24.596  2.098  -23.470 0.7500000000
99845  21.672  3.205  -22.984 0.7500000000
101013  21.056  3.088  -23.767 0.7500000000
99865  24.213  2.796  -23.691 0.7500000000
100993  21.991  3.674  -23.086 0.7500000000
100994  21.401  3.610  -23.411 0.7500000000
101011  24.152  3.555  -24.006 0.7500000000
101012  23.323  3.762  -23.712 0.7500000000
102126  22.771  4.059  -23.681 0.7500000000
103295  20.466  4.854  -23.214 0.7500000000
104515  20.682  5.546  -22.638 0.6250000000
103308  21.730  4.681  -23.491 0.7500000000
103325  21.190  4.636  -23.779 0.8750000000
103326  20.493  4.488  -24.186 0.8750000000
101010  25.249  3.610  -24.520 0.7500000000
102143  23.138  4.346  -24.099 0.7500000000
103324  22.066  5.123  -23.734 0.8750000000
102141  25.415  4.665  -24.807 0.7500000000
102142  24.294  4.531  -24.411 0.7500000000
103323  23.205  5.342  -24.543 0.8750000000
103321  25.601  5.712  -24.918 0.7500000000
103322  24.465  5.543  -24.786 0.8750000000
104564  23.504  6.463  -24.895 0.8750000000
104561  26.369  6.426  -25.197 0.8750000000
104563  24.749  6.558  -24.902 0.8750000000
105711  25.106  7.269  -24.908 0.8750000000
105782  29.935  7.590  -28.490 0.3750000000
105770  28.744  7.833  -27.717 0.6250000000
105752  27.594  7.881  -26.684 0.7500000000
105731  25.299  8.007  -25.077 0.7500000000
105781  30.592  7.606  -29.181 0.5000000000
106924  30.291  8.273  -28.774 0.5000000000
106926  28.723  8.978  -27.784 0.7500000000
106897  27.401  8.594  -26.134 0.7500000000
106932  31.495  9.404  -29.678 0.1250000000
108070  30.589  9.746  -28.904 0.3750000000
108072  29.482  9.163  -28.206 0.6250000000
106896  27.914  9.021  -26.548 0.6250000000
108043  28.096  9.817  -27.044 0.6250000000
108077  32.567  10.199  -30.310 0.1250000000
108078  31.694  10.392  -29.730 0.1250000000
109229  30.286  10.647  -28.765 0.1250000000
110376  30.616  11.433  -28.867 0.1250000000
171435  27.765  10.936  -28.208 0.6250000000
109184  27.041  11.671  -27.658 0.6250000000
109160  28.343  11.039  -25.702 0.7500000000
110375  31.166  11.947  -29.074 0.1250000000
113868  30.654  13.609  -29.497 0.1250000000
171434  28.232  13.202  -28.353 0.1250000000
114962  26.523  12.610  -28.094 0.5000000000
110324  29.136  11.978  -26.274 0.6250000000
110298  29.211  12.092  -25.658 0.7500000000
109235  31.651  12.472  -29.309 0.1250000000
113852  26.800  13.310  -28.479 0.5000000000
114945  26.719  13.601  -27.677 0.5000000000
113821  28.676  13.338  -26.086 0.6250000000
111459  26.460  12.592  -24.553 0.7500000000
119740  18.610  19.634  -17.878 0.6250000000
120963  20.258  20.637  -18.401 0.5000000000
120979  20.170  20.196  -19.436 0.7500000000
114930  28.096  14.608  -26.200 0.6250000000
113782  27.374  14.534  -24.834 0.6250000000
113784  25.362  14.306  -24.815 0.8750000000
116072  27.381  15.815  -26.504 0.5000000000
114911  27.982  14.624  -25.372 0.6250000000
114889  27.612  15.355  -24.656 0.6250000000
114890  26.937  15.143  -24.215 0.7500000000
114892  24.607  15.207  -24.722 0.8750000000
117270  22.374  17.532  -24.680 0.8750000000
118589  22.897  18.537  -24.467 0.8750000000
116038  26.308  15.823  -24.193 0.7500000000
116023  25.078  16.795  -24.037 0.8750000000
117251  24.511  17.578  -24.125 0.8750000000
118569  24.826  18.550  -23.574 0.8750000000
118588  24.031  18.588  -24.444 0.8750000000
117292  26.593  16.696  -26.693 0.3750000000
116057  27.720  15.911  -25.235 0.5000000000
117280  27.989  17.209  -25.084 0.5000000000
116021  27.051  16.020  -23.497 0.6250000000
118626  25.876  17.518  -26.535 0.2500000000
117282  26.394  17.414  -25.730 0.3750000000
116036  28.592  16.737  -24.400 0.5000000000
120962  20.655  21.413  -18.960 0.6250000000
120978  20.488  21.152  -20.296 0.7500000000
119780  20.285  20.286  -20.578 0.8750000000
119856  20.529  18.746  -22.853 0.8750000000
121062  21.613  20.345  -24.275 0.7500000000
119870  24.497  19.612  -24.137 0.8750000000
117248  27.959  17.000  -23.603 0.6250000000
117249  26.646  17.217  -23.244 0.7500000000
118607  26.997  18.187  -25.224 0.3750000000
118606  28.541  18.371  -25.129 0.5000000000
118546  27.909  18.933  -22.713 0.7500000000
118616  26.247  18.687  -25.945 0.2500000000
122237  21.063  22.160  -20.102 0.6250000000
120994  20.190  21.095  -21.240 0.8750000000
121012  19.940  21.097  -21.887 0.8750000000
121029  20.367  20.786  -22.965 0.8750000000
122278  21.592  21.713  -23.007 0.7500000000
121061  22.712  20.576  -24.275 0.8750000000
119837  25.774  19.936  -22.788 0.7500000000
118566  28.448  18.101  -23.163 0.5000000000
119886  28.413  19.573  -25.392 0.2500000000
119885  29.122  19.760  -25.009 0.5000000000
117266  29.513  18.155  -24.353 0.5000000000
119916  26.155  19.284  -26.566 0.2500000000
122236  21.110  22.531  -20.668 0.5000000000
123315  21.176  22.565  -20.927 0.6250000000
123331  21.508  22.201  -21.378 0.7500000000
122277  23.053  21.496  -22.379 0.7500000000
122258  22.735  21.551  -21.841 0.7500000000
122276  23.722  21.716  -22.549 0.7500000000
122289  25.302  21.488  -22.819 0.7500000000
122290  24.066  21.506  -22.868 0.7500000000
123348  24.100  21.985  -22.231 0.7500000000
122288  26.102  21.634  -22.914 0.7500000000
121040  26.334  21.083  -22.905 0.7500000000
122275  26.753  21.581  -22.614 0.7500000000
121024  28.906  20.462  -22.093 0.5000000000
121010  28.754  20.913  -21.488 0.3750000000
121025  27.950  20.555  -21.890 0.6250000000
121081  29.423  20.671  -25.064 0.2500000000
119850  29.867  20.678  -23.552 0.3750000000
121038  29.929  20.961  -23.062 0.3750000000
123313  22.951  22.785  -20.619 0.6250000000
123347  25.189  22.405  -21.870 0.7500000000
123360  25.243  22.039  -22.299 0.7500000000
124347  27.093  23.270  -22.621 0.7500000000
124336  28.400  23.201  -21.515 0.6250000000
123324  30.435  22.456  -21.859 0.3750000000
123326  28.792  22.378  -21.403 0.3750000000
122317  29.122  21.429  -25.948 0.1250000000
123367  30.118  22.645  -25.141 0.1250000000
122287  30.205  21.815  -23.397 0.2500000000
124338  25.023  22.829  -21.432 0.6250000000
123328  25.156  22.642  -21.617 0.7500000000
125444  26.294  24.050  -23.188 0.6250000000
124359  26.465  23.273  -22.922 0.7500000000
124335  29.183  23.166  -21.334 0.3750000000
125427  27.906  23.958  -21.573 0.3750000000
123346  26.523  22.151  -22.709 0.7500000000
124346  30.789  23.691  -22.367 0.2500000000
123325  29.655  22.463  -21.390 0.3750000000
123327  28.004  22.365  -21.861 0.6250000000
124376  30.075  23.634  -25.939 0.1250000000
124369  30.620  23.832  -24.837 0.1250000000
123368  29.682  22.172  -25.762 0.1250000000
124339  24.536  23.246  -21.244 0.6250000000
124348  25.295  23.249  -21.772 0.6250000000
126603  26.703  24.714  -22.991 0.3750000000
125445  25.722  24.063  -22.838 0.3750000000
126596  27.373  24.882  -22.460 0.3750000000
127732  30.462  26.817  -22.695 0.2500000000
125426  28.915  24.131  -21.342 0.3750000000
126586  27.597  24.419  -21.875 0.3750000000
125451  31.302  25.048  -24.488 0.1250000000
125443  31.120  24.695  -22.833 0.3750000000
124334  30.051  23.666  -21.444 0.3750000000
124384  29.537  23.898  -26.636 0.1250000000
124358  31.124  23.924  -23.641 0.1250000000
128922  24.992  27.107  -24.207 0.3750000000
125436  25.256  24.283  -21.905 0.3750000000
125446  25.475  23.934  -22.330 0.3750000000
127733  26.674  25.674  -23.128 0.3750000000
126604  26.261  24.876  -22.718 0.3750000000
128887  28.176  27.010  -22.691 0.3750000000
128888  27.727  26.646  -22.784 0.3750000000
127726  27.562  26.016  -22.792 0.3750000000
127723  29.741  27.066  -22.546 0.3750000000
126583  29.487  25.458  -21.799 0.3750000000
126595  28.186  25.501  -22.142 0.3750000000
128947  31.244  27.776  -26.353 0.1250000000
126601  31.381  26.222  -23.777 0.1250000000
127731  30.991  27.082  -23.453 0.2500000000
126623  30.373  25.456  -26.596 0.1250000000
128921  25.847  27.111  -24.633 0.2500000000
128904  27.029  27.243  -23.376 0.2500000000
128905  25.888  26.495  -23.668 0.3750000000
129967  29.285  28.551  -23.487 0.1250000000
129969  27.749  27.970  -23.573 0.3750000000
129966  30.023  28.656  -23.663 0.1250000000
128902  29.093  27.956  -23.024 0.2500000000
129983  31.319  29.037  -25.527 0.1250000000
128900  30.690  27.741  -23.640 0.1250000000
128920  26.447  27.837  -25.025 0.2500000000
131091  28.048  29.188  -24.617 0.1250000000
129977  27.559  28.433  -24.498 0.1250000000
131090  28.681  29.492  -24.642 0.1250000000
131100  27.750  29.542  -25.591 0.1250000000
129992  31.417  28.730  -26.189 0.1250000000
132183  30.181  30.540  -25.875 0.1250000000
129993  26.243  28.989  -27.112 0.1250000000
132184  29.226  30.608  -25.797 0.1250000000
132196  27.554  30.416  -26.923 0.1250000000
132204  31.215  31.163  -27.516 0.1250000000
132192  31.366  30.360  -27.305 0.1250000000
104565  21.952  6.246  -24.671 0.8750000000
104605  27.664  6.571  -26.299 0.6250000000
114944  27.410  14.492  -27.315 0.6250000000
116039  25.377  16.041  -24.427 0.8750000000
117247  29.004  17.459  -23.643 0.5000000000
119887  27.686  19.081  -25.387 0.3750000000
122244  20.357  21.822  -21.181 0.8750000000
122261  19.907  21.672  -21.659 0.8750000000
122260  20.476  22.113  -22.184 0.7500000000
122279  20.571  21.393  -23.278 0.8750000000
122291  22.587  21.586  -23.710 0.7500000000
121042  24.688  20.657  -23.437 0.7500000000
121060  23.862  20.437  -24.335 0.7500000000
118545  28.793  19.061  -22.983 0.5000000000
119833  29.148  20.028  -22.878 0.5000000000
119834  28.356  19.796  -22.505 0.7500000000
119869  29.633  19.947  -24.331 0.5000000000
128933  31.119  28.038  -25.235 0.1250000000
132185  28.410  30.269  -26.045 0.1250000000
132193  30.655  30.779  -26.691 0.1250000000
109217  29.286  10.747  -28.037 0.5000000000
109205  27.985  10.473  -27.496 0.6250000000
108000  27.149  9.883  -25.273 0.7500000000
116087  27.122  16.028  -27.660 0.3750000000
117305  25.935  17.158  -27.471 0.2500000000
118568  26.056  18.549  -23.023 0.7500000000
129974  30.301  28.992  -24.325 0.1250000000
118639  25.744  18.464  -28.048 0.1250000000
97497  23.683  0.755  -22.819 0.7500000000
171262  22.417  1.827  -22.616 0.7500000000
171263  21.933  2.449  -22.662 0.7500000000
171264  20.837  2.789  -23.118 0.7500000000
98667  24.980  1.318  -23.346 0.7500000000
99843  23.558  2.576  -23.236 0.7500000000
98683  25.968  1.661  -24.417 0.7500000000
102146  20.313  3.836  -24.243 0.7500000000
99863  26.219  2.726  -24.563 0.6250000000
101009  26.340  3.746  -24.902 0.7500000000
101028  26.937  4.013  -25.292 0.6250000000
103346  27.172  5.510  -25.528 0.6250000000
103389  28.171  6.239  -27.009 0.5000000000
104626  29.186  6.191  -27.932 0.3750000000
104627  28.599  6.795  -27.404 0.5000000000
104654  30.919  6.572  -29.720 0.1250000000
105795  32.289  7.633  -30.331 0.1250000000
106940  33.162  8.996  -30.431 0.1250000000
108076  33.536  9.765  -30.055 0.1250000000
110387  32.211  12.701  -29.502 0.1250000000
110388  31.466  13.446  -29.826 0.1250000000
171448  30.845  13.937  -30.142 0.1250000000
120964  19.355  20.214  -18.399 0.3750000000
114976  29.847  14.569  -29.815 0.1250000000
113870  29.032  13.818  -29.336 0.1250000000
114960  26.882  14.503  -28.501 0.1250000000
122228  20.582  22.311  -18.765 0.5000000000
119930  25.682  19.458  -27.418 0.1250000000
118625  25.805  18.360  -26.792 0.2500000000
121120  27.510  20.707  -26.709 0.1250000000
122326  28.757  21.960  -26.546 0.1250000000
123387  28.289  22.570  -26.913 0.1250000000
124385  28.815  23.540  -27.033 0.1250000000
126624  29.765  25.159  -27.073 0.1250000000
125470  28.513  24.311  -27.563 0.1250000000
128956  31.104  27.653  -27.139 0.1250000000
130013  30.796  28.275  -28.422 0.1250000000
127709  25.296  26.306  -20.818 0.1250000000
129987  24.824  27.838  -26.276 0.2500000000
129986  25.593  28.178  -26.461 0.1250000000
129995  24.805  28.349  -27.540 0.1250000000
132195  28.555  30.916  -26.567 0.1250000000
131108  26.810  29.474  -27.017 0.1250000000
132194  29.550  31.180  -26.342 0.1250000000
132203  31.516  30.566  -28.154 0.1250000000
133238  30.619  31.967  -27.400 0.1250000000
112646  24.923  13.486  -24.924 0.7500000000
112661  26.483  13.300  -24.920 0.7500000000
118590  21.834  18.470  -24.523 0.8750000000
104550  21.521  6.290  -24.880 0.8750000000
105753  26.886  8.156  -26.151 0.7500000000
108022  28.371  10.532  -25.933 0.6250000000
114893  23.447  15.538  -24.965 0.8750000000
119821  19.860  20.000  -22.008 0.8750000000
121044  20.570  20.619  -23.444 0.8750000000
119872  22.275  19.483  -24.341 0.8750000000
129988  24.010  27.814  -25.610 0.1250000000
128937  24.907  27.427  -25.218 0.2500000000
98669  22.943  1.886  -22.792 0.7500000000
98684  25.324  1.701  -23.738 0.7500000000
99864  25.167  2.613  -23.979 0.7500000000
101015  19.637  3.369  -23.571 0.7500000000
102147  19.691  3.889  -24.232 0.7500000000
100992  22.852  3.524  -23.323 0.7500000000
102128  21.516  4.125  -23.441 0.7500000000
103327  19.907  4.531  -24.197 0.7500000000
102140  26.520  4.885  -25.034 0.7500000000
103320  26.445  5.990  -25.093 0.7500000000
103345  27.609  5.647  -26.125 0.6250000000
104606  26.934  7.413  -26.150 0.7500000000
104640  30.358  6.579  -28.847 0.2500000000
104642  29.062  7.066  -27.865 0.5000000000
104628  28.100  7.038  -26.862 0.6250000000
106913  28.741  8.498  -27.773 0.7500000000
106934  30.079  8.995  -28.701 0.5000000000
106933  30.977  8.610  -29.379 0.2500000000
105796  31.732  7.245  -30.293 0.1250000000
108069  31.240  9.766  -29.273 0.2500000000
108071  29.811  9.773  -28.318 0.3750000000
109204  29.072  9.817  -27.615 0.6250000000
109232  32.139  11.696  -29.607 0.1250000000
109228  31.072  10.814  -29.099 0.1250000000
110361  28.963  11.893  -28.291 0.5000000000
111546  29.717  12.505  -28.625 0.1250000000
171444  31.054  13.081  -29.359 0.1250000000
171433  27.402  11.935  -28.563 0.5000000000
171443  31.657  12.617  -29.597 0.1250000000
112715  30.108  13.265  -29.029 0.1250000000
114959  28.080  14.163  -28.653 0.1250000000
171431  28.078  12.530  -26.980 0.6250000000
113803  28.457  13.725  -25.592 0.6250000000
113804  28.046  13.947  -25.113 0.6250000000
114879  27.885  15.780  -24.122 0.6250000000
118567  27.348  18.088  -22.977 0.7500000000
119853  25.920  19.396  -22.781 0.7500000000
117268  28.728  16.889  -23.941 0.5000000000
122243  20.748  22.315  -21.189 0.6250000000
118605  28.982  19.100  -25.169 0.3750000000
122304  21.804  21.116  -24.267 0.7500000000
119835  27.428  19.796  -22.541 0.6250000000
121027  26.104  20.474  -22.893 0.7500000000
118564  29.788  18.902  -23.892 0.5000000000
122318  28.546  20.952  -26.027 0.1250000000
121100  28.034  20.470  -25.992 0.1250000000
119899  27.650  19.763  -25.738 0.2500000000
121121  26.548  20.324  -26.982 0.1250000000
123330  23.190  22.051  -21.335 0.7500000000
123359  26.019  22.373  -22.777 0.7500000000
122257  28.338  21.537  -21.593 0.6250000000
122272  30.240  21.552  -22.395 0.3750000000
122256  29.180  21.613  -21.391 0.3750000000
121059  29.824  20.927  -24.404 0.1250000000
122302  30.078  21.801  -24.302 0.3750000000
123344  30.620  22.675  -22.924 0.3750000000
122303  29.762  21.589  -25.115 0.1250000000
123357  30.560  22.743  -24.048 0.1250000000
125425  29.751  24.905  -21.535 0.3750000000
126584  28.955  25.053  -21.811 0.3750000000
125442  31.360  25.180  -23.718 0.2500000000
125460  30.464  24.629  -25.758 0.1250000000
125468  29.976  24.521  -26.582 0.1250000000
124377  29.514  23.275  -26.415 0.1250000000
125452  30.876  24.832  -24.993 0.1250000000
127734  25.840  25.828  -22.847 0.3750000000
126602  31.034  25.876  -22.798 0.2500000000
126616  30.852  25.522  -25.643 0.1250000000
126615  31.234  25.924  -25.321 0.1250000000
126608  31.396  25.926  -24.623 0.1250000000
129968  28.372  28.324  -23.548 0.3750000000
127724  29.075  26.560  -22.481 0.3750000000
127759  30.969  26.181  -26.306 0.1250000000
127750  31.348  26.726  -25.599 0.1250000000
130002  31.321  28.549  -27.276 0.1250000000
127743  31.323  26.972  -24.469 0.1250000000
128918  30.911  27.735  -24.204 0.1250000000
126633  29.907  25.768  -27.274 0.1250000000
127767  30.405  26.566  -27.422 0.1250000000
128936  25.596  27.742  -25.587 0.2500000000
129975  29.427  29.100  -24.089 0.1250000000
131097  30.728  29.752  -25.593 0.1250000000
129984  30.947  29.030  -24.907 0.1250000000
131107  30.924  29.939  -26.247 0.1250000000
128935  25.997  28.181  -25.762 0.1250000000
129985  26.643  28.467  -26.199 0.1250000000
131098  29.886  30.170  -25.213 0.1250000000
131116  31.467  29.580  -27.689 0.1250000000
131088  30.342  29.551  -24.905 0.1250000000
131110  25.194  28.944  -27.811 0.1250000000
129994  25.722  28.673  -27.228 0.1250000000
98668  24.130  1.533  -23.093 0.7500000000
97496  24.846  0.533  -23.296 0.7500000000
97498  22.446  1.185  -22.341 0.7500000000
103279  20.354  4.668  -22.630 0.5000000000
103328  19.406  4.590  -24.109 0.6250000000
102164  27.189  4.531  -25.539 0.6250000000
103367  28.108  5.356  -26.748 0.5000000000
114977  28.245  15.023  -29.529 0.1250000000
114987  29.316  15.401  -30.400 0.1250000000
122327  28.167  21.439  -26.616 0.1250000000
128957  30.778  27.497  -27.658 0.1250000000
130003  31.036  27.983  -27.622 0.1250000000
98648  21.866  1.940  -22.320 0.7500000000
99866  20.138  2.948  -22.842 0.5000000000
96396  24.321  -0.352  -23.104 0.6250000000
171253  24.665  0.016  -23.280 0.6250000000
96408  26.116  -0.017  -24.140 0.3750000000
97510  25.526  0.789  -23.788 0.6250000000
98666  27.455  0.934  -24.375 0.2500000000
103388  28.819  5.486  -27.278 0.3750000000
120939  20.609  21.315  -17.898 0.3750000000
123305  20.636  23.160  -19.260 0.2500000000
124314  21.471  24.332  -20.156 0.2500000000
99884  26.928  2.489  -24.850 0.5000000000
101008  27.116  3.450  -25.054 0.5000000000
96407  26.571  -0.061  -23.887 0.5000000000
171254  25.736  0.095  -23.987 0.6250000000
102163  27.626  4.701  -26.150 0.5000000000
95303  23.806  -1.790  -22.756 0.6250000000
99806  20.132  3.366  -21.828 0.3750000000
171261  21.334  2.108  -21.519 0.3750000000
96397  23.364  -0.238  -22.432 0.6250000000
96380  26.395  -0.470  -22.878 0.3750000000
171249  25.681  -1.165  -23.132 0.5000000000
171245  24.644  -1.335  -23.177 0.6250000000
99824  19.942  3.561  -21.994 0.2500000000
97473  26.970  0.183  -23.008 0.3750000000
98681  27.860  1.841  -24.986 0.2500000000
98647  27.569  0.845  -23.576 0.2500000000
98695  27.261  2.075  -24.997 0.2500000000
101027  27.639  3.671  -25.567 0.3750000000
101046  28.160  4.084  -26.056 0.2500000000
102188  28.766  4.759  -26.834 0.2500000000
102205  29.382  5.047  -27.181 0.2500000000
109054  17.692  11.144  -17.741 0.1250000000
171319  16.261  13.274  -16.965 0.2500000000
103402  30.867  5.658  -28.393 0.2500000000
113689  16.232  15.550  -16.935 0.3750000000
171320  16.034  14.477  -16.763 0.2500000000
117151  17.167  17.948  -16.385 0.2500000000
104514  20.464  5.960  -21.419 0.2500000000
99862  26.876  3.027  -24.799 0.5000000000
171266  21.491  2.568  -22.196 0.5000000000
171265  20.838  2.869  -22.525 0.5000000000
97509  26.240  0.788  -24.406 0.5000000000
98696  26.659  2.013  -24.821 0.5000000000
103387  29.925  5.283  -27.613 0.2500000000
100979  19.735  3.751  -22.281 0.3750000000
102129  19.302  4.515  -23.355 0.3750000000
102093  20.309  4.438  -22.083 0.3750000000
102189  28.251  4.558  -26.486 0.2500000000
171241  24.874  -0.631  -23.300 0.6250000000
171244  25.049  -0.429  -23.406 0.5000000000
97508  26.773  0.419  -24.397 0.2500000000
97494  27.089  0.265  -23.821 0.2500000000
98665  28.038  1.547  -24.041 0.2500000000
99883  27.423  2.774  -25.092 0.3750000000
96395  26.042  -0.593  -23.506 0.5000000000
99805  20.658  2.902  -21.699 0.3750000000
95302  25.441  -1.393  -23.071 0.3750000000
99882  27.909  2.623  -25.554 0.2500000000
101045  28.671  4.142  -26.323 0.2500000000
96358  22.830  -1.360  -21.287 0.5000000000
94177  25.170  -2.001  -22.916 0.2500000000
94145  24.687  -2.579  -22.258 0.3750000000
94167  23.279  -4.002  -22.992 0.5000000000
96381  23.353  -1.086  -21.946 0.5000000000
96359  21.952  -1.207  -20.792 0.3750000000
97451  21.615  -0.191  -20.820 0.5000000000
97475  22.582  -0.187  -21.564 0.5000000000
97476  21.963  0.862  -21.327 0.3750000000
95228  21.227  -2.342  -19.557 0.1250000000
97477  21.414  1.416  -21.315 0.2500000000
92908  21.534  -3.798  -19.533 0.1250000000
95251  21.519  -1.952  -20.177 0.2500000000
94125  22.699  -2.689  -21.041 0.3750000000
94121  25.257  -2.546  -21.523 0.2500000000
95269  23.587  -2.779  -21.528 0.3750000000
95289  23.790  -2.599  -21.856 0.5000000000
94089  21.014  -2.951  -19.085 0.1250000000
95271  22.332  -2.119  -20.952 0.3750000000
95270  23.185  -2.377  -21.361 0.3750000000
96338  20.882  -0.798  -19.837 0.1250000000
97428  20.767  0.290  -20.076 0.1250000000
116100  26.484  16.440  -28.755 0.1250000000
171260  21.778  1.690  -21.843 0.3750000000
95310  24.001  -2.337  -23.003 0.3750000000
94166  23.620  -3.201  -22.754 0.5000000000
95288  25.492  -1.884  -22.218 0.2500000000
95290  23.671  -2.112  -21.982 0.5000000000
97450  22.263  -0.705  -21.068 0.5000000000
94163  25.012  -2.316  -22.710 0.3750000000
94147  23.869  -2.948  -21.909 0.3750000000
94146  24.111  -2.608  -22.288 0.3750000000
95252  21.129  -1.347  -19.894 0.1250000000
95229  20.790  -1.773  -19.303 0.1250000000
96337  21.327  -0.976  -20.325 0.1250000000
97452  21.236  0.780  -20.949 0.1250000000
94088  21.514  -2.813  -19.781 0.1250000000
94105  22.146  -3.137  -20.666 0.3750000000
94123  24.147  -2.952  -21.669 0.2500000000
97427  21.108  -0.411  -20.284 0.1250000000
92950  23.430  -3.638  -20.989 0.2500000000
102074  20.402  4.762  -21.786 0.2500000000
94122  24.835  -2.867  -21.814 0.2500000000
92929  22.221  -4.045  -20.198 0.1250000000
94124  23.213  -3.147  -21.109 0.2500000000
94104  22.771  -3.346  -20.810 0.2500000000
92928  22.958  -3.781  -20.654 0.1250000000
103251  20.030  5.253  -20.695 0.1250000000
119728  18.217  19.983  -16.962 0.1250000000
119741  18.123  19.287  -17.291 0.1250000000
120941  18.960  20.410  -17.335 0.1250000000
120926  18.585  20.689  -16.455 0.1250000000
120925  19.416  21.007  -16.708 0.1250000000
122210  20.244  22.179  -17.905 0.1250000000
120940  19.878  20.717  -17.546 0.1250000000
122197  19.622  21.903  -16.299 0.1250000000
120924  20.107  21.541  -17.104 0.1250000000
124316  20.221  23.839  -18.731 0.1250000000
119729  17.668  19.357  -16.587 0.1250000000
122196  20.041  22.329  -16.965 0.1250000000
123280  20.097  23.054  -17.344 0.1250000000
124290  20.038  23.822  -16.909 0.1250000000
118448  16.621  18.205  -15.631 0.1250000000
118447  17.229  18.459  -16.224 0.1250000000
102073  20.115  4.531  -21.272 0.1250000000
114786  14.944  15.635  -16.235 0.1250000000
118449  16.190  18.179  -15.297 0.1250000000
119716  17.331  19.408  -15.548 0.1250000000
120927  17.816  20.220  -16.040 0.1250000000
122198  18.970  21.291  -16.137 0.1250000000
124289  19.513  24.607  -17.418 0.1250000000
124300  19.979  24.865  -18.583 0.1250000000
103263  20.533  4.898  -22.309 0.1250000000
123292  20.173  23.084  -18.330 0.1250000000
102092  20.113  4.271  -21.709 0.1250000000
100942  19.877  3.893  -20.668 0.1250000000
113690  14.746  14.533  -16.148 0.1250000000
103262  20.453  5.162  -21.629 0.1250000000
102062  19.702  4.547  -20.147 0.1250000000
124301  19.796  23.848  -17.888 0.1250000000
122185  19.243  21.495  -15.723 0.1250000000
124288  19.521  25.548  -17.754 0.1250000000
96357  26.459  -0.519  -22.002 0.1250000000
97448  27.264  0.431  -22.053 0.1250000000
98628  27.605  0.879  -22.846 0.1250000000
99861  28.353  2.673  -25.168 0.1250000000
101026  28.506  3.380  -25.798 0.1250000000
102138  29.168  4.145  -24.951 0.1250000000
101006  29.067  3.706  -25.558 0.1250000000
103364  30.721  5.188  -26.381 0.1250000000
102187  29.635  4.615  -26.685 0.1250000000
103365  30.424  4.961  -26.936 0.1250000000
103386  31.309  5.162  -27.402 0.1250000000
92925  25.036  -3.376  -20.972 0.1250000000
92949  23.870  -3.672  -21.289 0.1250000000
95267  26.079  -1.334  -21.598 0.1250000000
97426  27.629  0.153  -21.077 0.1250000000
96356  26.957  -0.217  -21.393 0.1250000000
99804  28.447  2.029  -22.962 0.1250000000
99822  28.722  2.777  -23.273 0.1250000000
100990  28.631  3.326  -24.152 0.1250000000
102124  29.228  4.252  -23.736 0.1250000000
103343  30.188  5.269  -25.561 0.1250000000
103401  31.822  5.102  -28.335 0.1250000000
104624  32.354  5.471  -27.695 0.1250000000
104625  31.856  5.904  -27.072 0.1250000000
103411  31.065  5.906  -29.224 0.1250000000
97449  26.704  -0.053  -22.560 0.1250000000
98646  28.008  1.490  -23.227 0.1250000000
101025  29.164  3.893  -26.195 0.1250000000
94144  25.273  -2.197  -22.271 0.1250000000
95250  25.729  -1.844  -21.256 0.1250000000
92926  24.706  -3.789  -21.127 0.1250000000
96336  26.618  -0.819  -21.300 0.1250000000
98627  28.161  1.477  -22.336 0.1250000000
99841  28.448  2.535  -24.269 0.1250000000
99823  28.415  2.023  -23.577 0.1250000000
101007  28.652  3.372  -24.915 0.1250000000
102162  29.697  4.030  -25.816 0.1250000000
102139  28.793  3.816  -24.347 0.1250000000
103344  29.782  4.658  -25.342 0.1250000000
102186  30.363  4.681  -26.542 0.1250000000
104582  30.587  6.067  -25.725 0.1250000000
91673  25.100  -3.905  -20.280 0.1250000000
94103  25.686  -2.299  -20.587 0.1250000000
97447  28.286  0.886  -21.440 0.1250000000
105768  32.209  6.630  -27.263 0.1250000000
91696  23.891  -4.161  -21.145 0.2500000000
91730  24.032  -4.363  -23.992 0.5000000000
91731  23.538  -4.576  -23.722 0.5000000000
91732  23.401  -4.613  -23.641 0.5000000000
91750  23.994  -4.138  -23.993 0.5000000000
91751  23.765  -4.409  -23.868 0.5000000000
91752  23.580  -4.574  -23.924 0.5000000000
92927  23.543  -3.963  -20.967 0.2500000000
92947  24.898  -3.110  -21.477 0.1250000000
92948  24.551  -3.530  -21.329 0.1250000000
92982  23.914  -3.852  -23.227 0.5000000000
92983  22.971  -4.402  -22.991 0.5000000000
92984  23.236  -4.529  -23.373 0.5000000000
92999  23.941  -3.800  -23.635 0.5000000000
93000  23.948  -4.085  -23.670 0.5000000000
93001  23.578  -4.404  -23.614 0.5000000000
94143  25.442  -1.909  -22.463 0.2500000000
94162  25.341  -1.923  -22.684 0.2500000000
94164  24.421  -2.464  -22.685 0.3750000000
94165  23.849  -3.017  -22.998 0.5000000000
94178  24.900  -2.151  -23.042 0.2500000000
94179  24.188  -2.496  -22.839 0.3750000000
94180  23.766  -3.261  -23.123 0.5000000000
94181  23.611  -3.430  -23.088 0.5000000000
94182  23.056  -4.157  -22.965 0.5000000000
94194  25.033  -1.949  -23.105 0.2500000000
94195  24.695  -2.026  -23.116 0.3750000000
95249  26.500  -1.419  -20.756 0.1250000000
95268  25.553  -1.886  -21.898 0.1250000000
95287  25.735  -1.531  -22.370 0.2500000000
95311  23.474  -2.136  -23.218 0.5000000000
96335  27.268  -0.682  -20.848 0.1250000000
96379  26.753  -0.016  -23.004 0.3750000000
96394  26.646  -0.118  -23.368 0.5000000000
97474  26.666  -0.096  -22.837 0.3750000000
97495  25.008  1.149  -23.323 0.6250000000
98682  26.882  1.286  -24.865 0.3750000000
98694  27.653  2.292  -25.179 0.2500000000
99840  28.584  3.030  -23.817 0.1250000000
99846  19.994  3.311  -22.257 0.5000000000
100961  19.932  3.839  -21.645 0.2500000000
100962  20.101  4.179  -21.910 0.1250000000
100980  19.927  4.143  -22.264 0.3750000000
100991  23.643  3.263  -23.547 0.7500000000
100995  19.574  3.530  -22.855 0.3750000000
100996  19.451  4.103  -22.767 0.3750000000
101014  20.067  3.188  -24.112 0.7500000000
101016  19.186  3.867  -23.161 0.3750000000
101044  29.078  4.276  -26.570 0.2500000000
102112  19.960  4.471  -22.920 0.5000000000
102127  22.144  4.308  -23.391 0.7500000000
102144  22.520  4.465  -23.724 0.7500000000
102145  20.985  3.947  -23.895 0.7500000000
102148  18.876  4.165  -23.938 0.3750000000
102161  30.134  4.669  -26.059 0.1250000000
102206  29.148  4.933  -27.035 0.2500000000
103309  21.621  4.456  -23.461 0.7500000000
103310  19.792  4.813  -23.758 0.6250000000
103366  28.559  5.186  -26.972 0.5000000000
103385  31.999  4.772  -27.741 0.1250000000
103403  29.878  5.993  -28.386 0.3750000000
103410  31.650  5.699  -28.852 0.1250000000
104562  25.873  6.581  -25.034 0.8750000000
104583  27.435  6.125  -25.769 0.6250000000
104584  26.729  6.677  -25.479 0.8750000000
104585  25.875  7.300  -25.189 0.7500000000
104604  31.164  6.157  -26.610 0.1250000000
104641  29.561  6.839  -28.305 0.5000000000
104664  32.313  6.786  -30.183 0.1250000000
104665  31.556  6.701  -30.137 0.1250000000
105712  24.533  7.195  -24.888 1.0000000000
105713  22.586  7.108  -25.116 1.0000000000
105730  26.288  7.895  -25.558 0.7500000000
105732  24.166  7.824  -25.029 0.7500000000
105734  21.891  7.700  -25.407 1.0000000000
105736  21.214  7.006  -26.466 1.0000000000
105755  21.133  7.530  -26.509 1.0000000000
105771  28.291  7.651  -27.145 0.6250000000
105783  29.288  7.589  -28.121 0.6250000000
105789  31.076  7.420  -30.005 0.5000000000
105794  33.040  8.015  -30.341 0.1250000000
106872  27.782  9.280  -25.754 0.6250000000
106875  24.560  8.849  -25.089 0.8750000000
106914  28.303  8.669  -27.280 0.7500000000
106923  30.619  8.174  -29.090 0.5000000000
106925  29.370  8.540  -28.196 0.7500000000
106935  29.664  9.082  -28.392 0.6250000000
106941  31.994  8.910  -30.305 0.1250000000
106942  31.566  7.952  -30.157 0.2500000000
107998  28.300  10.557  -25.703 0.6250000000
107999  28.122  10.199  -25.544 0.6250000000
108001  26.102  9.739  -24.953 0.7500000000
108005  19.306  8.243  -25.843 1.0000000000
108023  28.354  10.041  -26.328 0.6250000000
108041  29.304  9.811  -27.736 0.6250000000
108042  29.192  9.623  -27.745 0.6250000000
108044  17.505  10.205  -28.308 1.0000000000
108045  17.374  10.519  -28.139 1.0000000000
108046  17.474  10.706  -27.993 1.0000000000
108055  29.409  9.866  -27.845 0.6250000000
108056  29.120  9.415  -27.825 0.6250000000
108057  28.465  9.766  -27.508 0.6250000000
108058  17.392  10.758  -28.144 1.0000000000
108059  17.230  10.903  -28.245 1.0000000000
108060  17.068  10.967  -28.081 1.0000000000
109161  27.472  10.800  -25.201 0.7500000000
109162  26.470  10.662  -24.894 0.8750000000
109164  24.308  10.701  -25.086 0.8750000000
109182  28.427  11.055  -26.357 0.6250000000
109183  27.917  11.004  -27.043 0.6250000000
109203  29.218  10.035  -27.668 0.6250000000
109206  27.505  10.908  -27.665 0.6250000000
109209  17.823  10.510  -27.366 1.0000000000
109210  17.666  10.613  -27.498 1.0000000000
109218  28.694  10.405  -27.729 0.5000000000
109219  28.218  10.568  -27.690 0.6250000000
109220  27.785  10.626  -27.941 0.6250000000
109221  17.515  10.961  -28.013 1.0000000000
109223  17.407  10.788  -28.033 1.0000000000
109230  29.803  10.659  -28.485 0.5000000000
109233  31.625  11.928  -29.260 0.1250000000
109234  31.867  12.784  -29.371 0.1250000000
110277  26.283  12.167  -24.312 0.8750000000
110279  25.029  12.407  -24.848 0.8750000000
110299  28.794  11.816  -25.514 0.7500000000
110300  27.795  11.658  -25.197 0.8750000000
110301  26.866  11.498  -24.683 0.8750000000
110303  24.738  11.786  -24.907 0.8750000000
110323  29.056  11.860  -25.566 0.7500000000
110325  28.316  11.743  -26.808 0.6250000000
110326  27.543  12.028  -27.145 0.5000000000
110328  20.317  10.677  -26.997 1.0000000000
110329  19.676  10.583  -26.964 1.0000000000
110346  28.962  12.490  -28.350 0.1250000000
110347  20.920  11.016  -27.233 1.0000000000
110348  20.461  11.151  -27.266 1.0000000000
110350  18.615  11.322  -27.318 1.0000000000
110362  28.075  11.630  -28.136 0.6250000000
110363  22.497  11.187  -27.815 1.0000000000
110364  22.236  11.668  -28.244 1.0000000000
110365  21.585  11.245  -28.015 1.0000000000
110366  17.756  10.987  -27.777 1.0000000000
110367  17.771  11.090  -27.713 1.0000000000
110368  17.497  10.987  -27.882 1.0000000000
110377  29.840  11.546  -28.569 0.5000000000
110383  32.689  11.921  -29.694 0.1250000000
111460  25.980  12.711  -24.631 0.8750000000
111461  25.325  12.839  -24.840 0.8750000000
111477  29.191  12.315  -25.553 0.7500000000
111478  28.944  12.340  -25.434 0.7500000000
111479  28.142  12.393  -25.318 0.7500000000
111480  27.116  12.461  -24.752 0.7500000000
111482  23.807  12.489  -25.209 0.8750000000
111496  29.087  12.397  -25.729 0.7500000000
111497  22.131  11.482  -27.056 1.0000000000
111499  20.057  11.001  -27.042 1.0000000000
111500  19.655  11.080  -27.030 1.0000000000
111501  19.140  11.200  -26.904 1.0000000000
111515  22.496  11.867  -27.513 1.0000000000
111516  22.187  12.017  -27.165 1.0000000000
111517  20.738  11.392  -27.835 1.0000000000
111519  19.297  11.516  -27.062 1.0000000000
111531  29.382  12.207  -28.405 0.1250000000
111532  22.509  12.068  -28.048 1.0000000000
111533  21.937  12.010  -28.285 1.0000000000
111534  21.055  11.956  -28.475 1.0000000000
111535  20.553  11.910  -28.094 1.0000000000
111536  19.834  11.987  -27.383 1.0000000000
111537  17.953  10.897  -27.384 1.0000000000
111538  18.047  10.666  -27.024 1.0000000000
111545  30.497  12.310  -28.884 0.1250000000
111547  29.267  12.574  -28.457 0.1250000000
112615  19.948  15.552  -21.764 1.0000000000
112644  26.473  12.942  -24.788 0.7500000000
112645  25.951  13.440  -24.870 0.7500000000
112648  20.533  14.103  -24.032 1.0000000000
112658  28.443  13.026  -25.551 0.7500000000
112659  27.646  13.140  -25.188 0.7500000000
112660  26.923  13.207  -24.965 0.7500000000
112663  23.063  13.223  -25.184 1.0000000000
112674  28.037  13.103  -27.012 0.6250000000
112686  22.371  12.411  -27.499 1.0000000000
112687  21.848  12.465  -27.042 1.0000000000
112688  21.278  11.964  -26.578 1.0000000000
112690  19.305  11.844  -27.115 1.0000000000
112703  22.485  12.364  -27.782 1.0000000000
112704  22.345  12.943  -27.942 1.0000000000
112705  21.483  12.986  -28.549 1.0000000000
112707  19.834  12.391  -27.911 1.0000000000
112708  19.502  12.356  -27.594 1.0000000000
112716  28.910  13.025  -28.555 0.1250000000
112717  19.985  12.859  -28.795 1.0000000000
112718  19.812  12.658  -28.374 1.0000000000
112719  19.680  12.546  -28.016 1.0000000000
113702  17.349  15.977  -17.922 1.0000000000
113730  17.946  15.426  -19.848 1.0000000000
113781  27.754  14.605  -25.038 0.6250000000
113783  26.500  14.324  -24.874 0.6250000000
113785  22.094  14.679  -24.964 1.0000000000
113805  27.210  13.802  -25.012 0.6250000000
113806  26.615  13.619  -24.982 0.7500000000
113807  24.321  14.196  -24.892 0.8750000000
113822  28.127  13.663  -26.889 0.6250000000
113835  27.380  13.219  -27.194 0.6250000000
113850  28.363  13.562  -28.592 0.1250000000
113851  27.545  13.373  -28.471 0.1250000000
113853  26.889  12.287  -28.444 0.5000000000
113854  21.909  13.147  -27.280 1.0000000000
113855  21.765  13.227  -27.936 1.0000000000
113856  21.148  12.868  -28.676 1.0000000000
113857  20.792  12.076  -28.109 1.0000000000
113869  30.198  13.936  -29.487 0.1250000000
113871  20.314  12.748  -28.732 1.0000000000
113872  20.047  12.590  -28.340 1.0000000000
113873  19.788  12.395  -27.766 1.0000000000
114793  16.349  16.083  -17.225 0.8750000000
114806  17.383  16.275  -17.915 0.8750000000
114808  16.274  16.272  -17.240 0.7500000000
114843  18.568  16.561  -20.714 1.0000000000
114880  27.548  15.581  -23.955 0.6250000000
114891  25.897  15.196  -24.713 0.7500000000
114894  22.254  15.371  -24.892 1.0000000000
114910  28.337  14.123  -25.434 0.6250000000
114912  23.740  14.765  -25.038 0.8750000000
114913  22.915  14.772  -25.133 1.0000000000
114929  28.503  14.134  -25.712 0.6250000000
114946  26.774  12.564  -27.672 0.5000000000
114961  26.479  13.139  -28.180 0.5000000000
114963  21.343  13.210  -27.797 1.0000000000
114975  30.801  13.915  -29.949 0.1250000000
114980  20.102  12.250  -27.293 1.0000000000
115929  16.688  16.541  -17.135 0.7500000000
115936  17.240  16.477  -17.743 1.0000000000
115971  18.723  17.281  -20.417 1.0000000000
115972  18.519  17.116  -20.471 1.0000000000
115991  18.922  17.269  -20.585 1.0000000000
115992  19.154  16.951  -21.069 1.0000000000
116020  27.839  16.064  -23.805 0.6250000000
116022  25.991  16.547  -23.793 0.6250000000
116024  20.666  16.934  -23.230 1.0000000000
116037  28.293  16.336  -24.288 0.5000000000
116056  28.301  16.695  -24.584 0.5000000000
117152  16.868  17.752  -16.191 0.2500000000
117164  17.269  17.751  -16.835 0.2500000000
117184  18.608  17.639  -19.929 1.0000000000
117207  18.334  17.389  -20.186 1.0000000000
117219  19.356  17.655  -20.922 1.0000000000
117231  19.754  17.796  -21.725 1.0000000000
117246  29.623  17.878  -23.902 0.5000000000
117250  25.452  17.485  -23.488 0.8750000000
117252  20.633  17.400  -23.164 1.0000000000
117267  28.941  17.289  -24.447 0.5000000000
117269  23.508  17.558  -24.605 0.8750000000
117272  20.996  17.650  -23.751 1.0000000000
117281  26.973  16.999  -25.731 0.3750000000
117293  26.244  17.224  -26.136 0.3750000000
117306  26.095  17.122  -26.689 0.3750000000
118495  18.972  17.790  -19.750 1.0000000000
118534  19.732  18.363  -21.297 1.0000000000
118547  26.929  19.059  -22.828 0.7500000000
118548  26.330  19.186  -22.775 0.7500000000
118550  19.967  18.322  -21.729 1.0000000000
118565  29.290  18.391  -23.411 0.5000000000
118571  20.465  18.039  -22.808 1.0000000000
118586  29.332  18.870  -24.664 0.5000000000
118587  29.240  18.105  -24.740 0.5000000000
118608  26.522  17.585  -25.479 0.3750000000
118617  26.028  17.856  -25.777 0.3750000000
119781  20.094  19.762  -20.119 1.0000000000
119807  19.322  19.019  -19.788 1.0000000000
119820  20.180  20.534  -22.600 0.8750000000
119832  29.539  20.400  -22.946 0.5000000000
119836  26.477  19.791  -22.723 0.7500000000
119838  20.406  20.194  -22.777 0.8750000000
119839  20.437  19.308  -22.417 1.0000000000
119851  29.661  20.140  -23.444 0.3750000000
119852  29.358  19.286  -23.349 0.5000000000
119854  25.178  19.572  -23.098 0.7500000000
119868  29.926  20.518  -23.899 0.3750000000
119871  23.386  19.569  -24.450 0.8750000000
119873  21.277  19.307  -24.079 0.8750000000
119900  26.895  19.395  -25.942 0.2500000000
120938  20.519  21.827  -18.274 0.5000000000
120961  20.623  21.918  -18.558 0.5000000000
120980  19.336  19.740  -19.200 0.8750000000
120996  19.319  19.425  -19.486 1.0000000000
121008  29.838  21.086  -21.891 0.3750000000
121009  29.438  21.000  -21.716 0.3750000000
121022  30.018  21.060  -22.601 0.3750000000
121023  29.731  20.776  -22.422 0.3750000000
121026  26.947  20.686  -22.566 0.7500000000
121028  25.426  20.353  -22.975 0.7500000000
121039  29.696  20.588  -22.979 0.3750000000
121041  25.654  20.969  -23.029 0.7500000000
121043  23.606  21.093  -23.881 0.7500000000
121058  30.002  21.103  -23.767 0.3750000000
121063  20.833  20.401  -24.068 0.8750000000
121082  28.783  20.482  -25.545 0.1250000000
121101  27.333  20.129  -26.284 0.1250000000
122209  20.336  22.009  -18.115 0.5000000000
122227  20.437  22.055  -18.333 0.5000000000
122254  30.345  21.805  -21.888 0.3750000000
122255  29.981  21.598  -21.688 0.3750000000
122259  22.004  21.712  -22.008 0.7500000000
122273  30.067  21.172  -22.018 0.3750000000
122274  27.474  21.506  -22.062 0.6250000000
122292  21.236  21.702  -24.052 0.8750000000
122293  20.572  21.107  -24.075 0.8750000000
122305  21.041  20.995  -24.367 0.8750000000
122306  20.710  20.877  -24.280 0.8750000000
123303  21.676  23.569  -20.384 0.5000000000
123329  24.580  22.463  -21.611 0.7500000000
123332  20.835  22.422  -21.516 0.7500000000
123345  27.165  22.398  -22.395 0.7500000000
123349  23.463  21.787  -21.988 0.7500000000
123358  26.648  22.701  -22.745 0.7500000000
123361  24.476  21.755  -22.423 0.7500000000
123377  29.741  22.844  -25.938 0.1250000000
123378  29.218  22.509  -26.446 0.1250000000
124299  19.815  25.772  -18.345 0.1250000000
124337  27.617  23.202  -21.975 0.3750000000
124349  25.141  23.685  -21.545 0.6250000000
124357  31.304  24.625  -24.061 0.1250000000
124360  25.928  23.183  -22.718 0.6250000000
124361  25.594  23.137  -22.317 0.7500000000
124368  31.113  24.425  -24.418 0.1250000000
125428  27.313  23.975  -22.143 0.3750000000
125434  30.676  24.841  -21.943 0.2500000000
125435  26.885  24.031  -22.796 0.7500000000
125469  29.233  24.546  -27.229 0.1250000000
126585  28.077  24.754  -21.651 0.3750000000
126593  30.013  26.025  -21.983 0.3750000000
126594  29.050  25.761  -22.188 0.3750000000
126597  25.104  25.311  -22.137 0.5000000000
126605  25.730  24.926  -22.290 0.6250000000
126609  31.178  25.435  -25.021 0.1250000000
127725  28.305  26.239  -22.544 0.3750000000
127727  24.913  25.850  -22.269 0.5000000000
127751  31.150  26.073  -25.720 0.1250000000
127758  31.210  26.958  -26.736 0.1250000000
127766  30.942  27.148  -27.263 0.1250000000
128885  29.521  27.583  -22.792 0.2500000000
128886  28.980  27.333  -22.727 0.2500000000
128901  30.149  27.856  -23.084 0.1250000000
128903  28.202  27.696  -23.074 0.3750000000
128919  30.542  28.255  -23.873 0.1250000000
128934  30.805  28.411  -24.499 0.1250000000
129956  23.000  28.387  -22.278 0.2500000000
129971  21.306  28.157  -22.911 0.2500000000
129976  28.549  28.885  -24.107 0.1250000000
129978  23.592  27.676  -24.662 0.2500000000
131089  29.609  29.636  -24.662 0.1250000000
131096  31.279  29.455  -26.035 0.1250000000
131099  28.881  30.069  -25.233 0.1250000000
131106  31.323  29.637  -26.752 0.1250000000
132182  30.594  30.203  -26.129 0.1250000000
171242  24.839  -0.145  -23.344 0.5000000000
171243  24.987  -0.733  -23.314 0.5000000000
171246  25.209  0.031  -23.552 0.5000000000
171247  25.394  -0.765  -23.418 0.5000000000
171248  25.482  -0.292  -23.656 0.5000000000
171250  25.756  -0.429  -23.774 0.5000000000
171251  26.013  -0.270  -24.070 0.6250000000
171252  26.023  -0.762  -23.667 0.5000000000
171255  25.310  0.524  -23.587 0.6250000000
171256  25.464  0.023  -23.908 0.6250000000
171257  25.217  0.325  -23.531 0.6250000000
171258  25.785  -0.186  -23.985 0.6250000000
171259  25.438  0.280  -23.722 0.6250000000
171267  20.477  2.761  -23.824 0.7500000000
171268  20.059  2.792  -23.605 0.7500000000
171311  20.155  14.567  -22.853 1.0000000000
171314  20.221  14.320  -23.331 1.0000000000
171316  20.224  16.583  -22.390 1.0000000000
171325  20.784  9.797  -26.696 1.0000000000
171427  28.260  12.666  -28.290 0.5000000000
171428  28.561  12.893  -28.347 0.1250000000
171429  27.493  11.488  -28.636 0.6250000000
171430  28.411  13.038  -28.331 0.1250000000
171432  28.425  12.929  -26.645 0.6250000000
171436  27.085  10.957  -28.340 0.6250000000
171437  27.084  11.893  -28.863 0.6250000000
171438  27.088  10.970  -27.888 0.6250000000
171439  26.888  11.436  -28.030 0.6250000000
171440  27.326  12.582  -27.155 0.6250000000
171441  26.885  11.523  -28.493 0.6250000000
171442  26.720  12.140  -27.965 0.5000000000
