#!ascii label  , from subject 3221 vox2ras=TkReg
501
109204  29.072  9.817  -27.615 0.0000000000
98666  27.455  0.934  -24.375 0.0000000000
113808  23.394  14.070  -25.048 0.0000000000
122258  22.735  21.551  -21.841 0.0000000000
171244  25.049  -0.429  -23.406 0.0000000000
116036  28.592  16.737  -24.400 0.0000000000
118546  27.909  18.933  -22.713 0.0000000000
105731  25.299  8.007  -25.077 0.0000000000
103367  28.108  5.356  -26.748 0.0000000000
104654  30.919  6.572  -29.720 0.0000000000
112715  30.108  13.265  -29.029 0.0000000000
108077  32.567  10.199  -30.310 0.0000000000
110302  25.840  11.476  -24.592 0.0000000000
116087  27.122  16.028  -27.660 0.0000000000
121029  20.367  20.786  -22.965 0.0000000000
122257  28.338  21.537  -21.593 0.0000000000
101007  28.652  3.372  -24.915 0.0000000000
117251  24.511  17.578  -24.125 0.0000000000
118588  24.031  18.588  -24.444 0.0000000000
106897  27.401  8.594  -26.134 0.0000000000
105770  28.744  7.833  -27.717 0.0000000000
106934  30.079  8.995  -28.701 0.0000000000
96408  26.116  -0.017  -24.140 0.0000000000
111481  24.634  12.736  -25.012 0.0000000000
113821  28.676  13.338  -26.086 0.0000000000
113804  28.046  13.947  -25.113 0.0000000000
118605  28.982  19.100  -25.169 0.0000000000
118616  26.247  18.687  -25.945 0.0000000000
122243  20.748  22.315  -21.189 0.0000000000
119805  20.162  20.380  -21.376 0.0000000000
122278  21.592  21.713  -23.007 0.0000000000
128887  28.176  27.010  -22.691 0.0000000000
126583  29.487  25.458  -21.799 0.0000000000
124336  28.400  23.201  -21.515 0.0000000000
124334  30.051  23.666  -21.444 0.0000000000
123324  30.435  22.456  -21.859 0.0000000000
103365  30.424  4.961  -26.936 0.0000000000
101045  28.671  4.142  -26.323 0.0000000000
171245  24.644  -1.335  -23.177 0.0000000000
114890  26.937  15.143  -24.215 0.0000000000
116039  25.377  16.041  -24.427 0.0000000000
117247  29.004  17.459  -23.643 0.0000000000
119869  29.633  19.947  -24.331 0.0000000000
103320  26.445  5.990  -25.093 0.0000000000
104605  27.664  6.571  -26.299 0.0000000000
104626  29.186  6.191  -27.932 0.0000000000
103401  31.822  5.102  -28.335 0.0000000000
110361  28.963  11.893  -28.291 0.0000000000
108069  31.240  9.766  -29.273 0.0000000000
110375  31.166  11.947  -29.074 0.0000000000
108002  24.974  9.759  -24.962 0.0000000000
109165  23.322  10.647  -25.344 0.0000000000
108022  28.371  10.532  -25.933 0.0000000000
114962  26.523  12.610  -28.094 0.0000000000
114960  26.882  14.503  -28.501 0.0000000000
114978  27.199  15.804  -29.277 0.0000000000
116057  27.720  15.911  -25.235 0.0000000000
117305  25.935  17.158  -27.471 0.0000000000
119855  20.873  19.623  -23.231 0.0000000000
123360  25.243  22.039  -22.299 0.0000000000
122289  25.302  21.488  -22.819 0.0000000000
121042  24.688  20.657  -23.437 0.0000000000
119870  24.497  19.612  -24.137 0.0000000000
119835  27.428  19.796  -22.541 0.0000000000
121038  29.929  20.961  -23.062 0.0000000000
99884  26.928  2.489  -24.850 0.0000000000
102164  27.189  4.531  -25.539 0.0000000000
105795  32.289  7.633  -30.331 0.0000000000
104638  32.735  6.448  -29.140 0.0000000000
118589  22.897  18.537  -24.467 0.0000000000
118590  21.834  18.470  -24.523 0.0000000000
106896  27.914  9.021  -26.548 0.0000000000
106926  28.723  8.978  -27.784 0.0000000000
108072  29.482  9.163  -28.206 0.0000000000
94147  23.869  -2.948  -21.909 0.0000000000
94167  23.279  -4.002  -22.992 0.0000000000
97508  26.773  0.419  -24.397 0.0000000000
112662  24.020  13.375  -25.097 0.0000000000
112661  26.483  13.300  -24.920 0.0000000000
112646  24.923  13.486  -24.924 0.0000000000
119886  28.413  19.573  -25.392 0.0000000000
119899  27.650  19.763  -25.738 0.0000000000
123331  21.508  22.201  -21.378 0.0000000000
122244  20.357  21.822  -21.181 0.0000000000
122261  19.907  21.672  -21.659 0.0000000000
122277  23.053  21.496  -22.379 0.0000000000
125425  29.751  24.905  -21.535 0.0000000000
125443  31.120  24.695  -22.833 0.0000000000
102186  30.363  4.681  -26.542 0.0000000000
98684  25.324  1.701  -23.738 0.0000000000
114893  23.447  15.538  -24.965 0.0000000000
116040  24.253  16.506  -24.696 0.0000000000
118567  27.348  18.088  -22.977 0.0000000000
117249  26.646  17.217  -23.244 0.0000000000
118566  28.448  18.101  -23.163 0.0000000000
118564  29.788  18.902  -23.892 0.0000000000
118545  28.793  19.061  -22.983 0.0000000000
123313  22.951  22.785  -20.619 0.0000000000
105711  25.106  7.269  -24.908 0.0000000000
104606  26.934  7.413  -26.150 0.0000000000
105782  29.935  7.590  -28.490 0.0000000000
104642  29.062  7.066  -27.865 0.0000000000
104640  30.358  6.579  -28.847 0.0000000000
103402  30.867  5.658  -28.393 0.0000000000
103411  31.065  5.906  -29.224 0.0000000000
171241  24.874  -0.631  -23.300 0.0000000000
111546  29.717  12.505  -28.625 0.0000000000
110376  30.616  11.433  -28.867 0.0000000000
171444  31.054  13.081  -29.359 0.0000000000
106876  23.353  8.854  -25.298 0.0000000000
110304  23.603  11.530  -25.263 0.0000000000
109163  25.386  10.678  -24.832 0.0000000000
109160  28.343  11.039  -25.702 0.0000000000
109184  27.041  11.671  -27.658 0.0000000000
110324  29.136  11.978  -26.274 0.0000000000
114944  27.410  14.492  -27.315 0.0000000000
114945  26.719  13.601  -27.677 0.0000000000
114879  27.885  15.780  -24.122 0.0000000000
114889  27.612  15.355  -24.656 0.0000000000
117280  27.989  17.209  -25.084 0.0000000000
118626  25.876  17.518  -26.535 0.0000000000
116101  25.820  17.111  -29.512 0.0000000000
121011  20.231  21.007  -22.515 0.0000000000
119806  19.956  19.501  -20.667 0.0000000000
119821  19.860  20.000  -22.008 0.0000000000
119822  19.991  19.032  -21.156 0.0000000000
121044  20.570  20.619  -23.444 0.0000000000
126595  28.186  25.501  -22.142 0.0000000000
128888  27.727  26.646  -22.784 0.0000000000
124359  26.465  23.273  -22.922 0.0000000000
124347  27.093  23.270  -22.621 0.0000000000
123327  28.004  22.365  -21.861 0.0000000000
122275  26.753  21.581  -22.614 0.0000000000
121040  26.334  21.083  -22.905 0.0000000000
121060  23.862  20.437  -24.335 0.0000000000
121027  26.104  20.474  -22.893 0.0000000000
119837  25.774  19.936  -22.788 0.0000000000
121025  27.950  20.555  -21.890 0.0000000000
123344  30.620  22.675  -22.924 0.0000000000
122272  30.240  21.552  -22.395 0.0000000000
122287  30.205  21.815  -23.397 0.0000000000
122302  30.078  21.801  -24.302 0.0000000000
99863  26.219  2.726  -24.563 0.0000000000
103345  27.609  5.647  -26.125 0.0000000000
103346  27.172  5.510  -25.528 0.0000000000
102163  27.626  4.701  -26.150 0.0000000000
101006  29.067  3.706  -25.558 0.0000000000
101046  28.160  4.084  -26.056 0.0000000000
101026  28.506  3.380  -25.798 0.0000000000
99882  27.909  2.623  -25.554 0.0000000000
108078  31.694  10.392  -29.730 0.0000000000
106932  31.495  9.404  -29.678 0.0000000000
106940  33.162  8.996  -30.431 0.0000000000
116041  22.933  16.519  -24.816 0.0000000000
117270  22.374  17.532  -24.680 0.0000000000
118569  24.826  18.550  -23.574 0.0000000000
118568  26.056  18.549  -23.023 0.0000000000
105753  26.886  8.156  -26.151 0.0000000000
105752  27.594  7.881  -26.684 0.0000000000
106913  28.741  8.498  -27.773 0.0000000000
106924  30.291  8.273  -28.774 0.0000000000
105781  30.592  7.606  -29.181 0.0000000000
171254  25.736  0.095  -23.987 0.0000000000
96395  26.042  -0.593  -23.506 0.0000000000
96407  26.571  -0.061  -23.887 0.0000000000
97473  26.970  0.183  -23.008 0.0000000000
113870  29.032  13.818  -29.336 0.0000000000
113868  30.654  13.609  -29.497 0.0000000000
111483  22.774  12.267  -25.333 0.0000000000
110278  25.495  12.239  -24.628 0.0000000000
110298  29.211  12.092  -25.658 0.0000000000
111459  26.460  12.592  -24.553 0.0000000000
113803  28.457  13.725  -25.592 0.0000000000
114930  28.096  14.608  -26.200 0.0000000000
118606  28.541  18.371  -25.129 0.0000000000
118607  26.997  18.187  -25.224 0.0000000000
119887  27.686  19.081  -25.387 0.0000000000
119916  26.155  19.284  -26.566 0.0000000000
121012  19.940  21.097  -21.887 0.0000000000
122279  20.571  21.393  -23.278 0.0000000000
127724  29.075  26.560  -22.481 0.0000000000
126584  28.955  25.053  -21.811 0.0000000000
125427  27.906  23.958  -21.573 0.0000000000
124335  29.183  23.166  -21.334 0.0000000000
123326  28.792  22.378  -21.403 0.0000000000
122256  29.180  21.613  -21.391 0.0000000000
123325  29.655  22.463  -21.390 0.0000000000
124346  30.789  23.691  -22.367 0.0000000000
102205  29.382  5.047  -27.181 0.0000000000
102188  28.766  4.759  -26.834 0.0000000000
102187  29.635  4.615  -26.685 0.0000000000
101025  29.164  3.893  -26.195 0.0000000000
95303  23.806  -1.790  -22.756 0.0000000000
96396  24.321  -0.352  -23.104 0.0000000000
97496  24.846  0.533  -23.296 0.0000000000
97510  25.526  0.789  -23.788 0.0000000000
97509  26.240  0.788  -24.406 0.0000000000
98683  25.968  1.661  -24.417 0.0000000000
113809  22.363  14.082  -24.983 0.0000000000
113784  25.362  14.306  -24.815 0.0000000000
114892  24.607  15.207  -24.722 0.0000000000
116038  26.308  15.823  -24.193 0.0000000000
116021  27.051  16.020  -23.497 0.0000000000
116023  25.078  16.795  -24.037 0.0000000000
117248  27.959  17.000  -23.603 0.0000000000
117268  28.728  16.889  -23.941 0.0000000000
117266  29.513  18.155  -24.353 0.0000000000
119885  29.122  19.760  -25.009 0.0000000000
121081  29.423  20.671  -25.064 0.0000000000
123315  21.176  22.565  -20.927 0.0000000000
123330  23.190  22.051  -21.335 0.0000000000
104561  26.369  6.426  -25.197 0.0000000000
103389  28.171  6.239  -27.009 0.0000000000
104628  28.100  7.038  -26.862 0.0000000000
104627  28.599  6.795  -27.404 0.0000000000
103388  28.819  5.486  -27.278 0.0000000000
103387  29.925  5.283  -27.613 0.0000000000
103386  31.309  5.162  -27.402 0.0000000000
109217  29.286  10.747  -28.037 0.0000000000
108071  29.811  9.773  -28.318 0.0000000000
109229  30.286  10.647  -28.765 0.0000000000
109228  31.072  10.814  -29.099 0.0000000000
171443  31.657  12.617  -29.597 0.0000000000
109235  31.651  12.472  -29.309 0.0000000000
109232  32.139  11.696  -29.607 0.0000000000
106874  25.694  8.829  -25.074 0.0000000000
106873  26.790  8.858  -25.510 0.0000000000
108043  28.096  9.817  -27.044 0.0000000000
108003  23.875  9.791  -25.204 0.0000000000
108000  27.149  9.883  -25.273 0.0000000000
109205  27.985  10.473  -27.496 0.0000000000
171435  27.765  10.936  -28.208 0.0000000000
171433  27.402  11.935  -28.563 0.0000000000
171434  28.232  13.202  -28.353 0.0000000000
171431  28.078  12.530  -26.980 0.0000000000
113852  26.800  13.310  -28.479 0.0000000000
114959  28.080  14.163  -28.653 0.0000000000
114977  28.245  15.023  -29.529 0.0000000000
113782  27.374  14.534  -24.834 0.0000000000
114911  27.982  14.624  -25.372 0.0000000000
116072  27.381  15.815  -26.504 0.0000000000
117282  26.394  17.414  -25.730 0.0000000000
117292  26.593  16.696  -26.693 0.0000000000
116100  26.484  16.440  -28.755 0.0000000000
119856  20.529  18.746  -22.853 0.0000000000
123347  25.189  22.405  -21.870 0.0000000000
125444  26.294  24.050  -23.188 0.0000000000
123348  24.100  21.985  -22.231 0.0000000000
122276  23.722  21.716  -22.549 0.0000000000
122290  24.066  21.506  -22.868 0.0000000000
122291  22.587  21.586  -23.710 0.0000000000
123346  26.523  22.151  -22.709 0.0000000000
122288  26.102  21.634  -22.914 0.0000000000
122304  21.804  21.116  -24.267 0.0000000000
121061  22.712  20.576  -24.275 0.0000000000
121062  21.613  20.345  -24.275 0.0000000000
119872  22.275  19.483  -24.341 0.0000000000
119853  25.920  19.396  -22.781 0.0000000000
119834  28.356  19.796  -22.505 0.0000000000
121010  28.754  20.913  -21.488 0.0000000000
121024  28.906  20.462  -22.093 0.0000000000
119833  29.148  20.028  -22.878 0.0000000000
119850  29.867  20.678  -23.552 0.0000000000
121059  29.824  20.927  -24.404 0.0000000000
98696  26.659  2.013  -24.821 0.0000000000
101028  26.937  4.013  -25.292 0.0000000000
102189  28.251  4.558  -26.486 0.0000000000
101008  27.116  3.450  -25.054 0.0000000000
99883  27.423  2.774  -25.092 0.0000000000
98695  27.261  2.075  -24.997 0.0000000000
108070  30.589  9.746  -28.904 0.0000000000
106933  30.977  8.610  -29.379 0.0000000000
105796  31.732  7.245  -30.293 0.0000000000
104661  34.336  7.664  -30.391 0.0000000000
104663  33.111  7.143  -30.159 0.0000000000
104653  31.987  6.206  -29.523 0.0000000000
104639  32.466  5.837  -28.683 0.0000000000
91730  24.032  -4.363  -23.992 0.0000000000
91731  23.538  -4.576  -23.722 0.0000000000
91732  23.401  -4.613  -23.641 0.0000000000
91750  23.994  -4.138  -23.993 0.0000000000
91751  23.765  -4.409  -23.868 0.0000000000
91752  23.580  -4.574  -23.924 0.0000000000
92982  23.914  -3.852  -23.227 0.0000000000
92983  22.971  -4.402  -22.991 0.0000000000
92984  23.236  -4.529  -23.373 0.0000000000
92999  23.941  -3.800  -23.635 0.0000000000
93000  23.948  -4.085  -23.670 0.0000000000
93001  23.578  -4.404  -23.614 0.0000000000
94165  23.849  -3.017  -22.998 0.0000000000
94166  23.620  -3.201  -22.754 0.0000000000
94180  23.766  -3.261  -23.123 0.0000000000
94181  23.611  -3.430  -23.088 0.0000000000
94182  23.056  -4.157  -22.965 0.0000000000
95311  23.474  -2.136  -23.218 0.0000000000
96379  26.753  -0.016  -23.004 0.0000000000
96394  26.646  -0.118  -23.368 0.0000000000
97495  25.008  1.149  -23.323 0.0000000000
98682  26.882  1.286  -24.865 0.0000000000
98694  27.653  2.292  -25.179 0.0000000000
99862  26.876  3.027  -24.799 0.0000000000
101009  26.340  3.746  -24.902 0.0000000000
101027  27.639  3.671  -25.567 0.0000000000
101044  29.078  4.276  -26.570 0.0000000000
102140  26.520  4.885  -25.034 0.0000000000
102206  29.148  4.933  -27.035 0.0000000000
103366  28.559  5.186  -26.972 0.0000000000
103385  31.999  4.772  -27.741 0.0000000000
103403  29.878  5.993  -28.386 0.0000000000
103410  31.650  5.699  -28.852 0.0000000000
104583  27.435  6.125  -25.769 0.0000000000
104584  26.729  6.677  -25.479 0.0000000000
104585  25.875  7.300  -25.189 0.0000000000
104641  29.561  6.839  -28.305 0.0000000000
104649  34.738  7.601  -30.246 0.0000000000
104650  34.569  7.192  -30.137 0.0000000000
104652  33.089  6.616  -29.679 0.0000000000
104660  34.592  7.827  -30.378 0.0000000000
104662  33.837  7.401  -30.319 0.0000000000
104664  32.313  6.786  -30.183 0.0000000000
104665  31.556  6.701  -30.137 0.0000000000
105730  26.288  7.895  -25.558 0.0000000000
105732  24.166  7.824  -25.029 0.0000000000
105771  28.291  7.651  -27.145 0.0000000000
105783  29.288  7.589  -28.121 0.0000000000
105788  33.184  6.989  -29.154 0.0000000000
105789  31.076  7.420  -30.005 0.0000000000
105792  34.392  8.191  -30.512 0.0000000000
105793  33.794  8.159  -30.544 0.0000000000
105794  33.040  8.015  -30.341 0.0000000000
106872  27.782  9.280  -25.754 0.0000000000
106875  24.560  8.849  -25.089 0.0000000000
106914  28.303  8.669  -27.280 0.0000000000
106923  30.619  8.174  -29.090 0.0000000000
106925  29.370  8.540  -28.196 0.0000000000
106935  29.664  9.082  -28.392 0.0000000000
106941  31.994  8.910  -30.305 0.0000000000
106942  31.566  7.952  -30.157 0.0000000000
107998  28.300  10.557  -25.703 0.0000000000
107999  28.122  10.199  -25.544 0.0000000000
108001  26.102  9.739  -24.953 0.0000000000
108023  28.354  10.041  -26.328 0.0000000000
108041  29.304  9.811  -27.736 0.0000000000
108042  29.192  9.623  -27.745 0.0000000000
108055  29.409  9.866  -27.845 0.0000000000
108056  29.120  9.415  -27.825 0.0000000000
108057  28.465  9.766  -27.508 0.0000000000
109161  27.472  10.800  -25.201 0.0000000000
109162  26.470  10.662  -24.894 0.0000000000
109164  24.308  10.701  -25.086 0.0000000000
109166  22.730  10.641  -25.428 0.0000000000
109182  28.427  11.055  -26.357 0.0000000000
109183  27.917  11.004  -27.043 0.0000000000
109203  29.218  10.035  -27.668 0.0000000000
109206  27.505  10.908  -27.665 0.0000000000
109218  28.694  10.405  -27.729 0.0000000000
109219  28.218  10.568  -27.690 0.0000000000
109220  27.785  10.626  -27.941 0.0000000000
109230  29.803  10.659  -28.485 0.0000000000
109233  31.625  11.928  -29.260 0.0000000000
109234  31.867  12.784  -29.371 0.0000000000
110277  26.283  12.167  -24.312 0.0000000000
110279  25.029  12.407  -24.848 0.0000000000
110299  28.794  11.816  -25.514 0.0000000000
110300  27.795  11.658  -25.197 0.0000000000
110301  26.866  11.498  -24.683 0.0000000000
110303  24.738  11.786  -24.907 0.0000000000
110305  22.673  11.300  -25.437 0.0000000000
110323  29.056  11.860  -25.566 0.0000000000
110325  28.316  11.743  -26.808 0.0000000000
110326  27.543  12.028  -27.145 0.0000000000
110346  28.962  12.490  -28.350 0.0000000000
110362  28.075  11.630  -28.136 0.0000000000
110377  29.840  11.546  -28.569 0.0000000000
111460  25.980  12.711  -24.631 0.0000000000
111461  25.325  12.839  -24.840 0.0000000000
111477  29.191  12.315  -25.553 0.0000000000
111478  28.944  12.340  -25.434 0.0000000000
111479  28.142  12.393  -25.318 0.0000000000
111480  27.116  12.461  -24.752 0.0000000000
111482  23.807  12.489  -25.209 0.0000000000
111496  29.087  12.397  -25.729 0.0000000000
111531  29.382  12.207  -28.405 0.0000000000
111545  30.497  12.310  -28.884 0.0000000000
111547  29.267  12.574  -28.457 0.0000000000
112644  26.473  12.942  -24.788 0.0000000000
112645  25.951  13.440  -24.870 0.0000000000
112658  28.443  13.026  -25.551 0.0000000000
112659  27.646  13.140  -25.188 0.0000000000
112660  26.923  13.207  -24.965 0.0000000000
112674  28.037  13.103  -27.012 0.0000000000
112716  28.910  13.025  -28.555 0.0000000000
113781  27.754  14.605  -25.038 0.0000000000
113783  26.500  14.324  -24.874 0.0000000000
113805  27.210  13.802  -25.012 0.0000000000
113806  26.615  13.619  -24.982 0.0000000000
113807  24.321  14.196  -24.892 0.0000000000
113822  28.127  13.663  -26.889 0.0000000000
113835  27.380  13.219  -27.194 0.0000000000
113850  28.363  13.562  -28.592 0.0000000000
113851  27.545  13.373  -28.471 0.0000000000
113853  26.889  12.287  -28.444 0.0000000000
113869  30.198  13.936  -29.487 0.0000000000
114880  27.548  15.581  -23.955 0.0000000000
114891  25.897  15.196  -24.713 0.0000000000
114910  28.337  14.123  -25.434 0.0000000000
114912  23.740  14.765  -25.038 0.0000000000
114913  22.915  14.772  -25.133 0.0000000000
114929  28.503  14.134  -25.712 0.0000000000
114946  26.774  12.564  -27.672 0.0000000000
114961  26.479  13.139  -28.180 0.0000000000
116020  27.839  16.064  -23.805 0.0000000000
116022  25.991  16.547  -23.793 0.0000000000
116037  28.293  16.336  -24.288 0.0000000000
116056  28.301  16.695  -24.584 0.0000000000
117246  29.623  17.878  -23.902 0.0000000000
117250  25.452  17.485  -23.488 0.0000000000
117267  28.941  17.289  -24.447 0.0000000000
117269  23.508  17.558  -24.605 0.0000000000
117281  26.973  16.999  -25.731 0.0000000000
117293  26.244  17.224  -26.136 0.0000000000
117306  26.095  17.122  -26.689 0.0000000000
117323  25.699  17.552  -28.751 0.0000000000
118547  26.929  19.059  -22.828 0.0000000000
118548  26.330  19.186  -22.775 0.0000000000
118565  29.290  18.391  -23.411 0.0000000000
118586  29.332  18.870  -24.664 0.0000000000
118587  29.240  18.105  -24.740 0.0000000000
118608  26.522  17.585  -25.479 0.0000000000
118617  26.028  17.856  -25.777 0.0000000000
119820  20.180  20.534  -22.600 0.0000000000
119832  29.539  20.400  -22.946 0.0000000000
119836  26.477  19.791  -22.723 0.0000000000
119838  20.406  20.194  -22.777 0.0000000000
119839  20.437  19.308  -22.417 0.0000000000
119851  29.661  20.140  -23.444 0.0000000000
119852  29.358  19.286  -23.349 0.0000000000
119854  25.178  19.572  -23.098 0.0000000000
119868  29.926  20.518  -23.899 0.0000000000
119871  23.386  19.569  -24.450 0.0000000000
119873  21.277  19.307  -24.079 0.0000000000
119900  26.895  19.395  -25.942 0.0000000000
121008  29.838  21.086  -21.891 0.0000000000
121009  29.438  21.000  -21.716 0.0000000000
121022  30.018  21.060  -22.601 0.0000000000
121023  29.731  20.776  -22.422 0.0000000000
121026  26.947  20.686  -22.566 0.0000000000
121028  25.426  20.353  -22.975 0.0000000000
121039  29.696  20.588  -22.979 0.0000000000
121041  25.654  20.969  -23.029 0.0000000000
121043  23.606  21.093  -23.881 0.0000000000
121058  30.002  21.103  -23.767 0.0000000000
121063  20.833  20.401  -24.068 0.0000000000
122236  21.110  22.531  -20.668 0.0000000000
122254  30.345  21.805  -21.888 0.0000000000
122255  29.981  21.598  -21.688 0.0000000000
122259  22.004  21.712  -22.008 0.0000000000
122260  20.476  22.113  -22.184 0.0000000000
122273  30.067  21.172  -22.018 0.0000000000
122274  27.474  21.506  -22.062 0.0000000000
122292  21.236  21.702  -24.052 0.0000000000
122293  20.572  21.107  -24.075 0.0000000000
122305  21.041  20.995  -24.367 0.0000000000
122306  20.710  20.877  -24.280 0.0000000000
123332  20.835  22.422  -21.516 0.0000000000
123345  27.165  22.398  -22.395 0.0000000000
123349  23.463  21.787  -21.988 0.0000000000
123358  26.648  22.701  -22.745 0.0000000000
123361  24.476  21.755  -22.423 0.0000000000
124337  27.617  23.202  -21.975 0.0000000000
124360  25.928  23.183  -22.718 0.0000000000
124361  25.594  23.137  -22.317 0.0000000000
125435  26.885  24.031  -22.796 0.0000000000
126593  30.013  26.025  -21.983 0.0000000000
126594  29.050  25.761  -22.188 0.0000000000
127725  28.305  26.239  -22.544 0.0000000000
127726  27.562  26.016  -22.792 0.0000000000
171242  24.839  -0.145  -23.344 0.0000000000
171243  24.987  -0.733  -23.314 0.0000000000
171246  25.209  0.031  -23.552 0.0000000000
171248  25.482  -0.292  -23.656 0.0000000000
171250  25.756  -0.429  -23.774 0.0000000000
171251  26.013  -0.270  -24.070 0.0000000000
171252  26.023  -0.762  -23.667 0.0000000000
171255  25.310  0.524  -23.587 0.0000000000
171256  25.464  0.023  -23.908 0.0000000000
171257  25.217  0.325  -23.531 0.0000000000
171258  25.785  -0.186  -23.985 0.0000000000
171259  25.438  0.280  -23.722 0.0000000000
171427  28.260  12.666  -28.290 0.0000000000
171428  28.561  12.893  -28.347 0.0000000000
171429  27.493  11.488  -28.636 0.0000000000
171430  28.411  13.038  -28.331 0.0000000000
171432  28.425  12.929  -26.645 0.0000000000
171436  27.085  10.957  -28.340 0.0000000000
171437  27.084  11.893  -28.863 0.0000000000
171438  27.088  10.970  -27.888 0.0000000000
171439  26.888  11.436  -28.030 0.0000000000
171440  27.326  12.582  -27.155 0.0000000000
171441  26.885  11.523  -28.493 0.0000000000
171442  26.720  12.140  -27.965 0.0000000000
