#!ascii label  , from subject 4001 vox2ras=TkReg
982
63608  27.825  -37.680  53.984 0.0000000000
80253  47.834  -24.407  38.955 0.0000000000
83908  54.556  -20.434  35.576 0.0000000000
70183  47.449  -31.348  46.999 0.0000000000
57081  33.524  -40.900  49.739 0.0000000000
56987  32.705  -40.813  53.991 0.0000000000
81540  51.468  -22.645  37.879 0.0000000000
81456  51.631  -23.544  43.061 0.0000000000
67473  43.539  -33.915  48.955 0.0000000000
57059  38.749  -41.526  49.742 0.0000000000
92812  60.856  -12.886  28.629 0.0000000000
89088  56.794  -16.546  34.207 0.0000000000
74183  44.922  -28.150  44.803 0.0000000000
80086  46.676  -24.372  45.834 0.0000000000
62367  31.474  -37.907  52.539 0.0000000000
62338  30.617  -37.868  54.280 0.0000000000
81558  49.332  -23.152  37.498 0.0000000000
82703  52.219  -22.821  39.621 0.0000000000
81498  49.549  -23.455  41.242 0.0000000000
59873  43.541  -39.079  46.381 0.0000000000
55644  34.904  -43.081  52.182 0.0000000000
55704  35.954  -42.738  49.430 0.0000000000
52822  37.368  -44.376  50.276 0.0000000000
92814  59.334  -13.445  30.036 0.0000000000
91633  59.667  -14.782  28.802 0.0000000000
91575  59.918  -15.304  31.230 0.0000000000
85108  53.434  -19.224  35.460 0.0000000000
87787  52.941  -17.644  33.466 0.0000000000
86352  55.849  -18.617  35.903 0.0000000000
86418  56.436  -18.010  32.782 0.0000000000
85134  54.207  -19.289  33.430 0.0000000000
68788  45.599  -32.490  48.043 0.0000000000
71597  44.425  -31.075  46.494 0.0000000000
74142  45.684  -29.320  48.006 0.0000000000
77712  45.366  -25.958  45.246 0.0000000000
76489  47.325  -27.499  47.391 0.0000000000
77676  47.918  -25.981  46.093 0.0000000000
71594  48.507  -29.688  46.027 0.0000000000
58374  33.388  -40.825  52.508 0.0000000000
83911  51.560  -20.830  35.127 0.0000000000
83877  53.148  -21.294  36.904 0.0000000000
82734  54.100  -22.671  38.267 0.0000000000
78965  52.785  -24.501  40.328 0.0000000000
62381  40.820  -37.713  50.189 0.0000000000
63682  43.076  -36.798  49.643 0.0000000000
63719  44.832  -35.977  47.779 0.0000000000
64991  46.446  -34.861  45.767 0.0000000000
67556  47.411  -33.099  44.588 0.0000000000
61178  39.529  -38.893  49.042 0.0000000000
57076  40.495  -41.311  48.952 0.0000000000
94015  60.376  -12.632  26.687 0.0000000000
90419  56.144  -15.660  31.968 0.0000000000
87801  58.782  -16.679  32.625 0.0000000000
87840  55.873  -16.948  30.521 0.0000000000
81480  47.114  -23.709  42.581 0.0000000000
82614  48.834  -23.259  44.408 0.0000000000
78926  49.285  -24.748  43.458 0.0000000000
61072  28.859  -38.114  54.028 0.0000000000
62326  29.771  -37.505  54.054 0.0000000000
61071  29.773  -37.896  53.964 0.0000000000
81543  48.505  -23.737  38.321 0.0000000000
80231  49.624  -23.784  39.933 0.0000000000
80232  48.732  -23.946  39.778 0.0000000000
54180  36.434  -43.828  51.058 0.0000000000
92800  57.939  -14.173  30.018 0.0000000000
92798  59.679  -13.826  30.518 0.0000000000
91595  58.192  -14.408  30.970 0.0000000000
85066  54.188  -19.661  36.240 0.0000000000
86354  54.669  -18.782  36.091 0.0000000000
85064  55.605  -19.128  36.027 0.0000000000
86396  55.667  -19.099  34.577 0.0000000000
70154  46.066  -31.493  47.978 0.0000000000
71554  45.579  -30.791  48.162 0.0000000000
72903  46.433  -29.709  48.085 0.0000000000
75389  46.569  -28.231  47.376 0.0000000000
72902  47.174  -29.423  47.571 0.0000000000
74164  48.612  -28.483  47.300 0.0000000000
71596  47.730  -30.468  46.608 0.0000000000
61109  32.943  -39.516  53.243 0.0000000000
58343  33.365  -40.284  54.052 0.0000000000
55624  33.436  -42.448  52.867 0.0000000000
81575  50.560  -22.413  36.161 0.0000000000
83912  50.292  -21.283  34.795 0.0000000000
82756  51.568  -21.905  36.394 0.0000000000
83893  52.733  -20.701  36.060 0.0000000000
82737  52.738  -22.068  37.389 0.0000000000
82736  53.422  -22.076  37.417 0.0000000000
81538  53.044  -22.366  37.954 0.0000000000
82678  51.406  -23.175  41.798 0.0000000000
81494  52.629  -23.444  40.382 0.0000000000
78953  52.416  -24.276  41.096 0.0000000000
76607  51.963  -25.346  40.771 0.0000000000
77758  51.075  -24.861  41.653 0.0000000000
58387  41.307  -38.790  49.422 0.0000000000
62379  42.000  -37.443  49.818 0.0000000000
61177  42.613  -38.345  48.788 0.0000000000
62449  44.183  -37.397  47.214 0.0000000000
64955  45.848  -34.989  46.914 0.0000000000
55728  37.560  -42.531  48.713 0.0000000000
57099  38.045  -41.849  48.316 0.0000000000
58426  38.811  -40.649  49.270 0.0000000000
58390  39.602  -40.495  49.748 0.0000000000
57058  39.164  -41.478  50.053 0.0000000000
95133  60.549  -11.803  29.006 0.0000000000
92834  60.663  -12.846  27.585 0.0000000000
90459  58.272  -15.828  29.400 0.0000000000
89080  54.508  -17.101  34.234 0.0000000000
89106  53.039  -17.065  32.420 0.0000000000
90389  54.711  -16.516  33.217 0.0000000000
90420  54.986  -15.747  31.864 0.0000000000
90399  56.785  -15.925  33.033 0.0000000000
90385  58.631  -16.087  33.466 0.0000000000
90378  58.213  -16.604  34.053 0.0000000000
86436  54.569  -18.335  31.946 0.0000000000
87824  55.677  -17.615  31.719 0.0000000000
67474  43.072  -34.428  48.558 0.0000000000
68804  43.207  -33.170  47.690 0.0000000000
74173  44.778  -29.455  45.964 0.0000000000
71611  44.001  -30.817  45.161 0.0000000000
80088  45.964  -25.125  45.196 0.0000000000
78911  45.503  -25.257  44.369 0.0000000000
81445  46.166  -24.262  44.059 0.0000000000
81482  45.808  -24.384  42.603 0.0000000000
81444  46.712  -23.703  43.869 0.0000000000
81442  48.164  -23.260  43.571 0.0000000000
82597  47.920  -23.488  45.169 0.0000000000
76526  48.105  -27.158  45.609 0.0000000000
77710  48.603  -25.436  45.231 0.0000000000
77730  48.374  -26.043  44.507 0.0000000000
77761  49.179  -25.265  42.768 0.0000000000
63627  31.822  -37.719  53.973 0.0000000000
59697  31.858  -38.997  55.098 0.0000000000
58346  31.764  -40.367  54.253 0.0000000000
59715  31.255  -39.436  54.173 0.0000000000
81557  50.405  -22.828  37.205 0.0000000000
81528  51.963  -22.739  38.833 0.0000000000
81529  51.062  -22.989  39.105 0.0000000000
82692  50.648  -22.886  40.736 0.0000000000
82669  50.427  -23.181  42.463 0.0000000000
55683  34.521  -42.233  50.723 0.0000000000
57079  34.873  -42.079  49.294 0.0000000000
55682  35.238  -42.613  50.483 0.0000000000
54201  36.700  -43.430  50.579 0.0000000000
54199  38.328  -43.749  49.906 0.0000000000
55678  39.277  -42.800  49.702 0.0000000000
52821  38.353  -44.378  49.818 0.0000000000
93989  60.280  -12.588  29.376 0.0000000000
91632  60.286  -14.291  29.097 0.0000000000
92797  60.169  -14.138  30.379 0.0000000000
90434  60.114  -15.192  30.651 0.0000000000
90436  59.375  -15.921  30.821 0.0000000000
86400  51.912  -19.344  34.340 0.0000000000
86398  53.594  -18.684  34.848 0.0000000000
87774  54.914  -17.723  34.909 0.0000000000
89069  56.457  -17.357  35.090 0.0000000000
87772  57.371  -17.394  34.380 0.0000000000
86370  56.775  -18.043  34.902 0.0000000000
86407  55.311  -18.880  33.811 0.0000000000
68775  44.631  -32.986  48.503 0.0000000000
70171  44.303  -32.264  47.568 0.0000000000
71555  44.987  -31.294  48.102 0.0000000000
74155  45.260  -29.784  47.285 0.0000000000
74165  45.355  -28.825  46.443 0.0000000000
75414  45.117  -27.536  45.250 0.0000000000
76519  45.881  -26.908  46.346 0.0000000000
77679  45.653  -26.223  46.902 0.0000000000
78844  46.593  -25.750  47.135 0.0000000000
78864  47.786  -24.850  46.918 0.0000000000
76503  47.784  -27.044  46.681 0.0000000000
75403  48.893  -27.881  46.497 0.0000000000
72937  48.301  -28.912  44.952 0.0000000000
62384  31.898  -38.756  51.671 0.0000000000
61146  32.439  -39.421  51.266 0.0000000000
57044  33.630  -41.279  51.081 0.0000000000
55645  34.339  -42.444  52.311 0.0000000000
54139  35.092  -43.752  53.782 0.0000000000
85085  52.005  -19.888  35.198 0.0000000000
85067  53.475  -20.015  36.097 0.0000000000
83891  54.295  -20.522  36.230 0.0000000000
82754  53.778  -21.867  36.942 0.0000000000
81553  54.048  -22.658  37.557 0.0000000000
80273  53.566  -23.698  37.667 0.0000000000
82702  53.011  -22.620  39.301 0.0000000000
80228  53.678  -23.109  39.088 0.0000000000
62420  40.238  -37.506  49.312 0.0000000000
64910  41.345  -36.495  49.352 0.0000000000
66147  42.774  -35.927  49.950 0.0000000000
66163  43.434  -35.415  49.415 0.0000000000
61191  43.290  -38.285  48.078 0.0000000000
63700  43.728  -36.743  48.822 0.0000000000
66184  44.498  -34.392  49.016 0.0000000000
66182  46.057  -33.739  47.865 0.0000000000
67503  46.334  -33.167  46.987 0.0000000000
68832  46.924  -32.737  46.366 0.0000000000
68831  47.328  -32.246  46.245 0.0000000000
66285  47.302  -34.010  44.986 0.0000000000
61162  40.102  -38.164  49.718 0.0000000000
59797  40.603  -39.586  49.625 0.0000000000
57075  41.170  -40.647  48.710 0.0000000000
55700  39.896  -42.581  49.049 0.0000000000
55726  40.542  -42.461  48.315 0.0000000000
95177  61.589  -11.345  26.185 0.0000000000
91579  56.619  -15.077  31.292 0.0000000000
90417  57.852  -15.079  32.104 0.0000000000
89121  59.578  -16.204  32.197 0.0000000000
89141  58.553  -16.327  31.012 0.0000000000
87802  57.681  -17.348  32.707 0.0000000000
87823  57.104  -17.133  31.492 0.0000000000
89143  56.673  -16.472  30.296 0.0000000000
70198  43.451  -32.440  46.518 0.0000000000
80193  46.346  -24.572  41.443 0.0000000000
80214  47.527  -24.356  40.654 0.0000000000
81500  48.082  -23.593  41.491 0.0000000000
82656  49.516  -22.933  43.174 0.0000000000
82635  50.554  -23.168  43.944 0.0000000000
80065  48.902  -24.278  46.207 0.0000000000
81420  49.426  -24.070  44.644 0.0000000000
78908  51.306  -24.074  43.835 0.0000000000
76556  50.393  -25.231  42.417 0.0000000000
68847  48.435  -31.242  45.184 0.0000000000
70221  48.621  -30.636  44.797 0.0000000000
62328  28.262  -37.812  54.073 0.0000000000
61073  27.875  -38.236  54.024 0.0000000000
63607  28.586  -37.356  54.059 0.0000000000
62327  29.111  -37.606  54.090 0.0000000000
80275  48.158  -23.969  38.372 0.0000000000
80252  48.535  -23.996  38.916 0.0000000000
80233  47.964  -24.072  39.768 0.0000000000
91596  57.119  -14.465  30.596 0.0000000000
83890  55.203  -19.855  36.075 0.0000000000
85065  55.001  -19.433  36.159 0.0000000000
85082  55.152  -19.665  35.573 0.0000000000
83907  55.208  -19.877  35.840 0.0000000000
70170  46.656  -31.414  47.562 0.0000000000
71552  46.277  -30.707  48.233 0.0000000000
71567  46.823  -30.375  47.837 0.0000000000
71566  47.196  -30.133  47.478 0.0000000000
72915  47.461  -29.599  47.082 0.0000000000
71581  47.412  -30.383  47.082 0.0000000000
58329  32.895  -40.267  54.549 0.0000000000
59711  33.299  -39.953  54.443 0.0000000000
58345  33.001  -41.016  54.012 0.0000000000
55608  32.682  -41.639  53.513 0.0000000000
81556  51.257  -22.455  36.781 0.0000000000
81574  51.149  -22.221  36.316 0.0000000000
83879  51.995  -21.658  36.620 0.0000000000
82738  52.077  -22.217  36.963 0.0000000000
81555  52.828  -22.263  37.731 0.0000000000
81539  52.460  -22.396  37.981 0.0000000000
81476  51.586  -23.618  42.217 0.0000000000
80170  51.776  -23.582  41.689 0.0000000000
81475  52.095  -23.951  42.416 0.0000000000
77757  51.732  -24.781  41.437 0.0000000000
78922  52.027  -24.062  42.806 0.0000000000
58423  41.689  -39.557  48.498 0.0000000000
59814  41.995  -38.681  48.842 0.0000000000
55702  38.065  -42.672  49.218 0.0000000000
55727  38.183  -42.260  48.762 0.0000000000
57077  38.479  -41.615  48.995 0.0000000000
57042  39.018  -40.977  50.222 0.0000000000
93988  60.869  -12.251  28.887 0.0000000000
95132  60.891  -11.616  28.720 0.0000000000
93996  61.054  -12.135  28.237 0.0000000000
92822  60.898  -12.931  27.981 0.0000000000
89079  55.285  -16.961  34.469 0.0000000000
89090  54.775  -16.584  33.788 0.0000000000
89089  55.757  -16.361  34.055 0.0000000000
89103  55.966  -16.271  33.336 0.0000000000
89102  56.448  -16.294  33.679 0.0000000000
90386  57.683  -16.268  33.810 0.0000000000
89087  57.454  -16.694  34.357 0.0000000000
87826  54.178  -18.168  31.490 0.0000000000
87825  54.676  -17.912  31.471 0.0000000000
67489  42.885  -33.758  48.052 0.0000000000
67488  43.316  -33.485  48.226 0.0000000000
74184  44.997  -29.140  44.957 0.0000000000
78883  46.391  -24.918  46.139 0.0000000000
80087  46.284  -24.808  45.292 0.0000000000
81423  46.508  -24.501  44.740 0.0000000000
81422  47.020  -23.992  44.641 0.0000000000
82616  47.557  -23.507  44.502 0.0000000000
81403  47.210  -24.010  45.576 0.0000000000
74182  48.013  -27.928  45.149 0.0000000000
76538  48.150  -26.690  45.103 0.0000000000
76548  48.125  -26.478  44.433 0.0000000000
76557  47.885  -26.442  43.755 0.0000000000
63618  30.900  -37.546  54.169 0.0000000000
63628  31.078  -37.430  53.886 0.0000000000
62337  31.781  -38.199  54.435 0.0000000000
62324  32.531  -38.193  54.952 0.0000000000
59698  31.809  -38.952  54.796 0.0000000000
59714  31.670  -39.290  54.717 0.0000000000
61083  31.438  -38.628  54.525 0.0000000000
81577  48.701  -23.323  36.703 0.0000000000
81541  50.155  -23.409  38.462 0.0000000000
80211  49.386  -23.702  40.473 0.0000000000
81515  50.301  -23.257  40.421 0.0000000000
81497  50.129  -23.075  41.001 0.0000000000
82680  50.562  -22.951  41.481 0.0000000000
82681  49.957  -23.346  41.612 0.0000000000
55660  34.573  -42.301  51.447 0.0000000000
55659  35.299  -42.933  51.432 0.0000000000
54179  37.108  -44.065  50.859 0.0000000000
54200  37.290  -43.740  50.219 0.0000000000
55680  37.253  -43.313  49.817 0.0000000000
92815  58.585  -13.450  29.410 0.0000000000
93990  59.543  -12.842  29.572 0.0000000000
93982  60.077  -13.289  29.984 0.0000000000
91593  59.863  -14.649  31.032 0.0000000000
91592  60.182  -14.972  30.844 0.0000000000
91574  60.089  -15.265  31.017 0.0000000000
90435  59.728  -15.647  31.041 0.0000000000
86374  52.323  -19.407  34.979 0.0000000000
86399  52.671  -19.030  34.428 0.0000000000
85109  53.025  -19.304  34.991 0.0000000000
87742  54.999  -18.276  36.081 0.0000000000
86372  54.470  -18.429  35.420 0.0000000000
87761  55.028  -18.055  35.808 0.0000000000
87773  55.585  -17.330  34.948 0.0000000000
87740  55.887  -18.051  35.839 0.0000000000
87759  56.422  -17.879  35.414 0.0000000000
86371  56.227  -18.614  35.485 0.0000000000
85122  55.224  -19.258  34.533 0.0000000000
86408  54.617  -19.126  33.517 0.0000000000
86420  54.295  -18.783  32.819 0.0000000000
68774  45.132  -32.917  48.403 0.0000000000
70136  44.771  -32.199  48.295 0.0000000000
71536  44.839  -31.849  48.200 0.0000000000
74143  45.670  -29.579  47.915 0.0000000000
72888  45.488  -30.227  47.748 0.0000000000
74154  45.585  -29.223  47.465 0.0000000000
75405  45.511  -27.761  45.989 0.0000000000
75398  45.904  -28.058  46.622 0.0000000000
76490  46.878  -27.562  47.412 0.0000000000
76506  46.469  -27.294  47.187 0.0000000000
77660  46.367  -26.319  47.256 0.0000000000
78845  46.101  -25.929  47.212 0.0000000000
77659  47.032  -26.227  47.299 0.0000000000
77658  47.487  -26.177  46.953 0.0000000000
76504  47.416  -26.919  47.212 0.0000000000
72913  48.344  -29.089  46.506 0.0000000000
74163  49.126  -28.494  47.022 0.0000000000
74171  48.699  -28.539  46.572 0.0000000000
74180  48.525  -28.617  45.865 0.0000000000
72924  48.565  -29.078  45.918 0.0000000000
63666  31.180  -37.688  52.278 0.0000000000
63687  31.032  -37.687  51.470 0.0000000000
62385  31.420  -38.081  51.988 0.0000000000
59744  33.614  -39.856  53.212 0.0000000000
61123  32.583  -39.638  52.254 0.0000000000
59761  33.200  -40.183  52.620 0.0000000000
59783  32.740  -40.251  51.653 0.0000000000
58375  33.299  -40.775  51.813 0.0000000000
57030  33.682  -41.255  51.820 0.0000000000
57029  33.822  -41.600  52.193 0.0000000000
83935  51.186  -20.305  34.525 0.0000000000
83892  53.678  -20.572  36.420 0.0000000000
82755  53.736  -21.223  36.864 0.0000000000
82735  53.957  -22.437  37.906 0.0000000000
81552  54.331  -22.744  38.024 0.0000000000
80298  53.977  -23.051  37.361 0.0000000000
80272  54.269  -23.192  37.951 0.0000000000
78964  52.781  -24.135  40.508 0.0000000000
81511  53.237  -23.113  39.740 0.0000000000
80210  53.127  -24.206  39.785 0.0000000000
78991  53.170  -24.374  38.863 0.0000000000
78976  52.929  -24.606  39.616 0.0000000000
63665  40.562  -37.472  49.942 0.0000000000
63686  40.644  -37.136  49.560 0.0000000000
62402  41.303  -37.273  50.117 0.0000000000
62378  42.544  -37.391  49.613 0.0000000000
63662  42.338  -36.996  49.801 0.0000000000
64894  42.947  -36.490  49.896 0.0000000000
66146  43.085  -35.906  50.048 0.0000000000
64907  43.510  -36.055  49.611 0.0000000000
59829  42.929  -38.641  47.845 0.0000000000
61206  43.527  -38.274  47.396 0.0000000000
63741  44.705  -36.689  46.928 0.0000000000
63720  44.579  -36.404  48.002 0.0000000000
64923  44.341  -35.557  48.769 0.0000000000
64922  44.649  -35.024  48.283 0.0000000000
66183  45.132  -34.291  48.275 0.0000000000
66202  45.254  -34.843  47.516 0.0000000000
64974  46.048  -34.819  46.639 0.0000000000
66221  45.767  -34.220  46.964 0.0000000000
66240  46.502  -34.040  46.337 0.0000000000
66239  46.849  -33.623  46.123 0.0000000000
66261  47.050  -33.989  45.718 0.0000000000
65003  46.948  -34.586  45.277 0.0000000000
57078  35.484  -42.415  49.166 0.0000000000
57102  34.802  -41.728  48.364 0.0000000000
57101  35.958  -42.190  48.299 0.0000000000
59815  39.024  -39.733  48.776 0.0000000000
61193  38.869  -38.775  48.458 0.0000000000
62404  39.806  -38.360  49.358 0.0000000000
61163  39.837  -38.808  49.515 0.0000000000
58407  39.906  -40.929  49.758 0.0000000000
59780  40.292  -39.438  49.735 0.0000000000
58406  40.398  -40.430  49.550 0.0000000000
58425  40.936  -40.355  49.162 0.0000000000
55701  39.496  -42.916  49.377 0.0000000000
57097  41.142  -41.624  48.234 0.0000000000
94014  61.098  -11.895  26.493 0.0000000000
94028  59.819  -12.651  25.879 0.0000000000
87788  51.834  -18.145  32.885 0.0000000000
89093  52.617  -17.423  32.839 0.0000000000
91580  55.539  -15.265  31.172 0.0000000000
91578  57.564  -14.807  31.525 0.0000000000
90418  57.208  -15.314  32.128 0.0000000000
89085  58.967  -16.439  33.149 0.0000000000
90384  59.091  -16.221  33.059 0.0000000000
89101  59.202  -16.370  32.463 0.0000000000
89122  59.303  -16.375  32.045 0.0000000000
87821  58.792  -16.536  32.102 0.0000000000
86394  56.885  -17.930  34.126 0.0000000000
87785  57.686  -17.445  33.730 0.0000000000
86405  57.008  -17.808  33.282 0.0000000000
87803  56.681  -17.693  32.281 0.0000000000
87839  56.775  -16.719  30.800 0.0000000000
71582  44.432  -31.472  46.951 0.0000000000
70185  44.030  -32.398  47.059 0.0000000000
71598  44.077  -31.693  46.241 0.0000000000
76527  45.553  -26.781  45.600 0.0000000000
80134  45.405  -24.915  43.843 0.0000000000
81481  46.410  -23.914  42.660 0.0000000000
81503  46.203  -24.447  42.130 0.0000000000
81502  46.764  -24.111  42.030 0.0000000000
80215  46.770  -24.812  40.704 0.0000000000
80192  47.105  -24.316  41.374 0.0000000000
80191  47.653  -23.988  41.216 0.0000000000
81479  47.803  -23.479  42.368 0.0000000000
82638  48.676  -23.106  43.865 0.0000000000
82657  48.759  -23.107  43.285 0.0000000000
82637  49.524  -22.754  43.894 0.0000000000
82655  50.252  -22.918  43.288 0.0000000000
82613  49.412  -22.796  44.380 0.0000000000
78863  48.263  -24.960  46.649 0.0000000000
80066  48.234  -24.223  46.599 0.0000000000
78862  48.610  -25.239  46.186 0.0000000000
78910  49.284  -24.423  44.134 0.0000000000
78894  49.178  -24.802  45.117 0.0000000000
80132  49.615  -24.183  44.178 0.0000000000
80106  50.104  -24.204  44.001 0.0000000000
78925  50.114  -24.648  43.276 0.0000000000
77743  50.508  -25.011  42.568 0.0000000000
77744  49.945  -25.264  42.897 0.0000000000
76573  49.503  -25.499  42.113 0.0000000000
68848  47.887  -31.992  45.267 0.0000000000
68863  47.662  -32.217  44.162 0.0000000000
63619  29.915  -37.233  54.092 0.0000000000
81559  48.377  -23.681  37.700 0.0000000000
81542  48.996  -23.512  38.337 0.0000000000
80250  49.896  -23.703  39.340 0.0000000000
80251  49.334  -23.802  39.096 0.0000000000
80212  48.916  -23.801  40.430 0.0000000000
54181  35.439  -43.624  51.736 0.0000000000
52798  35.492  -44.157  51.775 0.0000000000
52797  36.677  -44.223  50.884 0.0000000000
92799  58.868  -13.881  30.440 0.0000000000
91594  59.138  -14.407  31.198 0.0000000000
85083  53.671  -19.414  35.975 0.0000000000
86373  53.947  -18.875  35.792 0.0000000000
86353  55.321  -18.722  36.100 0.0000000000
85063  55.851  -19.004  36.195 0.0000000000
85105  56.021  -19.096  35.510 0.0000000000
85081  55.532  -19.367  35.807 0.0000000000
85106  55.603  -19.305  35.148 0.0000000000
68787  45.765  -31.948  47.898 0.0000000000
71534  45.776  -31.209  48.270 0.0000000000
71533  46.022  -31.107  48.386 0.0000000000
72886  46.084  -30.120  48.314 0.0000000000
72904  46.054  -29.650  48.264 0.0000000000
75390  46.258  -28.274  47.061 0.0000000000
74152  46.904  -28.740  47.592 0.0000000000
74151  47.673  -28.529  47.564 0.0000000000
74150  48.400  -28.204  47.652 0.0000000000
72901  47.968  -28.813  47.037 0.0000000000
72914  48.059  -29.183  46.681 0.0000000000
71595  48.245  -30.070  46.290 0.0000000000
62356  32.350  -38.772  53.539 0.0000000000
61096  32.942  -39.189  53.938 0.0000000000
61095  33.199  -39.665  53.794 0.0000000000
58360  33.359  -40.743  53.106 0.0000000000
57017  33.434  -41.723  52.727 0.0000000000
57002  33.152  -41.273  53.507 0.0000000000
81597  49.765  -22.573  35.688 0.0000000000
81596  50.228  -22.221  35.568 0.0000000000
82782  50.722  -21.774  35.479 0.0000000000
82781  51.414  -21.592  35.796 0.0000000000
83894  51.928  -21.296  36.187 0.0000000000
83878  52.448  -21.479  36.739 0.0000000000
81554  53.047  -22.183  37.637 0.0000000000
82719  53.179  -22.262  37.879 0.0000000000
82690  52.071  -22.970  40.501 0.0000000000
81513  51.928  -22.838  40.809 0.0000000000
80189  52.404  -23.726  41.033 0.0000000000
77791  52.383  -25.260  40.149 0.0000000000
77777  52.283  -24.976  40.899 0.0000000000
76570  51.468  -25.125  41.294 0.0000000000
76571  50.912  -25.242  41.471 0.0000000000
61142  41.487  -38.113  49.867 0.0000000000
62380  41.536  -37.556  49.995 0.0000000000
61141  42.053  -38.007  49.670 0.0000000000
61140  42.571  -37.847  49.404 0.0000000000
61160  42.845  -38.006  48.992 0.0000000000
61221  44.078  -38.230  46.501 0.0000000000
63763  44.952  -36.846  46.476 0.0000000000
64956  45.619  -35.355  47.152 0.0000000000
63762  45.265  -36.362  46.502 0.0000000000
64975  45.763  -35.534  46.166 0.0000000000
55703  36.973  -43.004  49.340 0.0000000000
55729  36.711  -42.630  48.741 0.0000000000
58467  37.926  -40.515  47.522 0.0000000000
58444  38.387  -40.663  48.406 0.0000000000
59799  39.369  -39.799  49.301 0.0000000000
59782  39.551  -39.854  49.521 0.0000000000
58408  38.957  -40.636  49.702 0.0000000000
57041  39.070  -40.843  50.077 0.0000000000
57057  39.920  -41.761  49.752 0.0000000000
95158  61.484  -11.341  27.785 0.0000000000
94003  60.920  -12.195  27.432 0.0000000000
90478  59.024  -15.458  29.034 0.0000000000
87786  53.451  -17.324  33.637 0.0000000000
89092  53.305  -17.229  33.118 0.0000000000
89091  53.933  -16.954  33.619 0.0000000000
89105  53.751  -16.715  32.795 0.0000000000
90402  53.861  -16.428  32.307 0.0000000000
90401  54.530  -16.371  32.591 0.0000000000
90400  55.620  -16.163  32.626 0.0000000000
90398  58.154  -15.462  32.784 0.0000000000
89086  58.602  -16.636  33.564 0.0000000000
86419  55.473  -18.250  32.618 0.0000000000
87804  56.047  -17.842  32.389 0.0000000000
86435  55.015  -17.909  32.043 0.0000000000
66187  42.621  -35.355  48.701 0.0000000000
72928  44.432  -30.588  46.153 0.0000000000
72929  44.133  -31.161  45.871 0.0000000000
72938  44.515  -30.209  45.251 0.0000000000
71626  44.169  -30.544  44.494 0.0000000000
78884  45.843  -25.472  45.859 0.0000000000
78896  45.365  -25.606  44.553 0.0000000000
80109  45.849  -25.009  44.677 0.0000000000
80133  45.830  -24.605  44.084 0.0000000000
81463  45.555  -24.450  43.317 0.0000000000
81462  46.116  -23.849  43.316 0.0000000000
81461  46.821  -23.652  43.253 0.0000000000
81460  47.592  -23.494  43.277 0.0000000000
82658  47.534  -23.400  43.809 0.0000000000
82639  47.837  -23.235  44.060 0.0000000000
82596  48.331  -23.490  45.258 0.0000000000
76525  48.072  -26.712  45.838 0.0000000000
77694  48.149  -25.812  45.921 0.0000000000
76537  48.239  -26.134  45.307 0.0000000000
77711  48.399  -25.892  44.887 0.0000000000
77729  48.635  -25.237  44.197 0.0000000000
77745  48.834  -25.042  43.334 0.0000000000
77762  48.462  -25.485  43.278 0.0000000000
63650  30.943  -37.459  52.742 0.0000000000
63637  31.350  -37.542  53.448 0.0000000000
63636  31.831  -37.858  53.655 0.0000000000
62335  33.019  -37.854  54.732 0.0000000000
61082  32.942  -38.776  55.108 0.0000000000
58330  32.119  -40.226  54.709 0.0000000000
56988  32.164  -40.646  53.957 0.0000000000
58331  31.589  -39.972  54.514 0.0000000000
61084  30.646  -38.489  54.124 0.0000000000
81576  49.619  -22.852  36.507 0.0000000000
82704  51.604  -23.019  39.672 0.0000000000
81530  50.290  -23.522  39.650 0.0000000000
81514  50.976  -23.326  40.110 0.0000000000
82691  51.363  -22.845  40.589 0.0000000000
82679  51.152  -22.798  41.610 0.0000000000
82667  51.224  -23.365  42.661 0.0000000000
59852  42.605  -39.577  47.369 0.0000000000
57061  34.100  -41.840  50.264 0.0000000000
57080  33.999  -41.319  49.265 0.0000000000
57060  34.811  -42.244  50.099 0.0000000000
55705  35.273  -42.427  49.706 0.0000000000
55658  36.045  -43.385  51.056 0.0000000000
55681  36.276  -43.027  50.396 0.0000000000
55679  38.357  -42.868  49.633 0.0000000000
54198  38.927  -43.868  49.693 0.0000000000
52820  38.626  -44.243  49.531 0.0000000000
92823  60.534  -13.549  28.487 0.0000000000
92813  60.430  -13.448  29.373 0.0000000000
91617  60.105  -14.913  29.532 0.0000000000
91616  60.264  -14.693  30.093 0.0000000000
90477  59.652  -15.261  29.531 0.0000000000
90458  59.228  -15.743  30.110 0.0000000000
89162  58.355  -16.153  30.243 0.0000000000
87777  52.177  -18.816  33.784 0.0000000000
87776  52.807  -18.285  33.960 0.0000000000
86397  54.298  -18.248  34.757 0.0000000000
87775  53.777  -17.690  34.208 0.0000000000
89078  56.112  -16.971  34.790 0.0000000000
89077  56.963  -16.945  34.737 0.0000000000
89068  56.943  -17.306  34.828 0.0000000000
86395  56.242  -18.778  34.704 0.0000000000
86406  56.278  -18.329  33.556 0.0000000000
68789  43.989  -33.275  48.497 0.0000000000
68790  43.917  -33.030  48.181 0.0000000000
68776  44.413  -32.744  48.321 0.0000000000
70156  44.549  -32.139  48.051 0.0000000000
71568  44.707  -31.346  47.680 0.0000000000
71535  45.302  -31.534  48.210 0.0000000000
72889  45.056  -30.791  47.730 0.0000000000
72916  44.593  -30.605  46.784 0.0000000000
74166  44.899  -29.768  46.858 0.0000000000
74172  45.153  -28.483  45.598 0.0000000000
75423  44.880  -27.460  44.583 0.0000000000
76507  46.130  -27.104  46.816 0.0000000000
77695  45.576  -26.096  46.274 0.0000000000
78867  45.549  -25.840  46.628 0.0000000000
78882  46.752  -24.556  46.221 0.0000000000
80067  47.612  -24.256  46.525 0.0000000000
78842  47.762  -25.536  46.829 0.0000000000
77677  47.834  -26.103  46.348 0.0000000000
75386  48.708  -27.546  47.421 0.0000000000
76502  48.654  -27.312  47.053 0.0000000000
76517  48.112  -27.098  46.303 0.0000000000
75404  48.291  -27.519  45.947 0.0000000000
74181  48.252  -28.408  45.286 0.0000000000
58409  33.245  -40.558  50.150 0.0000000000
62365  32.187  -39.102  52.631 0.0000000000
61164  32.475  -39.663  50.652 0.0000000000
58392  33.242  -40.652  50.955 0.0000000000
57062  33.593  -41.101  50.234 0.0000000000
57043  34.060  -41.793  51.292 0.0000000000
54161  34.236  -43.081  52.716 0.0000000000
86375  51.875  -19.562  34.869 0.0000000000
85084  52.886  -19.796  35.530 0.0000000000
83910  52.300  -20.295  35.489 0.0000000000
82778  54.099  -21.454  36.183 0.0000000000
81571  53.749  -22.391  36.683 0.0000000000
81527  52.741  -22.522  38.690 0.0000000000
82718  53.676  -22.635  38.623 0.0000000000
82689  53.002  -22.862  39.720 0.0000000000
81526  53.673  -22.899  39.161 0.0000000000
80247  54.007  -22.906  38.682 0.0000000000
80249  53.552  -23.840  38.279 0.0000000000
64926  40.910  -36.759  48.984 0.0000000000
66166  41.801  -35.901  49.022 0.0000000000
63663  41.920  -37.123  49.900 0.0000000000
64909  41.938  -36.419  49.582 0.0000000000
66165  42.207  -35.804  49.207 0.0000000000
66186  42.993  -35.172  48.942 0.0000000000
67453  43.412  -34.911  49.192 0.0000000000
66185  43.875  -34.534  49.321 0.0000000000
59830  42.541  -38.889  48.107 0.0000000000
61176  43.031  -38.046  48.697 0.0000000000
62419  43.170  -37.622  49.003 0.0000000000
61190  43.813  -37.919  47.631 0.0000000000
62435  43.926  -37.511  48.261 0.0000000000
64906  43.561  -36.391  49.311 0.0000000000
64924  44.029  -35.179  49.267 0.0000000000
67472  44.236  -33.695  49.089 0.0000000000
67452  44.677  -33.653  48.692 0.0000000000
67451  45.029  -33.827  48.492 0.0000000000
67471  45.459  -33.330  48.186 0.0000000000
66222  45.639  -34.939  47.136 0.0000000000
66220  45.768  -33.889  47.625 0.0000000000
68802  45.737  -32.727  47.850 0.0000000000
68801  45.983  -32.325  47.609 0.0000000000
68817  46.712  -32.346  46.860 0.0000000000
68816  47.172  -31.953  46.821 0.0000000000
67537  47.391  -33.123  45.475 0.0000000000
65021  46.914  -34.614  44.724 0.0000000000
62403  40.169  -37.911  49.618 0.0000000000
62382  40.424  -37.877  49.969 0.0000000000
61145  39.813  -39.200  49.570 0.0000000000
61144  40.231  -38.596  49.774 0.0000000000
61143  40.891  -38.381  50.021 0.0000000000
58388  41.150  -38.812  49.597 0.0000000000
58424  41.386  -39.915  49.014 0.0000000000
57074  41.450  -40.164  48.649 0.0000000000
55677  39.718  -42.404  49.606 0.0000000000
57098  40.538  -42.016  48.640 0.0000000000
63622  27.365  -37.810  53.848 0.0000000000
95178  61.184  -11.346  25.615 0.0000000000
91577  58.429  -15.060  31.762 0.0000000000
91576  59.331  -15.481  31.706 0.0000000000
91563  59.191  -15.630  32.232 0.0000000000
90415  59.799  -15.831  31.735 0.0000000000
89139  59.721  -16.116  31.717 0.0000000000
89140  59.316  -16.162  31.317 0.0000000000
89076  57.659  -17.034  34.510 0.0000000000
87771  58.206  -17.131  34.094 0.0000000000
87784  58.480  -17.063  33.384 0.0000000000
87822  58.232  -16.787  32.037 0.0000000000
89124  58.056  -16.627  31.408 0.0000000000
89142  57.549  -16.505  30.714 0.0000000000
89164  56.022  -16.341  29.548 0.0000000000
80254  46.962  -24.624  38.874 0.0000000000
68803  43.684  -32.853  47.657 0.0000000000
68819  43.098  -32.843  47.148 0.0000000000
80194  45.515  -24.777  41.611 0.0000000000
80235  46.357  -25.056  39.779 0.0000000000
80234  47.350  -24.644  39.875 0.0000000000
78978  47.882  -24.049  40.197 0.0000000000
81518  48.595  -23.738  40.971 0.0000000000
81499  48.844  -23.552  41.455 0.0000000000
81459  48.329  -23.334  42.932 0.0000000000
81478  48.541  -23.394  42.163 0.0000000000
81477  49.299  -23.425  41.952 0.0000000000
82670  49.857  -23.312  42.308 0.0000000000
81457  51.261  -23.511  43.345 0.0000000000
81382  47.971  -23.697  46.315 0.0000000000
82578  48.437  -23.552  45.776 0.0000000000
82577  48.725  -23.622  45.548 0.0000000000
80085  49.213  -24.574  45.455 0.0000000000
81400  49.167  -23.879  45.104 0.0000000000
82594  49.451  -23.479  44.496 0.0000000000
81419  49.815  -23.658  44.323 0.0000000000
80105  50.827  -23.857  44.147 0.0000000000
78907  51.646  -24.094  43.498 0.0000000000
78924  50.977  -24.446  43.047 0.0000000000
77759  50.710  -25.062  41.960 0.0000000000
76555  50.544  -25.202  42.093 0.0000000000
77760  49.842  -25.397  42.515 0.0000000000
76572  50.308  -25.376  42.051 0.0000000000
70197  47.898  -31.189  46.151 0.0000000000
70210  48.195  -31.213  45.596 0.0000000000
70209  48.438  -30.798  45.474 0.0000000000
68861  48.601  -31.105  44.962 0.0000000000
70208  48.681  -30.507  45.091 0.0000000000
72943  48.520  -29.735  44.969 0.0000000000
51565  38.332  -44.557  49.341 0.0000000000
51577  38.335  -44.541  48.959 0.0000000000
52740  35.313  -44.057  54.226 0.0000000000
52741  34.995  -44.192  54.204 0.0000000000
52742  34.720  -44.185  54.002 0.0000000000
52757  35.253  -44.316  54.087 0.0000000000
52758  34.874  -44.583  53.987 0.0000000000
52759  34.688  -44.088  53.695 0.0000000000
52776  35.233  -44.390  53.794 0.0000000000
52796  37.088  -44.261  50.698 0.0000000000
54121  35.495  -44.135  54.082 0.0000000000
54122  35.149  -43.825  54.163 0.0000000000
54123  34.855  -43.867  54.080 0.0000000000
54138  35.508  -43.988  53.830 0.0000000000
54159  34.800  -44.257  53.869 0.0000000000
54160  34.867  -43.944  53.025 0.0000000000
54218  39.295  -43.268  49.287 0.0000000000
55606  33.122  -41.784  53.496 0.0000000000
57004  32.997  -41.432  53.874 0.0000000000
57096  41.543  -40.507  48.241 0.0000000000
58327  33.431  -40.086  54.303 0.0000000000
58328  33.254  -40.145  54.465 0.0000000000
58344  33.138  -40.658  54.061 0.0000000000
58347  31.466  -40.224  53.972 0.0000000000
58389  40.084  -40.234  49.763 0.0000000000
58391  39.225  -40.543  49.800 0.0000000000
58404  41.365  -39.037  48.994 0.0000000000
58405  41.031  -39.457  49.417 0.0000000000
59712  33.030  -39.504  54.711 0.0000000000
59713  32.510  -39.398  55.016 0.0000000000
59728  33.193  -39.714  54.286 0.0000000000
59743  33.634  -39.967  53.592 0.0000000000
59760  33.685  -40.212  53.038 0.0000000000
59778  41.449  -38.476  49.664 0.0000000000
59779  40.999  -38.973  49.728 0.0000000000
59781  39.762  -39.695  49.645 0.0000000000
59796  41.749  -38.494  49.372 0.0000000000
59798  40.326  -39.898  49.708 0.0000000000
59800  32.755  -40.102  50.707 0.0000000000
59851  43.093  -38.837  47.326 0.0000000000
61068  33.040  -38.105  55.334 0.0000000000
61069  32.546  -38.634  55.071 0.0000000000
61070  31.979  -38.737  54.774 0.0000000000
61108  33.466  -39.769  53.461 0.0000000000
61161  42.337  -38.229  49.277 0.0000000000
61192  42.868  -38.360  48.442 0.0000000000
61205  43.733  -37.923  47.050 0.0000000000
61222  43.581  -38.432  46.904 0.0000000000
62323  32.836  -37.892  55.024 0.0000000000
62325  32.060  -38.693  55.001 0.0000000000
62336  32.388  -38.083  54.438 0.0000000000
62341  27.131  -38.005  53.927 0.0000000000
62348  32.439  -37.993  54.120 0.0000000000
62366  31.754  -38.342  52.849 0.0000000000
62399  43.331  -37.212  49.149 0.0000000000
62400  42.999  -37.397  49.396 0.0000000000
62401  41.616  -37.244  50.012 0.0000000000
62406  31.385  -38.199  51.044 0.0000000000
62418  43.474  -37.365  48.797 0.0000000000
62436  43.369  -37.761  48.594 0.0000000000
63606  29.289  -37.262  54.102 0.0000000000
63609  27.438  -37.993  53.968 0.0000000000
63617  31.614  -37.775  54.158 0.0000000000
63648  31.773  -38.068  53.341 0.0000000000
63649  31.522  -37.761  52.984 0.0000000000
63661  42.655  -37.240  49.851 0.0000000000
63664  40.695  -37.500  50.128 0.0000000000
63681  43.328  -36.909  49.347 0.0000000000
63683  42.276  -36.755  49.795 0.0000000000
63684  41.752  -36.892  49.875 0.0000000000
63685  41.016  -36.970  50.112 0.0000000000
63701  41.052  -36.710  48.861 0.0000000000
63740  44.992  -36.046  47.379 0.0000000000
64895  42.723  -36.374  49.893 0.0000000000
64908  42.376  -36.062  49.786 0.0000000000
64911  40.924  -36.787  49.190 0.0000000000
64938  44.805  -35.409  47.895 0.0000000000
64939  44.586  -35.786  48.260 0.0000000000
64990  46.816  -34.484  45.616 0.0000000000
66161  44.980  -34.072  48.525 0.0000000000
66162  44.803  -34.056  48.691 0.0000000000
66164  42.841  -35.623  49.578 0.0000000000
66181  46.064  -33.938  48.120 0.0000000000
66200  46.227  -33.947  47.807 0.0000000000
66201  45.621  -34.125  47.712 0.0000000000
66262  46.732  -34.381  45.843 0.0000000000
67454  43.208  -34.858  48.996 0.0000000000
67469  46.120  -33.883  48.039 0.0000000000
67470  45.660  -33.704  47.886 0.0000000000
67485  46.049  -33.729  47.869 0.0000000000
67486  45.869  -33.083  47.757 0.0000000000
67487  45.651  -32.928  47.980 0.0000000000
67502  45.925  -33.638  47.459 0.0000000000
67517  47.038  -33.164  46.026 0.0000000000
67518  46.694  -33.181  46.417 0.0000000000
68818  43.484  -32.746  47.253 0.0000000000
68846  48.573  -30.903  45.171 0.0000000000
68862  48.302  -31.423  44.636 0.0000000000
70133  46.019  -31.316  48.217 0.0000000000
70134  45.582  -31.888  48.078 0.0000000000
70135  45.021  -32.244  48.392 0.0000000000
70155  45.716  -31.823  47.943 0.0000000000
70169  47.183  -30.772  47.504 0.0000000000
70184  47.015  -31.784  47.085 0.0000000000
70186  43.703  -32.402  46.764 0.0000000000
70196  48.235  -30.826  46.012 0.0000000000
70207  48.879  -30.217  45.010 0.0000000000
70220  48.844  -30.367  44.896 0.0000000000
70222  48.272  -31.036  44.167 0.0000000000
71553  45.914  -30.648  48.355 0.0000000000
71579  48.422  -29.446  46.218 0.0000000000
71580  48.289  -29.417  46.402 0.0000000000
71583  44.101  -32.031  46.672 0.0000000000
71593  48.529  -29.680  45.448 0.0000000000
71608  48.693  -29.948  45.084 0.0000000000
71609  48.543  -30.167  45.435 0.0000000000
71610  48.390  -30.364  46.046 0.0000000000
71623  48.694  -29.994  44.902 0.0000000000
71624  48.524  -30.142  44.799 0.0000000000
72887  45.807  -29.888  48.132 0.0000000000
72905  45.393  -29.881  47.472 0.0000000000
72906  44.975  -30.429  47.335 0.0000000000
72925  48.495  -29.027  46.235 0.0000000000
72926  47.883  -29.893  46.523 0.0000000000
72927  47.609  -29.885  46.736 0.0000000000
72936  48.502  -29.286  45.242 0.0000000000
72939  44.173  -30.856  45.615 0.0000000000
74140  47.419  -28.193  47.549 0.0000000000
74141  47.136  -28.212  47.517 0.0000000000
74153  46.035  -28.954  48.086 0.0000000000
74170  48.627  -28.495  46.334 0.0000000000
75377  47.499  -27.851  47.510 0.0000000000
75378  47.162  -27.949  47.491 0.0000000000
75379  46.822  -27.970  47.393 0.0000000000
75385  48.971  -27.332  47.418 0.0000000000
75387  47.860  -27.747  47.410 0.0000000000
75388  46.896  -28.247  47.485 0.0000000000
75396  49.085  -27.555  47.239 0.0000000000
75397  49.015  -28.062  47.612 0.0000000000
75402  48.881  -28.157  46.481 0.0000000000
75411  48.847  -28.264  46.340 0.0000000000
75412  48.457  -28.064  45.957 0.0000000000
75413  48.140  -27.635  45.425 0.0000000000
75422  47.844  -27.470  44.768 0.0000000000
76491  46.657  -27.772  47.312 0.0000000000
76505  46.906  -26.931  47.409 0.0000000000
76518  47.891  -26.819  46.267 0.0000000000
76569  51.701  -25.068  41.242 0.0000000000
76589  51.827  -25.181  41.098 0.0000000000
77657  47.645  -26.168  46.661 0.0000000000
77661  46.047  -26.450  47.052 0.0000000000
77678  45.867  -26.067  47.213 0.0000000000
77746  48.469  -25.835  43.935 0.0000000000
78843  47.299  -25.555  47.016 0.0000000000
78865  46.956  -24.964  46.626 0.0000000000
78866  46.039  -25.688  46.776 0.0000000000
78881  48.962  -25.195  45.709 0.0000000000
78892  51.119  -24.037  44.125 0.0000000000
78893  50.863  -24.104  44.099 0.0000000000
78895  45.689  -25.382  44.971 0.0000000000
78909  50.399  -24.169  43.785 0.0000000000
78923  51.920  -24.118  43.140 0.0000000000
78938  51.631  -24.002  42.107 0.0000000000
78939  51.226  -24.327  42.174 0.0000000000
78940  50.807  -24.731  42.222 0.0000000000
78952  52.661  -24.122  40.725 0.0000000000
78966  47.947  -23.922  40.306 0.0000000000
78967  47.807  -24.094  40.413 0.0000000000
78977  52.699  -24.820  39.205 0.0000000000
78979  47.704  -24.232  40.183 0.0000000000
80068  47.083  -24.250  46.205 0.0000000000
80107  49.355  -24.300  44.575 0.0000000000
80108  46.035  -24.718  44.453 0.0000000000
80129  51.636  -23.855  43.535 0.0000000000
80130  51.274  -23.868  43.947 0.0000000000
80131  49.819  -24.138  43.995 0.0000000000
80150  52.068  -23.858  42.779 0.0000000000
80151  51.987  -23.814  43.211 0.0000000000
80169  51.792  -23.857  41.802 0.0000000000
80188  53.000  -24.108  40.340 0.0000000000
80190  52.078  -23.534  41.380 0.0000000000
80209  53.155  -23.804  39.881 0.0000000000
80213  48.096  -23.950  40.529 0.0000000000
80227  53.996  -22.873  39.042 0.0000000000
80229  53.401  -23.842  39.167 0.0000000000
80230  49.953  -23.701  39.653 0.0000000000
80248  53.906  -23.203  38.547 0.0000000000
80271  54.289  -22.966  38.312 0.0000000000
81380  48.907  -23.823  45.865 0.0000000000
81381  48.537  -23.730  46.153 0.0000000000
81383  47.486  -23.837  46.146 0.0000000000
81399  49.442  -23.694  44.607 0.0000000000
81401  48.203  -23.524  45.915 0.0000000000
81402  47.780  -23.570  45.686 0.0000000000
81404  46.789  -24.393  45.249 0.0000000000
81418  50.480  -23.370  44.102 0.0000000000
81421  47.607  -23.680  45.035 0.0000000000
81440  51.453  -23.629  43.424 0.0000000000
81441  51.067  -23.572  43.720 0.0000000000
81443  47.779  -23.330  43.729 0.0000000000
81446  45.734  -24.541  43.849 0.0000000000
81455  51.892  -23.695  42.691 0.0000000000
81458  49.051  -23.184  42.692 0.0000000000
81495  52.295  -23.321  40.849 0.0000000000
81496  51.914  -23.258  41.335 0.0000000000
81501  47.369  -23.740  41.822 0.0000000000
81512  52.504  -23.134  40.200 0.0000000000
81516  49.780  -23.486  40.599 0.0000000000
81517  49.170  -23.636  40.868 0.0000000000
81525  54.086  -22.928  39.194 0.0000000000
81531  50.030  -23.502  40.178 0.0000000000
81537  54.142  -22.856  38.483 0.0000000000
82595  48.959  -23.488  44.822 0.0000000000
82611  50.445  -23.078  44.162 0.0000000000
82612  50.144  -23.096  44.313 0.0000000000
82615  48.074  -23.313  44.628 0.0000000000
82636  50.258  -22.747  43.983 0.0000000000
82640  47.293  -23.518  44.112 0.0000000000
82653  51.007  -23.350  42.987 0.0000000000
82654  50.873  -23.332  43.253 0.0000000000
82659  47.177  -23.535  43.689 0.0000000000
82668  50.882  -23.130  42.529 0.0000000000
82688  53.298  -22.872  39.521 0.0000000000
82700  53.741  -22.825  38.995 0.0000000000
82701  53.463  -22.774  39.210 0.0000000000
82717  53.901  -22.777  38.749 0.0000000000
82720  52.521  -22.284  37.659 0.0000000000
82721  52.269  -22.318  37.594 0.0000000000
82757  51.010  -21.830  36.080 0.0000000000
85080  55.911  -19.025  35.906 0.0000000000
86355  54.126  -19.140  36.131 0.0000000000
86417  56.971  -17.761  32.741 0.0000000000
87741  55.492  -18.205  35.978 0.0000000000
87758  57.028  -17.480  34.720 0.0000000000
87760  55.770  -17.586  35.560 0.0000000000
87783  58.875  -16.655  33.056 0.0000000000
87800  59.043  -16.478  32.760 0.0000000000
89067  57.235  -17.257  34.638 0.0000000000
89075  58.295  -16.872  34.153 0.0000000000
89100  59.188  -16.293  32.777 0.0000000000
89104  54.330  -16.644  33.204 0.0000000000
89123  58.766  -16.443  31.686 0.0000000000
89161  59.033  -16.105  30.688 0.0000000000
90379  57.828  -16.637  34.273 0.0000000000
90387  56.959  -16.322  33.679 0.0000000000
90388  55.211  -16.370  33.292 0.0000000000
90396  59.526  -16.012  32.450 0.0000000000
90397  59.183  -15.727  32.627 0.0000000000
90414  59.907  -15.404  31.073 0.0000000000
90416  59.593  -15.822  32.174 0.0000000000
90456  60.210  -15.085  30.312 0.0000000000
90457  60.023  -15.275  30.156 0.0000000000
91564  58.892  -15.499  32.246 0.0000000000
93983  59.708  -13.369  30.037 0.0000000000
94004  60.538  -12.782  27.314 0.0000000000
94026  61.211  -11.741  25.951 0.0000000000
