#!ascii label  , from subject 4001 vox2ras=TkReg
1601
49292  12.108  -47.825  53.479 0.0000000000
87866  45.166  -18.219  28.953 0.0000000000
63817  30.484  -38.132  44.494 0.0000000000
63723  40.342  -37.528  48.023 0.0000000000
63795  22.845  -36.915  44.709 0.0000000000
55599  20.042  -43.838  54.700 0.0000000000
97633  54.795  -9.828  21.264 0.0000000000
91618  56.464  -14.375  29.851 0.0000000000
75487  41.666  -27.623  39.393 0.0000000000
102856  57.846  -5.487  14.068 0.0000000000
63706  29.351  -37.336  49.483 0.0000000000
50406  16.376  -46.200  53.719 0.0000000000
95171  55.494  -11.489  26.169 0.0000000000
92870  50.318  -13.626  25.466 0.0000000000
82837  46.619  -21.881  32.955 0.0000000000
86410  50.898  -18.824  33.074 0.0000000000
80372  42.400  -24.144  33.118 0.0000000000
65045  37.914  -35.856  42.178 0.0000000000
62466  35.505  -38.502  45.583 0.0000000000
63693  25.471  -37.389  50.133 0.0000000000
58351  23.758  -40.610  54.540 0.0000000000
61170  21.233  -40.183  50.123 0.0000000000
57069  17.299  -42.258  49.577 0.0000000000
66272  26.833  -35.204  44.963 0.0000000000
100155  60.424  -7.168  20.982 0.0000000000
100113  61.193  -8.220  26.219 0.0000000000
90439  50.119  -15.969  29.526 0.0000000000
80219  42.780  -25.153  40.164 0.0000000000
68880  42.642  -33.132  43.569 0.0000000000
98873  56.503  -8.263  17.482 0.0000000000
100215  62.430  -7.100  16.232 0.0000000000
102880  63.542  -5.855  12.371 0.0000000000
63652  29.446  -36.712  52.334 0.0000000000
50408  14.276  -46.820  52.766 0.0000000000
48076  15.832  -48.628  56.511 0.0000000000
48079  12.810  -48.801  56.562 0.0000000000
95204  50.139  -12.065  23.175 0.0000000000
81600  47.145  -23.556  35.071 0.0000000000
82784  49.189  -22.531  35.253 0.0000000000
48085  6.746  -48.961  56.252 0.0000000000
81673  41.416  -22.705  30.559 0.0000000000
63858  32.043  -37.268  42.451 0.0000000000
63836  33.945  -37.319  42.981 0.0000000000
62483  32.775  -38.834  44.881 0.0000000000
63731  24.235  -37.133  47.482 0.0000000000
62410  23.323  -38.660  50.085 0.0000000000
62444  22.237  -38.437  47.465 0.0000000000
64997  24.733  -36.316  44.809 0.0000000000
63729  26.105  -36.866  47.900 0.0000000000
55613  22.135  -42.412  54.630 0.0000000000
97630  57.737  -9.114  21.301 0.0000000000
100133  60.794  -7.773  24.346 0.0000000000
97584  58.241  -9.540  23.951 0.0000000000
92838  56.309  -13.247  27.720 0.0000000000
95159  58.459  -11.482  27.698 0.0000000000
90496  44.938  -16.134  27.060 0.0000000000
91663  46.999  -15.330  27.289 0.0000000000
89169  47.889  -16.626  28.704 0.0000000000
77807  39.437  -25.798  37.975 0.0000000000
80261  40.502  -25.332  37.416 0.0000000000
77779  41.506  -25.966  40.313 0.0000000000
63807  39.841  -36.898  44.507 0.0000000000
66326  40.370  -34.602  42.283 0.0000000000
64993  41.969  -36.009  45.198 0.0000000000
97657  52.994  -9.685  19.641 0.0000000000
98876  53.570  -8.144  17.460 0.0000000000
97654  55.528  -8.801  19.010 0.0000000000
100194  58.504  -8.142  19.450 0.0000000000
102918  60.833  -5.310  10.348 0.0000000000
101605  59.613  -6.522  12.356 0.0000000000
101585  62.652  -6.312  13.901 0.0000000000
100247  59.876  -8.024  14.287 0.0000000000
63772  29.599  -37.468  46.908 0.0000000000
61209  32.019  -39.589  47.388 0.0000000000
62422  31.704  -38.916  50.051 0.0000000000
52747  18.261  -44.944  54.231 0.0000000000
50362  19.850  -46.995  58.035 0.0000000000
49242  17.862  -48.182  57.237 0.0000000000
97636  51.986  -10.322  21.343 0.0000000000
97587  55.123  -10.208  24.215 0.0000000000
96419  53.245  -11.040  23.658 0.0000000000
94029  53.217  -12.415  25.554 0.0000000000
92841  53.259  -14.008  27.103 0.0000000000
85158  45.728  -20.284  30.990 0.0000000000
86461  47.736  -18.771  30.537 0.0000000000
85130  48.524  -20.237  32.804 0.0000000000
73027  40.537  -29.252  38.352 0.0000000000
66188  42.081  -35.818  48.792 0.0000000000
49294  9.928  -47.946  53.409 0.0000000000
48095  10.597  -48.886  55.707 0.0000000000
48097  8.724  -49.078  55.298 0.0000000000
85206  42.536  -19.890  28.378 0.0000000000
84005  43.478  -21.444  30.626 0.0000000000
81646  44.413  -22.899  32.642 0.0000000000
80330  45.498  -24.132  35.765 0.0000000000
65048  35.141  -35.983  42.006 0.0000000000
63810  36.799  -37.331  43.918 0.0000000000
62450  38.018  -38.405  46.636 0.0000000000
59857  34.758  -40.306  46.639 0.0000000000
58467  37.926  -40.515  47.522 0.0000000000
63655  26.384  -37.305  52.007 0.0000000000
62352  25.888  -38.521  54.079 0.0000000000
61127  24.879  -38.650  52.500 0.0000000000
59768  22.798  -40.268  52.078 0.0000000000
57033  20.435  -42.127  52.035 0.0000000000
61214  19.993  -39.378  47.098 0.0000000000
58434  19.630  -40.839  49.378 0.0000000000
55650  18.603  -43.008  52.145 0.0000000000
54171  17.096  -44.230  51.962 0.0000000000
52789  14.974  -45.014  51.589 0.0000000000
50430  12.905  -46.157  51.471 0.0000000000
65054  28.881  -36.698  42.320 0.0000000000
67589  26.829  -34.358  42.204 0.0000000000
63793  28.348  -36.360  45.057 0.0000000000
64960  28.018  -36.539  46.980 0.0000000000
64913  27.574  -36.672  49.752 0.0000000000
98785  62.784  -8.103  25.059 0.0000000000
97556  58.376  -9.805  26.587 0.0000000000
92872  47.849  -14.308  24.933 0.0000000000
91659  50.286  -14.685  27.637 0.0000000000
91600  53.115  -15.340  30.018 0.0000000000
87827  50.279  -17.325  30.737 0.0000000000
90421  53.790  -16.093  31.658 0.0000000000
80358  39.776  -24.821  33.630 0.0000000000
80307  42.857  -25.046  36.302 0.0000000000
80236  45.180  -25.275  39.622 0.0000000000
68943  40.957  -32.460  40.565 0.0000000000
72979  42.397  -29.754  40.954 0.0000000000
67519  42.794  -33.097  46.181 0.0000000000
71641  43.753  -30.785  43.650 0.0000000000
75446  43.409  -27.641  41.834 0.0000000000
77748  43.766  -26.120  42.401 0.0000000000
80171  45.214  -25.036  42.381 0.0000000000
100231  57.304  -7.145  15.197 0.0000000000
98882  59.402  -9.097  17.045 0.0000000000
100176  61.576  -7.235  19.426 0.0000000000
63629  30.303  -37.169  53.803 0.0000000000
50397  13.025  -47.786  53.485 0.0000000000
49266  13.526  -48.327  55.045 0.0000000000
49267  12.296  -48.567  55.291 0.0000000000
80328  47.264  -23.934  36.600 0.0000000000
81577  48.701  -23.323  36.703 0.0000000000
49274  5.441  -47.198  55.917 0.0000000000
63839  30.874  -37.842  43.664 0.0000000000
63814  32.647  -38.300  43.897 0.0000000000
62498  31.968  -38.677  44.421 0.0000000000
63754  23.213  -37.372  46.384 0.0000000000
62443  22.928  -37.960  47.881 0.0000000000
62472  22.105  -38.273  45.903 0.0000000000
65034  23.891  -35.660  43.063 0.0000000000
63794  23.779  -36.592  44.705 0.0000000000
63752  24.917  -36.916  46.620 0.0000000000
55598  21.365  -43.210  54.861 0.0000000000
54096  20.805  -44.329  56.134 0.0000000000
97615  56.805  -9.751  22.056 0.0000000000
97598  58.483  -9.455  22.979 0.0000000000
97600  56.507  -10.071  23.155 0.0000000000
92826  56.449  -13.686  28.391 0.0000000000
92825  57.776  -13.344  28.543 0.0000000000
89199  45.032  -17.485  27.605 0.0000000000
89186  46.290  -16.789  28.175 0.0000000000
87865  46.237  -17.715  29.017 0.0000000000
75505  40.350  -26.862  38.392 0.0000000000
76623  40.088  -26.322  38.839 0.0000000000
77794  40.258  -25.886  39.225 0.0000000000
76613  41.407  -26.468  39.737 0.0000000000
63766  39.623  -37.568  46.123 0.0000000000
63783  41.095  -36.704  45.339 0.0000000000
63764  41.568  -36.615  46.260 0.0000000000
97645  53.896  -9.921  20.375 0.0000000000
97656  54.042  -9.547  19.248 0.0000000000
97632  56.024  -9.280  20.983 0.0000000000
98827  56.912  -8.976  20.655 0.0000000000
102883  58.780  -5.301  12.164 0.0000000000
101589  58.583  -6.704  13.434 0.0000000000
101588  59.835  -7.104  13.083 0.0000000000
101568  58.053  -6.946  13.922 0.0000000000
63727  29.246  -37.275  48.404 0.0000000000
62441  30.464  -38.294  48.891 0.0000000000
63705  30.446  -37.662  49.817 0.0000000000
51517  17.312  -45.845  54.593 0.0000000000
50374  18.278  -46.740  56.241 0.0000000000
49262  17.325  -47.384  55.551 0.0000000000
48052  14.358  -49.462  57.939 0.0000000000
48042  15.708  -49.599  58.493 0.0000000000
96446  51.506  -10.521  21.457 0.0000000000
96431  52.686  -10.738  22.802 0.0000000000
96432  51.593  -10.730  22.346 0.0000000000
94043  50.604  -12.441  24.166 0.0000000000
95192  51.764  -12.048  24.384 0.0000000000
94020  51.828  -13.168  25.600 0.0000000000
92853  53.788  -13.116  26.189 0.0000000000
92855  51.296  -13.749  26.008 0.0000000000
83984  45.798  -21.133  31.982 0.0000000000
85142  47.275  -20.091  32.113 0.0000000000
83963  47.679  -21.027  32.855 0.0000000000
97647  51.749  -9.820  20.375 0.0000000000
49283  9.256  -48.599  54.254 0.0000000000
48106  7.734  -48.735  54.349 0.0000000000
85207  41.503  -20.040  27.913 0.0000000000
84034  43.264  -20.429  29.673 0.0000000000
84036  41.801  -21.124  29.214 0.0000000000
81649  41.991  -23.358  31.914 0.0000000000
82864  42.835  -22.837  31.501 0.0000000000
81634  43.161  -23.540  32.923 0.0000000000
80352  45.286  -23.881  34.792 0.0000000000
80354  43.426  -23.917  34.400 0.0000000000
65075  33.580  -35.969  40.868 0.0000000000
63789  35.384  -37.618  44.554 0.0000000000
63811  35.717  -36.988  43.887 0.0000000000
63788  36.315  -37.464  44.741 0.0000000000
63768  37.760  -37.534  45.882 0.0000000000
62451  36.972  -38.378  46.339 0.0000000000
58429  32.684  -40.445  48.973 0.0000000000
59858  33.499  -40.345  47.432 0.0000000000
57103  34.183  -41.290  48.297 0.0000000000
58446  36.847  -41.784  47.762 0.0000000000
59831  38.651  -39.629  48.290 0.0000000000
63672  25.925  -37.155  51.015 0.0000000000
62368  25.546  -37.869  52.299 0.0000000000
62387  24.837  -37.798  51.261 0.0000000000
61184  22.238  -39.323  49.048 0.0000000000
61152  23.021  -39.440  51.298 0.0000000000
59791  21.760  -40.420  51.029 0.0000000000
58380  22.064  -41.211  52.440 0.0000000000
59792  20.887  -40.549  50.918 0.0000000000
62474  20.210  -38.613  45.358 0.0000000000
58436  17.563  -41.481  48.884 0.0000000000
58455  18.562  -40.717  47.976 0.0000000000
58417  18.549  -41.670  49.564 0.0000000000
57050  19.404  -42.255  50.875 0.0000000000
57051  18.317  -42.339  50.862 0.0000000000
55651  17.676  -43.370  51.917 0.0000000000
55690  17.106  -42.862  50.240 0.0000000000
51556  13.787  -45.603  51.071 0.0000000000
65079  29.261  -36.331  41.007 0.0000000000
66352  28.326  -35.521  40.476 0.0000000000
67568  26.010  -34.456  43.571 0.0000000000
66294  27.089  -34.671  44.032 0.0000000000
66293  27.720  -35.257  44.299 0.0000000000
66270  28.060  -35.323  45.359 0.0000000000
64978  28.172  -36.274  46.152 0.0000000000
66248  27.653  -35.573  45.969 0.0000000000
63709  25.946  -36.821  49.052 0.0000000000
64930  26.816  -36.609  48.776 0.0000000000
63691  26.582  -36.705  50.282 0.0000000000
63671  27.077  -36.912  51.081 0.0000000000
61102  24.748  -39.455  54.470 0.0000000000
46746  9.990  -49.610  57.158 0.0000000000
48056  10.962  -49.450  57.736 0.0000000000
101470  62.045  -6.156  22.421 0.0000000000
100122  60.979  -7.816  25.189 0.0000000000
101444  62.430  -7.339  25.012 0.0000000000
100120  62.419  -7.967  25.640 0.0000000000
98766  62.202  -8.771  27.657 0.0000000000
96408  55.522  -10.444  24.773 0.0000000000
97571  56.602  -10.497  25.057 0.0000000000
96383  56.815  -10.719  26.296 0.0000000000
96353  59.795  -10.819  28.310 0.0000000000
91627  48.703  -15.225  28.815 0.0000000000
91661  48.716  -14.989  27.516 0.0000000000
91625  50.108  -15.308  28.708 0.0000000000
91641  51.321  -14.769  28.269 0.0000000000
91601  52.239  -15.347  29.899 0.0000000000
86424  49.430  -18.724  31.948 0.0000000000
86439  49.290  -18.353  31.415 0.0000000000
87789  50.824  -18.319  32.669 0.0000000000
79045  39.073  -25.139  34.397 0.0000000000
80239  42.161  -24.983  39.100 0.0000000000
80282  41.932  -24.976  37.009 0.0000000000
80258  43.008  -24.896  38.322 0.0000000000
80280  43.795  -25.259  37.317 0.0000000000
80237  44.320  -24.921  39.634 0.0000000000
66347  36.600  -35.317  40.871 0.0000000000
66345  38.281  -34.652  40.889 0.0000000000
67603  41.395  -33.852  42.422 0.0000000000
67604  40.580  -33.736  41.719 0.0000000000
70248  42.189  -32.679  41.935 0.0000000000
71673  41.580  -31.173  40.656 0.0000000000
70266  42.496  -31.485  41.698 0.0000000000
67490  42.790  -34.054  47.720 0.0000000000
72946  44.545  -29.752  44.268 0.0000000000
72966  43.742  -29.126  42.691 0.0000000000
74206  44.048  -28.555  42.917 0.0000000000
75434  43.703  -27.090  42.444 0.0000000000
76550  44.672  -26.796  43.853 0.0000000000
98874  55.495  -8.136  17.575 0.0000000000
98885  56.530  -7.910  16.658 0.0000000000
98891  58.260  -8.181  15.677 0.0000000000
98872  57.621  -8.422  17.688 0.0000000000
100167  59.575  -7.543  20.374 0.0000000000
100178  59.704  -7.792  19.587 0.0000000000
101486  61.110  -6.780  20.662 0.0000000000
101492  62.623  -6.037  20.048 0.0000000000
102917  61.909  -5.447  10.405 0.0000000000
100228  62.271  -7.085  15.213 0.0000000000
101546  63.496  -6.058  16.253 0.0000000000
101528  62.912  -6.307  16.711 0.0000000000
63690  28.853  -37.062  50.310 0.0000000000
63688  30.497  -37.392  51.010 0.0000000000
63651  30.298  -36.989  52.506 0.0000000000
50407  15.587  -46.609  53.333 0.0000000000
50383  15.740  -47.342  54.924 0.0000000000
49253  14.731  -48.262  55.628 0.0000000000
48061  14.060  -48.993  57.218 0.0000000000
48053  13.418  -49.457  57.918 0.0000000000
94059  48.755  -12.753  23.293 0.0000000000
94045  48.871  -13.063  24.172 0.0000000000
81616  46.864  -23.000  34.263 0.0000000000
82812  47.578  -22.171  33.772 0.0000000000
81614  48.612  -22.943  35.163 0.0000000000
81576  49.619  -22.852  36.507 0.0000000000
49272  7.013  -47.734  54.838 0.0000000000
49273  5.910  -47.266  55.116 0.0000000000
48086  5.787  -48.474  56.447 0.0000000000
82908  40.759  -21.735  29.179 0.0000000000
80392  41.204  -23.842  31.997 0.0000000000
65050  33.350  -36.591  41.540 0.0000000000
63837  32.897  -37.535  43.166 0.0000000000
63813  33.756  -38.038  43.652 0.0000000000
62467  34.404  -38.619  45.296 0.0000000000
62427  24.409  -37.486  49.136 0.0000000000
62409  24.274  -38.345  50.007 0.0000000000
62428  23.291  -38.336  49.036 0.0000000000
62429  22.459  -38.546  48.282 0.0000000000
61198  21.730  -38.932  47.915 0.0000000000
55691  16.367  -43.032  49.464 0.0000000000
57090  15.376  -41.825  48.288 0.0000000000
66316  25.046  -35.158  43.130 0.0000000000
66273  26.213  -35.447  44.883 0.0000000000
64979  26.476  -35.865  46.130 0.0000000000
64964  25.546  -36.327  46.378 0.0000000000
63730  25.122  -37.072  47.673 0.0000000000
58352  22.978  -41.070  54.204 0.0000000000
98823  59.478  -7.902  21.758 0.0000000000
98813  60.391  -7.847  22.731 0.0000000000
98814  59.701  -8.271  22.338 0.0000000000
98799  59.619  -8.690  24.351 0.0000000000
98788  59.460  -8.691  25.264 0.0000000000
95162  56.092  -11.926  26.747 0.0000000000
95160  57.689  -11.393  27.186 0.0000000000
94006  57.389  -12.196  27.511 0.0000000000
93991  58.883  -12.576  28.979 0.0000000000
91678  45.591  -15.379  26.359 0.0000000000
90495  45.632  -15.778  27.189 0.0000000000
90482  47.712  -15.690  28.267 0.0000000000
89167  49.548  -16.223  29.302 0.0000000000
87788  51.834  -18.145  32.885 0.0000000000
80286  38.469  -25.382  36.657 0.0000000000
80310  39.772  -25.111  35.637 0.0000000000
78995  40.067  -25.427  37.879 0.0000000000
78983  41.241  -25.184  39.307 0.0000000000
78968  42.190  -25.457  40.406 0.0000000000
65009  38.824  -36.663  43.542 0.0000000000
66327  39.519  -35.314  42.157 0.0000000000
65007  40.395  -36.240  43.839 0.0000000000
66286  41.801  -35.101  44.127 0.0000000000
67557  42.476  -34.096  44.380 0.0000000000
98865  51.773  -8.209  18.189 0.0000000000
98877  52.776  -7.838  17.444 0.0000000000
98863  54.042  -8.920  18.377 0.0000000000
98862  55.074  -8.619  18.140 0.0000000000
98861  55.856  -8.443  18.415 0.0000000000
98860  56.935  -8.407  18.573 0.0000000000
98845  57.395  -8.339  19.628 0.0000000000
100169  58.150  -8.115  20.354 0.0000000000
104063  59.178  -4.741  11.736 0.0000000000
102898  60.372  -5.748  11.087 0.0000000000
101617  61.671  -6.527  11.944 0.0000000000
102881  63.047  -5.785  12.844 0.0000000000
101603  61.794  -6.622  12.898 0.0000000000
100265  61.630  -7.158  13.511 0.0000000000
100246  61.242  -7.816  14.597 0.0000000000
62486  30.175  -37.944  45.582 0.0000000000
61241  31.357  -38.870  45.847 0.0000000000
61228  30.680  -38.614  46.944 0.0000000000
61197  31.418  -38.976  48.567 0.0000000000
59801  32.543  -39.861  50.247 0.0000000000
54112  19.413  -44.498  54.680 0.0000000000
52702  20.049  -45.237  56.488 0.0000000000
51507  18.845  -45.865  56.415 0.0000000000
50363  19.270  -47.584  58.124 0.0000000000
49252  16.860  -48.317  56.831 0.0000000000
49230  17.364  -48.995  58.593 0.0000000000
97634  53.698  -10.025  21.440 0.0000000000
97601  55.386  -10.112  23.299 0.0000000000
97618  53.469  -10.356  22.515 0.0000000000
97603  53.835  -10.500  23.593 0.0000000000
97574  54.073  -10.916  25.238 0.0000000000
95202  51.498  -11.632  23.728 0.0000000000
95191  52.636  -11.761  24.670 0.0000000000
95173  54.017  -11.601  25.907 0.0000000000
94009  54.653  -12.697  26.724 0.0000000000
92827  55.036  -13.740  28.178 0.0000000000
91637  55.413  -14.343  28.901 0.0000000000
85194  45.591  -19.523  29.968 0.0000000000
86482  46.241  -18.410  29.530 0.0000000000
85175  46.893  -19.564  30.737 0.0000000000
86426  48.040  -19.571  31.763 0.0000000000
85129  49.322  -20.052  32.966 0.0000000000
83938  48.351  -21.470  33.680 0.0000000000
83961  49.797  -20.454  33.516 0.0000000000
85111  51.085  -19.988  34.195 0.0000000000
75503  41.322  -28.170  38.783 0.0000000000
63722  41.402  -36.671  48.255 0.0000000000
100182  50.979  -8.056  18.377 0.0000000000
98849  51.796  -9.255  19.062 0.0000000000
97646  52.874  -9.888  20.544 0.0000000000
105174  58.532  -3.438  14.423 0.0000000000
105175  57.781  -3.831  14.844 0.0000000000
49293  11.039  -47.946  53.423 0.0000000000
49268  11.090  -48.397  55.101 0.0000000000
49269  10.153  -48.745  54.970 0.0000000000
48096  9.690  -48.996  55.665 0.0000000000
46737  8.551  -49.598  57.636 0.0000000000
48084  7.894  -49.098  56.237 0.0000000000
87901  43.548  -17.817  27.246 0.0000000000
86517  42.792  -18.819  27.490 0.0000000000
86496  43.886  -18.897  28.407 0.0000000000
85196  43.938  -19.710  29.540 0.0000000000
84018  44.542  -20.596  30.611 0.0000000000
83985  45.260  -21.460  31.938 0.0000000000
82889  42.451  -21.866  29.937 0.0000000000
82878  43.772  -21.830  31.254 0.0000000000
82838  45.380  -22.359  32.738 0.0000000000
81617  45.979  -23.427  34.047 0.0000000000
80329  46.606  -23.901  35.999 0.0000000000
80303  46.586  -24.305  37.034 0.0000000000
65046  37.175  -36.146  41.849 0.0000000000
63855  34.627  -36.376  42.224 0.0000000000
65030  35.888  -36.619  42.333 0.0000000000
63832  37.842  -36.932  43.055 0.0000000000
63809  37.923  -36.927  43.926 0.0000000000
63767  38.671  -37.586  46.005 0.0000000000
63724  39.121  -37.817  47.626 0.0000000000
61240  32.021  -39.321  45.697 0.0000000000
61225  33.644  -39.387  45.815 0.0000000000
59875  35.242  -39.536  46.206 0.0000000000
57120  35.456  -41.635  47.547 0.0000000000
58468  36.673  -41.182  47.141 0.0000000000
61208  36.302  -38.943  46.303 0.0000000000
61195  38.017  -39.033  46.904 0.0000000000
61194  38.467  -38.696  47.740 0.0000000000
62421  39.677  -38.000  48.959 0.0000000000
63632  27.680  -37.442  53.531 0.0000000000
62359  26.010  -37.906  53.269 0.0000000000
61113  25.345  -38.626  53.406 0.0000000000
61115  23.952  -39.664  53.223 0.0000000000
62388  23.743  -38.563  50.876 0.0000000000
61128  23.857  -39.492  52.498 0.0000000000
59736  23.166  -40.582  53.554 0.0000000000
58367  22.200  -41.348  53.279 0.0000000000
57022  21.544  -42.164  53.576 0.0000000000
55633  20.524  -43.041  53.730 0.0000000000
62473  20.997  -37.980  45.862 0.0000000000
61213  21.119  -39.303  47.143 0.0000000000
61199  20.781  -39.541  48.163 0.0000000000
59843  18.885  -40.243  47.480 0.0000000000
59823  19.770  -40.480  48.913 0.0000000000
59822  20.352  -40.361  49.402 0.0000000000
58398  20.045  -41.813  50.794 0.0000000000
57024  19.910  -42.508  52.647 0.0000000000
55634  19.772  -43.048  53.356 0.0000000000
54150  18.453  -44.566  53.591 0.0000000000
52767  17.660  -44.817  53.580 0.0000000000
52768  16.845  -44.947  53.140 0.0000000000
55669  16.522  -43.465  50.713 0.0000000000
52788  15.742  -44.862  52.014 0.0000000000
51535  15.360  -46.077  52.553 0.0000000000
51536  14.461  -45.917  52.261 0.0000000000
50420  13.108  -46.396  52.067 0.0000000000
50421  11.991  -46.905  52.035 0.0000000000
50422  10.868  -47.162  51.904 0.0000000000
50423  9.743  -46.883  51.981 0.0000000000
65078  30.539  -36.007  40.799 0.0000000000
65053  30.021  -37.198  41.544 0.0000000000
62528  29.588  -37.438  43.224 0.0000000000
65055  28.042  -35.816  41.963 0.0000000000
63842  28.602  -36.401  43.896 0.0000000000
62502  29.312  -37.447  44.614 0.0000000000
63773  29.135  -37.126  46.500 0.0000000000
63749  29.215  -37.099  47.506 0.0000000000
64943  28.730  -36.874  48.211 0.0000000000
66211  27.313  -36.424  47.295 0.0000000000
64929  27.523  -36.534  48.890 0.0000000000
64912  28.112  -37.062  50.022 0.0000000000
63670  27.989  -36.591  51.400 0.0000000000
63654  27.461  -36.850  52.145 0.0000000000
48080  11.977  -48.783  56.379 0.0000000000
48046  12.115  -49.538  58.486 0.0000000000
101454  62.409  -6.836  23.974 0.0000000000
97585  57.326  -9.847  24.138 0.0000000000
98790  58.007  -9.446  25.668 0.0000000000
98768  60.419  -8.770  26.899 0.0000000000
96381  58.532  -10.256  27.020 0.0000000000
97544  60.020  -9.667  27.437 0.0000000000
98757  61.761  -8.819  27.890 0.0000000000
92905  47.486  -13.384  23.524 0.0000000000
92871  49.157  -13.905  25.273 0.0000000000
91676  47.548  -15.006  26.582 0.0000000000
91693  48.949  -14.647  26.083 0.0000000000
92856  50.109  -14.277  26.329 0.0000000000
92830  51.726  -14.484  27.667 0.0000000000
91639  53.400  -14.672  28.396 0.0000000000
91620  54.720  -14.798  29.516 0.0000000000
87846  47.183  -18.138  29.657 0.0000000000
87844  49.687  -17.329  30.136 0.0000000000
89144  50.609  -16.732  30.335 0.0000000000
87805  51.459  -17.525  32.220 0.0000000000
89127  51.954  -16.563  31.456 0.0000000000
90423  51.800  -16.014  30.479 0.0000000000
91582  53.371  -15.265  30.921 0.0000000000
91580  55.539  -15.265  31.172 0.0000000000
80374  40.472  -24.656  32.836 0.0000000000
80356  41.568  -24.616  33.981 0.0000000000
80309  40.886  -25.420  35.789 0.0000000000
80334  41.719  -25.025  34.975 0.0000000000
80333  42.699  -24.818  35.181 0.0000000000
80306  43.754  -24.935  36.339 0.0000000000
80279  44.924  -24.973  37.571 0.0000000000
80255  46.055  -25.018  38.736 0.0000000000
67605  39.748  -34.425  41.521 0.0000000000
70308  40.786  -31.235  39.619 0.0000000000
72995  41.880  -29.731  40.100 0.0000000000
74249  41.996  -28.692  39.836 0.0000000000
64958  42.237  -35.370  47.129 0.0000000000
66241  42.389  -34.650  46.342 0.0000000000
68865  42.665  -33.195  44.625 0.0000000000
70223  43.260  -31.943  45.142 0.0000000000
70234  43.288  -31.928  43.976 0.0000000000
71655  43.276  -30.821  42.799 0.0000000000
72978  42.876  -29.415  41.559 0.0000000000
75465  42.671  -27.813  40.585 0.0000000000
76595  42.443  -26.701  40.882 0.0000000000
77764  42.800  -26.213  41.215 0.0000000000
78954  43.511  -25.682  41.408 0.0000000000
77731  44.754  -26.094  43.631 0.0000000000
78941  44.379  -25.514  42.599 0.0000000000
80195  44.495  -24.988  41.370 0.0000000000
80194  45.515  -24.777  41.611 0.0000000000
104038  57.029  -4.642  14.619 0.0000000000
101570  57.066  -6.012  14.223 0.0000000000
98908  58.507  -7.782  14.884 0.0000000000
98906  60.107  -8.395  15.225 0.0000000000
98888  61.115  -8.409  16.442 0.0000000000
98858  58.990  -8.456  18.795 0.0000000000
98869  60.497  -8.754  18.125 0.0000000000
100202  61.983  -7.777  17.803 0.0000000000
101501  62.870  -6.018  18.900 0.0000000000
63621  28.117  -37.269  53.922 0.0000000000
63620  28.980  -36.981  53.926 0.0000000000
49291  12.710  -47.805  53.475 0.0000000000
49280  12.918  -48.298  53.995 0.0000000000
80276  47.595  -24.192  38.060 0.0000000000
81560  47.803  -23.968  37.477 0.0000000000
63840  30.439  -38.076  44.163 0.0000000000
63815  31.593  -38.161  44.040 0.0000000000
62499  31.211  -38.534  44.642 0.0000000000
63775  23.410  -36.943  45.662 0.0000000000
63776  22.592  -37.519  45.606 0.0000000000
55615  20.821  -43.318  54.453 0.0000000000
54110  21.040  -43.782  55.183 0.0000000000
54129  20.553  -43.773  54.884 0.0000000000
97616  55.670  -9.955  22.165 0.0000000000
92817  56.725  -14.064  29.289 0.0000000000
92816  57.440  -13.829  29.225 0.0000000000
92801  57.084  -14.035  29.850 0.0000000000
87899  44.947  -17.668  27.850 0.0000000000
87882  45.832  -17.264  28.247 0.0000000000
75488  40.911  -26.859  38.997 0.0000000000
76614  40.583  -26.296  39.325 0.0000000000
63744  39.921  -37.530  47.057 0.0000000000
63765  40.602  -37.202  46.243 0.0000000000
63743  41.039  -37.138  47.233 0.0000000000
97644  54.937  -9.572  20.155 0.0000000000
102868  58.245  -5.477  13.030 0.0000000000
101590  57.880  -6.004  13.582 0.0000000000
63726  29.809  -37.818  48.707 0.0000000000
50393  16.683  -46.136  54.308 0.0000000000
50382  16.964  -46.813  54.960 0.0000000000
96447  50.776  -10.805  21.494 0.0000000000
94032  50.478  -13.128  24.835 0.0000000000
94031  51.453  -12.724  24.948 0.0000000000
92869  51.000  -13.306  25.332 0.0000000000
82860  46.199  -21.390  32.363 0.0000000000
83983  46.745  -20.818  32.196 0.0000000000
83964  47.040  -21.283  32.616 0.0000000000
49284  8.010  -48.466  53.743 0.0000000000
85208  40.816  -20.111  27.562 0.0000000000
84051  40.800  -20.676  28.179 0.0000000000
84050  41.664  -20.602  28.551 0.0000000000
84037  41.108  -21.129  28.883 0.0000000000
80391  41.969  -23.889  32.402 0.0000000000
81648  42.806  -23.438  32.087 0.0000000000
80371  43.020  -23.767  33.644 0.0000000000
63771  35.157  -38.176  45.021 0.0000000000
63770  35.921  -37.941  45.238 0.0000000000
63769  36.828  -37.765  45.689 0.0000000000
62465  36.320  -38.274  45.708 0.0000000000
58428  33.155  -40.725  49.264 0.0000000000
58448  33.405  -40.790  48.264 0.0000000000
57080  33.999  -41.319  49.265 0.0000000000
63673  25.410  -37.374  50.543 0.0000000000
62386  25.667  -37.523  51.651 0.0000000000
61169  21.968  -39.843  50.323 0.0000000000
59808  21.269  -40.302  50.505 0.0000000000
58418  17.932  -41.949  49.459 0.0000000000
57068  18.164  -42.230  49.970 0.0000000000
57052  17.702  -42.533  50.355 0.0000000000
55668  17.490  -42.940  51.047 0.0000000000
66295  26.451  -34.835  44.189 0.0000000000
67567  26.537  -34.428  43.496 0.0000000000
66271  27.477  -35.090  45.157 0.0000000000
62425  25.690  -37.160  49.558 0.0000000000
63692  25.909  -37.100  50.013 0.0000000000
59734  24.181  -39.958  54.280 0.0000000000
45302  9.545  -50.480  58.604 0.0000000000
46728  9.891  -50.027  58.140 0.0000000000
101478  61.268  -6.548  21.295 0.0000000000
101477  61.846  -5.885  21.557 0.0000000000
101471  61.487  -6.445  21.928 0.0000000000
100121  61.849  -7.577  25.411 0.0000000000
100112  61.896  -7.949  26.677 0.0000000000
100111  62.240  -8.309  27.092 0.0000000000
100102  61.968  -8.408  27.632 0.0000000000
96398  55.449  -10.808  25.401 0.0000000000
96397  56.543  -10.599  25.600 0.0000000000
96384  56.176  -11.035  25.939 0.0000000000
90463  49.738  -15.605  29.131 0.0000000000
91626  49.322  -15.160  28.866 0.0000000000
90462  50.468  -15.569  29.242 0.0000000000
91624  50.872  -15.088  28.880 0.0000000000
90461  51.118  -15.436  29.340 0.0000000000
85138  50.285  -19.184  33.124 0.0000000000
86423  50.259  -18.679  32.581 0.0000000000
79027  39.046  -25.363  35.231 0.0000000000
80259  41.998  -24.967  38.002 0.0000000000
80238  43.345  -24.823  39.408 0.0000000000
66329  37.425  -35.462  41.490 0.0000000000
66346  37.617  -34.750  40.748 0.0000000000
66328  38.461  -35.209  41.426 0.0000000000
68898  42.237  -33.251  42.513 0.0000000000
68899  41.601  -33.202  41.706 0.0000000000
70247  42.726  -32.006  42.646 0.0000000000
72938  44.515  -30.209  45.251 0.0000000000
74195  44.687  -28.516  43.880 0.0000000000
75433  44.152  -27.451  43.022 0.0000000000
75424  44.704  -27.512  43.982 0.0000000000
100204  55.050  -7.342  17.098 0.0000000000
100203  55.889  -7.681  16.992 0.0000000000
100218  56.128  -7.593  16.225 0.0000000000
98884  57.336  -8.252  16.528 0.0000000000
100166  60.505  -7.374  20.248 0.0000000000
102896  62.665  -5.784  11.552 0.0000000000
102895  63.525  -5.734  11.116 0.0000000000
101547  62.921  -6.479  15.752 0.0000000000
63669  28.960  -36.868  51.344 0.0000000000
63668  30.000  -36.894  51.609 0.0000000000
50395  14.823  -47.371  54.198 0.0000000000
50384  15.115  -47.659  54.850 0.0000000000
49278  14.518  -47.840  54.461 0.0000000000
49255  13.190  -48.631  55.855 0.0000000000
49254  14.058  -48.294  55.770 0.0000000000
48078  13.674  -48.697  56.502 0.0000000000
48062  13.128  -48.953  57.286 0.0000000000
94074  47.834  -12.329  22.572 0.0000000000
92904  48.092  -13.208  23.467 0.0000000000
81615  47.873  -23.002  34.690 0.0000000000
81599  47.972  -23.641  35.791 0.0000000000
49286  6.657  -47.102  54.384 0.0000000000
48100  5.596  -47.769  55.974 0.0000000000
48087  5.231  -47.828  56.524 0.0000000000
65052  31.215  -36.674  41.791 0.0000000000
65051  32.321  -36.673  41.666 0.0000000000
63791  33.505  -38.433  44.337 0.0000000000
63790  34.433  -38.202  44.457 0.0000000000
62482  33.725  -38.486  44.915 0.0000000000
63711  24.490  -37.170  48.277 0.0000000000
62442  23.759  -37.493  48.225 0.0000000000
65012  24.239  -36.200  43.864 0.0000000000
65033  24.526  -35.594  43.283 0.0000000000
65011  24.996  -35.723  43.999 0.0000000000
66296  25.754  -35.183  43.902 0.0000000000
64996  25.519  -35.854  44.858 0.0000000000
64980  25.915  -35.844  45.783 0.0000000000
64981  25.154  -36.257  45.738 0.0000000000
63710  25.218  -37.125  48.591 0.0000000000
57009  22.490  -41.818  54.600 0.0000000000
55596  22.414  -42.411  55.197 0.0000000000
98824  59.022  -8.141  21.597 0.0000000000
97612  59.093  -8.737  22.376 0.0000000000
98808  59.100  -9.209  23.726 0.0000000000
98800  58.896  -9.185  24.674 0.0000000000
94007  56.443  -12.666  27.312 0.0000000000
93998  57.184  -12.990  27.882 0.0000000000
92824  58.431  -13.028  28.706 0.0000000000
90509  44.615  -15.729  26.482 0.0000000000
90508  45.176  -15.734  26.831 0.0000000000
89170  47.046  -16.721  28.615 0.0000000000
90483  46.949  -15.963  27.987 0.0000000000
90466  47.567  -16.100  28.459 0.0000000000
90465  48.248  -15.766  28.698 0.0000000000
89168  48.803  -16.671  28.906 0.0000000000
79008  38.663  -25.404  37.116 0.0000000000
80285  39.257  -25.229  36.747 0.0000000000
78996  39.309  -25.515  37.567 0.0000000000
78970  40.782  -25.551  39.451 0.0000000000
78969  41.456  -25.574  39.963 0.0000000000
78956  41.893  -25.720  40.573 0.0000000000
65008  39.561  -36.561  43.701 0.0000000000
65006  41.207  -36.098  44.428 0.0000000000
66263  42.184  -34.854  45.322 0.0000000000
98848  53.198  -9.253  18.851 0.0000000000
98864  52.736  -8.526  18.127 0.0000000000
97655  55.051  -9.465  19.200 0.0000000000
97663  54.544  -9.379  18.801 0.0000000000
97661  55.365  -8.717  18.559 0.0000000000
98846  56.278  -8.485  19.303 0.0000000000
98826  57.542  -8.770  20.842 0.0000000000
100159  57.591  -8.484  20.540 0.0000000000
100158  57.904  -8.296  20.747 0.0000000000
100157  58.447  -7.861  21.024 0.0000000000
101619  59.811  -6.078  11.548 0.0000000000
101618  60.565  -6.457  11.678 0.0000000000
101604  60.743  -7.082  12.630 0.0000000000
100267  59.382  -7.460  13.677 0.0000000000
100266  60.515  -7.443  13.474 0.0000000000
62471  29.737  -37.593  46.235 0.0000000000
62470  30.196  -38.109  46.614 0.0000000000
62440  31.075  -38.518  49.043 0.0000000000
61179  31.818  -39.248  49.261 0.0000000000
61165  32.129  -39.367  50.349 0.0000000000
52731  18.718  -45.164  54.940 0.0000000000
52717  19.024  -45.238  55.680 0.0000000000
51515  18.635  -45.506  55.629 0.0000000000
49250  18.333  -47.158  56.502 0.0000000000
50373  18.557  -46.755  56.739 0.0000000000
49234  18.599  -47.837  57.721 0.0000000000
49228  18.735  -48.287  58.513 0.0000000000
49235  17.846  -48.370  58.130 0.0000000000
48092  15.499  -48.359  55.876 0.0000000000
49263  16.499  -47.980  55.641 0.0000000000
48059  16.102  -48.832  57.464 0.0000000000
97635  52.676  -10.222  21.372 0.0000000000
96430  53.349  -10.673  23.107 0.0000000000
97589  53.933  -10.744  24.450 0.0000000000
96409  53.433  -11.264  24.694 0.0000000000
95213  49.819  -11.725  22.611 0.0000000000
96422  50.774  -11.506  22.967 0.0000000000
95203  50.803  -11.854  23.449 0.0000000000
95183  52.222  -12.220  24.967 0.0000000000
95182  52.872  -12.046  25.235 0.0000000000
96400  53.826  -11.233  25.496 0.0000000000
95181  53.516  -11.832  25.517 0.0000000000
94018  54.448  -12.287  26.273 0.0000000000
94019  53.788  -12.325  25.833 0.0000000000
92840  54.507  -13.266  27.148 0.0000000000
92828  54.060  -14.188  27.823 0.0000000000
86463  46.004  -19.272  29.909 0.0000000000
85176  46.048  -19.683  30.446 0.0000000000
83982  47.435  -20.496  32.315 0.0000000000
85140  48.936  -19.637  32.373 0.0000000000
82811  48.789  -22.131  34.544 0.0000000000
83912  50.292  -21.283  34.795 0.0000000000
83936  50.587  -20.512  34.147 0.0000000000
85110  51.510  -19.875  34.680 0.0000000000
74277  40.443  -28.651  38.084 0.0000000000
75522  40.250  -28.157  37.848 0.0000000000
74265  41.016  -28.708  38.491 0.0000000000
98850  50.615  -8.409  19.189 0.0000000000
98836  51.028  -9.232  19.768 0.0000000000
96460  51.641  -10.370  20.919 0.0000000000
105163  58.247  -3.153  15.023 0.0000000000
49282  10.536  -48.353  54.217 0.0000000000
49270  9.499  -48.991  55.002 0.0000000000
48083  9.006  -49.159  56.469 0.0000000000
46747  9.480  -49.386  56.993 0.0000000000
48099  6.370  -48.226  55.585 0.0000000000
48098  7.530  -48.655  55.192 0.0000000000
85222  41.962  -19.397  27.607 0.0000000000
86518  41.694  -18.622  27.207 0.0000000000
86497  43.298  -19.126  28.154 0.0000000000
86485  44.085  -19.135  28.906 0.0000000000
85205  43.452  -19.416  28.790 0.0000000000
84020  42.877  -21.186  30.104 0.0000000000
84019  43.806  -20.642  30.244 0.0000000000
84004  44.191  -21.182  30.887 0.0000000000
84003  45.014  -20.899  31.415 0.0000000000
82877  44.402  -21.515  31.378 0.0000000000
82890  41.656  -22.172  29.752 0.0000000000
82880  41.856  -22.525  30.599 0.0000000000
81647  43.736  -23.033  32.396 0.0000000000
82863  43.424  -22.615  31.644 0.0000000000
82862  44.674  -22.211  31.901 0.0000000000
82839  44.836  -22.623  32.599 0.0000000000
81631  45.714  -22.807  33.424 0.0000000000
81632  44.784  -22.951  33.264 0.0000000000
80304  45.728  -24.561  36.729 0.0000000000
65073  35.466  -35.691  41.150 0.0000000000
65072  35.992  -35.585  41.081 0.0000000000
65047  36.231  -36.096  41.546 0.0000000000
63856  34.063  -36.761  42.249 0.0000000000
63835  35.060  -37.077  42.663 0.0000000000
63834  36.256  -37.261  42.930 0.0000000000
65029  36.748  -36.765  42.314 0.0000000000
63833  37.265  -37.248  43.029 0.0000000000
63747  37.518  -37.925  46.339 0.0000000000
63746  38.290  -37.940  46.442 0.0000000000
63745  39.094  -37.968  46.726 0.0000000000
63725  38.705  -38.336  46.914 0.0000000000
61227  31.363  -39.019  46.620 0.0000000000
61226  32.385  -39.507  46.583 0.0000000000
59877  33.268  -39.778  46.695 0.0000000000
59876  34.205  -39.835  46.322 0.0000000000
61224  34.798  -39.163  45.805 0.0000000000
58445  37.506  -41.339  47.873 0.0000000000
59856  36.157  -39.940  46.333 0.0000000000
59855  37.576  -39.798  46.914 0.0000000000
61207  37.163  -39.070  46.519 0.0000000000
59832  38.475  -39.198  47.916 0.0000000000
62437  38.753  -38.023  48.229 0.0000000000
63642  26.902  -37.443  52.991 0.0000000000
62358  26.595  -37.740  53.467 0.0000000000
63643  26.154  -37.534  52.701 0.0000000000
62369  25.063  -38.227  51.945 0.0000000000
61126  25.483  -38.288  52.868 0.0000000000
61114  24.510  -39.329  53.525 0.0000000000
61129  23.267  -39.827  52.085 0.0000000000
59767  23.311  -40.078  52.541 0.0000000000
59752  22.961  -40.648  52.920 0.0000000000
58366  22.826  -40.902  53.494 0.0000000000
59753  22.446  -40.879  52.496 0.0000000000
58381  21.348  -41.474  52.309 0.0000000000
58368  21.416  -41.753  53.100 0.0000000000
57023  20.730  -42.307  53.090 0.0000000000
61230  20.647  -39.060  46.196 0.0000000000
61200  19.977  -39.306  47.862 0.0000000000
59866  18.066  -39.713  46.552 0.0000000000
58435  18.895  -41.052  48.872 0.0000000000
59824  19.287  -40.564  48.204 0.0000000000
59810  20.025  -40.631  49.600 0.0000000000
58415  20.460  -40.838  50.621 0.0000000000
58416  19.752  -41.295  50.093 0.0000000000
57035  18.791  -42.553  51.468 0.0000000000
57034  19.482  -42.453  51.915 0.0000000000
55649  19.290  -42.856  52.646 0.0000000000
55635  18.817  -43.683  52.941 0.0000000000
54170  17.526  -43.916  52.452 0.0000000000
54151  17.748  -44.224  53.004 0.0000000000
54152  17.099  -44.342  52.660 0.0000000000
52787  16.453  -44.646  52.472 0.0000000000
54173  15.132  -44.648  51.100 0.0000000000
54172  15.523  -44.727  51.432 0.0000000000
52769  15.797  -45.114  52.759 0.0000000000
52770  15.161  -45.422  52.146 0.0000000000
52771  14.534  -45.518  51.805 0.0000000000
51545  13.191  -46.063  51.537 0.0000000000
51544  13.756  -45.814  51.698 0.0000000000
50431  12.332  -46.338  51.373 0.0000000000
50432  11.263  -46.503  51.324 0.0000000000
50433  10.320  -46.534  51.433 0.0000000000
65080  28.512  -36.222  41.362 0.0000000000
63860  29.696  -37.475  42.537 0.0000000000
63861  29.214  -37.149  42.949 0.0000000000
67613  26.980  -34.429  41.472 0.0000000000
66331  27.520  -35.109  41.394 0.0000000000
66314  27.249  -34.978  42.786 0.0000000000
65010  28.191  -35.771  44.704 0.0000000000
65032  28.212  -36.090  43.431 0.0000000000
63819  28.431  -36.242  44.314 0.0000000000
63818  28.776  -36.758  44.378 0.0000000000
62487  29.473  -37.544  45.537 0.0000000000
63792  28.668  -37.026  45.482 0.0000000000
64977  28.492  -36.679  46.376 0.0000000000
64959  28.666  -36.760  47.292 0.0000000000
64944  28.111  -36.637  48.069 0.0000000000
63750  26.211  -36.453  47.177 0.0000000000
64962  26.711  -36.281  46.758 0.0000000000
64946  26.764  -36.429  47.740 0.0000000000
64914  26.993  -36.424  49.637 0.0000000000
64928  28.179  -36.828  49.047 0.0000000000
64896  28.302  -36.851  50.766 0.0000000000
64897  27.702  -36.703  50.572 0.0000000000
63641  28.060  -37.185  52.893 0.0000000000
51501  19.908  -45.716  56.975 0.0000000000
52701  20.606  -45.056  56.777 0.0000000000
50361  20.463  -46.446  57.873 0.0000000000
48094  11.418  -48.764  55.757 0.0000000000
48081  11.064  -49.156  56.388 0.0000000000
46723  11.263  -50.153  58.927 0.0000000000
48055  11.663  -49.376  58.016 0.0000000000
46726  11.574  -49.736  58.604 0.0000000000
46722  12.069  -50.064  58.870 0.0000000000
45289  12.275  -50.434  59.214 0.0000000000
100141  60.839  -7.641  23.347 0.0000000000
100140  61.581  -6.979  22.903 0.0000000000
100132  61.641  -7.227  24.179 0.0000000000
100131  62.657  -7.397  24.932 0.0000000000
97586  56.278  -10.427  24.320 0.0000000000
97557  57.754  -9.777  26.136 0.0000000000
97570  57.409  -10.136  25.309 0.0000000000
98778  58.440  -9.333  26.201 0.0000000000
98777  59.402  -8.946  26.111 0.0000000000
98769  59.276  -9.253  26.771 0.0000000000
96369  58.334  -10.836  27.217 0.0000000000
96368  59.176  -10.578  27.660 0.0000000000
96367  59.998  -10.296  27.953 0.0000000000
97532  60.958  -9.523  27.981 0.0000000000
97543  60.697  -9.156  27.501 0.0000000000
97531  61.599  -9.500  27.948 0.0000000000
98756  62.001  -8.985  28.032 0.0000000000
92887  47.141  -13.817  24.210 0.0000000000
92886  48.307  -13.475  24.174 0.0000000000
91677  46.643  -15.110  26.423 0.0000000000
91660  49.497  -14.817  27.612 0.0000000000
91674  49.272  -14.590  26.798 0.0000000000
91673  49.906  -14.624  27.071 0.0000000000
92857  49.411  -14.407  26.088 0.0000000000
92844  50.350  -14.594  27.015 0.0000000000
92843  51.025  -14.489  27.109 0.0000000000
92831  51.253  -14.604  27.744 0.0000000000
91622  52.731  -14.944  29.215 0.0000000000
91640  52.314  -14.707  28.298 0.0000000000
91621  53.729  -14.873  29.347 0.0000000000
87828  49.432  -17.947  30.925 0.0000000000
87843  50.200  -17.048  30.221 0.0000000000
89125  53.456  -16.589  32.181 0.0000000000
89106  53.039  -17.065  32.420 0.0000000000
89126  52.845  -16.621  31.792 0.0000000000
90422  52.725  -15.946  31.121 0.0000000000
91583  52.606  -15.363  30.609 0.0000000000
80375  39.591  -24.766  32.669 0.0000000000
80357  40.633  -24.660  33.821 0.0000000000
80284  40.206  -25.272  36.642 0.0000000000
80283  41.108  -25.446  36.796 0.0000000000
80281  42.797  -25.290  37.266 0.0000000000
80308  41.900  -25.352  36.011 0.0000000000
80332  43.611  -24.545  35.383 0.0000000000
78993  44.741  -25.255  39.193 0.0000000000
80256  45.145  -25.245  38.572 0.0000000000
67606  39.190  -34.863  41.376 0.0000000000
68921  40.975  -33.141  40.883 0.0000000000
67626  40.509  -33.581  40.969 0.0000000000
68944  40.154  -32.833  40.139 0.0000000000
70287  40.287  -32.202  39.701 0.0000000000
70286  40.855  -31.792  40.141 0.0000000000
71672  42.268  -30.842  41.219 0.0000000000
71685  41.956  -30.481  40.524 0.0000000000
64942  41.934  -36.028  48.604 0.0000000000
63721  41.889  -36.348  47.843 0.0000000000
66203  42.501  -35.339  47.915 0.0000000000
68834  42.858  -33.478  46.830 0.0000000000
67520  42.732  -33.701  46.478 0.0000000000
67539  42.534  -33.816  45.481 0.0000000000
68850  42.691  -33.064  45.303 0.0000000000
71626  44.169  -30.544  44.494 0.0000000000
71612  43.767  -31.382  45.549 0.0000000000
71627  43.688  -31.222  44.692 0.0000000000
70246  43.301  -31.403  43.239 0.0000000000
72955  43.556  -30.228  43.015 0.0000000000
74217  43.601  -28.621  42.300 0.0000000000
72967  43.235  -29.693  42.373 0.0000000000
74218  43.192  -28.719  41.739 0.0000000000
74227  42.996  -28.843  40.952 0.0000000000
75464  43.117  -28.224  41.254 0.0000000000
75447  42.840  -27.193  41.239 0.0000000000
76560  43.881  -26.636  42.728 0.0000000000
76576  43.534  -26.741  42.101 0.0000000000
77763  43.447  -26.230  41.709 0.0000000000
78943  43.307  -25.897  41.409 0.0000000000
78942  43.757  -25.632  42.055 0.0000000000
76539  44.956  -26.707  44.717 0.0000000000
77713  45.100  -26.009  44.364 0.0000000000
80135  44.950  -25.286  43.520 0.0000000000
80152  44.951  -24.865  42.989 0.0000000000
80172  44.381  -25.320  42.162 0.0000000000
105176  57.079  -3.852  14.939 0.0000000000
100207  52.460  -7.158  17.473 0.0000000000
100206  53.201  -7.272  17.125 0.0000000000
101549  56.866  -6.516  15.019 0.0000000000
102842  56.370  -5.715  14.593 0.0000000000
101548  57.301  -6.739  14.895 0.0000000000
100250  57.721  -7.200  14.677 0.0000000000
100230  57.936  -7.551  15.090 0.0000000000
98883  58.382  -8.551  16.792 0.0000000000
98890  59.222  -8.541  15.973 0.0000000000
98889  60.194  -8.576  16.220 0.0000000000
98881  60.399  -9.027  17.089 0.0000000000
98859  58.088  -8.262  18.933 0.0000000000
100193  58.864  -8.133  19.348 0.0000000000
100177  60.754  -7.631  19.552 0.0000000000
98856  60.857  -8.111  19.000 0.0000000000
98855  61.287  -8.015  18.720 0.0000000000
98868  61.333  -8.227  18.341 0.0000000000
100190  61.641  -7.632  18.745 0.0000000000
100189  62.450  -6.959  18.252 0.0000000000
101502  62.106  -6.797  18.995 0.0000000000
102795  63.040  -5.835  19.722 0.0000000000
104078  60.132  -4.707  10.388 0.0000000000
105235  60.371  -4.097  9.697 0.0000000000
104101  60.479  -4.602  9.908 0.0000000000
101602  62.616  -6.175  13.221 0.0000000000
63630  29.421  -36.898  53.690 0.0000000000
50396  13.674  -47.669  53.574 0.0000000000
49279  14.060  -48.073  54.301 0.0000000000
81578  47.931  -23.838  36.905 0.0000000000
63859  30.780  -37.544  42.652 0.0000000000
63838  31.828  -37.769  43.307 0.0000000000
62455  23.470  -37.505  47.237 0.0000000000
62456  22.674  -37.965  46.738 0.0000000000
62457  21.887  -38.456  46.594 0.0000000000
63774  24.322  -36.675  45.707 0.0000000000
63753  23.901  -37.051  46.553 0.0000000000
55614  21.604  -42.734  54.315 0.0000000000
55584  22.202  -42.945  55.590 0.0000000000
54109  21.513  -43.378  55.230 0.0000000000
54095  21.724  -43.528  55.812 0.0000000000
54081  21.701  -44.231  56.875 0.0000000000
97631  57.149  -9.297  21.263 0.0000000000
97614  57.911  -9.374  21.990 0.0000000000
97599  57.532  -9.713  23.065 0.0000000000
92815  58.585  -13.450  29.410 0.0000000000
89188  45.156  -16.524  27.232 0.0000000000
90485  45.413  -16.232  27.416 0.0000000000
89187  45.568  -16.960  27.533 0.0000000000
87864  47.529  -17.410  29.053 0.0000000000
77818  39.353  -26.360  38.032 0.0000000000
77806  39.662  -25.990  38.438 0.0000000000
78985  39.746  -25.631  38.144 0.0000000000
77793  40.955  -25.924  39.696 0.0000000000
63784  40.159  -37.076  45.374 0.0000000000
63806  40.579  -36.672  44.673 0.0000000000
97643  55.779  -9.139  19.774 0.0000000000
98834  56.592  -8.747  20.119 0.0000000000
101606  58.774  -6.039  12.494 0.0000000000
100268  58.737  -7.352  13.873 0.0000000000
63748  29.703  -37.637  47.652 0.0000000000
62454  30.319  -38.310  47.784 0.0000000000
62424  30.812  -38.192  49.438 0.0000000000
62423  31.307  -38.356  49.891 0.0000000000
52732  17.861  -45.342  54.612 0.0000000000
51516  18.085  -45.980  55.318 0.0000000000
50381  17.820  -46.823  55.679 0.0000000000
49251  17.871  -47.725  56.159 0.0000000000
48060  15.097  -49.159  57.175 0.0000000000
97619  52.327  -10.364  22.061 0.0000000000
97620  51.847  -10.415  21.838 0.0000000000
96420  52.119  -11.177  23.386 0.0000000000
94057  50.373  -12.236  23.586 0.0000000000
95193  51.177  -12.026  24.021 0.0000000000
94030  52.447  -12.686  25.458 0.0000000000
92868  53.139  -12.959  25.714 0.0000000000
92854  52.571  -13.499  26.059 0.0000000000
84002  46.055  -20.651  31.501 0.0000000000
85157  46.376  -20.115  31.113 0.0000000000
82783  49.750  -21.937  35.103 0.0000000000
96461  51.099  -10.433  20.754 0.0000000000
49295  8.863  -47.796  53.365 0.0000000000
48105  8.213  -48.875  54.485 0.0000000000
85197  43.127  -19.979  29.170 0.0000000000
84049  42.164  -20.600  28.839 0.0000000000
84035  42.566  -20.643  29.311 0.0000000000
81659  41.703  -22.987  31.242 0.0000000000
81658  42.389  -22.955  31.529 0.0000000000
81633  43.851  -23.398  33.307 0.0000000000
81618  45.044  -23.328  34.068 0.0000000000
81619  44.274  -23.432  33.979 0.0000000000
80353  44.355  -23.918  34.681 0.0000000000
80331  44.543  -24.411  35.546 0.0000000000
65074  34.593  -35.634  40.879 0.0000000000
63812  34.771  -37.577  43.681 0.0000000000
63787  37.311  -37.386  44.924 0.0000000000
59835  32.448  -40.220  48.411 0.0000000000
59859  32.539  -39.890  47.410 0.0000000000
59834  33.007  -40.569  48.140 0.0000000000
58471  33.745  -40.745  47.785 0.0000000000
58470  34.239  -40.877  47.401 0.0000000000
57099  38.045  -41.849  48.316 0.0000000000
58466  38.460  -40.120  48.009 0.0000000000
61150  24.803  -38.417  51.812 0.0000000000
61168  22.731  -39.103  50.204 0.0000000000
62389  23.196  -38.929  50.630 0.0000000000
61153  22.384  -40.076  50.939 0.0000000000
59790  22.434  -40.220  51.428 0.0000000000
59769  22.047  -40.809  51.853 0.0000000000
59770  21.261  -40.847  51.494 0.0000000000
58397  20.538  -41.282  51.219 0.0000000000
61215  18.962  -39.358  46.375 0.0000000000
58456  17.728  -40.788  48.144 0.0000000000
59844  17.875  -40.459  47.360 0.0000000000
57067  18.928  -42.147  50.161 0.0000000000
55667  18.165  -42.791  51.514 0.0000000000
55652  17.029  -43.571  51.448 0.0000000000
52810  14.642  -44.921  50.987 0.0000000000
52790  14.296  -45.381  51.269 0.0000000000
66315  27.033  -34.527  43.264 0.0000000000
64994  28.364  -36.392  45.751 0.0000000000
64995  28.211  -35.897  45.545 0.0000000000
66247  28.024  -35.820  46.042 0.0000000000
66231  27.625  -36.342  46.586 0.0000000000
64931  26.445  -36.684  48.335 0.0000000000
63708  26.437  -36.641  49.582 0.0000000000
64898  27.172  -36.509  50.292 0.0000000000
48082  10.077  -49.292  56.466 0.0000000000
48065  10.667  -49.493  57.094 0.0000000000
46735  10.293  -49.641  57.736 0.0000000000
46727  10.753  -49.803  58.453 0.0000000000
98786  62.574  -8.783  25.735 0.0000000000
98775  62.438  -8.800  26.723 0.0000000000
96407  56.061  -10.545  25.038 0.0000000000
96396  57.214  -10.273  26.037 0.0000000000
95148  59.218  -11.643  28.551 0.0000000000
92873  46.853  -14.565  24.827 0.0000000000
91645  48.245  -15.337  28.199 0.0000000000
91662  47.892  -15.189  27.389 0.0000000000
91644  49.039  -15.163  28.272 0.0000000000
91643  49.782  -14.996  28.258 0.0000000000
91642  50.543  -14.881  28.275 0.0000000000
91623  51.701  -14.973  29.179 0.0000000000
86425  48.545  -19.336  31.766 0.0000000000
86440  48.732  -18.642  31.112 0.0000000000
87807  49.647  -18.198  31.563 0.0000000000
87806  50.553  -17.876  31.850 0.0000000000
79061  38.998  -25.222  33.279 0.0000000000
80336  39.922  -24.953  34.566 0.0000000000
80260  41.208  -25.119  37.667 0.0000000000
79007  43.292  -25.422  36.936 0.0000000000
80257  44.188  -24.870  38.671 0.0000000000
78981  44.681  -25.213  39.456 0.0000000000
66309  41.188  -34.750  42.925 0.0000000000
66325  40.831  -34.160  42.390 0.0000000000
70267  41.678  -32.046  41.301 0.0000000000
66204  42.581  -35.285  48.181 0.0000000000
67475  42.834  -34.523  48.234 0.0000000000
68805  42.979  -33.442  47.576 0.0000000000
68820  42.921  -33.396  47.216 0.0000000000
71640  44.238  -30.235  43.879 0.0000000000
72954  44.059  -29.642  43.270 0.0000000000
75445  44.001  -28.063  42.376 0.0000000000
76559  44.333  -26.566  43.225 0.0000000000
98875  54.576  -8.135  17.576 0.0000000000
100205  54.159  -7.454  17.085 0.0000000000
100233  55.809  -7.310  15.841 0.0000000000
100217  56.833  -7.741  15.941 0.0000000000
98892  57.508  -7.845  15.661 0.0000000000
100179  58.887  -7.819  19.781 0.0000000000
100165  61.422  -7.004  20.118 0.0000000000
101493  62.149  -6.521  19.723 0.0000000000
102942  61.439  -5.109  10.008 0.0000000000
102916  62.951  -4.992  10.185 0.0000000000
101567  62.821  -6.335  14.763 0.0000000000
102841  63.831  -5.987  15.725 0.0000000000
63689  29.690  -37.232  50.611 0.0000000000
63667  30.664  -37.316  51.929 0.0000000000
63638  30.623  -37.303  53.278 0.0000000000
50394  15.984  -46.678  54.298 0.0000000000
49264  15.322  -48.007  55.345 0.0000000000
48093  15.055  -48.303  55.783 0.0000000000
49265  14.579  -48.114  54.902 0.0000000000
48077  14.728  -48.552  56.311 0.0000000000
48044  13.680  -49.870  58.665 0.0000000000
95214  48.932  -11.805  22.596 0.0000000000
95205  49.471  -12.119  23.077 0.0000000000
94058  49.814  -12.439  23.622 0.0000000000
94044  49.520  -12.975  24.421 0.0000000000
82813  46.820  -22.359  33.738 0.0000000000
81598  49.024  -23.067  35.806 0.0000000000
81597  49.765  -22.573  35.688 0.0000000000
49285  7.321  -47.570  53.849 0.0000000000
80412  41.192  -23.482  31.305 0.0000000000
63857  33.124  -37.117  42.294 0.0000000000
62408  25.050  -37.620  50.047 0.0000000000
61183  22.876  -38.817  49.628 0.0000000000
61185  21.152  -40.148  49.374 0.0000000000
59845  17.209  -40.644  47.506 0.0000000000
58437  16.773  -41.507  48.591 0.0000000000
57088  16.860  -41.810  49.010 0.0000000000
57070  16.570  -42.242  49.147 0.0000000000
55715  16.103  -42.370  49.029 0.0000000000
66249  27.022  -35.532  45.930 0.0000000000
64963  26.091  -36.219  46.562 0.0000000000
63751  25.664  -36.597  47.088 0.0000000000
100148  59.833  -7.763  21.834 0.0000000000
100147  60.677  -7.292  22.080 0.0000000000
98806  60.267  -8.194  23.142 0.0000000000
97597  59.214  -9.026  22.826 0.0000000000
98807  59.743  -8.647  23.400 0.0000000000
98798  60.284  -8.220  23.930 0.0000000000
98787  60.235  -8.263  24.842 0.0000000000
98776  60.258  -8.420  25.789 0.0000000000
95170  56.416  -11.327  26.475 0.0000000000
95161  56.836  -11.746  27.016 0.0000000000
94005  57.963  -11.905  27.594 0.0000000000
93997  58.214  -12.450  28.128 0.0000000000
91664  46.268  -15.494  26.931 0.0000000000
90484  46.026  -16.210  27.630 0.0000000000
91646  47.519  -15.420  27.897 0.0000000000
90464  49.024  -15.617  29.000 0.0000000000
86409  51.496  -19.077  33.601 0.0000000000
80337  38.097  -25.370  35.843 0.0000000000
80262  39.853  -25.333  37.276 0.0000000000
78984  40.401  -25.437  38.676 0.0000000000
80241  40.643  -25.191  38.060 0.0000000000
80240  41.185  -24.927  38.516 0.0000000000
78982  41.924  -25.286  39.806 0.0000000000
65027  38.345  -36.524  42.847 0.0000000000
65044  38.692  -35.786  42.322 0.0000000000
65026  39.291  -36.202  42.848 0.0000000000
66311  39.802  -35.791  42.762 0.0000000000
66310  40.357  -35.494  42.938 0.0000000000
66287  40.987  -35.523  43.657 0.0000000000
67580  41.950  -34.022  43.322 0.0000000000
98847  53.738  -9.321  18.782 0.0000000000
98844  57.912  -8.281  19.406 0.0000000000
98833  57.240  -8.526  20.366 0.0000000000
100181  57.889  -8.319  19.966 0.0000000000
100180  58.218  -8.164  19.720 0.0000000000
100168  58.737  -7.757  20.419 0.0000000000
100156  59.476  -7.605  21.257 0.0000000000
104062  59.680  -4.264  11.162 0.0000000000
102919  60.211  -5.288  10.741 0.0000000000
102900  59.168  -5.270  11.747 0.0000000000
102899  59.641  -5.262  11.230 0.0000000000
102897  61.343  -5.886  11.146 0.0000000000
101616  62.461  -6.159  12.503 0.0000000000
101586  62.210  -6.571  13.425 0.0000000000
100280  61.075  -7.315  13.097 0.0000000000
100264  62.232  -6.764  13.732 0.0000000000
100245  62.244  -6.986  14.246 0.0000000000
100229  61.679  -7.792  15.788 0.0000000000
62500  30.570  -38.267  44.855 0.0000000000
62485  30.825  -38.542  45.539 0.0000000000
62469  30.874  -38.632  46.305 0.0000000000
61210  31.484  -39.234  47.552 0.0000000000
62453  30.932  -38.692  48.220 0.0000000000
61211  30.908  -38.813  47.429 0.0000000000
61196  31.810  -39.648  48.092 0.0000000000
59817  32.495  -40.020  49.517 0.0000000000
63704  30.991  -37.752  50.623 0.0000000000
62406  31.385  -38.199  51.044 0.0000000000
62405  31.786  -38.719  50.662 0.0000000000
62383  32.272  -39.212  51.951 0.0000000000
61147  32.182  -38.960  50.968 0.0000000000
63796  22.012  -37.450  44.454 0.0000000000
55600  19.776  -43.957  54.584 0.0000000000
54111  20.027  -44.099  55.306 0.0000000000
52716  19.760  -45.085  55.921 0.0000000000
51506  19.635  -45.477  56.465 0.0000000000
51502  19.393  -46.188  57.048 0.0000000000
50368  19.029  -46.794  57.394 0.0000000000
50358  19.382  -47.897  58.506 0.0000000000
48050  16.369  -49.023  58.201 0.0000000000
49243  17.012  -48.524  57.793 0.0000000000
97617  54.545  -9.965  22.394 0.0000000000
97602  54.451  -10.136  23.428 0.0000000000
97572  54.876  -10.324  24.911 0.0000000000
96399  54.569  -10.757  25.228 0.0000000000
95180  54.776  -11.078  25.445 0.0000000000
96433  50.538  -11.300  22.372 0.0000000000
96421  51.138  -11.190  23.145 0.0000000000
95201  52.159  -11.673  24.005 0.0000000000
96410  52.767  -11.477  24.030 0.0000000000
96386  54.059  -10.969  25.863 0.0000000000
95172  54.609  -11.457  25.872 0.0000000000
94017  54.939  -11.858  26.342 0.0000000000
94008  55.266  -12.405  26.816 0.0000000000
92839  55.681  -13.230  27.546 0.0000000000
92852  54.378  -12.863  26.569 0.0000000000
91636  56.165  -14.316  29.180 0.0000000000
87867  44.750  -18.494  28.831 0.0000000000
86483  45.674  -18.805  29.529 0.0000000000
86462  46.513  -18.825  30.038 0.0000000000
85174  47.483  -19.538  31.121 0.0000000000
85156  46.916  -19.929  31.607 0.0000000000
85155  47.617  -19.728  31.703 0.0000000000
86441  48.057  -19.319  31.291 0.0000000000
85139  49.740  -19.381  32.645 0.0000000000
83939  47.742  -21.569  33.400 0.0000000000
83962  48.833  -20.702  33.372 0.0000000000
82810  49.431  -21.693  34.627 0.0000000000
83937  49.470  -21.208  34.177 0.0000000000
83960  50.332  -20.149  33.567 0.0000000000
85127  50.774  -19.657  33.597 0.0000000000
85126  51.357  -19.594  34.073 0.0000000000
75523  39.591  -27.662  37.660 0.0000000000
75504  40.838  -27.766  38.313 0.0000000000
63702  40.550  -37.071  48.932 0.0000000000
63701  41.052  -36.710  48.861 0.0000000000
64925  41.244  -36.383  48.948 0.0000000000
98835  51.499  -9.446  19.757 0.0000000000
97658  52.343  -9.614  19.939 0.0000000000
104037  57.920  -4.590  14.520 0.0000000000
49281  11.666  -48.329  54.221 0.0000000000
46736  9.442  -49.626  57.590 0.0000000000
49271  7.464  -48.326  54.313 0.0000000000
48067  8.213  -49.172  57.146 0.0000000000
46730  8.084  -50.122  58.092 0.0000000000
90497  44.138  -16.265  26.761 0.0000000000
89200  44.546  -16.997  27.139 0.0000000000
87900  44.548  -17.888  27.751 0.0000000000
86516  43.763  -18.545  27.802 0.0000000000
86495  44.414  -18.689  28.654 0.0000000000
86484  44.687  -18.911  29.197 0.0000000000
85195  44.923  -19.534  29.787 0.0000000000
85177  45.184  -20.089  30.474 0.0000000000
85178  44.472  -20.105  30.133 0.0000000000
82861  45.642  -21.725  32.335 0.0000000000
82907  41.324  -21.525  29.264 0.0000000000
84021  42.260  -21.377  29.669 0.0000000000
82879  42.691  -22.316  30.743 0.0000000000
81630  46.398  -22.701  33.678 0.0000000000
80351  46.249  -23.724  34.937 0.0000000000
80277  46.710  -24.469  37.943 0.0000000000
66330  36.884  -35.758  41.431 0.0000000000
65049  34.230  -36.099  41.744 0.0000000000
65028  37.575  -36.605  42.525 0.0000000000
63808  38.938  -36.925  44.371 0.0000000000
63786  38.279  -37.241  45.127 0.0000000000
63785  39.246  -37.303  45.257 0.0000000000
62484  31.591  -39.126  45.034 0.0000000000
61239  32.899  -39.146  45.648 0.0000000000
62468  33.505  -38.841  45.314 0.0000000000
61223  35.638  -38.931  46.058 0.0000000000
57102  34.802  -41.728  48.364 0.0000000000
57121  34.647  -41.365  47.654 0.0000000000
58469  35.296  -41.004  46.916 0.0000000000
59874  35.828  -39.262  46.244 0.0000000000
62452  36.176  -38.599  45.961 0.0000000000
62439  37.796  -38.692  46.673 0.0000000000
59833  38.300  -39.244  47.309 0.0000000000
62438  38.503  -38.524  47.226 0.0000000000
63703  39.667  -37.775  48.422 0.0000000000
62351  26.538  -38.032  53.748 0.0000000000
61101  25.239  -39.109  54.058 0.0000000000
59750  23.933  -39.840  53.642 0.0000000000
61151  24.218  -38.757  51.684 0.0000000000
59751  23.537  -40.078  53.191 0.0000000000
59735  23.542  -40.292  53.935 0.0000000000
58353  22.358  -41.470  54.093 0.0000000000
57010  22.061  -41.980  54.082 0.0000000000
55632  21.106  -42.788  53.761 0.0000000000
63777  21.767  -37.908  45.232 0.0000000000
61229  21.352  -38.852  46.521 0.0000000000
61212  21.683  -38.792  47.159 0.0000000000
59865  19.291  -39.683  47.198 0.0000000000
59842  19.780  -39.839  48.020 0.0000000000
59841  20.380  -40.130  48.762 0.0000000000
59809  20.603  -40.467  50.138 0.0000000000
57049  20.116  -42.153  51.290 0.0000000000
55616  20.050  -43.503  54.237 0.0000000000
55617  19.387  -44.062  53.880 0.0000000000
54131  18.896  -44.719  54.212 0.0000000000
55636  18.035  -43.580  52.534 0.0000000000
52766  18.023  -44.867  53.862 0.0000000000
52749  17.229  -45.260  53.807 0.0000000000
51524  16.943  -45.628  54.152 0.0000000000
50405  16.671  -45.880  53.968 0.0000000000
54188  16.505  -44.154  51.387 0.0000000000
54189  15.801  -44.356  50.889 0.0000000000
52809  16.039  -44.633  51.483 0.0000000000
52808  16.388  -44.541  51.871 0.0000000000
51534  16.161  -45.802  53.128 0.0000000000
50419  13.838  -46.122  52.310 0.0000000000
50409  12.814  -47.385  52.912 0.0000000000
50410  11.538  -47.416  52.770 0.0000000000
50411  10.418  -47.439  52.716 0.0000000000
50412  9.410  -47.278  52.771 0.0000000000
50424  9.022  -46.685  52.345 0.0000000000
50413  8.534  -46.840  52.940 0.0000000000
62512  30.437  -37.753  43.287 0.0000000000
62513  29.926  -37.888  43.770 0.0000000000
65031  28.698  -36.443  43.061 0.0000000000
62529  29.287  -37.095  43.334 0.0000000000
62514  29.411  -37.109  43.801 0.0000000000
62501  30.061  -37.891  44.717 0.0000000000
64927  28.748  -37.187  48.910 0.0000000000
66232  27.271  -36.120  46.387 0.0000000000
66212  27.157  -36.371  46.948 0.0000000000
64961  27.600  -36.482  47.197 0.0000000000
64945  27.446  -36.449  47.884 0.0000000000
63707  28.615  -37.143  49.555 0.0000000000
63653  28.476  -36.692  52.227 0.0000000000
52715  20.278  -44.812  56.248 0.0000000000
52700  21.257  -44.982  57.230 0.0000000000
49256  12.574  -48.710  56.020 0.0000000000
48064  11.457  -49.246  57.149 0.0000000000
48063  12.262  -49.010  57.259 0.0000000000
48054  12.552  -49.370  57.933 0.0000000000
46721  12.929  -50.198  59.040 0.0000000000
100146  61.472  -6.662  22.334 0.0000000000
101463  62.266  -6.657  23.253 0.0000000000
97569  58.143  -9.628  24.923 0.0000000000
98789  58.712  -9.219  25.539 0.0000000000
95169  57.096  -11.127  26.704 0.0000000000
96382  57.737  -10.505  26.620 0.0000000000
97545  58.942  -9.708  27.124 0.0000000000
100103  61.443  -8.339  27.239 0.0000000000
98767  62.021  -8.714  27.892 0.0000000000
92885  48.949  -13.279  24.547 0.0000000000
94033  49.879  -13.444  24.960 0.0000000000
91695  47.216  -14.761  25.699 0.0000000000
91675  48.410  -14.806  26.733 0.0000000000
91694  48.222  -14.746  25.814 0.0000000000
92842  52.081  -14.248  26.828 0.0000000000
91657  52.462  -14.474  27.494 0.0000000000
91656  52.989  -14.602  27.743 0.0000000000
92829  53.454  -14.440  27.730 0.0000000000
91638  54.391  -14.429  28.702 0.0000000000
91619  55.650  -14.644  29.700 0.0000000000
87847  46.543  -18.287  29.543 0.0000000000
87829  48.785  -18.152  30.621 0.0000000000
87845  48.532  -17.714  29.876 0.0000000000
87863  48.254  -17.242  28.917 0.0000000000
89146  49.432  -17.030  29.444 0.0000000000
89145  50.096  -16.655  29.788 0.0000000000
90438  50.941  -16.152  29.715 0.0000000000
89093  52.617  -17.423  32.839 0.0000000000
89107  52.068  -17.052  32.326 0.0000000000
89108  51.422  -17.165  31.786 0.0000000000
89128  51.079  -16.842  31.033 0.0000000000
90424  51.111  -16.445  30.391 0.0000000000
90437  51.569  -15.550  29.723 0.0000000000
91581  54.441  -15.358  31.062 0.0000000000
91599  54.073  -15.245  30.181 0.0000000000
91598  55.067  -14.987  30.369 0.0000000000
91597  56.090  -14.868  30.459 0.0000000000
91596  57.119  -14.465  30.596 0.0000000000
79099  40.651  -24.382  32.271 0.0000000000
80373  41.376  -24.522  32.881 0.0000000000
79026  39.484  -25.248  34.967 0.0000000000
80335  40.738  -24.906  34.815 0.0000000000
80355  42.480  -24.387  34.223 0.0000000000
80305  44.737  -24.820  36.498 0.0000000000
80278  45.843  -24.721  37.753 0.0000000000
67627  39.884  -33.753  40.709 0.0000000000
71705  40.826  -30.677  39.260 0.0000000000
71686  41.328  -30.748  39.978 0.0000000000
73015  40.910  -29.646  38.897 0.0000000000
73014  41.686  -29.410  39.371 0.0000000000
63742  41.854  -36.312  47.287 0.0000000000
64976  42.125  -35.657  46.264 0.0000000000
66224  42.572  -34.628  47.322 0.0000000000
70198  43.451  -32.440  46.518 0.0000000000
70211  43.424  -32.189  45.943 0.0000000000
68849  42.897  -32.672  45.709 0.0000000000
68864  42.882  -32.537  44.831 0.0000000000
68879  42.935  -32.673  44.115 0.0000000000
70235  42.938  -32.446  43.555 0.0000000000
71656  42.911  -30.840  41.976 0.0000000000
72968  42.617  -30.065  41.687 0.0000000000
74228  42.388  -28.964  40.464 0.0000000000
76612  42.018  -26.932  40.223 0.0000000000
76596  41.817  -26.356  40.484 0.0000000000
77778  42.065  -26.060  40.850 0.0000000000
76577  43.070  -26.782  41.477 0.0000000000
78955  42.725  -25.744  40.960 0.0000000000
80197  42.790  -25.488  40.654 0.0000000000
80196  43.590  -25.487  41.073 0.0000000000
76549  44.791  -27.095  44.305 0.0000000000
77747  44.215  -26.069  42.981 0.0000000000
78912  45.127  -25.516  43.900 0.0000000000
78927  44.637  -25.605  43.180 0.0000000000
78928  44.147  -25.740  42.642 0.0000000000
80173  43.789  -25.465  41.711 0.0000000000
80218  43.880  -25.112  40.365 0.0000000000
80217  44.776  -24.706  40.528 0.0000000000
80216  45.756  -24.761  40.617 0.0000000000
102857  57.266  -5.305  14.383 0.0000000000
101569  57.627  -6.639  14.284 0.0000000000
100249  58.183  -7.327  14.239 0.0000000000
100248  58.937  -7.771  14.289 0.0000000000
98907  59.106  -8.293  14.979 0.0000000000
98905  60.917  -8.308  15.609 0.0000000000
100216  61.845  -7.758  16.796 0.0000000000
98871  58.620  -8.625  17.897 0.0000000000
98870  59.513  -8.837  18.032 0.0000000000
98857  59.862  -8.388  18.958 0.0000000000
97667  59.906  -9.123  17.577 0.0000000000
98880  61.305  -8.463  17.420 0.0000000000
100201  62.391  -6.939  17.230 0.0000000000
101512  62.991  -6.268  17.722 0.0000000000
45283  11.833  -50.932  59.627 0.0000000000
45301  10.159  -50.264  58.574 0.0000000000
46720  13.657  -50.108  59.159 0.0000000000
48045  12.781  -49.729  58.520 0.0000000000
48066  8.937  -49.303  57.213 0.0000000000
49227  19.588  -48.115  58.800 0.0000000000
49236  17.206  -48.806  58.379 0.0000000000
49241  18.469  -47.449  56.939 0.0000000000
50366  20.280  -46.075  57.420 0.0000000000
50367  19.828  -46.387  57.438 0.0000000000
51508  18.187  -46.278  55.983 0.0000000000
51533  16.737  -45.640  53.626 0.0000000000
52730  19.458  -44.891  55.255 0.0000000000
52733  17.375  -45.384  54.292 0.0000000000
52748  17.715  -45.085  54.086 0.0000000000
54082  21.104  -44.643  56.758 0.0000000000
54097  20.105  -44.426  56.014 0.0000000000
54130  20.286  -43.731  54.692 0.0000000000
55597  21.888  -42.977  55.074 0.0000000000
57100  37.141  -42.155  48.167 0.0000000000
57122  34.202  -41.156  47.825 0.0000000000
58427  33.751  -40.992  48.642 0.0000000000
58447  33.891  -40.975  48.028 0.0000000000
58449  32.894  -40.620  48.615 0.0000000000
59816  32.887  -40.204  49.983 0.0000000000
59853  38.527  -39.658  48.039 0.0000000000
59854  38.322  -39.727  47.519 0.0000000000
59864  19.802  -39.486  47.643 0.0000000000
61180  31.422  -38.726  49.193 0.0000000000
62407  25.500  -37.350  49.826 0.0000000000
62426  25.312  -37.303  49.354 0.0000000000
62527  30.081  -37.678  43.067 0.0000000000
63728  26.468  -36.482  47.416 0.0000000000
63816  30.885  -38.144  44.300 0.0000000000
63841  28.920  -36.672  43.403 0.0000000000
64910  41.345  -36.495  49.352 0.0000000000
64940  42.379  -35.527  47.805 0.0000000000
64941  42.268  -35.874  47.873 0.0000000000
64947  26.479  -36.663  48.019 0.0000000000
64957  42.429  -35.301  47.641 0.0000000000
65025  39.916  -36.085  43.198 0.0000000000
66205  42.148  -35.928  48.486 0.0000000000
66223  42.554  -35.117  47.780 0.0000000000
66230  27.943  -36.345  46.353 0.0000000000
66250  26.512  -35.532  45.572 0.0000000000
67504  42.939  -33.921  47.098 0.0000000000
67538  42.733  -33.255  45.842 0.0000000000
67566  26.810  -34.479  43.422 0.0000000000
68833  42.887  -32.883  46.570 0.0000000000
68922  40.406  -33.369  40.629 0.0000000000
72996  41.423  -30.091  39.449 0.0000000000
74194  44.842  -27.893  44.322 0.0000000000
74264  41.549  -28.711  39.055 0.0000000000
75489  40.441  -26.531  38.941 0.0000000000
76540  44.889  -26.361  44.149 0.0000000000
78980  44.882  -25.416  39.470 0.0000000000
78994  44.459  -24.971  39.240 0.0000000000
79006  43.532  -25.259  36.782 0.0000000000
79024  43.275  -25.165  36.630 0.0000000000
79025  43.042  -25.342  36.756 0.0000000000
79078  40.880  -24.445  32.407 0.0000000000
79079  40.562  -24.497  32.457 0.0000000000
79098  40.805  -24.244  32.151 0.0000000000
80153  44.778  -25.232  43.059 0.0000000000
80302  47.283  -24.048  37.332 0.0000000000
80311  38.679  -25.379  35.963 0.0000000000
80393  40.314  -24.295  32.021 0.0000000000
81660  41.072  -23.213  30.832 0.0000000000
82836  47.394  -21.649  33.258 0.0000000000
83913  49.734  -21.525  34.675 0.0000000000
84001  46.527  -20.394  31.586 0.0000000000
85128  50.073  -19.852  33.176 0.0000000000
85141  47.977  -19.970  32.257 0.0000000000
86460  48.458  -18.338  30.526 0.0000000000
86515  44.295  -18.471  28.179 0.0000000000
87883  45.253  -17.660  28.195 0.0000000000
87884  44.750  -18.235  28.432 0.0000000000
90494  46.379  -15.749  27.411 0.0000000000
91658  50.895  -14.675  27.830 0.0000000000
92867  53.507  -12.723  25.794 0.0000000000
93999  56.608  -13.186  27.800 0.0000000000
94021  51.405  -13.239  25.468 0.0000000000
94042  51.252  -12.305  24.361 0.0000000000
95135  59.373  -12.241  29.128 0.0000000000
95179  55.090  -11.274  25.631 0.0000000000
95190  53.265  -11.595  25.155 0.0000000000
95212  50.447  -11.727  22.890 0.0000000000
96385  54.266  -11.012  25.504 0.0000000000
97530  61.894  -9.515  27.845 0.0000000000
97533  60.425  -10.001  27.916 0.0000000000
97558  54.108  -10.816  25.499 0.0000000000
97559  54.016  -10.814  25.696 0.0000000000
97573  54.346  -10.591  25.006 0.0000000000
97588  54.443  -10.386  24.300 0.0000000000
97613  58.648  -9.021  22.352 0.0000000000
97662  55.007  -9.134  18.578 0.0000000000
97668  59.551  -9.048  17.530 0.0000000000
97672  59.845  -9.216  17.216 0.0000000000
97673  59.618  -9.149  17.318 0.0000000000
98758  61.213  -8.793  27.607 0.0000000000
98770  58.761  -9.480  26.655 0.0000000000
98779  57.799  -9.492  25.881 0.0000000000
98815  58.839  -8.617  21.993 0.0000000000
98816  58.415  -8.933  21.910 0.0000000000
98825  58.244  -8.646  21.370 0.0000000000
98842  60.612  -7.889  19.307 0.0000000000
98843  60.329  -7.978  19.329 0.0000000000
100092  61.913  -8.596  27.822 0.0000000000
100093  61.701  -8.548  27.707 0.0000000000
100101  62.150  -8.468  27.518 0.0000000000
100119  62.713  -7.821  25.126 0.0000000000
100170  57.683  -8.369  20.279 0.0000000000
100191  61.213  -7.682  19.219 0.0000000000
100192  59.306  -8.205  19.233 0.0000000000
100279  61.333  -7.101  12.979 0.0000000000
101445  62.261  -7.123  24.622 0.0000000000
101587  60.352  -7.225  13.062 0.0000000000
102882  59.272  -5.766  11.921 0.0000000000
104077  60.579  -4.858  10.037 0.0000000000
104100  61.058  -4.649  9.672 0.0000000000
