#!ascii label  , from subject 4001 vox2ras=TkReg
1371
61024  15.727  -38.889  63.627 0.0000000000
66238  7.031  -35.141  46.523 0.0000000000
55521  8.338  -41.731  62.522 0.0000000000
66093  9.604  -33.503  60.460 0.0000000000
72866  4.855  -29.374  52.745 0.0000000000
56917  12.492  -40.456  63.591 0.0000000000
63529  10.569  -36.237  65.894 0.0000000000
58286  20.031  -39.173  61.850 0.0000000000
54044  15.806  -41.590  61.290 0.0000000000
52663  10.709  -43.345  60.671 0.0000000000
74033  7.829  -28.587  61.497 0.0000000000
68709  7.790  -30.856  56.726 0.0000000000
76413  7.789  -26.477  57.767 0.0000000000
58302  5.377  -40.412  59.035 0.0000000000
63604  7.911  -37.440  56.805 0.0000000000
62271  9.941  -37.993  62.853 0.0000000000
68625  8.380  -32.508  64.350 0.0000000000
66131  10.891  -34.789  53.618 0.0000000000
70167  10.159  -30.409  49.400 0.0000000000
74178  4.575  -28.098  46.598 0.0000000000
77620  6.512  -25.575  51.738 0.0000000000
58250  14.763  -40.202  64.061 0.0000000000
62246  13.669  -37.071  64.543 0.0000000000
59646  18.074  -39.538  62.214 0.0000000000
55531  17.247  -40.677  61.730 0.0000000000
55501  16.184  -40.548  62.908 0.0000000000
54018  14.497  -41.022  63.327 0.0000000000
75298  8.032  -27.844  59.792 0.0000000000
56946  6.968  -40.558  61.269 0.0000000000
61046  6.549  -38.874  61.099 0.0000000000
59652  7.953  -39.360  63.169 0.0000000000
68614  12.182  -32.741  66.497 0.0000000000
66048  9.871  -33.863  65.484 0.0000000000
52644  9.632  -42.557  61.916 0.0000000000
51490  9.031  -43.401  60.451 0.0000000000
52658  7.566  -42.153  61.012 0.0000000000
55552  5.724  -41.187  59.429 0.0000000000
62303  10.414  -37.059  58.944 0.0000000000
64869  8.989  -36.554  55.507 0.0000000000
66106  10.927  -34.601  57.235 0.0000000000
71495  6.272  -29.948  54.635 0.0000000000
71504  9.215  -30.406  53.081 0.0000000000
71528  7.279  -30.124  51.471 0.0000000000
72920  7.165  -29.270  47.345 0.0000000000
72883  5.096  -29.458  50.093 0.0000000000
55499  10.710  -41.606  63.692 0.0000000000
59634  9.265  -39.217  64.886 0.0000000000
59623  12.281  -38.314  64.737 0.0000000000
66030  12.780  -34.579  65.511 0.0000000000
59679  20.387  -38.533  59.705 0.0000000000
59704  18.520  -37.578  57.930 0.0000000000
56956  18.371  -39.277  59.542 0.0000000000
55558  16.302  -40.890  59.681 0.0000000000
52650  13.480  -42.513  60.969 0.0000000000
52623  12.043  -42.604  62.461 0.0000000000
68648  7.611  -31.932  61.488 0.0000000000
67385  8.343  -32.452  59.111 0.0000000000
70002  6.349  -30.713  59.735 0.0000000000
71431  5.894  -29.654  57.824 0.0000000000
74108  5.098  -27.699  55.872 0.0000000000
63559  16.444  -37.438  61.386 0.0000000000
64842  22.365  -34.447  58.381 0.0000000000
66063  22.624  -33.881  60.495 0.0000000000
62265  20.840  -37.004  61.787 0.0000000000
62278  18.577  -37.438  61.341 0.0000000000
59709  5.663  -39.973  56.398 0.0000000000
161215  5.634  -37.803  56.166 0.0000000000
61061  6.394  -39.147  58.454 0.0000000000
62298  9.154  -38.512  60.317 0.0000000000
64825  10.061  -35.582  61.629 0.0000000000
62258  10.160  -36.653  64.064 0.0000000000
66062  9.388  -34.869  63.753 0.0000000000
67347  8.354  -33.569  63.033 0.0000000000
71381  7.911  -30.333  63.262 0.0000000000
66136  6.813  -36.778  53.850 0.0000000000
66159  8.521  -35.784  51.709 0.0000000000
66198  9.871  -34.945  49.618 0.0000000000
70060  10.640  -32.192  55.504 0.0000000000
67467  11.906  -32.870  50.978 0.0000000000
67531  10.220  -33.241  46.818 0.0000000000
71636  8.565  -30.936  44.484 0.0000000000
74198  6.140  -28.673  43.707 0.0000000000
78735  5.933  -24.209  56.611 0.0000000000
77570  4.672  -25.340  54.419 0.0000000000
80002  5.414  -23.429  53.592 0.0000000000
76470  4.362  -26.954  52.200 0.0000000000
76515  4.375  -27.087  48.994 0.0000000000
59627  15.235  -40.072  64.001 0.0000000000
62252  14.215  -37.875  64.011 0.0000000000
62269  14.691  -37.536  63.488 0.0000000000
61021  16.924  -38.941  62.901 0.0000000000
56936  17.061  -40.393  62.314 0.0000000000
58268  16.270  -39.733  63.609 0.0000000000
56912  16.043  -40.444  64.029 0.0000000000
64987  5.382  -35.447  45.900 0.0000000000
67534  6.105  -34.430  45.438 0.0000000000
55522  7.853  -41.124  62.026 0.0000000000
59664  7.021  -39.914  62.502 0.0000000000
58275  7.732  -40.403  63.122 0.0000000000
62345  19.636  -36.223  56.319 0.0000000000
54032  9.070  -42.197  62.523 0.0000000000
52646  8.418  -42.873  61.932 0.0000000000
54041  7.914  -42.475  62.215 0.0000000000
54042  7.596  -41.803  61.586 0.0000000000
64832  10.506  -35.490  60.305 0.0000000000
64847  10.878  -35.519  58.415 0.0000000000
66091  10.584  -34.380  59.130 0.0000000000
71508  5.657  -29.998  53.508 0.0000000000
71517  6.454  -30.195  52.452 0.0000000000
71530  5.652  -30.159  51.426 0.0000000000
71548  6.044  -29.962  50.571 0.0000000000
72885  3.839  -30.057  51.005 0.0000000000
55498  11.407  -41.484  63.500 0.0000000000
58255  11.056  -39.760  64.145 0.0000000000
58253  12.681  -39.351  64.349 0.0000000000
63519  13.160  -36.163  64.685 0.0000000000
67316  13.275  -33.251  65.291 0.0000000000
58296  20.124  -39.257  60.787 0.0000000000
58303  19.466  -38.993  59.765 0.0000000000
56948  19.137  -39.569  60.600 0.0000000000
54043  16.325  -41.474  61.355 0.0000000000
55545  16.968  -41.023  60.024 0.0000000000
54056  15.513  -41.555  60.284 0.0000000000
52649  14.221  -41.933  60.846 0.0000000000
56925  13.533  -40.757  63.429 0.0000000000
52622  13.003  -42.218  62.281 0.0000000000
55519  11.941  -41.649  62.828 0.0000000000
54022  11.089  -42.108  62.770 0.0000000000
72755  7.435  -29.971  61.638 0.0000000000
68655  6.741  -31.512  60.484 0.0000000000
72756  7.170  -29.696  61.119 0.0000000000
76403  7.925  -26.972  58.441 0.0000000000
72801  7.249  -28.987  58.774 0.0000000000
74084  6.699  -28.099  57.589 0.0000000000
74097  5.642  -28.142  56.324 0.0000000000
76427  6.316  -26.567  56.714 0.0000000000
61029  21.586  -36.839  61.084 0.0000000000
59686  5.950  -39.890  58.117 0.0000000000
61067  5.671  -39.065  57.541 0.0000000000
61057  6.024  -39.516  59.324 0.0000000000
61043  8.588  -39.043  60.849 0.0000000000
62299  8.223  -38.739  60.656 0.0000000000
62290  9.973  -38.270  61.023 0.0000000000
62289  10.511  -37.497  60.723 0.0000000000
63563  10.172  -36.921  62.511 0.0000000000
60998  10.292  -37.635  65.778 0.0000000000
61007  9.809  -38.112  65.181 0.0000000000
63530  10.305  -36.383  65.636 0.0000000000
67326  9.102  -33.003  64.517 0.0000000000
66054  9.196  -34.581  64.271 0.0000000000
67327  8.256  -33.662  64.550 0.0000000000
66072  8.811  -34.478  63.334 0.0000000000
68633  7.185  -32.951  63.838 0.0000000000
69978  8.037  -31.685  63.243 0.0000000000
71374  8.393  -30.637  63.783 0.0000000000
59706  17.004  -38.467  57.391 0.0000000000
61092  17.575  -37.248  56.312 0.0000000000
52677  11.827  -42.610  59.892 0.0000000000
52706  10.290  -42.748  58.724 0.0000000000
52694  10.262  -43.203  59.162 0.0000000000
54062  7.690  -42.417  59.365 0.0000000000
55563  8.477  -43.096  58.909 0.0000000000
56955  5.595  -40.680  59.525 0.0000000000
58307  5.420  -40.875  58.326 0.0000000000
63595  6.533  -37.151  56.467 0.0000000000
64885  5.976  -37.099  54.640 0.0000000000
64871  7.133  -36.219  55.986 0.0000000000
64876  9.996  -35.643  54.522 0.0000000000
66133  8.751  -35.760  53.412 0.0000000000
66142  9.045  -35.356  52.600 0.0000000000
66178  8.655  -35.368  50.454 0.0000000000
66157  10.397  -34.579  51.719 0.0000000000
68693  8.179  -31.600  57.570 0.0000000000
68692  9.247  -32.228  57.655 0.0000000000
70062  9.277  -31.040  56.501 0.0000000000
71526  9.886  -30.186  51.309 0.0000000000
70113  11.426  -31.430  52.719 0.0000000000
68786  11.331  -31.571  50.130 0.0000000000
67484  11.415  -33.336  49.328 0.0000000000
70193  10.764  -31.668  47.772 0.0000000000
70219  9.370  -31.758  45.045 0.0000000000
70206  9.570  -30.560  47.303 0.0000000000
72933  6.240  -28.913  46.743 0.0000000000
74175  6.953  -28.743  45.331 0.0000000000
74189  5.376  -27.907  45.343 0.0000000000
79965  5.659  -23.300  56.382 0.0000000000
78742  5.515  -24.283  56.194 0.0000000000
79982  4.851  -23.280  55.229 0.0000000000
80014  6.696  -23.461  53.084 0.0000000000
78789  5.767  -24.335  52.925 0.0000000000
77583  5.234  -24.951  53.250 0.0000000000
77621  5.409  -25.780  51.596 0.0000000000
76488  4.400  -27.027  50.336 0.0000000000
76486  5.714  -26.316  49.898 0.0000000000
56906  13.771  -40.347  64.233 0.0000000000
58252  13.322  -39.571  64.435 0.0000000000
59620  13.900  -39.241  64.410 0.0000000000
58288  18.820  -39.665  61.876 0.0000000000
55523  18.384  -40.230  61.596 0.0000000000
56935  17.853  -40.643  62.048 0.0000000000
55515  17.446  -41.161  62.316 0.0000000000
54028  16.539  -40.999  62.182 0.0000000000
54039  14.830  -41.123  61.728 0.0000000000
54017  15.142  -40.586  62.981 0.0000000000
55496  14.746  -41.610  64.355 0.0000000000
76373  8.343  -26.724  61.853 0.0000000000
74046  7.514  -28.540  60.840 0.0000000000
76382  8.406  -26.906  60.851 0.0000000000
76401  9.136  -26.239  59.442 0.0000000000
77510  8.637  -25.544  58.055 0.0000000000
58295  5.699  -40.134  60.690 0.0000000000
59676  6.034  -39.588  60.515 0.0000000000
58293  6.594  -39.709  61.445 0.0000000000
61040  7.540  -40.062  62.033 0.0000000000
61026  8.970  -38.672  62.957 0.0000000000
66038  11.574  -34.452  66.502 0.0000000000
66040  10.116  -34.609  66.078 0.0000000000
67318  10.543  -33.226  65.844 0.0000000000
68620  10.204  -32.289  65.210 0.0000000000
69964  9.414  -31.232  64.846 0.0000000000
71367  9.041  -30.468  64.616 0.0000000000
52654  10.355  -42.877  61.370 0.0000000000
51478  9.997  -43.562  60.546 0.0000000000
51480  8.850  -43.634  60.917 0.0000000000
51482  7.968  -43.442  60.942 0.0000000000
54063  7.171  -42.058  59.783 0.0000000000
55566  6.223  -41.746  58.889 0.0000000000
54052  7.123  -41.768  60.316 0.0000000000
55542  6.221  -40.788  59.990 0.0000000000
62312  9.169  -37.679  58.266 0.0000000000
64859  8.663  -36.765  56.353 0.0000000000
63613  9.801  -36.537  57.065 0.0000000000
64857  10.520  -35.512  56.374 0.0000000000
66116  11.128  -34.436  55.528 0.0000000000
70081  6.715  -29.795  55.995 0.0000000000
71478  8.620  -30.362  55.367 0.0000000000
71493  8.029  -30.140  54.342 0.0000000000
71515  8.352  -30.109  52.290 0.0000000000
70129  9.253  -29.875  50.583 0.0000000000
71576  8.822  -29.674  48.548 0.0000000000
72897  7.453  -29.465  49.544 0.0000000000
71577  6.760  -28.913  48.951 0.0000000000
72922  5.247  -28.995  47.874 0.0000000000
77619  7.741  -25.144  51.823 0.0000000000
76485  6.558  -26.300  49.919 0.0000000000
77653  8.256  -25.749  49.685 0.0000000000
55509  9.523  -41.485  63.002 0.0000000000
56922  8.853  -40.742  64.045 0.0000000000
56920  10.101  -41.038  64.236 0.0000000000
59632  10.656  -38.652  64.990 0.0000000000
62255  11.277  -37.290  66.000 0.0000000000
60989  12.961  -37.314  64.715 0.0000000000
63521  12.422  -36.269  65.312 0.0000000000
64780  11.900  -34.927  66.325 0.0000000000
67301  12.492  -33.327  66.502 0.0000000000
61059  20.513  -37.566  59.053 0.0000000000
61066  19.444  -37.178  58.165 0.0000000000
59682  19.954  -37.973  58.689 0.0000000000
55535  18.095  -40.327  60.560 0.0000000000
56958  16.909  -40.365  59.468 0.0000000000
56970  15.748  -39.679  58.755 0.0000000000
52676  12.717  -42.173  59.773 0.0000000000
52662  11.621  -42.725  60.634 0.0000000000
52629  14.039  -41.830  62.001 0.0000000000
52640  12.582  -43.263  61.886 0.0000000000
52641  11.639  -43.012  61.943 0.0000000000
52633  10.861  -42.692  62.297 0.0000000000
52626  10.111  -42.165  62.540 0.0000000000
67363  8.450  -32.444  61.025 0.0000000000
67372  9.254  -32.888  59.764 0.0000000000
68654  7.608  -32.030  60.307 0.0000000000
70012  7.395  -31.825  59.254 0.0000000000
68694  7.282  -31.327  57.777 0.0000000000
74059  6.954  -29.099  60.094 0.0000000000
71415  6.084  -29.945  58.657 0.0000000000
70047  6.229  -30.374  57.076 0.0000000000
71462  5.761  -30.005  56.013 0.0000000000
72842  5.562  -29.201  55.240 0.0000000000
72856  5.121  -28.914  54.362 0.0000000000
61035  15.984  -38.356  62.572 0.0000000000
63600  21.952  -36.050  57.914 0.0000000000
68650  23.479  -32.112  59.993 0.0000000000
68643  22.723  -31.694  60.870 0.0000000000
67357  23.442  -33.065  59.946 0.0000000000
64826  23.260  -34.913  60.076 0.0000000000
63582  22.129  -35.466  59.830 0.0000000000
62302  21.496  -36.621  59.757 0.0000000000
59655  20.894  -38.088  60.877 0.0000000000
59643  20.273  -38.224  61.206 0.0000000000
62267  19.600  -37.546  61.155 0.0000000000
61031  19.387  -38.620  61.683 0.0000000000
61033  18.173  -38.356  61.938 0.0000000000
61034  17.057  -38.567  62.383 0.0000000000
63596  5.824  -38.089  57.042 0.0000000000
63594  7.060  -38.154  57.322 0.0000000000
61055  7.068  -39.231  59.644 0.0000000000
62314  7.485  -38.809  58.558 0.0000000000
62313  8.396  -38.334  58.445 0.0000000000
62304  9.868  -37.618  59.092 0.0000000000
63581  10.553  -36.526  60.459 0.0000000000
66077  9.885  -34.588  61.454 0.0000000000
58273  8.673  -39.828  63.730 0.0000000000
61015  9.349  -38.345  63.759 0.0000000000
62272  9.855  -37.737  63.429 0.0000000000
64791  9.618  -35.382  65.040 0.0000000000
64799  9.733  -35.564  64.096 0.0000000000
63564  9.944  -36.607  62.907 0.0000000000
64818  9.819  -35.683  62.351 0.0000000000
66070  9.787  -34.834  62.092 0.0000000000
67355  9.105  -33.123  61.551 0.0000000000
67356  8.540  -32.730  62.065 0.0000000000
69986  7.796  -31.351  62.285 0.0000000000
72748  7.962  -29.377  62.605 0.0000000000
72734  8.986  -29.735  63.854 0.0000000000
74016  8.798  -28.730  63.616 0.0000000000
75264  8.712  -27.643  62.293 0.0000000000
54101  9.736  -42.642  57.048 0.0000000000
52680  9.365  -43.363  59.578 0.0000000000
66126  7.675  -36.481  54.564 0.0000000000
66144  7.270  -36.063  52.939 0.0000000000
66219  9.032  -35.412  47.915 0.0000000000
67383  10.150  -32.791  58.547 0.0000000000
68690  10.763  -32.844  56.787 0.0000000000
67410  11.332  -33.614  54.280 0.0000000000
70078  10.190  -31.008  54.770 0.0000000000
70091  11.449  -32.004  53.685 0.0000000000
67435  11.600  -33.683  52.367 0.0000000000
66197  10.864  -34.333  49.992 0.0000000000
67500  10.198  -34.014  48.061 0.0000000000
66256  8.581  -34.609  46.056 0.0000000000
67551  8.290  -33.473  44.933 0.0000000000
71607  8.157  -29.740  46.097 0.0000000000
72949  7.351  -29.637  43.753 0.0000000000
78732  8.076  -24.649  57.589 0.0000000000
79951  7.621  -23.475  57.390 0.0000000000
77523  6.874  -25.129  56.659 0.0000000000
76428  5.792  -25.891  56.553 0.0000000000
75344  4.427  -27.059  55.212 0.0000000000
75351  4.314  -27.227  54.530 0.0000000000
78767  4.531  -24.422  54.055 0.0000000000
76462  4.459  -26.504  53.189 0.0000000000
74131  4.160  -28.288  52.575 0.0000000000
74138  4.345  -28.521  50.539 0.0000000000
74147  4.589  -28.258  49.635 0.0000000000
74169  4.595  -28.332  47.541 0.0000000000
76523  5.234  -27.223  47.103 0.0000000000
61010  14.862  -38.976  64.051 0.0000000000
62260  14.687  -37.957  63.713 0.0000000000
62261  14.910  -37.760  63.493 0.0000000000
59649  16.029  -38.933  63.426 0.0000000000
59648  16.609  -39.223  63.223 0.0000000000
59636  16.078  -39.307  63.702 0.0000000000
59635  15.947  -39.670  64.012 0.0000000000
64971  6.430  -35.495  46.757 0.0000000000
64986  5.930  -35.238  46.140 0.0000000000
66259  5.646  -34.902  45.594 0.0000000000
66258  6.411  -34.863  45.767 0.0000000000
56941  8.200  -40.597  62.341 0.0000000000
56931  8.523  -40.783  62.842 0.0000000000
62332  20.864  -35.696  57.392 0.0000000000
62344  20.211  -35.809  56.600 0.0000000000
62333  20.290  -36.085  57.286 0.0000000000
54026  9.138  -41.935  62.715 0.0000000000
54040  8.412  -42.607  62.241 0.0000000000
54034  7.852  -41.931  62.339 0.0000000000
54035  7.750  -41.571  61.936 0.0000000000
66084  10.158  -34.344  60.679 0.0000000000
66083  10.516  -34.651  59.920 0.0000000000
66092  10.074  -33.747  59.927 0.0000000000
71509  5.280  -29.555  53.411 0.0000000000
71518  5.664  -29.967  52.470 0.0000000000
71519  5.176  -29.690  52.579 0.0000000000
71531  4.622  -29.984  51.586 0.0000000000
72872  4.631  -29.543  52.042 0.0000000000
58272  11.948  -41.054  63.595 0.0000000000
56908  12.301  -39.963  63.714 0.0000000000
58291  20.039  -39.270  61.401 0.0000000000
58297  19.622  -39.486  60.683 0.0000000000
58292  19.436  -39.605  61.237 0.0000000000
54047  16.263  -41.703  60.961 0.0000000000
54048  15.776  -41.761  60.694 0.0000000000
54049  15.009  -41.722  60.739 0.0000000000
52659  14.192  -41.699  60.267 0.0000000000
54045  15.024  -41.626  61.260 0.0000000000
55517  12.839  -41.262  62.782 0.0000000000
56940  12.260  -41.310  63.070 0.0000000000
55506  11.605  -41.682  62.937 0.0000000000
72750  7.462  -29.528  61.601 0.0000000000
74034  7.351  -29.070  61.311 0.0000000000
75316  7.609  -27.254  58.251 0.0000000000
75317  7.100  -27.380  57.614 0.0000000000
75318  6.536  -27.607  57.158 0.0000000000
76414  6.851  -26.193  56.890 0.0000000000
59681  5.680  -39.752  59.227 0.0000000000
62284  9.212  -38.388  62.022 0.0000000000
62291  8.903  -38.522  61.216 0.0000000000
62283  9.633  -38.070  62.037 0.0000000000
62282  10.350  -37.441  61.647 0.0000000000
62241  10.235  -36.827  66.714 0.0000000000
62250  10.201  -37.145  65.573 0.0000000000
68626  7.537  -32.794  64.208 0.0000000000
67328  7.394  -33.270  64.210 0.0000000000
69971  7.921  -31.890  63.913 0.0000000000
52678  10.922  -43.052  59.941 0.0000000000
55565  7.857  -42.564  58.806 0.0000000000
56961  4.991  -41.289  58.662 0.0000000000
63605  7.299  -37.760  56.735 0.0000000000
161212  6.227  -36.430  56.257 0.0000000000
63616  7.316  -37.145  56.404 0.0000000000
64883  10.423  -35.174  54.128 0.0000000000
66132  9.848  -35.500  53.479 0.0000000000
66141  10.028  -34.888  52.579 0.0000000000
66140  11.131  -34.631  52.518 0.0000000000
70046  8.955  -31.505  57.098 0.0000000000
70063  8.450  -30.993  56.714 0.0000000000
70149  10.141  -30.295  50.433 0.0000000000
70148  11.233  -30.847  50.671 0.0000000000
70166  10.910  -30.986  49.794 0.0000000000
70180  10.715  -31.207  48.756 0.0000000000
70205  10.258  -31.329  46.721 0.0000000000
70194  10.149  -30.938  47.840 0.0000000000
72934  5.195  -29.062  47.043 0.0000000000
74176  6.305  -28.534  45.824 0.0000000000
74177  5.344  -28.395  46.304 0.0000000000
81260  5.796  -22.418  56.897 0.0000000000
81272  5.423  -22.425  56.323 0.0000000000
79981  5.314  -22.821  55.816 0.0000000000
81288  5.230  -22.308  55.930 0.0000000000
77601  6.856  -25.062  52.540 0.0000000000
78788  6.320  -24.306  52.757 0.0000000000
77602  5.631  -25.089  52.710 0.0000000000
77638  5.239  -26.272  50.736 0.0000000000
77637  6.131  -26.154  50.808 0.0000000000
56905  14.547  -40.889  64.819 0.0000000000
58251  13.950  -39.886  64.211 0.0000000000
59619  14.326  -39.960  64.052 0.0000000000
63533  14.475  -37.144  64.031 0.0000000000
58278  18.798  -39.963  62.419 0.0000000000
55516  16.797  -40.598  62.276 0.0000000000
54027  17.127  -41.728  62.466 0.0000000000
54016  15.875  -40.587  62.648 0.0000000000
58259  15.301  -40.616  64.425 0.0000000000
55495  15.450  -41.300  64.104 0.0000000000
56904  15.121  -40.907  64.804 0.0000000000
56914  14.613  -41.359  64.801 0.0000000000
77496  9.672  -25.736  59.750 0.0000000000
77509  9.411  -25.455  58.740 0.0000000000
76402  8.504  -26.543  58.705 0.0000000000
56947  6.202  -40.449  60.813 0.0000000000
59671  5.566  -39.902  61.018 0.0000000000
58294  6.114  -40.044  61.222 0.0000000000
59653  7.276  -39.756  62.797 0.0000000000
59663  7.148  -39.876  62.047 0.0000000000
61028  7.464  -39.685  62.371 0.0000000000
61027  8.016  -39.363  62.622 0.0000000000
68615  11.690  -32.990  66.925 0.0000000000
67310  11.396  -33.580  66.666 0.0000000000
68619  11.387  -32.580  65.959 0.0000000000
69962  10.924  -31.535  65.601 0.0000000000
68621  9.823  -31.731  64.813 0.0000000000
69963  10.192  -31.247  65.111 0.0000000000
71366  9.753  -30.319  65.435 0.0000000000
51469  9.554  -42.813  61.478 0.0000000000
51474  9.470  -43.320  61.113 0.0000000000
52657  7.711  -42.872  61.314 0.0000000000
52656  8.276  -43.313  61.396 0.0000000000
52684  7.672  -42.505  60.470 0.0000000000
52668  7.575  -42.368  60.657 0.0000000000
55533  6.833  -41.010  60.791 0.0000000000
55534  6.302  -40.618  60.407 0.0000000000
56950  6.037  -40.342  60.143 0.0000000000
62311  9.980  -37.225  58.275 0.0000000000
62321  9.611  -37.251  57.830 0.0000000000
63591  10.341  -36.943  58.180 0.0000000000
66101  11.045  -34.554  58.184 0.0000000000
64850  10.577  -35.819  57.383 0.0000000000
64867  10.554  -35.217  55.480 0.0000000000
66110  11.108  -34.509  56.343 0.0000000000
70095  6.802  -29.473  55.179 0.0000000000
71479  7.958  -29.562  55.200 0.0000000000
71494  7.149  -29.653  54.532 0.0000000000
71516  7.327  -30.303  52.406 0.0000000000
71527  8.656  -29.920  51.221 0.0000000000
71546  8.458  -29.483  50.270 0.0000000000
71547  7.127  -29.726  50.484 0.0000000000
71565  5.619  -29.624  50.164 0.0000000000
71564  6.224  -29.456  49.746 0.0000000000
72898  6.033  -28.521  49.261 0.0000000000
72910  6.104  -28.621  48.578 0.0000000000
72899  5.404  -29.059  49.369 0.0000000000
78804  8.019  -24.596  52.242 0.0000000000
78803  8.561  -24.671  51.884 0.0000000000
77636  7.297  -25.844  50.648 0.0000000000
77635  8.831  -26.229  50.954 0.0000000000
55508  10.150  -41.617  63.341 0.0000000000
56929  9.641  -41.315  63.715 0.0000000000
59624  11.269  -38.838  64.406 0.0000000000
59625  10.539  -39.386  64.571 0.0000000000
59631  11.293  -38.250  65.191 0.0000000000
59639  10.920  -38.210  65.511 0.0000000000
60996  12.112  -37.658  65.239 0.0000000000
60995  13.341  -37.602  64.521 0.0000000000
59615  13.059  -38.011  64.428 0.0000000000
63520  12.655  -36.135  64.916 0.0000000000
64778  12.686  -35.211  65.134 0.0000000000
64786  12.042  -35.936  65.900 0.0000000000
64779  12.175  -35.316  65.893 0.0000000000
66032  12.013  -34.471  66.494 0.0000000000
66031  12.414  -34.227  65.924 0.0000000000
61054  20.962  -37.876  59.590 0.0000000000
58301  19.212  -39.156  60.022 0.0000000000
59684  18.910  -38.845  58.992 0.0000000000
58305  18.340  -39.137  59.193 0.0000000000
55524  17.688  -40.604  61.978 0.0000000000
55529  18.626  -40.285  61.164 0.0000000000
55530  18.148  -40.530  61.151 0.0000000000
55557  16.765  -40.828  59.706 0.0000000000
56959  16.113  -40.217  59.505 0.0000000000
55573  15.649  -40.491  59.361 0.0000000000
55575  14.133  -41.158  58.380 0.0000000000
52660  13.450  -42.041  60.335 0.0000000000
52661  12.572  -42.412  60.491 0.0000000000
52651  12.538  -42.764  61.214 0.0000000000
54030  14.589  -40.875  62.419 0.0000000000
54031  14.010  -41.713  62.507 0.0000000000
52631  12.416  -43.023  62.403 0.0000000000
52632  11.545  -42.867  62.375 0.0000000000
52642  10.881  -42.829  61.891 0.0000000000
52624  11.314  -42.527  62.544 0.0000000000
54015  10.765  -41.802  63.063 0.0000000000
54023  10.519  -41.916  62.869 0.0000000000
54024  9.863  -41.812  62.842 0.0000000000
70001  6.521  -30.786  60.367 0.0000000000
68665  6.430  -31.208  59.590 0.0000000000
68679  7.098  -31.534  58.610 0.0000000000
68680  6.449  -31.166  58.748 0.0000000000
75286  7.897  -28.037  60.452 0.0000000000
74058  7.428  -28.554  59.828 0.0000000000
72803  6.027  -29.132  58.102 0.0000000000
72785  6.488  -29.603  58.730 0.0000000000
70030  6.279  -30.301  58.057 0.0000000000
70065  6.362  -30.257  56.378 0.0000000000
71445  5.777  -29.808  57.026 0.0000000000
72828  5.469  -28.970  56.024 0.0000000000
72829  5.029  -28.438  55.581 0.0000000000
72843  4.881  -28.603  55.246 0.0000000000
74109  4.594  -27.791  55.417 0.0000000000
62280  16.267  -37.892  61.985 0.0000000000
63560  15.357  -37.301  61.689 0.0000000000
64848  22.490  -34.367  57.278 0.0000000000
63587  22.284  -34.961  57.813 0.0000000000
63588  21.939  -35.416  58.577 0.0000000000
67329  22.367  -32.739  60.896 0.0000000000
67340  22.326  -32.175  60.795 0.0000000000
67350  22.793  -32.226  60.629 0.0000000000
67349  23.060  -32.863  60.339 0.0000000000
66073  23.163  -34.056  60.335 0.0000000000
66079  23.179  -33.909  60.118 0.0000000000
62294  21.841  -36.008  60.430 0.0000000000
62301  21.655  -35.857  59.396 0.0000000000
62264  21.067  -37.219  61.446 0.0000000000
61030  21.190  -37.345  61.043 0.0000000000
61016  20.680  -37.574  61.184 0.0000000000
59642  20.786  -38.131  61.132 0.0000000000
61017  20.252  -37.713  61.094 0.0000000000
62277  19.429  -37.129  61.043 0.0000000000
62268  19.141  -37.708  61.381 0.0000000000
61019  19.258  -38.160  61.495 0.0000000000
61020  18.803  -38.108  61.587 0.0000000000
61032  18.862  -38.616  61.786 0.0000000000
62279  17.411  -37.687  61.602 0.0000000000
59726  5.166  -39.656  55.707 0.0000000000
59710  5.487  -39.372  56.540 0.0000000000
62316  5.998  -38.223  57.904 0.0000000000
62317  5.778  -38.518  57.668 0.0000000000
62315  6.477  -38.109  57.919 0.0000000000
61051  6.464  -39.311  60.423 0.0000000000
61050  6.925  -38.559  60.685 0.0000000000
62307  7.569  -38.778  60.002 0.0000000000
62306  8.328  -38.634  59.566 0.0000000000
62305  9.219  -38.310  59.246 0.0000000000
63572  10.417  -36.580  61.352 0.0000000000
64824  10.333  -35.869  60.965 0.0000000000
58265  9.048  -40.101  64.198 0.0000000000
58266  8.792  -40.436  63.741 0.0000000000
62257  10.284  -37.132  64.435 0.0000000000
61008  9.485  -38.185  64.492 0.0000000000
62262  10.039  -37.225  63.912 0.0000000000
64781  9.764  -35.246  66.011 0.0000000000
66041  9.537  -34.557  65.551 0.0000000000
64808  9.670  -35.435  63.833 0.0000000000
64798  9.776  -35.733  63.883 0.0000000000
64807  9.716  -35.670  63.646 0.0000000000
64819  9.775  -35.862  63.051 0.0000000000
66061  9.347  -35.085  63.323 0.0000000000
66071  9.209  -34.628  62.689 0.0000000000
67346  8.951  -33.563  62.298 0.0000000000
66078  9.367  -34.071  61.881 0.0000000000
68640  8.295  -32.301  62.779 0.0000000000
71375  7.755  -31.021  63.472 0.0000000000
71382  7.588  -30.647  62.787 0.0000000000
72742  7.767  -29.928  62.825 0.0000000000
59703  18.747  -37.227  58.041 0.0000000000
61078  19.156  -37.006  57.419 0.0000000000
61079  18.691  -37.435  57.222 0.0000000000
54073  9.952  -42.211  57.763 0.0000000000
51489  9.485  -43.568  60.269 0.0000000000
51488  9.779  -43.693  60.112 0.0000000000
59694  5.487  -40.448  56.929 0.0000000000
59725  5.843  -40.270  55.904 0.0000000000
64884  6.427  -36.765  53.922 0.0000000000
64893  5.857  -36.987  53.490 0.0000000000
64892  6.013  -36.530  53.377 0.0000000000
64891  6.396  -36.091  53.166 0.0000000000
64870  7.875  -36.463  55.576 0.0000000000
64878  8.396  -36.424  54.852 0.0000000000
66143  8.239  -36.019  52.697 0.0000000000
66134  7.895  -36.092  53.584 0.0000000000
66160  7.692  -36.260  51.862 0.0000000000
66179  8.027  -36.260  51.045 0.0000000000
66177  10.040  -34.810  50.740 0.0000000000
66199  8.898  -35.422  49.138 0.0000000000
64969  8.138  -36.037  47.440 0.0000000000
67371  10.037  -33.187  59.227 0.0000000000
67384  9.216  -32.467  58.674 0.0000000000
70044  10.022  -32.000  56.658 0.0000000000
68691  10.069  -32.389  57.123 0.0000000000
68707  10.882  -32.619  55.985 0.0000000000
67401  11.284  -33.645  55.412 0.0000000000
68722  10.963  -32.730  55.061 0.0000000000
71492  9.121  -30.551  54.279 0.0000000000
71477  9.509  -30.772  55.420 0.0000000000
70093  10.043  -30.830  53.677 0.0000000000
70126  11.564  -31.361  51.951 0.0000000000
70103  11.291  -31.592  53.338 0.0000000000
68752  11.746  -32.198  53.075 0.0000000000
67422  11.515  -33.041  53.065 0.0000000000
67449  11.920  -32.924  51.886 0.0000000000
67450  11.824  -33.785  51.411 0.0000000000
67468  11.668  -33.673  50.439 0.0000000000
67514  10.461  -33.246  47.518 0.0000000000
67499  10.806  -33.297  48.335 0.0000000000
67515  9.858  -33.861  47.287 0.0000000000
67516  9.281  -34.516  47.158 0.0000000000
67532  9.611  -33.871  46.209 0.0000000000
66277  8.627  -34.049  45.436 0.0000000000
67550  9.102  -33.518  45.350 0.0000000000
70243  7.987  -31.396  43.793 0.0000000000
72908  8.064  -29.476  47.986 0.0000000000
71592  8.983  -29.873  47.615 0.0000000000
72919  8.125  -29.600  46.968 0.0000000000
72942  6.930  -28.806  44.683 0.0000000000
72941  7.391  -29.242  44.852 0.0000000000
72950  6.833  -28.976  44.146 0.0000000000
72960  5.577  -29.523  42.904 0.0000000000
81258  7.116  -22.500  57.462 0.0000000000
79952  6.791  -23.461  57.221 0.0000000000
78733  7.274  -24.386  57.023 0.0000000000
78734  6.533  -24.257  56.806 0.0000000000
76415  6.421  -25.552  56.616 0.0000000000
77524  6.234  -24.993  56.555 0.0000000000
77553  5.362  -25.363  55.136 0.0000000000
77539  5.577  -25.173  55.922 0.0000000000
76440  4.918  -26.436  54.996 0.0000000000
75352  4.257  -26.975  54.854 0.0000000000
76451  4.290  -26.409  54.300 0.0000000000
81322  5.665  -23.046  53.170 0.0000000000
81300  5.310  -22.561  54.292 0.0000000000
79993  5.083  -23.449  54.346 0.0000000000
77603  4.729  -25.885  52.394 0.0000000000
77584  4.713  -25.265  53.518 0.0000000000
75367  4.282  -27.300  52.961 0.0000000000
76471  4.236  -27.458  52.069 0.0000000000
75376  4.201  -28.477  51.143 0.0000000000
75371  4.144  -27.538  51.254 0.0000000000
76499  4.546  -27.007  49.354 0.0000000000
75382  4.515  -27.681  49.991 0.0000000000
76501  3.708  -27.341  49.097 0.0000000000
74160  4.542  -28.297  48.640 0.0000000000
75393  4.568  -27.637  48.386 0.0000000000
76497  6.199  -26.473  49.083 0.0000000000
59618  14.836  -39.909  63.875 0.0000000000
60992  14.197  -39.416  64.114 0.0000000000
62251  14.498  -38.705  63.785 0.0000000000
63541  14.525  -36.899  63.794 0.0000000000
59647  17.303  -39.354  62.621 0.0000000000
58279  17.619  -40.048  62.235 0.0000000000
58280  16.679  -39.857  62.990 0.0000000000
56923  16.293  -40.299  63.251 0.0000000000
55494  15.886  -40.684  63.641 0.0000000000
58267  16.198  -40.063  63.909 0.0000000000
58258  15.522  -40.288  64.194 0.0000000000
67536  5.479  -34.492  45.281 0.0000000000
66302  6.136  -34.042  45.038 0.0000000000
58290  7.214  -40.002  61.674 0.0000000000
56943  7.855  -40.896  61.795 0.0000000000
58284  7.150  -40.145  63.123 0.0000000000
58283  7.591  -39.956  63.290 0.0000000000
52645  9.012  -42.582  62.037 0.0000000000
51471  8.840  -42.787  61.819 0.0000000000
52637  8.682  -42.565  62.220 0.0000000000
52647  7.656  -42.487  61.653 0.0000000000
52648  7.551  -42.013  61.285 0.0000000000
55528  7.604  -41.155  61.494 0.0000000000
63586  10.686  -36.411  59.568 0.0000000000
63590  10.645  -36.473  58.531 0.0000000000
64841  10.787  -35.490  59.331 0.0000000000
71496  5.605  -29.707  54.378 0.0000000000
71507  6.356  -30.161  53.514 0.0000000000
71529  6.558  -30.222  51.650 0.0000000000
70151  6.555  -30.136  51.041 0.0000000000
70132  5.830  -30.831  51.027 0.0000000000
71549  5.346  -30.103  50.659 0.0000000000
72884  4.533  -29.415  50.540 0.0000000000
55493  10.895  -41.325  64.182 0.0000000000
55492  11.301  -41.174  64.030 0.0000000000
58254  11.888  -39.299  63.957 0.0000000000
64785  12.875  -35.138  64.906 0.0000000000
66036  12.968  -34.629  65.303 0.0000000000
67317  13.107  -33.698  65.520 0.0000000000
59673  20.517  -38.777  60.258 0.0000000000
59680  19.774  -38.854  59.807 0.0000000000
58299  20.108  -39.090  60.305 0.0000000000
56951  19.198  -39.324  60.286 0.0000000000
56952  18.455  -39.525  60.174 0.0000000000
55532  16.761  -40.879  61.920 0.0000000000
55537  16.721  -41.374  60.982 0.0000000000
55546  16.057  -41.504  60.222 0.0000000000
55503  14.162  -41.158  63.631 0.0000000000
54019  13.987  -41.460  62.492 0.0000000000
54020  12.213  -42.151  62.150 0.0000000000
54021  11.672  -42.125  62.561 0.0000000000
54014  11.011  -41.775  63.015 0.0000000000
69992  7.324  -31.101  61.562 0.0000000000
68649  7.043  -31.396  61.160 0.0000000000
71393  7.202  -30.411  61.346 0.0000000000
71394  6.813  -30.264  60.720 0.0000000000
75308  7.886  -27.629  58.960 0.0000000000
74071  7.500  -28.463  58.864 0.0000000000
75309  7.428  -27.827  58.391 0.0000000000
74072  6.994  -28.354  58.261 0.0000000000
74073  6.416  -28.564  57.999 0.0000000000
72816  5.745  -29.029  57.108 0.0000000000
74085  6.174  -28.290  57.220 0.0000000000
75331  6.014  -27.202  56.566 0.0000000000
66064  22.280  -34.106  60.966 0.0000000000
62273  21.957  -36.374  61.134 0.0000000000
63554  21.602  -36.314  62.160 0.0000000000
62288  17.967  -37.294  61.365 0.0000000000
59695  5.565  -39.901  57.192 0.0000000000
59696  5.629  -39.382  57.398 0.0000000000
59687  5.832  -39.325  57.769 0.0000000000
61062  6.032  -39.170  58.370 0.0000000000
61044  7.900  -39.033  61.178 0.0000000000
62300  7.583  -38.672  60.912 0.0000000000
62292  7.953  -38.934  60.802 0.0000000000
62297  10.001  -38.085  60.012 0.0000000000
63573  10.023  -36.357  61.941 0.0000000000
61006  10.368  -38.221  65.414 0.0000000000
60999  10.307  -37.631  65.371 0.0000000000
62256  10.635  -37.221  64.996 0.0000000000
63539  10.508  -36.534  64.912 0.0000000000
67320  9.184  -33.607  64.925 0.0000000000
67321  8.930  -33.927  64.948 0.0000000000
67337  8.268  -34.110  63.827 0.0000000000
67348  7.614  -33.520  63.643 0.0000000000
68641  7.969  -32.959  63.472 0.0000000000
68632  7.990  -32.451  63.497 0.0000000000
59705  17.888  -38.295  57.922 0.0000000000
59720  18.267  -37.608  57.327 0.0000000000
59721  17.552  -37.686  56.971 0.0000000000
52692  12.082  -42.457  59.212 0.0000000000
52693  11.115  -42.734  59.295 0.0000000000
52681  8.986  -43.091  59.898 0.0000000000
56962  4.606  -41.678  58.331 0.0000000000
58306  5.337  -41.197  57.843 0.0000000000
59685  5.574  -40.597  57.651 0.0000000000
161208  5.868  -36.645  56.022 0.0000000000
66119  5.992  -36.306  55.598 0.0000000000
66127  6.956  -36.695  54.770 0.0000000000
64868  10.063  -36.224  55.390 0.0000000000
64877  9.207  -36.242  54.661 0.0000000000
66124  9.261  -35.910  53.988 0.0000000000
66158  9.322  -34.938  51.647 0.0000000000
67392  8.315  -32.319  58.335 0.0000000000
67391  8.633  -32.346  57.986 0.0000000000
70045  9.634  -31.737  56.902 0.0000000000
70061  10.075  -31.622  55.956 0.0000000000
70115  10.150  -30.436  52.296 0.0000000000
70105  10.075  -30.595  52.778 0.0000000000
71525  10.681  -30.327  51.553 0.0000000000
70147  11.631  -31.357  51.242 0.0000000000
68785  11.752  -31.882  50.617 0.0000000000
67483  11.599  -32.673  50.160 0.0000000000
68800  11.269  -32.026  49.541 0.0000000000
68815  11.162  -32.331  48.520 0.0000000000
68844  10.646  -32.488  46.955 0.0000000000
68845  10.148  -32.549  46.252 0.0000000000
70218  9.923  -31.665  45.688 0.0000000000
71605  9.712  -30.900  45.739 0.0000000000
71621  8.889  -30.859  45.138 0.0000000000
72932  7.500  -29.110  46.134 0.0000000000
74188  6.382  -28.471  44.775 0.0000000000
79953  6.140  -23.390  56.926 0.0000000000
78743  5.279  -24.345  55.506 0.0000000000
80015  5.793  -23.625  52.958 0.0000000000
78775  5.281  -24.414  53.352 0.0000000000
77622  4.723  -26.381  51.471 0.0000000000
76478  4.251  -27.134  51.278 0.0000000000
77639  4.666  -26.628  50.741 0.0000000000
76487  4.951  -26.574  49.983 0.0000000000
56916  13.349  -40.466  63.987 0.0000000000
56907  12.943  -40.154  64.313 0.0000000000
59621  13.374  -39.075  64.540 0.0000000000
60994  13.874  -38.130  64.238 0.0000000000
60993  13.976  -38.700  64.531 0.0000000000
63525  14.081  -36.718  64.415 0.0000000000
58287  19.128  -39.571  61.775 0.0000000000
56942  18.727  -39.965  61.633 0.0000000000
56933  18.476  -39.986  62.072 0.0000000000
55513  18.152  -40.214  61.964 0.0000000000
55514  17.911  -40.921  62.184 0.0000000000
55525  17.283  -41.181  62.330 0.0000000000
54036  17.148  -41.499  62.417 0.0000000000
54037  16.553  -40.974  61.936 0.0000000000
54038  15.817  -41.123  61.702 0.0000000000
54029  15.541  -40.681  62.198 0.0000000000
54011  15.577  -40.710  63.311 0.0000000000
54012  15.135  -41.466  63.709 0.0000000000
54013  14.895  -41.792  63.861 0.0000000000
55497  14.234  -41.380  64.193 0.0000000000
56915  14.067  -41.118  64.389 0.0000000000
75273  8.252  -27.714  61.460 0.0000000000
75274  7.858  -28.071  61.056 0.0000000000
75285  8.103  -27.612  60.832 0.0000000000
75297  8.265  -27.428  60.229 0.0000000000
76391  9.106  -26.332  60.320 0.0000000000
76392  8.619  -26.791  59.848 0.0000000000
75307  8.281  -27.263  59.504 0.0000000000
76412  8.380  -26.135  57.922 0.0000000000
77521  8.145  -25.674  57.610 0.0000000000
58298  5.757  -40.141  59.822 0.0000000000
59677  5.818  -39.840  60.309 0.0000000000
59670  6.037  -39.506  61.079 0.0000000000
59669  6.900  -39.366  61.549 0.0000000000
58289  6.979  -39.802  61.677 0.0000000000
59661  8.136  -39.852  61.431 0.0000000000
61038  8.427  -39.035  61.808 0.0000000000
61025  9.432  -38.311  62.588 0.0000000000
64788  10.693  -35.444  66.081 0.0000000000
66039  10.666  -34.278  66.193 0.0000000000
66047  10.193  -33.628  65.631 0.0000000000
67319  9.736  -33.104  65.151 0.0000000000
68623  9.682  -32.585  64.862 0.0000000000
68624  9.374  -32.207  64.564 0.0000000000
69970  8.683  -31.485  64.366 0.0000000000
52653  10.751  -43.102  61.322 0.0000000000
51477  10.310  -43.739  60.686 0.0000000000
51473  10.029  -43.469  61.043 0.0000000000
51479  9.467  -43.804  60.810 0.0000000000
51475  8.986  -43.223  61.385 0.0000000000
52665  8.550  -43.606  60.931 0.0000000000
51491  8.459  -43.230  60.616 0.0000000000
52683  7.950  -42.675  60.374 0.0000000000
55551  6.346  -41.498  59.491 0.0000000000
54046  7.301  -41.601  60.822 0.0000000000
55541  6.576  -41.284  60.134 0.0000000000
63592  8.404  -37.786  57.643 0.0000000000
64853  7.882  -37.068  56.445 0.0000000000
63603  8.889  -37.144  57.263 0.0000000000
63614  9.383  -36.644  56.997 0.0000000000
64858  9.837  -36.472  56.487 0.0000000000
63601  10.548  -36.173  57.960 0.0000000000
64851  10.086  -36.442  57.108 0.0000000000
66123  11.047  -34.420  54.648 0.0000000000
68724  7.393  -30.446  56.529 0.0000000000
70079  8.692  -30.612  56.175 0.0000000000
70080  7.845  -30.304  56.101 0.0000000000
71505  8.182  -30.412  53.290 0.0000000000
71506  7.235  -30.167  53.407 0.0000000000
71514  9.492  -30.298  52.126 0.0000000000
70128  9.499  -30.013  50.908 0.0000000000
70150  9.416  -29.877  49.871 0.0000000000
70182  9.393  -30.000  48.335 0.0000000000
71562  8.758  -29.539  49.405 0.0000000000
72896  8.013  -29.661  48.959 0.0000000000
71563  6.847  -29.388  49.410 0.0000000000
72909  7.093  -29.243  48.548 0.0000000000
72921  6.128  -29.046  47.671 0.0000000000
72935  4.774  -28.815  47.459 0.0000000000
77600  7.363  -25.002  52.507 0.0000000000
64970  7.228  -35.649  47.139 0.0000000000
55510  8.873  -41.497  62.672 0.0000000000
56930  9.012  -40.933  63.383 0.0000000000
56921  9.235  -40.908  64.232 0.0000000000
58264  9.632  -40.112  64.473 0.0000000000
56911  10.341  -40.560  64.424 0.0000000000
59626  10.176  -39.776  64.707 0.0000000000
59633  9.954  -39.317  65.168 0.0000000000
61013  10.672  -38.212  65.488 0.0000000000
61005  10.823  -37.842  65.808 0.0000000000
63528  11.130  -36.440  66.054 0.0000000000
59622  12.853  -38.650  64.473 0.0000000000
59617  12.696  -37.759  64.776 0.0000000000
62238  13.121  -36.995  64.720 0.0000000000
62239  12.821  -36.919  64.978 0.0000000000
60991  12.482  -37.441  65.106 0.0000000000
63536  11.960  -36.940  65.583 0.0000000000
63527  12.006  -36.488  65.639 0.0000000000
64787  11.568  -35.428  66.132 0.0000000000
67302  12.035  -33.732  66.988 0.0000000000
68609  12.492  -32.929  66.680 0.0000000000
67308  13.003  -33.477  66.025 0.0000000000
61064  20.838  -36.804  58.501 0.0000000000
62319  20.598  -36.536  57.945 0.0000000000
61065  20.083  -37.106  58.050 0.0000000000
59690  19.648  -37.472  58.359 0.0000000000
59691  19.134  -37.668  58.347 0.0000000000
59683  19.444  -38.653  59.133 0.0000000000
59692  18.620  -38.541  58.525 0.0000000000
59693  18.110  -38.728  58.387 0.0000000000
58323  17.310  -39.077  57.882 0.0000000000
56944  18.976  -40.015  61.134 0.0000000000
56949  18.667  -40.123  60.820 0.0000000000
55543  17.919  -40.105  60.225 0.0000000000
55536  17.507  -40.821  60.772 0.0000000000
55544  17.569  -40.525  60.201 0.0000000000
56957  17.801  -39.514  59.342 0.0000000000
56969  17.085  -39.600  58.844 0.0000000000
58315  16.834  -39.421  58.259 0.0000000000
58324  16.216  -39.105  57.679 0.0000000000
55574  14.972  -40.720  58.753 0.0000000000
52691  12.969  -42.223  59.096 0.0000000000
52652  11.582  -42.872  61.349 0.0000000000
52638  14.123  -41.930  61.395 0.0000000000
52639  13.406  -42.658  61.653 0.0000000000
52630  13.284  -42.597  62.152 0.0000000000
52643  10.184  -42.640  61.783 0.0000000000
52634  10.189  -42.434  62.273 0.0000000000
52625  10.670  -42.378  62.597 0.0000000000
52635  9.652  -42.363  62.271 0.0000000000
52627  9.651  -42.114  62.542 0.0000000000
54025  9.212  -41.907  62.669 0.0000000000
67362  9.172  -32.876  60.687 0.0000000000
67373  8.400  -32.438  60.040 0.0000000000
68663  7.693  -32.044  59.395 0.0000000000
68678  7.677  -31.952  58.558 0.0000000000
74047  7.148  -29.071  60.632 0.0000000000
72769  6.857  -29.594  60.352 0.0000000000
71403  6.488  -30.118  59.923 0.0000000000
72783  7.403  -28.957  59.188 0.0000000000
71414  6.353  -29.882  59.241 0.0000000000
71404  6.226  -30.289  59.333 0.0000000000
70013  6.149  -30.664  59.032 0.0000000000
68695  6.781  -30.818  57.930 0.0000000000
68711  6.799  -30.686  57.136 0.0000000000
68725  6.869  -30.329  56.608 0.0000000000
70064  6.259  -30.176  55.919 0.0000000000
71480  5.996  -30.073  55.414 0.0000000000
71481  5.764  -29.690  55.150 0.0000000000
71497  5.242  -29.358  53.894 0.0000000000
72861  4.926  -29.083  53.429 0.0000000000
61036  15.441  -38.108  62.679 0.0000000000
62270  14.975  -37.748  63.025 0.0000000000
62281  15.398  -37.755  62.409 0.0000000000
63561  14.521  -36.583  61.815 0.0000000000
62318  20.944  -35.831  58.039 0.0000000000
68642  23.150  -31.766  60.590 0.0000000000
66086  22.929  -33.666  59.574 0.0000000000
64834  22.606  -34.424  59.418 0.0000000000
64820  23.295  -34.976  60.528 0.0000000000
64843  22.168  -34.952  59.353 0.0000000000
62308  21.660  -35.806  58.750 0.0000000000
62309  21.439  -36.226  58.778 0.0000000000
61058  21.017  -37.079  59.372 0.0000000000
62286  21.592  -37.066  60.598 0.0000000000
61047  21.499  -37.667  60.304 0.0000000000
59665  21.083  -38.214  60.470 0.0000000000
59666  20.497  -38.729  60.836 0.0000000000
59656  20.344  -38.657  61.326 0.0000000000
64813  20.382  -35.805  62.038 0.0000000000
63546  20.610  -36.321  62.010 0.0000000000
62276  19.880  -36.847  61.146 0.0000000000
62266  20.024  -36.752  61.236 0.0000000000
59644  20.009  -38.271  61.286 0.0000000000
59657  19.856  -38.758  61.772 0.0000000000
59658  19.045  -39.142  61.911 0.0000000000
59659  18.456  -38.941  62.128 0.0000000000
59660  17.869  -38.981  62.336 0.0000000000
61022  16.420  -38.742  63.028 0.0000000000
61080  5.433  -38.950  56.998 0.0000000000
63597  5.672  -38.405  56.888 0.0000000000
161211  6.135  -37.733  56.829 0.0000000000
61056  6.491  -39.404  59.439 0.0000000000
61060  6.852  -39.147  58.715 0.0000000000
63593  7.703  -38.037  57.595 0.0000000000
62296  10.453  -37.265  59.785 0.0000000000
58274  8.325  -40.325  63.384 0.0000000000
58282  8.205  -39.710  63.443 0.0000000000
59641  8.949  -39.132  64.172 0.0000000000
59651  8.645  -39.141  63.570 0.0000000000
64789  10.175  -35.642  65.940 0.0000000000
63531  10.023  -35.982  65.067 0.0000000000
63540  10.094  -36.102  64.438 0.0000000000
66050  9.285  -34.491  64.938 0.0000000000
64795  9.651  -35.278  64.599 0.0000000000
63544  9.998  -36.148  64.103 0.0000000000
63543  10.008  -36.243  63.881 0.0000000000
63551  9.996  -36.647  63.520 0.0000000000
63550  9.967  -37.200  63.138 0.0000000000
66085  9.509  -33.755  61.124 0.0000000000
71388  7.598  -30.528  61.924 0.0000000000
72749  7.662  -29.756  62.146 0.0000000000
74023  7.936  -28.995  62.108 0.0000000000
72733  8.686  -30.141  63.667 0.0000000000
72740  8.566  -29.961  63.537 0.0000000000
72741  8.284  -29.592  63.242 0.0000000000
74032  8.403  -28.418  61.902 0.0000000000
63547  14.581  -36.974  63.342 0.0000000000
62334  19.743  -36.552  57.080 0.0000000000
61090  19.247  -37.051  56.384 0.0000000000
62346  19.224  -37.012  55.925 0.0000000000
61091  18.492  -37.246  56.338 0.0000000000
52679  10.110  -43.588  59.915 0.0000000000
52695  9.363  -43.336  58.860 0.0000000000
52707  9.530  -43.066  58.359 0.0000000000
64886  5.473  -37.404  54.014 0.0000000000
64860  7.671  -36.719  56.251 0.0000000000
66117  7.122  -36.379  55.416 0.0000000000
66135  7.251  -36.516  53.774 0.0000000000
66125  8.483  -36.140  54.132 0.0000000000
66145  6.804  -36.145  53.298 0.0000000000
64902  6.890  -36.217  52.401 0.0000000000
64921  6.636  -36.637  51.475 0.0000000000
64918  8.045  -35.479  50.162 0.0000000000
66237  7.828  -35.214  46.693 0.0000000000
67370  10.520  -33.639  58.660 0.0000000000
67382  10.695  -33.455  57.916 0.0000000000
68676  10.137  -32.570  57.878 0.0000000000
68675  10.563  -32.934  57.392 0.0000000000
67390  11.066  -33.609  57.079 0.0000000000
67395  11.241  -33.569  56.284 0.0000000000
67400  11.342  -34.063  55.657 0.0000000000
71460  9.172  -30.652  55.948 0.0000000000
71459  9.497  -31.006  55.979 0.0000000000
70077  10.655  -31.886  54.938 0.0000000000
70104  10.709  -31.133  53.127 0.0000000000
70092  10.869  -31.475  53.997 0.0000000000
68739  11.286  -32.445  54.230 0.0000000000
67423  11.404  -33.889  53.244 0.0000000000
66156  11.247  -34.296  51.796 0.0000000000
66176  10.993  -34.272  51.017 0.0000000000
66217  10.646  -34.292  48.913 0.0000000000
66218  9.709  -34.779  48.577 0.0000000000
67501  9.606  -34.506  47.807 0.0000000000
66236  8.638  -35.039  47.000 0.0000000000
66257  7.465  -34.889  45.864 0.0000000000
66279  7.001  -34.489  45.095 0.0000000000
67573  6.915  -33.767  44.537 0.0000000000
71606  8.923  -30.223  46.363 0.0000000000
71622  8.116  -29.959  45.502 0.0000000000
71637  8.150  -30.341  44.305 0.0000000000
71649  7.415  -30.559  43.500 0.0000000000
78722  8.917  -24.578  58.107 0.0000000000
77522  7.569  -25.428  57.125 0.0000000000
75332  5.233  -26.652  56.257 0.0000000000
77538  5.852  -24.923  56.332 0.0000000000
76429  4.917  -25.984  56.047 0.0000000000
75343  4.746  -26.971  55.845 0.0000000000
74110  4.108  -27.407  55.032 0.0000000000
74119  4.275  -27.912  54.619 0.0000000000
74127  4.381  -28.306  53.445 0.0000000000
78756  4.945  -24.358  54.745 0.0000000000
78776  4.749  -24.515  53.714 0.0000000000
75361  4.383  -27.380  53.741 0.0000000000
75362  3.967  -27.816  53.151 0.0000000000
74130  4.502  -28.923  52.734 0.0000000000
74135  4.431  -28.927  51.793 0.0000000000
74139  4.182  -29.341  51.063 0.0000000000
75375  4.137  -27.713  50.876 0.0000000000
72900  4.801  -28.964  49.491 0.0000000000
72912  4.950  -28.770  48.802 0.0000000000
72923  4.791  -28.822  48.120 0.0000000000
76514  4.813  -26.997  48.374 0.0000000000
75401  4.659  -27.574  47.639 0.0000000000
74179  4.115  -27.453  45.984 0.0000000000
51468  10.025  -42.866  61.038 0.0000000000
51470  9.157  -42.775  61.723 0.0000000000
51472  10.317  -43.571  60.869 0.0000000000
51476  8.775  -42.966  61.662 0.0000000000
51481  8.356  -43.481  60.862 0.0000000000
51492  8.061  -43.252  60.774 0.0000000000
52628  9.318  -42.166  62.527 0.0000000000
52636  9.106  -42.433  62.318 0.0000000000
52655  8.535  -43.522  61.137 0.0000000000
52664  10.262  -43.752  60.442 0.0000000000
52666  8.210  -43.540  61.016 0.0000000000
52667  7.822  -43.109  60.873 0.0000000000
54033  8.602  -42.233  62.495 0.0000000000
54060  8.675  -43.136  59.262 0.0000000000
54072  10.069  -42.090  57.902 0.0000000000
54075  8.677  -43.260  58.631 0.0000000000
54087  9.831  -42.157  57.941 0.0000000000
55490  15.131  -41.282  64.788 0.0000000000
55491  14.838  -41.415  64.894 0.0000000000
55500  10.238  -41.439  63.795 0.0000000000
55502  14.622  -41.659  63.848 0.0000000000
55504  13.019  -41.123  62.851 0.0000000000
55505  12.022  -41.772  62.587 0.0000000000
55507  10.530  -41.735  63.193 0.0000000000
55511  8.377  -41.166  62.510 0.0000000000
55512  8.319  -40.912  62.340 0.0000000000
55518  12.551  -41.317  62.840 0.0000000000
55520  8.718  -41.916  62.600 0.0000000000
55526  16.927  -41.444  62.366 0.0000000000
55527  12.786  -41.131  62.942 0.0000000000
55538  16.197  -41.692  60.717 0.0000000000
55548  8.349  -42.916  59.058 0.0000000000
55561  10.282  -41.995  58.154 0.0000000000
55562  10.004  -41.992  58.107 0.0000000000
55577  10.300  -42.002  57.902 0.0000000000
55578  10.168  -42.121  57.768 0.0000000000
55589  10.437  -42.065  57.639 0.0000000000
55590  10.225  -42.270  57.442 0.0000000000
56909  11.535  -40.255  63.799 0.0000000000
56910  10.806  -40.731  64.260 0.0000000000
56913  15.554  -40.835  64.390 0.0000000000
56918  11.857  -40.843  63.652 0.0000000000
56919  10.611  -41.258  64.181 0.0000000000
56924  14.000  -41.097  63.983 0.0000000000
56926  12.584  -40.757  63.348 0.0000000000
56927  11.952  -41.210  63.398 0.0000000000
56928  9.976  -41.268  63.904 0.0000000000
56932  8.203  -40.690  62.651 0.0000000000
56934  18.216  -40.308  62.147 0.0000000000
56937  13.089  -40.802  62.893 0.0000000000
56938  13.228  -40.888  63.023 0.0000000000
56939  12.925  -40.939  62.999 0.0000000000
56945  18.771  -40.312  60.982 0.0000000000
56953  17.644  -40.113  59.873 0.0000000000
56954  17.297  -40.589  59.841 0.0000000000
58249  14.884  -40.164  63.957 0.0000000000
58256  10.456  -40.096  64.440 0.0000000000
58257  10.072  -40.182  64.601 0.0000000000
58260  15.954  -39.435  63.848 0.0000000000
58261  15.136  -39.199  63.064 0.0000000000
58262  12.267  -40.720  63.482 0.0000000000
58263  12.025  -40.678  63.534 0.0000000000
58269  15.435  -39.333  63.030 0.0000000000
58270  15.224  -39.508  63.005 0.0000000000
58271  12.103  -40.912  63.508 0.0000000000
58276  7.601  -40.577  63.004 0.0000000000
58277  18.616  -39.911  62.120 0.0000000000
58281  16.423  -39.555  63.393 0.0000000000
58285  7.428  -40.379  62.738 0.0000000000
58300  19.711  -39.194  60.157 0.0000000000
58304  18.882  -39.077  59.462 0.0000000000
58312  18.581  -38.945  58.952 0.0000000000
59616  12.777  -37.935  64.604 0.0000000000
59628  15.162  -39.016  63.272 0.0000000000
59629  15.313  -39.248  63.036 0.0000000000
59630  11.858  -37.985  65.162 0.0000000000
59637  15.663  -39.016  63.425 0.0000000000
59638  15.531  -39.129  63.021 0.0000000000
59640  10.815  -38.343  65.308 0.0000000000
59645  18.621  -39.527  62.004 0.0000000000
59650  15.808  -38.761  63.360 0.0000000000
59654  6.912  -39.929  62.900 0.0000000000
59662  7.607  -39.966  61.654 0.0000000000
59667  8.358  -39.486  60.958 0.0000000000
59668  7.848  -39.550  60.891 0.0000000000
59674  8.395  -39.404  60.773 0.0000000000
59675  8.230  -39.612  60.831 0.0000000000
59708  5.680  -40.446  56.373 0.0000000000
60990  12.841  -37.417  64.836 0.0000000000
60997  10.414  -37.485  66.127 0.0000000000
61000  14.310  -39.022  63.937 0.0000000000
61001  14.017  -38.024  64.515 0.0000000000
61002  15.631  -39.003  63.768 0.0000000000
61003  15.238  -39.019  63.060 0.0000000000
61004  11.548  -37.711  65.488 0.0000000000
61009  14.916  -39.162  63.731 0.0000000000
61011  15.347  -38.710  63.778 0.0000000000
61012  15.341  -38.983  63.264 0.0000000000
61014  10.583  -38.390  65.339 0.0000000000
61018  19.758  -38.092  61.267 0.0000000000
61023  15.772  -38.304  63.224 0.0000000000
61037  9.052  -38.483  62.300 0.0000000000
61039  8.059  -40.048  62.028 0.0000000000
61041  21.674  -36.828  60.779 0.0000000000
61042  21.452  -37.374  60.579 0.0000000000
61045  7.272  -38.591  61.232 0.0000000000
61048  8.304  -39.217  60.720 0.0000000000
61049  8.147  -39.402  60.724 0.0000000000
61052  6.189  -39.683  60.038 0.0000000000
61063  5.880  -39.073  57.854 0.0000000000
61077  19.790  -36.669  57.444 0.0000000000
62240  12.608  -36.956  65.199 0.0000000000
62242  9.806  -36.971  66.618 0.0000000000
62243  9.699  -36.961  66.044 0.0000000000
62244  14.128  -37.775  64.189 0.0000000000
62247  12.246  -37.138  65.391 0.0000000000
62248  10.525  -37.194  66.504 0.0000000000
62249  10.013  -37.320  66.220 0.0000000000
62254  11.802  -37.255  65.536 0.0000000000
62259  14.701  -38.469  63.692 0.0000000000
62263  9.992  -36.665  63.860 0.0000000000
62274  21.475  -36.750  61.580 0.0000000000
62275  21.292  -36.620  62.105 0.0000000000
62293  7.672  -38.853  61.164 0.0000000000
62310  10.388  -36.974  58.474 0.0000000000
62320  9.898  -37.135  57.885 0.0000000000
62322  5.656  -38.760  57.442 0.0000000000
63522  10.546  -36.665  66.394 0.0000000000
63523  10.157  -36.618  66.380 0.0000000000
63524  9.864  -36.706  66.234 0.0000000000
63532  9.774  -35.693  64.807 0.0000000000
63537  11.646  -36.870  65.747 0.0000000000
63538  10.617  -36.758  65.203 0.0000000000
63542  14.431  -36.645  64.051 0.0000000000
63562  10.355  -36.815  61.912 0.0000000000
63589  21.810  -35.953  58.364 0.0000000000
63598  22.346  -34.953  57.462 0.0000000000
63602  10.065  -36.811  57.602 0.0000000000
63615  7.636  -37.094  56.426 0.0000000000
64777  12.897  -35.622  64.768 0.0000000000
64782  9.659  -35.227  65.628 0.0000000000
64783  9.591  -35.092  65.435 0.0000000000
64790  9.999  -35.740  65.511 0.0000000000
64796  14.366  -36.395  63.753 0.0000000000
64833  10.273  -35.146  61.065 0.0000000000
64849  22.389  -34.914  57.226 0.0000000000
64852  8.200  -37.046  56.559 0.0000000000
64861  6.947  -36.578  56.203 0.0000000000
64875  10.588  -34.928  54.771 0.0000000000
64882  10.709  -34.819  54.301 0.0000000000
64890  6.730  -35.938  52.950 0.0000000000
66033  9.667  -34.966  66.107 0.0000000000
66034  9.614  -35.128  65.938 0.0000000000
66035  9.530  -35.026  65.731 0.0000000000
66037  12.861  -34.123  65.571 0.0000000000
66042  9.530  -34.856  65.389 0.0000000000
66046  13.075  -34.221  65.369 0.0000000000
66049  9.337  -33.776  65.125 0.0000000000
66055  22.362  -33.317  60.900 0.0000000000
66109  11.320  -34.129  56.099 0.0000000000
66115  11.296  -34.195  55.864 0.0000000000
66118  6.338  -36.218  55.922 0.0000000000
66128  6.417  -36.704  54.861 0.0000000000
66255  9.061  -34.104  45.690 0.0000000000
66278  7.946  -34.316  45.326 0.0000000000
66280  6.299  -34.354  45.261 0.0000000000
66301  6.444  -34.115  44.900 0.0000000000
67303  11.710  -33.375  67.065 0.0000000000
67304  9.772  -34.798  66.083 0.0000000000
67305  9.454  -34.933  65.966 0.0000000000
67306  9.167  -34.949  65.951 0.0000000000
67307  13.433  -32.989  65.869 0.0000000000
67309  11.764  -34.078  66.817 0.0000000000
67311  9.899  -34.822  66.160 0.0000000000
67312  9.716  -34.737  65.937 0.0000000000
67313  9.553  -34.781  65.716 0.0000000000
67325  9.469  -32.730  64.700 0.0000000000
67338  7.519  -33.557  64.028 0.0000000000
67339  22.642  -32.885  60.681 0.0000000000
67394  11.366  -33.911  55.887 0.0000000000
67409  11.489  -33.108  53.674 0.0000000000
67434  11.745  -32.820  52.567 0.0000000000
67533  9.054  -34.546  46.606 0.0000000000
67535  5.867  -34.446  45.429 0.0000000000
67552  7.569  -33.912  44.859 0.0000000000
67553  6.010  -34.135  45.234 0.0000000000
67554  5.617  -34.153  45.052 0.0000000000
68610  12.182  -33.073  67.034 0.0000000000
68611  11.914  -33.243  67.156 0.0000000000
68656  6.480  -31.078  60.057 0.0000000000
68664  6.999  -31.719  59.432 0.0000000000
68677  9.657  -32.520  58.212 0.0000000000
68708  10.355  -32.290  56.528 0.0000000000
68710  7.349  -30.955  57.023 0.0000000000
68723  7.674  -30.552  56.475 0.0000000000
68738  11.522  -32.572  53.555 0.0000000000
68762  11.845  -32.118  52.307 0.0000000000
68773  11.915  -32.071  51.502 0.0000000000
68799  11.414  -32.075  50.125 0.0000000000
68830  10.852  -32.502  47.707 0.0000000000
68859  9.563  -32.671  45.526 0.0000000000
69972  7.443  -32.521  63.954 0.0000000000
69979  7.683  -32.339  63.799 0.0000000000
69993  6.757  -30.945  61.045 0.0000000000
70011  7.500  -31.876  59.025 0.0000000000
70028  7.412  -31.766  58.819 0.0000000000
70029  7.304  -31.723  59.046 0.0000000000
70082  6.644  -30.125  56.340 0.0000000000
70094  7.327  -29.442  55.487 0.0000000000
70114  10.851  -30.649  52.300 0.0000000000
70127  11.266  -30.762  51.500 0.0000000000
70130  6.561  -30.179  51.295 0.0000000000
70131  6.186  -30.445  51.181 0.0000000000
70152  6.215  -30.459  50.862 0.0000000000
70153  5.839  -30.547  50.750 0.0000000000
70168  9.517  -29.841  49.011 0.0000000000
70181  9.957  -30.433  48.542 0.0000000000
70195  9.538  -30.439  47.954 0.0000000000
70204  10.771  -31.966  47.245 0.0000000000
70231  8.363  -31.047  44.222 0.0000000000
71373  8.479  -30.235  63.590 0.0000000000
71380  8.297  -30.151  63.442 0.0000000000
71461  6.027  -30.235  55.914 0.0000000000
71513  10.213  -30.314  51.929 0.0000000000
71532  3.988  -30.117  51.318 0.0000000000
71544  10.989  -30.512  51.163 0.0000000000
71545  10.595  -30.371  50.997 0.0000000000
71550  4.488  -30.277  50.971 0.0000000000
71551  4.120  -30.245  51.184 0.0000000000
71578  6.484  -28.902  49.250 0.0000000000
71620  9.603  -31.207  45.314 0.0000000000
72784  6.944  -29.403  59.395 0.0000000000
72802  6.676  -29.059  58.532 0.0000000000
72855  5.553  -29.392  54.765 0.0000000000
72873  4.057  -29.812  51.409 0.0000000000
72881  8.086  -29.402  49.684 0.0000000000
72882  7.758  -29.364  50.064 0.0000000000
72911  5.236  -28.773  48.549 0.0000000000
72931  8.162  -29.670  46.387 0.0000000000
72959  6.437  -29.550  43.277 0.0000000000
74024  7.579  -29.174  61.769 0.0000000000
74098  5.184  -28.241  55.796 0.0000000000
74120  4.151  -27.390  54.827 0.0000000000
74128  3.801  -28.113  52.985 0.0000000000
74134  4.592  -29.236  52.335 0.0000000000
74145  5.744  -28.279  49.007 0.0000000000
74146  5.649  -28.534  49.159 0.0000000000
74148  3.959  -28.233  49.374 0.0000000000
74149  3.752  -27.866  49.236 0.0000000000
74158  5.929  -28.368  48.801 0.0000000000
74159  5.637  -28.564  48.858 0.0000000000
74161  4.270  -27.778  49.406 0.0000000000
74162  3.938  -27.919  49.107 0.0000000000
74187  6.960  -28.752  44.930 0.0000000000
74191  4.267  -27.638  45.955 0.0000000000
74208  5.942  -29.070  43.196 0.0000000000
75330  6.562  -26.983  56.985 0.0000000000
75342  5.301  -27.334  56.181 0.0000000000
75368  4.055  -27.727  52.568 0.0000000000
75372  4.189  -27.810  51.692 0.0000000000
75383  4.236  -27.572  49.369 0.0000000000
75384  3.617  -27.596  49.143 0.0000000000
75394  4.397  -27.584  48.883 0.0000000000
75395  3.832  -27.529  49.184 0.0000000000
75400  4.866  -27.398  47.354 0.0000000000
76441  4.478  -26.801  54.962 0.0000000000
76452  4.448  -26.698  54.769 0.0000000000
76476  9.399  -26.013  51.324 0.0000000000
76477  9.140  -26.209  51.405 0.0000000000
76479  4.222  -27.306  51.800 0.0000000000
76483  9.345  -26.083  51.017 0.0000000000
76484  9.271  -26.292  51.155 0.0000000000
76500  4.068  -26.996  49.099 0.0000000000
76516  3.838  -27.132  49.065 0.0000000000
76524  4.977  -27.152  47.664 0.0000000000
78787  7.421  -24.470  52.716 0.0000000000
79966  5.262  -23.609  55.860 0.0000000000
79992  5.454  -22.994  54.012 0.0000000000
80003  4.895  -24.047  53.820 0.0000000000
81261  5.398  -21.899  56.614 0.0000000000
161207  13.021  -41.146  62.925 0.0000000000
161209  6.024  -36.351  56.127 0.0000000000
161213  5.732  -38.073  56.706 0.0000000000
161216  5.825  -36.158  56.022 0.0000000000
161219  6.047  -36.607  55.326 0.0000000000
