#!ascii label  , from subject 4001 vox2ras=TkReg
1125
106876  19.941  -2.311  -25.617 0.2500000000
105712  20.526  -3.407  -25.733 0.7500000000
110288  19.025  1.071  -26.303 0.2500000000
110277  19.039  0.303  -25.855 0.1250000000
110287  19.576  0.357  -26.499 0.3750000000
109115  19.423  -0.591  -25.839 0.2500000000
107987  19.318  -1.485  -25.584 0.2500000000
106888  21.050  -2.227  -26.588 0.7500000000
107986  19.845  -1.629  -25.853 0.3750000000
105729  20.817  -2.927  -26.368 0.8750000000
105728  21.375  -3.384  -26.482 0.8750000000
109141  20.048  -0.183  -26.806 0.3750000000
109125  20.345  -0.713  -26.584 0.3750000000
108014  20.729  -1.044  -26.609 0.8750000000
107999  20.322  -1.532  -26.271 0.7500000000
106898  23.093  -1.939  -27.079 1.0000000000
106900  21.675  -1.847  -26.835 1.0000000000
107998  20.858  -1.518  -26.564 0.8750000000
105727  22.451  -3.184  -26.919 1.0000000000
105726  23.485  -3.619  -26.939 1.0000000000
111405  19.575  1.506  -26.784 0.2500000000
110305  20.096  0.526  -27.126 0.7500000000
109139  21.351  -0.346  -27.409 0.8750000000
109140  20.626  -0.373  -27.067 0.7500000000
108011  22.624  -1.195  -27.455 1.0000000000
106896  24.819  -2.171  -27.231 1.0000000000
106897  23.892  -2.043  -27.410 1.0000000000
105739  24.203  -2.933  -27.056 1.0000000000
105740  23.306  -2.736  -27.236 1.0000000000
111395  18.498  1.468  -25.643 0.1250000000
110302  22.477  0.860  -27.526 1.0000000000
110304  20.850  0.580  -27.393 0.8750000000
109138  22.143  -0.253  -27.487 1.0000000000
108008  25.381  -1.294  -27.321 1.0000000000
108009  24.420  -1.189  -27.122 1.0000000000
108010  23.505  -1.122  -27.227 1.0000000000
109137  23.020  -0.147  -27.393 1.0000000000
106895  25.801  -2.372  -27.203 1.0000000000
106909  27.639  -2.480  -28.260 1.0000000000
115823  19.682  5.500  -27.094 0.2500000000
111406  18.855  1.812  -26.367 0.2500000000
112505  19.869  2.548  -27.331 0.3750000000
111421  20.372  1.545  -27.376 0.5000000000
112503  21.325  2.142  -27.942 1.0000000000
112504  20.713  2.554  -27.990 0.6250000000
111418  22.446  1.532  -27.652 1.0000000000
110301  23.419  1.049  -27.442 1.0000000000
110316  22.802  1.432  -27.611 1.0000000000
109149  27.014  -0.473  -27.491 1.0000000000
109134  26.006  -0.370  -27.090 1.0000000000
110299  25.523  0.711  -26.884 1.0000000000
109148  27.568  -0.502  -28.342 1.0000000000
108023  27.765  -1.915  -28.289 1.0000000000
109155  28.121  -0.538  -29.174 1.0000000000
108032  27.964  -1.556  -28.655 1.0000000000
115840  20.293  5.431  -27.908 0.5000000000
114760  19.989  4.487  -27.362 0.3750000000
113657  20.202  3.507  -27.703 0.5000000000
113674  20.715  3.576  -28.247 0.5000000000
112513  22.384  2.869  -28.214 0.8750000000
111432  22.120  2.345  -28.056 1.0000000000
113671  22.754  3.689  -28.183 1.0000000000
111416  25.030  1.763  -26.912 1.0000000000
111430  23.375  2.051  -27.660 1.0000000000
110314  27.492  0.531  -27.716 1.0000000000
111415  26.022  1.652  -27.229 1.0000000000
110322  28.454  0.499  -29.701 1.0000000000
108050  27.767  -1.347  -30.589 0.8750000000
116924  20.305  6.274  -28.124 0.5000000000
115839  20.704  4.917  -28.101 0.5000000000
115855  21.033  5.470  -28.388 0.6250000000
115853  22.792  5.391  -28.306 0.6250000000
114772  23.090  4.544  -28.019 1.0000000000
113672  22.001  3.662  -28.378 0.7500000000
113655  24.135  3.629  -27.124 1.0000000000
112510  27.950  2.565  -28.576 1.0000000000
112511  27.286  2.544  -27.886 1.0000000000
112499  26.459  2.566  -27.410 1.0000000000
112500  25.517  2.628  -27.106 1.0000000000
111428  28.248  1.565  -29.069 1.0000000000
111429  27.767  1.550  -28.134 1.0000000000
111414  27.039  1.583  -27.476 1.0000000000
111440  28.852  1.638  -29.888 0.8750000000
110329  28.589  0.136  -30.571 0.8750000000
115856  20.531  5.943  -28.287 0.5000000000
115854  22.032  5.485  -28.596 0.8750000000
115836  25.997  5.242  -27.108 1.0000000000
114757  24.512  4.460  -26.873 1.0000000000
113681  28.010  3.575  -29.023 1.0000000000
114771  27.335  4.402  -27.697 1.0000000000
113654  25.031  3.524  -26.749 1.0000000000
114786  28.045  4.567  -29.408 1.0000000000
111439  29.035  1.672  -30.728 1.0000000000
112521  28.739  2.626  -30.355 1.0000000000
113680  28.656  3.763  -29.894 1.0000000000
116923  20.752  6.590  -28.391 0.5000000000
116922  21.586  6.491  -28.513 0.8750000000
116904  23.501  6.362  -27.674 1.0000000000
117958  26.252  7.197  -26.798 1.0000000000
116902  25.509  6.074  -26.681 1.0000000000
116903  24.442  6.283  -26.833 1.0000000000
116935  28.276  6.338  -29.478 1.0000000000
116918  28.065  6.309  -28.524 1.0000000000
116943  28.645  6.058  -30.738 1.0000000000
116934  28.348  5.959  -30.118 1.0000000000
115850  27.668  5.456  -29.046 1.0000000000
114799  28.444  4.402  -31.491 1.0000000000
115867  28.262  5.405  -29.717 1.0000000000
113692  28.857  3.478  -31.723 0.8750000000
122470  24.454  11.422  -26.641 1.0000000000
122472  22.495  11.122  -27.070 0.3750000000
121375  23.875  10.330  -26.826 0.8750000000
119020  25.813  8.268  -26.690 1.0000000000
117974  28.483  7.300  -29.069 1.0000000000
117975  28.002  7.284  -28.159 1.0000000000
124460  25.262  13.131  -27.730 0.8750000000
123497  25.754  12.272  -27.471 1.0000000000
122469  25.470  11.455  -26.844 1.0000000000
121374  24.905  10.380  -26.674 1.0000000000
122468  26.432  11.465  -27.348 1.0000000000
120206  26.445  9.350  -26.916 1.0000000000
119035  28.166  8.300  -28.782 1.0000000000
120235  28.167  9.311  -29.427 1.0000000000
119049  27.780  8.227  -29.885 1.0000000000
124476  25.039  14.225  -28.372 0.7500000000
123514  26.127  12.475  -28.087 1.0000000000
122488  27.251  11.231  -28.104 1.0000000000
121410  27.973  10.358  -30.007 1.0000000000
122487  27.515  10.796  -28.668 1.0000000000
121403  27.915  10.210  -28.962 1.0000000000
124475  25.945  13.253  -28.485 1.0000000000
123513  26.593  11.939  -28.205 1.0000000000
122501  27.361  11.259  -28.836 1.0000000000
130053  24.350  19.115  -29.446 0.1250000000
130052  25.010  19.430  -29.151 0.1250000000
130067  23.200  19.445  -30.311 0.2500000000
131008  23.454  19.994  -30.322 0.1250000000
131030  21.781  20.547  -31.508 0.3750000000
131007  23.894  20.602  -30.265 0.2500000000
131989  20.776  21.233  -31.907 0.5000000000
131988  21.937  21.577  -31.997 0.2500000000
131997  21.874  21.822  -32.545 0.3750000000
131006  24.777  20.618  -29.600 0.2500000000
131987  22.804  21.378  -31.691 0.2500000000
131978  23.814  21.626  -30.740 0.2500000000
132927  23.675  22.022  -31.172 0.2500000000
132936  22.624  21.828  -32.107 0.2500000000
132935  23.384  22.059  -31.847 0.2500000000
132942  22.437  22.141  -32.653 0.3750000000
132950  22.886  22.713  -33.849 0.3750000000
132941  23.398  22.355  -32.861 0.2500000000
107988  18.584  -1.595  -25.061 0.1250000000
108000  19.715  -1.186  -26.036 0.2500000000
109116  18.813  -0.591  -25.404 0.1250000000
105737  26.189  -3.654  -26.883 1.0000000000
115852  23.360  5.366  -27.813 0.8750000000
115851  27.765  5.324  -28.007 1.0000000000
105715  18.350  -3.243  -24.411 0.1250000000
104561  20.681  -4.602  -25.633 0.7500000000
110278  18.512  0.507  -25.129 0.1250000000
104560  21.680  -4.544  -26.022 1.0000000000
104576  22.810  -4.381  -26.415 1.0000000000
105725  24.438  -3.807  -26.753 1.0000000000
112483  19.192  2.709  -26.520 0.3750000000
114743  19.371  4.553  -26.711 0.2500000000
113658  19.649  3.588  -26.983 0.2500000000
106928  27.591  -2.316  -30.122 0.8750000000
110336  28.720  0.501  -31.725 0.8750000000
108049  28.268  -1.137  -31.357 0.8750000000
111450  28.962  1.484  -32.310 0.8750000000
122473  21.480  11.031  -27.404 0.1250000000
121378  21.450  10.068  -27.576 0.1250000000
117962  20.569  7.513  -28.208 0.3750000000
117976  22.477  7.356  -27.722 0.6250000000
115875  28.405  5.282  -31.173 1.0000000000
112535  29.044  2.490  -32.021 0.8750000000
122471  23.421  11.256  -26.629 0.5000000000
123498  24.868  12.441  -27.025 0.8750000000
121376  22.921  10.273  -27.169 0.3750000000
120209  23.179  9.264  -26.839 0.8750000000
117988  27.970  7.216  -29.844 1.0000000000
117999  28.363  7.764  -31.505 1.0000000000
119058  28.348  8.657  -31.006 1.0000000000
124483  25.692  14.080  -29.624 1.0000000000
124489  26.446  13.370  -30.588 1.0000000000
122507  27.490  11.259  -30.430 1.0000000000
129130  24.896  18.477  -28.317 0.1250000000
129132  23.473  18.072  -28.544 0.1250000000
129173  21.836  18.664  -30.769 0.6250000000
130096  21.366  20.083  -31.538 0.6250000000
132017  19.376  20.763  -32.567 0.5000000000
130065  24.394  19.823  -29.677 0.2500000000
132015  21.542  21.507  -33.202 0.5000000000
131971  24.445  21.684  -30.202 0.2500000000
132951  21.990  22.079  -33.139 0.5000000000
132014  22.299  21.963  -33.654 0.5000000000
132920  24.564  22.807  -29.886 0.1250000000
132926  24.294  22.537  -30.884 0.2500000000
132934  24.424  22.430  -31.634 0.2500000000
132957  23.808  22.182  -35.232 0.3750000000
131986  24.430  21.911  -32.459 0.2500000000
106877  18.983  -2.476  -25.287 0.1250000000
105713  19.466  -3.353  -25.321 0.3750000000
105711  21.139  -3.947  -25.869 0.7500000000
104577  22.054  -3.879  -26.497 1.0000000000
108012  21.846  -1.225  -27.385 1.0000000000
106887  21.754  -2.575  -26.800 1.0000000000
105738  25.168  -3.132  -26.768 1.0000000000
111420  21.150  1.565  -27.596 0.8750000000
108025  26.368  -1.422  -27.496 1.0000000000
109135  24.949  -0.275  -26.767 1.0000000000
109136  24.005  -0.151  -27.316 1.0000000000
106910  26.725  -2.503  -27.586 1.0000000000
112514  21.568  2.724  -28.285 0.8750000000
111431  22.638  2.078  -27.774 1.0000000000
111417  24.156  1.867  -27.411 1.0000000000
108024  27.279  -1.549  -28.040 1.0000000000
110298  26.604  0.607  -27.171 1.0000000000
109162  28.084  -0.545  -30.142 1.0000000000
112515  20.992  3.084  -28.456 0.6250000000
114774  21.613  4.537  -28.425 0.6250000000
112512  23.111  2.846  -27.971 1.0000000000
114758  23.717  4.524  -27.416 1.0000000000
112501  24.584  2.711  -27.036 1.0000000000
110313  27.953  0.515  -28.683 1.0000000000
110321  28.835  0.914  -30.394 0.8750000000
106942  28.432  -1.921  -31.376 0.8750000000
114756  25.524  4.398  -26.766 1.0000000000
112522  28.524  2.625  -29.423 1.0000000000
113653  26.018  3.483  -26.974 1.0000000000
113670  26.888  3.481  -27.516 1.0000000000
110328  28.906  0.763  -31.028 0.8750000000
116901  26.488  5.714  -27.329 1.0000000000
115838  23.974  5.389  -27.092 1.0000000000
115835  27.060  5.249  -27.408 1.0000000000
114770  27.645  4.475  -28.554 1.0000000000
114794  28.479  4.499  -30.650 1.0000000000
113687  28.480  3.532  -30.919 1.0000000000
117977  21.912  7.416  -28.332 0.6250000000
116905  22.904  6.818  -27.731 0.7500000000
117959  25.137  7.238  -26.848 1.0000000000
119036  27.411  8.291  -28.037 1.0000000000
117957  27.288  7.226  -27.262 1.0000000000
116944  28.275  6.684  -30.285 1.0000000000
116919  27.545  6.182  -27.783 1.0000000000
119021  24.705  8.208  -26.581 1.0000000000
119019  26.841  8.293  -27.055 1.0000000000
120207  25.372  9.321  -26.502 1.0000000000
121373  25.926  10.387  -27.015 1.0000000000
121390  27.645  10.258  -28.047 1.0000000000
120222  27.936  9.301  -28.392 1.0000000000
121391  27.061  10.416  -27.211 1.0000000000
124482  26.540  12.984  -29.458 1.0000000000
123522  27.171  11.936  -29.190 1.0000000000
124490  25.988  14.397  -31.117 1.0000000000
129146  24.444  18.675  -28.957 0.1250000000
129162  23.379  18.823  -29.751 0.1250000000
129147  23.815  18.521  -29.237 0.1250000000
131019  22.937  20.482  -30.938 0.2500000000
129163  22.929  18.685  -30.086 0.3750000000
130080  22.527  19.524  -30.572 0.5000000000
131999  19.869  21.429  -32.211 0.5000000000
131990  19.704  20.982  -31.743 0.7500000000
133887  23.967  22.950  -34.091 0.2500000000
105714  18.745  -3.434  -24.869 0.2500000000
105702  18.396  -3.607  -23.778 0.1250000000
105701  18.568  -3.838  -24.265 0.1250000000
104562  19.692  -4.448  -25.145 0.6250000000
120211  21.821  9.627  -27.902 0.5000000000
117978  21.141  7.497  -28.494 0.6250000000
117960  24.094  7.251  -27.050 0.8750000000
119023  22.639  8.219  -27.132 0.7500000000
119022  23.587  8.183  -26.689 0.8750000000
120210  22.372  9.294  -27.584 0.7500000000
120224  21.818  9.010  -28.089 0.8750000000
120208  24.223  9.277  -26.419 1.0000000000
125381  25.472  14.993  -30.337 1.0000000000
123536  26.491  12.584  -31.343 1.0000000000
129148  23.230  18.198  -29.219 0.3750000000
129183  20.958  18.705  -31.641 0.7500000000
130097  21.017  19.647  -31.709 0.7500000000
130082  21.510  19.209  -31.129 0.5000000000
130099  18.953  19.810  -31.916 0.7500000000
131996  24.142  21.809  -33.247 0.2500000000
132013  23.624  21.428  -34.117 0.3750000000
98293  20.866  -9.262  -24.923 0.7500000000
98291  22.315  -9.602  -25.469 0.7500000000
99496  20.525  -8.606  -24.840 0.7500000000
100802  20.300  -8.008  -24.672 0.7500000000
99519  22.739  -8.629  -25.737 0.7500000000
99520  21.700  -8.664  -25.460 0.7500000000
100821  20.809  -7.827  -25.308 0.7500000000
99518  23.816  -8.589  -26.079 0.7500000000
100820  22.084  -7.675  -25.545 0.7500000000
103430  21.085  -5.583  -25.521 0.7500000000
102157  21.510  -6.641  -25.428 0.7500000000
100818  24.459  -7.677  -25.850 0.7500000000
100819  23.251  -7.647  -25.767 0.7500000000
102155  23.878  -6.686  -25.589 0.7500000000
103429  22.108  -5.578  -25.523 0.8750000000
104559  22.463  -4.950  -25.848 0.8750000000
102154  24.917  -6.774  -25.789 0.7500000000
103427  24.436  -5.952  -25.908 0.8750000000
103448  23.467  -4.885  -26.364 0.8750000000
103445  25.643  -5.854  -27.033 0.7500000000
103446  24.982  -5.440  -26.300 0.8750000000
104574  24.660  -4.682  -26.621 0.8750000000
104587  26.546  -4.567  -27.488 0.8750000000
104572  26.189  -4.775  -26.694 0.8750000000
104604  27.026  -4.433  -28.419 0.8750000000
105749  26.844  -3.538  -27.970 0.8750000000
104639  29.643  -4.205  -30.475 0.3750000000
104640  28.872  -4.074  -30.509 0.6250000000
105758  27.869  -3.311  -29.636 0.7500000000
105748  27.528  -3.475  -28.777 0.7500000000
105771  30.082  -3.824  -31.016 0.5000000000
105772  29.558  -3.587  -31.011 0.5000000000
105793  29.544  -2.720  -31.297 0.7500000000
105795  28.247  -2.387  -31.049 0.7500000000
105791  31.734  -3.092  -32.431 0.1250000000
106939  31.290  -2.027  -32.206 0.3750000000
106940  30.215  -2.103  -31.918 0.6250000000
106941  29.306  -1.851  -31.632 0.6250000000
108063  28.762  -1.013  -31.632 0.6250000000
105820  33.221  -3.535  -33.878 0.1250000000
105821  32.628  -3.266  -34.210 0.1250000000
108076  30.944  -1.572  -33.633 0.1250000000
108086  31.318  -1.522  -34.323 0.1250000000
109197  29.770  -0.235  -32.981 0.6250000000
110344  29.352  0.122  -33.035 0.6250000000
110345  28.945  0.462  -32.605 0.7500000000
108085  32.071  -1.610  -34.371 0.1250000000
110370  31.680  0.301  -33.767 0.1250000000
111464  30.786  0.641  -33.693 0.1250000000
111466  29.712  1.498  -33.510 0.5000000000
111457  29.125  1.487  -33.057 0.6250000000
112542  29.096  2.413  -32.853 0.7500000000
108058  33.302  -1.572  -33.500 0.1250000000
111478  30.180  1.971  -34.139 0.5000000000
112559  29.378  2.714  -34.162 0.5000000000
113714  29.154  2.946  -33.940 0.6250000000
113697  29.077  3.350  -32.527 0.7500000000
124477  24.321  14.453  -28.008 0.6250000000
126272  23.859  15.801  -28.449 0.5000000000
125375  24.879  14.987  -28.964 0.7500000000
114813  29.322  4.242  -33.349 0.6250000000
115888  29.147  5.343  -32.790 0.6250000000
115881  28.322  5.296  -32.048 0.8750000000
115907  29.895  5.323  -34.609 0.5000000000
115887  29.410  4.790  -33.052 0.6250000000
115896  29.320  5.695  -33.373 0.6250000000
116957  28.564  6.408  -32.513 0.7500000000
126286  24.428  15.807  -29.411 0.7500000000
116950  28.491  6.155  -31.597 0.8750000000
120245  27.995  9.428  -30.623 0.8750000000
121416  27.510  10.555  -31.047 0.8750000000
116958  28.859  7.051  -31.889 0.7500000000
119065  27.803  8.655  -32.000 0.8750000000
119064  28.041  9.078  -31.422 0.8750000000
120252  27.623  9.659  -31.702 0.8750000000
121417  26.936  10.495  -31.961 0.8750000000
115916  30.168  5.746  -35.218 0.3750000000
116966  29.323  5.806  -33.720 0.5000000000
116967  29.063  6.414  -33.572 0.5000000000
118005  28.294  7.136  -33.225 0.6250000000
116987  29.741  6.426  -35.192 0.2500000000
116978  29.395  5.980  -34.328 0.3750000000
126287  24.040  16.476  -29.925 0.6250000000
126300  24.263  16.186  -30.396 0.7500000000
126298  25.149  15.312  -30.071 0.8750000000
125382  25.134  14.927  -31.144 0.8750000000
122508  27.139  11.728  -30.565 0.8750000000
122516  26.158  12.068  -31.833 0.7500000000
122523  26.472  11.021  -32.295 0.8750000000
118006  28.046  7.584  -32.537 0.6250000000
119072  27.656  8.582  -33.157 0.7500000000
116979  28.946  6.852  -34.958 0.3750000000
118028  28.623  7.663  -35.050 0.5000000000
121437  26.988  9.601  -33.404 0.7500000000
116988  29.180  7.087  -35.496 0.2500000000
128202  23.438  17.219  -29.969 0.6250000000
126309  23.842  15.710  -31.392 0.8750000000
125390  24.457  14.693  -31.812 0.8750000000
124498  25.387  13.784  -32.097 0.8750000000
125402  23.486  14.538  -32.608 0.7500000000
123537  25.896  12.725  -32.076 0.8750000000
121426  25.531  10.780  -33.381 0.7500000000
120268  27.034  9.188  -33.625 0.5000000000
119107  27.790  8.882  -36.527 0.2500000000
119097  27.582  8.920  -35.727 0.5000000000
119083  27.704  8.639  -34.406 0.5000000000
118037  29.362  7.646  -35.678 0.2500000000
128203  23.093  17.621  -29.687 0.5000000000
128216  22.605  17.788  -30.606 0.5000000000
128231  21.659  17.909  -31.304 0.6250000000
126311  22.133  16.421  -31.701 0.7500000000
126323  23.023  15.443  -32.193 0.7500000000
126324  21.971  15.854  -32.303 0.7500000000
125403  22.374  14.867  -32.745 0.7500000000
124513  22.918  13.513  -33.735 0.7500000000
125410  23.182  14.130  -33.300 0.7500000000
126342  21.313  15.546  -33.170 0.7500000000
123553  24.049  13.062  -33.821 0.7500000000
122536  24.273  12.058  -33.594 0.7500000000
161547  23.612  12.671  -34.244 0.7500000000
121439  25.720  10.285  -34.201 0.5000000000
122547  24.991  11.292  -34.796 0.3750000000
122535  25.133  11.425  -33.904 0.6250000000
120289  27.260  9.308  -36.145 0.2500000000
120270  26.274  10.116  -35.124 0.3750000000
129184  20.553  18.699  -32.154 0.6250000000
127274  21.390  16.873  -31.728 0.7500000000
127291  21.225  16.741  -32.625 0.7500000000
161552  21.443  13.339  -33.849 0.7500000000
122560  22.914  12.958  -34.393 0.6250000000
122548  23.937  11.763  -34.334 0.3750000000
120300  27.128  9.695  -36.366 0.1250000000
121460  25.985  11.016  -35.389 0.1250000000
121449  25.904  10.579  -35.291 0.2500000000
128250  20.630  18.013  -32.410 0.6250000000
128249  21.111  17.620  -32.748 0.7500000000
127311  20.780  16.360  -33.670 0.6250000000
126343  20.632  15.018  -33.932 0.7500000000
161554  21.336  12.975  -34.027 0.3750000000
122569  24.407  12.034  -35.897 0.2500000000
122559  23.887  11.904  -35.226 0.3750000000
161548  23.508  12.087  -34.123 0.6250000000
122566  26.950  12.610  -36.191 0.1250000000
123576  26.424  12.338  -35.739 0.1250000000
121458  27.325  10.439  -36.150 0.1250000000
130133  19.198  19.224  -32.737 0.6250000000
129215  20.744  18.787  -32.749 0.6250000000
128267  21.454  17.359  -33.612 0.3750000000
127326  20.800  15.493  -34.652 0.3750000000
124529  22.588  13.840  -35.450 0.2500000000
124514  21.779  13.350  -34.473 0.3750000000
125413  20.976  13.757  -34.140 0.3750000000
123593  25.504  12.785  -36.064 0.1250000000
123578  24.063  12.575  -35.658 0.3750000000
123579  23.212  13.011  -35.005 0.3750000000
123575  27.267  13.037  -35.707 0.1250000000
122568  24.838  12.182  -36.006 0.1250000000
130130  21.911  19.994  -33.369 0.3750000000
131069  19.837  20.407  -33.294 0.3750000000
128266  22.123  17.840  -33.854 0.3750000000
126360  21.796  15.635  -34.773 0.3750000000
127324  22.075  16.448  -34.493 0.3750000000
127325  21.075  16.311  -34.499 0.3750000000
125435  22.794  14.668  -35.199 0.3750000000
124531  22.083  14.211  -35.273 0.3750000000
126361  20.991  15.329  -34.985 0.3750000000
161582  25.786  14.347  -36.448 0.1250000000
124540  24.544  13.186  -35.911 0.1250000000
124528  23.858  13.448  -35.461 0.2500000000
161572  27.004  14.313  -36.859 0.1250000000
129195  23.081  18.872  -33.101 0.2500000000
128265  22.878  17.536  -33.935 0.2500000000
128248  22.716  18.157  -33.429 0.3750000000
129196  22.377  18.594  -33.361 0.3750000000
126340  23.832  16.047  -33.885 0.1250000000
127323  22.887  16.729  -34.300 0.3750000000
128276  22.312  17.165  -34.278 0.3750000000
125421  23.593  14.991  -34.904 0.1250000000
126359  22.993  15.714  -34.602 0.2500000000
161577  25.526  14.501  -35.210 0.1250000000
125434  23.747  14.291  -35.348 0.1250000000
130129  23.046  20.112  -33.820 0.3750000000
129213  22.532  19.314  -33.411 0.3750000000
128247  23.270  17.806  -32.897 0.2500000000
127309  24.255  16.386  -33.106 0.1250000000
127290  23.879  17.051  -32.732 0.1250000000
126339  24.784  15.737  -33.572 0.1250000000
127289  24.679  16.941  -32.573 0.1250000000
127322  26.238  15.697  -35.956 0.1250000000
126338  25.975  15.650  -33.295 0.1250000000
128229  25.369  17.732  -31.457 0.1250000000
126321  26.354  15.978  -32.366 0.1250000000
127288  25.373  16.730  -32.073 0.1250000000
126355  26.998  15.606  -34.364 0.1250000000
127321  27.057  16.096  -35.151 0.1250000000
103447  24.023  -5.289  -26.571 0.8750000000
113713  29.457  3.439  -34.155 0.6250000000
118038  28.785  7.677  -35.674 0.3750000000
127256  23.020  17.275  -30.676 0.6250000000
127272  23.187  16.394  -31.203 0.8750000000
125391  23.802  14.990  -31.910 0.8750000000
125401  24.347  14.049  -32.417 0.8750000000
124507  23.838  13.559  -32.989 0.7500000000
123546  24.431  12.805  -33.056 0.7500000000
122525  24.802  12.242  -32.932 0.7500000000
120269  26.736  9.621  -34.549 0.5000000000
121438  26.492  9.721  -33.624 0.5000000000
121425  26.334  10.363  -32.950 0.7500000000
119084  27.298  9.428  -35.235 0.5000000000
127310  23.395  16.779  -33.503 0.2500000000
127308  25.156  16.228  -32.822 0.1250000000
126337  26.931  15.591  -33.632 0.1250000000
108061  30.186  -1.204  -32.576 0.5000000000
109183  29.395  -0.470  -32.579 0.6250000000
109184  28.790  -0.450  -31.889 0.7500000000
112570  30.261  3.097  -34.589 0.3750000000
114835  29.909  4.078  -34.276 0.3750000000
116985  31.097  5.886  -35.477 0.2500000000
120253  27.191  10.139  -32.554 0.7500000000
125420  24.813  14.755  -34.939 0.1250000000
118025  31.029  6.560  -35.281 0.1250000000
97059  21.273  -10.866  -25.016 0.7500000000
97060  20.822  -10.627  -24.770 0.7500000000
98270  20.269  -9.625  -24.610 0.7500000000
99497  19.743  -8.697  -24.288 0.7500000000
97082  22.847  -10.651  -25.577 0.7500000000
98292  21.440  -9.462  -25.190 0.7500000000
98290  23.442  -9.588  -25.656 0.7500000000
102159  19.905  -6.382  -24.560 0.6250000000
102158  20.580  -6.540  -25.110 0.7500000000
100816  25.313  -7.245  -26.508 0.6250000000
103462  27.072  -5.563  -27.716 0.5000000000
103493  28.816  -4.960  -29.696 0.3750000000
103478  28.048  -4.919  -28.989 0.5000000000
104620  29.993  -4.561  -30.008 0.1250000000
104659  31.775  -3.981  -31.571 0.1250000000
105790  32.638  -3.525  -32.256 0.1250000000
105819  33.834  -3.217  -33.440 0.1250000000
108044  33.700  -1.761  -32.787 0.1250000000
109181  32.765  -0.847  -32.961 0.1250000000
110353  32.141  0.177  -33.301 0.1250000000
125366  24.294  14.959  -28.563 0.3750000000
110354  31.806  0.894  -33.456 0.1250000000
111476  31.371  1.639  -33.528 0.1250000000
112569  30.637  3.072  -34.489 0.1250000000
114833  31.145  4.399  -35.126 0.2500000000
115906  30.324  4.964  -34.576 0.2500000000
127238  23.611  16.750  -29.319 0.5000000000
118027  29.607  7.912  -35.179 0.1250000000
118036  30.301  6.663  -35.303 0.2500000000
120287  29.115  9.261  -35.910 0.1250000000
121457  28.016  10.282  -36.184 0.1250000000
122545  27.593  11.181  -35.473 0.1250000000
129164  22.612  18.322  -30.166 0.3750000000
122546  27.455  12.220  -35.236 0.1250000000
126372  27.516  13.962  -35.792 0.1250000000
161569  27.365  13.447  -35.508 0.1250000000
161585  26.619  15.206  -37.411 0.1250000000
128287  27.154  16.477  -36.938 0.1250000000
130999  25.612  20.526  -28.757 0.1250000000
130113  24.568  20.162  -33.184 0.2500000000
130095  24.227  19.270  -32.764 0.1250000000
129180  24.850  18.885  -31.672 0.1250000000
127287  26.020  16.215  -31.877 0.1250000000
126320  26.884  15.814  -32.630 0.1250000000
128275  27.408  17.274  -35.648 0.1250000000
127286  27.601  16.129  -32.974 0.1250000000
106919  28.147  -2.440  -29.061 0.7500000000
114806  28.900  4.345  -32.265 0.7500000000
123499  23.877  12.381  -26.708 0.3750000000
122514  27.311  11.112  -30.978 0.8750000000
105723  25.861  -4.354  -26.610 0.8750000000
104575  23.779  -4.480  -26.712 0.8750000000
105774  28.184  -2.979  -30.564 0.7500000000
116951  28.563  6.907  -31.078 0.8750000000
124497  26.199  13.435  -31.545 0.8750000000
122515  26.803  11.471  -31.357 0.8750000000
131068  21.061  20.721  -33.298 0.3750000000
131084  22.909  21.427  -34.210 0.3750000000
131028  24.390  21.461  -32.792 0.1250000000
131049  24.239  20.897  -33.169 0.2500000000
99521  21.027  -8.764  -25.222 0.7500000000
97084  21.049  -9.903  -24.858 0.7500000000
100803  19.879  -7.666  -23.992 0.7500000000
100822  20.023  -7.244  -24.821 0.7500000000
103431  20.235  -5.482  -24.902 0.6250000000
102156  22.669  -6.614  -25.539 0.8750000000
103428  23.250  -5.495  -25.855 0.8750000000
103426  25.225  -6.170  -26.232 0.7500000000
103425  25.261  -6.272  -26.758 0.7500000000
103444  26.400  -5.216  -27.180 0.7500000000
104573  25.504  -4.876  -26.469 0.8750000000
104603  27.510  -4.270  -29.219 0.7500000000
103513  29.375  -4.823  -30.073 0.2500000000
103494  28.462  -4.625  -29.661 0.5000000000
105792  30.577  -3.103  -31.481 0.5000000000
104660  31.109  -3.692  -31.696 0.2500000000
104638  30.669  -4.238  -30.940 0.1250000000
106958  32.134  -1.998  -33.101 0.2500000000
108060  31.248  -1.526  -32.845 0.3750000000
106960  29.610  -1.517  -32.118 0.6250000000
106984  32.963  -2.645  -34.478 0.1250000000
106971  33.963  -2.841  -33.904 0.1250000000
106985  32.230  -2.587  -34.301 0.1250000000
109196  30.392  -0.549  -33.209 0.5000000000
110371  31.091  0.114  -33.866 0.1250000000
109207  31.550  -0.711  -34.188 0.1250000000
110356  29.921  0.391  -33.283 0.5000000000
109195  32.601  -0.838  -33.793 0.1250000000
111477  30.874  1.323  -33.691 0.1250000000
112548  29.176  2.335  -33.678 0.6250000000
111488  30.291  2.586  -34.568 0.1250000000
113704  29.147  3.311  -33.423 0.6250000000
114805  29.211  4.495  -32.796 0.6250000000
120258  27.497  9.602  -32.938 0.7500000000
118014  27.938  7.869  -33.470 0.5000000000
127273  22.559  16.959  -31.197 0.6250000000
122524  25.600  11.640  -32.665 0.7500000000
119096  28.297  8.290  -35.312 0.3750000000
124506  24.635  13.441  -32.545 0.7500000000
120298  28.160  9.379  -36.646 0.1250000000
120297  28.768  9.080  -36.537 0.1250000000
118045  28.808  8.177  -36.133 0.2500000000
119113  29.086  8.561  -36.262 0.1250000000
127292  20.666  17.413  -32.342 0.7500000000
125412  21.749  14.314  -33.592 0.7500000000
120278  26.634  9.638  -35.730 0.1250000000
121448  26.238  10.061  -35.730 0.3750000000
127312  20.665  15.581  -34.357 0.3750000000
122558  25.195  11.676  -35.584 0.3750000000
121459  26.630  10.381  -35.913 0.1250000000
122557  26.304  11.704  -35.556 0.1250000000
124521  21.498  14.007  -34.736 0.3750000000
123594  24.694  12.616  -36.082 0.2500000000
123592  26.517  12.897  -36.126 0.1250000000
123591  27.123  13.550  -36.498 0.1250000000
122556  27.075  11.788  -35.872 0.1250000000
123577  25.978  12.379  -35.565 0.1250000000
130131  20.752  19.755  -33.115 0.3750000000
124539  25.313  13.514  -36.237 0.1250000000
129214  21.672  18.805  -33.330 0.3750000000
126341  23.333  16.344  -34.151 0.3750000000
125436  22.141  14.582  -35.113 0.3750000000
161575  26.504  14.226  -36.726 0.1250000000
125443  25.064  14.095  -35.670 0.1250000000
161574  25.737  14.858  -35.604 0.1250000000
161578  27.140  14.536  -37.047 0.1250000000
161571  26.656  15.072  -37.389 0.1250000000
129194  23.849  18.731  -32.769 0.2500000000
130114  24.086  19.704  -33.625 0.2500000000
126358  24.244  15.477  -34.432 0.1250000000
126356  26.210  14.982  -34.659 0.1250000000
128246  24.310  17.850  -32.516 0.1250000000
128245  24.972  17.491  -32.195 0.1250000000
127334  26.746  16.591  -36.046 0.1250000000
126357  25.246  15.184  -34.153 0.1250000000
129171  25.482  18.857  -30.925 0.1250000000
95838  20.468  -11.389  -24.508 0.7500000000
97083  21.732  -10.592  -25.101 0.7500000000
95860  21.888  -11.273  -25.042 0.7500000000
97061  19.768  -10.656  -24.162 0.7500000000
102175  25.677  -6.921  -27.264 0.6250000000
112557  31.342  2.751  -33.958 0.1250000000
112547  31.415  2.470  -33.370 0.1250000000
111486  30.960  2.268  -33.870 0.1250000000
120288  28.485  9.471  -36.285 0.1250000000
126385  26.793  15.765  -37.314 0.1250000000
127335  26.643  16.225  -36.839 0.1250000000
99498  19.386  -8.223  -23.485 0.5000000000
94686  22.031  -12.136  -24.756 0.6250000000
95858  23.349  -11.584  -25.348 0.3750000000
97080  24.230  -10.425  -25.191 0.2500000000
97081  23.723  -10.621  -25.659 0.3750000000
127237  24.024  16.327  -28.819 0.3750000000
127239  23.256  17.237  -28.933 0.2500000000
129172  22.278  18.970  -30.421 0.2500000000
95837  21.376  -11.330  -24.882 0.6250000000
98309  24.729  -9.322  -26.336 0.5000000000
100840  25.003  -7.930  -26.086 0.5000000000
100857  26.054  -7.690  -27.316 0.3750000000
94684  23.563  -12.081  -24.601 0.5000000000
95835  23.527  -11.958  -24.929 0.6250000000
103463  26.237  -6.514  -27.404 0.5000000000
93508  21.495  -13.554  -23.821 0.6250000000
99477  18.838  -8.662  -23.098 0.3750000000
98248  19.268  -10.025  -23.483 0.3750000000
93525  21.293  -12.802  -24.260 0.6250000000
94687  20.963  -12.057  -24.519 0.6250000000
94669  23.197  -12.867  -24.191 0.3750000000
93523  22.840  -13.093  -24.192 0.5000000000
93524  22.211  -13.050  -24.365 0.6250000000
99499  19.017  -8.051  -23.129 0.2500000000
95834  24.109  -11.434  -24.598 0.3750000000
98288  25.120  -9.702  -25.716 0.2500000000
97058  24.512  -10.626  -24.633 0.2500000000
99561  25.916  -8.496  -27.032 0.3750000000
102187  26.679  -6.936  -27.605 0.2500000000
103461  28.210  -5.689  -28.023 0.2500000000
113638  19.010  3.743  -26.520 0.1250000000
116907  19.943  6.520  -27.568 0.2500000000
103477  28.907  -5.232  -28.781 0.2500000000
119024  20.315  8.024  -28.029 0.2500000000
128193  23.168  17.714  -29.051 0.2500000000
115824  18.950  5.492  -26.469 0.1250000000
113639  18.474  3.389  -25.989 0.2500000000
104549  19.411  -4.827  -24.608 0.2500000000
119038  21.485  8.372  -28.376 0.3750000000
100841  24.548  -8.411  -26.240 0.5000000000
98271  19.528  -9.630  -24.127 0.5000000000
99476  19.214  -9.128  -23.578 0.5000000000
95859  22.444  -11.565  -25.241 0.6250000000
98310  24.136  -9.257  -26.075 0.5000000000
100804  19.053  -7.315  -23.581 0.3750000000
100823  19.482  -6.953  -24.274 0.3750000000
103416  19.632  -5.167  -24.660 0.2500000000
100824  18.978  -6.739  -24.217 0.3750000000
102188  26.132  -7.055  -27.458 0.2500000000
94685  23.054  -12.506  -24.876 0.5000000000
95857  23.918  -11.108  -25.378 0.2500000000
97079  24.795  -10.161  -24.944 0.2500000000
98289  24.254  -9.796  -25.712 0.3750000000
99541  24.948  -8.731  -26.570 0.3750000000
94668  23.723  -12.453  -23.934 0.3750000000
94688  20.162  -12.051  -24.333 0.6250000000
93506  23.238  -13.280  -23.608 0.3750000000
98308  25.517  -8.993  -26.689 0.2500000000
100856  26.920  -7.648  -27.514 0.2500000000
93510  19.535  -13.169  -23.433 0.5000000000
93507  22.394  -13.566  -23.611 0.2500000000
92371  21.734  -14.174  -23.261 0.3750000000
93509  20.503  -13.307  -23.784 0.5000000000
92374  19.134  -13.806  -23.014 0.3750000000
94672  18.587  -12.248  -23.178 0.5000000000
94670  19.913  -12.540  -23.869 0.5000000000
94671  19.101  -12.330  -23.623 0.5000000000
95812  19.366  -11.525  -23.664 0.3750000000
95839  19.873  -11.554  -24.142 0.5000000000
92329  18.355  -14.775  -21.215 0.1250000000
93485  18.727  -13.634  -22.220 0.3750000000
97011  18.931  -10.936  -22.712 0.2500000000
89933  18.326  -16.405  -20.701 0.1250000000
92328  18.828  -14.578  -21.811 0.2500000000
92353  19.299  -14.791  -22.445 0.3750000000
92350  21.985  -14.454  -22.563 0.2500000000
92352  20.330  -14.924  -22.797 0.3750000000
92372  20.870  -14.233  -23.394 0.5000000000
91107  18.027  -15.675  -20.565 0.1250000000
93468  18.482  -13.417  -21.146 0.1250000000
95763  18.044  -11.590  -21.702 0.1250000000
115914  31.580  5.103  -35.530 0.1250000000
97033  19.326  -10.847  -23.205 0.3750000000
93526  20.546  -12.558  -24.189 0.5000000000
98230  18.629  -10.296  -22.562 0.2500000000
98249  18.771  -9.572  -22.921 0.2500000000
93484  22.893  -13.846  -23.107 0.2500000000
92373  19.967  -14.011  -23.085 0.5000000000
93511  18.807  -12.981  -23.090 0.5000000000
92370  22.394  -14.140  -23.030 0.3750000000
92351  21.258  -14.801  -22.816 0.3750000000
94648  18.440  -12.461  -22.500 0.1250000000
95785  18.316  -11.737  -22.229 0.1250000000
95784  18.555  -11.644  -22.786 0.1250000000
92309  17.689  -14.607  -20.392 0.1250000000
93467  18.643  -14.102  -21.577 0.2500000000
93452  17.997  -13.390  -20.169 0.1250000000
97012  18.158  -10.927  -22.254 0.1250000000
91106  18.480  -15.949  -21.088 0.1250000000
91152  19.243  -15.617  -21.988 0.3750000000
91149  21.754  -15.090  -22.127 0.2500000000
93486  18.413  -12.754  -21.841 0.1250000000
94649  18.353  -12.116  -21.940 0.1250000000
89971  19.083  -16.082  -21.827 0.2500000000
91128  20.579  -16.020  -21.607 0.2500000000
102161  18.916  -6.388  -24.304 0.2500000000
89958  18.746  -16.594  -21.352 0.1250000000
91130  18.796  -15.534  -21.689 0.1250000000
91151  19.875  -15.639  -21.982 0.2500000000
91129  20.074  -16.239  -21.661 0.1250000000
103418  18.657  -5.528  -23.782 0.1250000000
124461  24.146  13.783  -27.206 0.1250000000
125367  24.005  14.929  -27.843 0.1250000000
124442  23.603  14.438  -26.635 0.1250000000
125351  23.978  15.026  -26.971 0.1250000000
127226  23.495  16.780  -28.163 0.1250000000
125338  22.474  15.013  -26.069 0.1250000000
126256  23.786  15.935  -26.899 0.1250000000
128192  23.360  17.667  -28.520 0.1250000000
124462  23.371  13.012  -26.727 0.1250000000
127213  22.962  16.855  -27.008 0.1250000000
127206  22.986  16.614  -26.312 0.1250000000
123500  22.890  12.146  -26.282 0.1250000000
117963  20.207  7.512  -27.716 0.1250000000
98250  18.330  -8.924  -22.697 0.1250000000
102125  18.636  -6.714  -22.876 0.1250000000
120226  20.492  9.461  -28.037 0.1250000000
122455  22.010  11.659  -26.713 0.1250000000
124444  21.870  12.935  -26.270 0.1250000000
124443  22.740  13.672  -26.210 0.1250000000
125327  22.567  14.559  -25.451 0.1250000000
127207  22.613  16.097  -25.662 0.1250000000
127194  23.407  16.317  -25.630 0.1250000000
128166  23.216  17.450  -26.836 0.1250000000
104563  19.132  -3.960  -25.053 0.1250000000
104550  19.014  -4.456  -24.451 0.1250000000
102141  19.531  -5.783  -24.502 0.1250000000
126273  23.677  15.649  -27.709 0.1250000000
127227  23.348  17.369  -28.656 0.1250000000
100791  18.812  -7.337  -23.002 0.1250000000
119039  20.596  8.506  -28.322 0.1250000000
103417  19.190  -5.291  -24.368 0.1250000000
102132  18.593  -6.599  -23.462 0.1250000000
103411  18.311  -5.401  -23.172 0.1250000000
103400  18.211  -6.273  -22.970 0.1250000000
126249  22.725  15.950  -26.246 0.1250000000
126250  22.443  15.474  -25.745 0.1250000000
125313  22.038  14.297  -24.633 0.1250000000
128152  23.531  16.922  -26.366 0.1250000000
93505  23.893  -13.112  -23.174 0.1250000000
95811  24.533  -11.815  -23.414 0.1250000000
95833  24.664  -10.903  -24.317 0.1250000000
98269  25.271  -9.848  -24.847 0.1250000000
98287  26.004  -9.097  -26.144 0.1250000000
98324  26.102  -8.624  -26.994 0.1250000000
100815  27.632  -7.570  -25.469 0.1250000000
99538  27.236  -8.254  -26.911 0.1250000000
99559  27.075  -8.061  -27.306 0.1250000000
102173  28.524  -6.378  -26.658 0.1250000000
102186  27.657  -6.725  -27.589 0.1250000000
103443  29.562  -5.672  -27.089 0.1250000000
103460  29.196  -6.060  -27.983 0.1250000000
91150  20.891  -15.476  -22.219 0.1250000000
91148  22.240  -14.639  -22.061 0.1250000000
92349  22.827  -14.294  -22.334 0.1250000000
93483  23.478  -13.654  -22.762 0.1250000000
95782  24.667  -11.969  -22.714 0.1250000000
93482  24.321  -13.321  -22.334 0.1250000000
95810  24.990  -11.127  -23.814 0.1250000000
97032  25.641  -10.335  -23.418 0.1250000000
98268  26.006  -9.315  -25.004 0.1250000000
99517  26.601  -8.747  -25.609 0.1250000000
99494  27.146  -8.282  -24.814 0.1250000000
103476  29.826  -4.957  -28.573 0.1250000000
103475  30.739  -4.995  -28.327 0.1250000000
103459  30.159  -5.454  -27.781 0.1250000000
104602  30.114  -4.674  -29.341 0.1250000000
94647  24.368  -12.543  -23.000 0.1250000000
102185  28.366  -6.151  -27.546 0.1250000000
97057  25.111  -10.445  -24.344 0.1250000000
100855  27.468  -7.662  -27.276 0.1250000000
91127  21.495  -15.796  -21.325 0.1250000000
98247  25.600  -9.819  -24.243 0.1250000000
99539  26.623  -8.624  -26.495 0.1250000000
100838  27.711  -7.515  -26.529 0.1250000000
99516  27.264  -8.286  -26.027 0.1250000000
100837  28.134  -7.067  -25.838 0.1250000000
102174  27.818  -7.116  -27.089 0.1250000000
102172  29.833  -5.853  -26.283 0.1250000000
91126  22.618  -15.033  -21.467 0.1250000000
95781  25.388  -11.453  -22.476 0.1250000000
103458  31.055  -5.227  -27.579 0.1250000000
89970  19.378  -15.945  -21.865 0.2500000000
91131  18.411  -15.489  -21.147 0.1250000000
94689  19.645  -12.015  -23.984 0.5000000000
94704  22.893  -12.093  -25.361 0.6250000000
94705  22.664  -12.154  -25.184 0.5000000000
95783  18.967  -11.296  -23.138 0.3750000000
95813  18.775  -11.802  -23.376 0.1250000000
95836  21.962  -11.571  -24.945 0.7500000000
97010  19.151  -11.049  -22.947 0.2500000000
97034  18.979  -10.326  -22.954 0.2500000000
98307  26.086  -8.761  -26.806 0.1250000000
98325  26.041  -8.872  -27.053 0.1250000000
99465  18.549  -7.876  -22.644 0.1250000000
99540  25.493  -8.297  -26.834 0.3750000000
99542  24.434  -8.882  -26.305 0.5000000000
99560  26.502  -8.339  -27.151 0.1250000000
100782  18.728  -7.398  -22.716 0.1250000000
100801  20.520  -8.148  -25.007 0.7500000000
100817  25.224  -7.374  -26.154 0.6250000000
100839  25.397  -7.512  -26.783 0.6250000000
102142  18.919  -5.972  -24.353 0.2500000000
102143  18.724  -6.447  -24.028 0.2500000000
102153  25.293  -6.778  -26.608 0.7500000000
102160  19.270  -6.373  -24.402 0.5000000000
103410  18.219  -6.116  -23.211 0.1250000000
103479  27.356  -4.843  -28.663 0.6250000000
103492  29.456  -4.851  -29.425 0.2500000000
103514  29.038  -4.674  -30.268 0.5000000000
104621  28.636  -4.572  -30.073 0.5000000000
104622  28.140  -4.144  -30.003 0.6250000000
104641  28.465  -3.659  -30.527 0.6250000000
105724  25.307  -4.087  -26.669 0.8750000000
105741  22.788  -2.494  -27.077 1.0000000000
105773  28.847  -3.297  -30.899 0.7500000000
105794  28.708  -2.554  -31.194 0.7500000000
105810  32.585  -3.189  -33.325 0.1250000000
105811  32.448  -2.560  -33.032 0.1250000000
105829  33.581  -3.261  -34.139 0.1250000000
105830  33.129  -3.390  -34.558 0.1250000000
105831  32.746  -3.070  -34.472 0.1250000000
106889  20.567  -2.491  -26.126 0.8750000000
106899  22.346  -2.047  -26.923 1.0000000000
106908  27.881  -2.129  -28.348 1.0000000000
106918  28.030  -2.133  -28.541 1.0000000000
106943  27.930  -2.041  -30.909 0.8750000000
106956  34.032  -2.247  -33.437 0.1250000000
106957  32.327  -2.614  -33.337 0.1250000000
106959  29.831  -1.757  -32.214 0.6250000000
106972  33.566  -2.295  -34.117 0.1250000000
106973  32.159  -2.786  -33.839 0.1250000000
106974  31.388  -2.436  -33.959 0.1250000000
106975  31.078  -2.069  -34.185 0.1250000000
106983  33.531  -2.935  -34.386 0.1250000000
106986  31.459  -2.107  -34.322 0.1250000000
106987  31.165  -1.887  -34.338 0.1250000000
108013  21.229  -1.201  -26.850 0.8750000000
108031  27.942  -1.914  -28.459 1.0000000000
108039  27.778  -1.482  -29.666 0.8750000000
108046  30.712  -1.647  -32.362 0.3750000000
108047  30.178  -1.743  -32.350 0.6250000000
108048  28.780  -1.402  -31.568 0.6250000000
108059  33.229  -1.403  -32.898 0.1250000000
108062  29.256  -1.120  -31.957 0.6250000000
108073  32.857  -1.688  -34.170 0.1250000000
108074  32.448  -1.200  -34.164 0.1250000000
108075  31.491  -1.796  -33.462 0.1250000000
108084  32.540  -2.174  -34.378 0.1250000000
108087  31.010  -1.661  -34.187 0.1250000000
109126  19.816  -0.584  -26.362 0.2500000000
109170  28.503  -0.338  -31.413 0.7500000000
109171  28.149  -0.505  -30.946 0.8750000000
109180  32.938  -1.115  -33.547 0.1250000000
109182  30.000  -0.567  -32.725 0.6250000000
109194  32.977  -1.272  -33.803 0.1250000000
109206  32.154  -0.683  -34.127 0.1250000000
109208  30.931  -0.866  -33.969 0.5000000000
110276  19.463  -0.127  -26.150 0.2500000000
110300  24.492  0.832  -27.034 1.0000000000
110303  21.648  0.695  -27.464 1.0000000000
110315  23.057  1.660  -27.612 1.0000000000
110337  28.692  0.024  -31.143 0.8750000000
110355  30.586  0.112  -33.650 0.5000000000
110357  29.362  0.777  -33.126 0.6250000000
110369  32.213  -0.228  -33.845 0.1250000000
111419  21.914  1.751  -27.769 1.0000000000
111446  28.993  1.569  -31.515 0.8750000000
111465  30.414  1.040  -33.527 0.1250000000
111479  29.556  2.175  -34.184 0.5000000000
111487  30.599  2.363  -34.236 0.1250000000
112502  23.767  2.807  -27.439 1.0000000000
112529  28.852  2.563  -31.215 1.0000000000
112558  29.808  2.741  -34.543 0.5000000000
112568  31.025  2.971  -34.317 0.1250000000
113625  18.088  3.434  -25.249 0.1250000000
113656  23.412  3.683  -27.684 1.0000000000
113669  27.533  3.505  -28.181 1.0000000000
113673  21.286  3.655  -28.389 0.7500000000
113703  29.351  3.827  -33.750 0.6250000000
113722  31.106  3.751  -34.664 0.1250000000
113723  30.644  3.724  -34.590 0.2500000000
113724  30.053  3.566  -34.495 0.3750000000
114755  26.539  4.380  -27.126 1.0000000000
114759  20.478  4.374  -27.949 0.5000000000
114773  22.401  4.552  -28.404 1.0000000000
114775  20.948  4.412  -28.283 0.6250000000
114785  28.620  4.739  -29.938 1.0000000000
114814  29.080  3.937  -32.877 0.6250000000
114824  30.015  4.646  -34.363 0.3750000000
114825  29.604  4.369  -34.019 0.6250000000
114834  30.468  4.400  -34.575 0.3750000000
115837  24.969  5.305  -26.809 1.0000000000
115866  28.492  5.326  -30.383 1.0000000000
115895  29.482  5.179  -33.631 0.6250000000
115915  30.688  5.243  -35.164 0.2500000000
116906  20.408  6.883  -27.967 0.2500000000
116920  23.076  5.899  -28.093 0.8750000000
116921  22.574  6.413  -28.250 0.8750000000
116986  30.490  6.053  -35.410 0.2500000000
117947  19.581  7.517  -27.188 0.1250000000
117961  23.178  7.321  -27.320 0.8750000000
117995  28.100  7.569  -30.572 1.0000000000
118013  28.677  7.699  -34.111 0.5000000000
118035  30.790  6.287  -35.422 0.1250000000
118044  28.946  8.296  -36.246 0.2500000000
119037  22.116  8.287  -27.949 0.7500000000
119040  20.086  9.069  -28.216 0.1250000000
119057  28.331  9.104  -31.140 1.0000000000
119082  28.382  8.114  -34.715 0.5000000000
119098  27.179  9.381  -35.699 0.2500000000
119105  29.494  8.514  -35.576 0.1250000000
119106  28.326  8.454  -36.089 0.3750000000
119114  28.490  8.719  -36.551 0.1250000000
119115  27.926  8.997  -36.889 0.1250000000
120223  27.290  9.332  -27.567 1.0000000000
120225  21.223  9.344  -28.146 0.3750000000
120244  28.303  9.193  -30.915 0.8750000000
120251  28.059  9.293  -31.146 0.8750000000
120259  27.125  10.154  -33.022 0.7500000000
120277  27.146  9.329  -35.911 0.2500000000
120279  26.176  10.124  -35.504 0.3750000000
120290  26.928  9.659  -36.230 0.1250000000
120299  27.544  9.443  -36.470 0.1250000000
121377  22.087  10.224  -27.434 0.1250000000
121424  26.938  9.940  -33.249 0.7500000000
121456  28.531  9.834  -35.758 0.1250000000
121467  27.670  9.888  -36.466 0.1250000000
121468  27.155  9.931  -36.417 0.1250000000
121469  26.911  9.874  -36.343 0.1250000000
122489  21.142  10.451  -27.514 0.1250000000
122500  27.589  11.071  -29.407 1.0000000000
122555  27.354  10.773  -35.799 0.1250000000
122567  26.749  12.294  -35.878 0.1250000000
123496  26.221  12.043  -27.772 1.0000000000
123521  27.558  11.608  -29.781 1.0000000000
123528  27.409  11.875  -30.096 0.8750000000
123529  26.931  12.324  -30.373 1.0000000000
123545  25.109  12.743  -32.547 0.8750000000
123564  27.426  13.305  -34.913 0.1250000000
124459  25.778  12.791  -27.929 1.0000000000
124474  26.498  12.539  -28.674 1.0000000000
124484  25.376  14.714  -29.030 0.8750000000
124491  25.152  14.382  -31.595 1.0000000000
124499  24.979  14.285  -31.931 0.8750000000
124508  23.398  13.955  -33.207 0.7500000000
124530  22.365  14.308  -35.329 0.3750000000
125374  25.231  15.127  -29.575 0.8750000000
125389  24.824  14.163  -32.151 0.8750000000
125400  24.803  13.862  -32.313 0.8750000000
125404  21.695  15.010  -32.790 0.7500000000
125411  22.775  14.339  -33.316 0.7500000000
125422  23.034  15.122  -34.908 0.2500000000
125423  21.647  14.940  -35.025 0.3750000000
125424  21.270  14.533  -34.919 0.3750000000
125425  21.256  14.123  -34.502 0.3750000000
125437  21.746  14.446  -35.079 0.3750000000
126285  24.919  15.468  -29.886 0.8750000000
126299  24.823  15.562  -30.526 0.8750000000
126307  26.453  16.036  -31.878 0.1250000000
126308  24.622  15.289  -31.279 0.8750000000
126310  22.728  16.058  -31.583 0.7500000000
126322  23.554  15.184  -32.038 0.8750000000
126362  20.703  14.811  -34.603 0.3750000000
126373  22.782  15.132  -34.889 0.2500000000
126374  22.335  15.070  -34.861 0.3750000000
126386  26.767  15.505  -37.357 0.1250000000
127225  23.704  16.436  -28.640 0.3750000000
127255  23.647  16.885  -30.594 0.6250000000
127275  20.557  17.151  -31.996 0.7500000000
127306  27.555  16.296  -34.086 0.1250000000
127307  25.813  16.203  -32.523 0.1250000000
127348  27.048  16.041  -37.400 0.1250000000
128215  23.173  17.383  -30.301 0.6250000000
128230  24.825  18.151  -32.070 0.1250000000
128232  20.721  17.758  -31.690 0.6250000000
128233  20.524  17.903  -32.146 0.6250000000
128277  21.627  17.056  -34.275 0.3750000000
128278  21.307  16.928  -34.232 0.3750000000
129131  23.888  18.269  -28.328 0.1250000000
129149  22.884  18.123  -29.544 0.2500000000
129174  21.383  18.942  -31.277 0.7500000000
129181  24.436  18.783  -32.358 0.1250000000
129182  21.449  18.551  -31.210 0.6250000000
129197  20.715  18.338  -32.542 0.7500000000
129198  20.310  18.871  -32.517 0.6250000000
129199  19.238  18.933  -32.655 0.6250000000
129216  19.511  18.987  -32.630 0.6250000000
129217  18.999  18.990  -32.707 0.6250000000
130066  23.792  19.450  -29.875 0.1250000000
130081  21.783  19.591  -30.975 0.5000000000
130094  24.648  19.774  -32.563 0.2500000000
130098  19.902  19.652  -31.990 0.7500000000
130115  23.228  19.481  -33.513 0.2500000000
130116  20.074  19.271  -32.399 0.6250000000
130117  19.290  19.447  -32.466 0.7500000000
130128  23.553  20.440  -33.856 0.3750000000
130132  19.693  19.488  -33.048 0.6250000000
131018  23.488  21.076  -30.755 0.2500000000
131020  22.260  20.009  -30.988 0.3750000000
131029  22.363  21.009  -31.537 0.2500000000
131031  20.683  20.550  -31.673 0.6250000000
131032  19.718  20.416  -31.688 0.7500000000
131033  18.914  20.299  -31.552 0.7500000000
131050  18.887  20.198  -32.128 0.7500000000
131065  23.750  20.917  -33.749 0.3750000000
131066  23.262  21.079  -34.137 0.3750000000
131067  22.384  21.132  -33.714 0.3750000000
131070  19.159  19.899  -32.832 0.6250000000
131083  23.223  21.567  -34.294 0.3750000000
131979  23.361  21.475  -31.195 0.2500000000
131991  19.151  20.758  -31.510 0.7500000000
131998  21.260  21.571  -32.598 0.3750000000
132000  19.015  20.943  -31.805 0.7500000000
132012  23.988  21.763  -34.058 0.3750000000
132016  20.297  21.308  -33.040 0.5000000000
132030  24.367  21.952  -34.911 0.3750000000
132031  23.681  21.814  -34.650 0.3750000000
132032  22.930  21.879  -34.269 0.3750000000
132043  24.404  22.224  -35.191 0.3750000000
132044  24.134  21.981  -35.278 0.3750000000
132940  23.866  22.190  -33.026 0.2500000000
132943  21.879  21.920  -32.779 0.3750000000
132948  24.010  22.480  -33.968 0.2500000000
132949  23.641  22.709  -33.800 0.2500000000
132956  24.463  22.476  -34.661 0.3750000000
132958  23.482  22.338  -34.835 0.3750000000
132965  24.698  22.524  -35.114 0.3750000000
132966  24.202  22.538  -35.265 0.3750000000
132967  23.793  22.639  -35.179 0.3750000000
133888  23.690  23.154  -34.318 0.2500000000
133889  23.574  23.014  -34.639 0.3750000000
133890  24.304  23.013  -34.451 0.2500000000
133891  24.000  23.256  -34.362 0.2500000000
133892  23.675  23.005  -35.050 0.2500000000
133896  24.867  23.072  -34.890 0.2500000000
133897  24.504  23.035  -35.212 0.2500000000
133898  23.994  23.122  -35.185 0.3750000000
134831  23.649  23.393  -34.716 0.2500000000
134832  23.686  23.318  -35.009 0.2500000000
134833  24.176  23.375  -34.511 0.2500000000
134834  23.985  23.568  -34.718 0.2500000000
134835  23.940  23.433  -35.134 0.2500000000
134836  24.467  23.430  -34.699 0.2500000000
134837  24.437  23.466  -35.079 0.2500000000
134838  24.213  23.281  -35.177 0.2500000000
161549  21.653  12.614  -33.997 0.3750000000
161550  21.825  12.872  -33.803 0.3750000000
161551  21.551  12.791  -34.146 0.3750000000
161553  21.829  12.706  -34.224 0.3750000000
161555  21.275  13.295  -34.117 0.3750000000
161556  21.752  14.029  -35.101 0.3750000000
161557  21.895  13.415  -33.723 0.7500000000
161573  26.927  14.588  -37.161 0.1250000000
161576  26.380  14.856  -36.794 0.1250000000
161579  26.640  14.858  -37.285 0.1250000000
161580  26.801  15.163  -37.583 0.1250000000
161581  27.012  15.179  -37.486 0.1250000000
161583  25.904  14.923  -36.246 0.1250000000
161584  26.401  15.513  -36.738 0.1250000000
161586  26.597  16.053  -37.031 0.1250000000
161587  27.323  16.308  -37.141 0.1250000000
