#!ascii label  , from subject 3029 vox2ras=TkReg
1131
59310  13.012  -30.913  75.514 0.0000000000
48102  3.176  -40.191  58.992 0.0000000000
47879  2.877  -40.345  75.432 0.0000000000
52750  0.099  -36.578  70.742 0.0000000000
58414  -1.320  -31.195  63.604 0.0000000000
53844  7.360  -35.589  76.414 0.0000000000
58222  4.106  -31.680  75.315 0.0000000000
52711  15.176  -35.615  72.126 0.0000000000
49175  11.206  -38.814  74.345 0.0000000000
45314  6.203  -41.554  72.743 0.0000000000
59371  0.342  -30.817  69.593 0.0000000000
52825  -2.410  -35.622  65.923 0.0000000000
60479  -1.843  -28.979  69.128 0.0000000000
46595  0.693  -41.595  69.919 0.0000000000
49229  3.179  -39.777  68.522 0.0000000000
52714  3.028  -36.493  72.964 0.0000000000
57192  2.269  -32.925  70.442 0.0000000000
51685  3.830  -37.424  65.158 0.0000000000
53956  1.173  -35.969  62.171 0.0000000000
56214  -0.224  -33.345  58.572 0.0000000000
64059  -2.000  -26.636  61.990 0.0000000000
56046  10.378  -33.439  76.782 0.0000000000
58205  8.960  -31.542  76.173 0.0000000000
56061  14.067  -33.525  74.467 0.0000000000
51559  13.005  -36.400  74.233 0.0000000000
53841  11.902  -35.289  76.218 0.0000000000
50329  9.826  -37.763  76.330 0.0000000000
59372  -0.772  -30.458  70.026 0.0000000000
47895  0.872  -41.067  72.893 0.0000000000
49187  2.436  -39.375  72.639 0.0000000000
50344  2.554  -38.477  74.833 0.0000000000
58282  5.315  -31.546  71.902 0.0000000000
57150  3.472  -32.238  73.343 0.0000000000
46558  5.034  -41.291  74.719 0.0000000000
44107  3.360  -43.324  71.229 0.0000000000
44083  2.876  -42.175  72.081 0.0000000000
44121  -0.411  -43.454  70.891 0.0000000000
51629  2.264  -36.989  70.066 0.0000000000
50408  4.413  -38.534  66.794 0.0000000000
51661  1.684  -37.188  67.512 0.0000000000
56166  -2.648  -33.715  64.782 0.0000000000
52854  -1.396  -36.452  63.848 0.0000000000
55078  -1.709  -34.162  62.115 0.0000000000
55098  -0.299  -34.303  60.131 0.0000000000
58434  -2.368  -32.230  59.915 0.0000000000
51554  5.382  -37.549  75.839 0.0000000000
53853  4.028  -35.833  75.684 0.0000000000
56050  6.262  -33.367  77.204 0.0000000000
58233  6.882  -31.286  74.357 0.0000000000
50349  15.131  -36.269  70.782 0.0000000000
51625  14.557  -36.419  69.175 0.0000000000
51586  13.912  -35.826  71.875 0.0000000000
50354  11.206  -38.095  72.294 0.0000000000
46553  8.871  -40.727  74.194 0.0000000000
47875  7.038  -40.007  75.057 0.0000000000
56103  -0.852  -34.031  70.103 0.0000000000
51649  -1.727  -36.696  68.610 0.0000000000
56106  -3.067  -33.967  69.652 0.0000000000
57227  -3.076  -32.388  67.803 0.0000000000
59430  -1.778  -29.976  66.453 0.0000000000
59330  14.808  -31.299  72.409 0.0000000000
49235  18.256  -39.625  67.080 0.0000000000
138524  20.175  -38.231  68.118 0.0000000000
53875  16.909  -35.243  70.828 0.0000000000
58237  17.232  -32.315  72.999 0.0000000000
46627  -0.174  -42.067  67.716 0.0000000000
47966  1.404  -40.753  66.862 0.0000000000
47927  2.363  -40.498  69.714 0.0000000000
50365  3.354  -38.514  71.502 0.0000000000
52732  1.390  -36.309  71.777 0.0000000000
54979  1.988  -34.743  74.764 0.0000000000
54989  1.426  -34.809  73.154 0.0000000000
54998  0.458  -34.916  71.495 0.0000000000
57209  0.934  -32.722  69.651 0.0000000000
47986  2.278  -40.294  65.287 0.0000000000
49318  4.056  -39.811  63.724 0.0000000000
49328  4.191  -39.311  62.380 0.0000000000
51701  0.205  -37.343  65.434 0.0000000000
52851  1.587  -36.701  63.402 0.0000000000
51749  3.334  -37.616  61.202 0.0000000000
53994  3.401  -35.699  60.623 0.0000000000
56193  2.898  -33.621  59.949 0.0000000000
62751  -1.778  -27.160  69.214 0.0000000000
61706  -1.886  -28.419  65.662 0.0000000000
65258  -1.122  -26.691  65.079 0.0000000000
61761  -1.731  -28.991  62.421 0.0000000000
60632  -2.492  -29.887  59.487 0.0000000000
58202  11.833  -31.628  76.440 0.0000000000
59307  10.987  -30.793  75.873 0.0000000000
58227  12.069  -31.060  74.574 0.0000000000
58213  14.259  -31.799  75.142 0.0000000000
54960  12.429  -34.062  75.326 0.0000000000
56055  12.403  -33.268  76.219 0.0000000000
54952  11.716  -34.531  76.213 0.0000000000
48130  1.833  -40.367  57.716 0.0000000000
49369  3.189  -39.563  58.186 0.0000000000
47890  1.887  -40.662  74.434 0.0000000000
49179  1.905  -39.978  74.060 0.0000000000
49172  2.417  -39.414  75.275 0.0000000000
49237  15.938  -38.105  67.132 0.0000000000
46551  3.501  -40.984  75.234 0.0000000000
45306  3.783  -42.230  74.202 0.0000000000
46561  2.322  -41.482  74.342 0.0000000000
45320  1.447  -41.607  72.391 0.0000000000
51630  1.120  -36.708  69.766 0.0000000000
51646  1.327  -37.205  68.929 0.0000000000
51647  0.454  -36.749  69.198 0.0000000000
58415  -1.634  -31.932  64.043 0.0000000000
55065  -1.505  -33.737  63.661 0.0000000000
57266  -2.208  -32.682  62.705 0.0000000000
57276  -2.228  -33.231  60.901 0.0000000000
58427  -2.673  -31.961  61.980 0.0000000000
52694  6.687  -36.215  76.120 0.0000000000
52695  5.740  -36.074  76.340 0.0000000000
54963  7.015  -34.810  76.738 0.0000000000
58219  7.402  -31.360  75.258 0.0000000000
58279  7.457  -31.782  71.662 0.0000000000
52720  15.351  -36.263  71.537 0.0000000000
50350  15.269  -36.523  71.742 0.0000000000
51573  15.062  -36.479  72.454 0.0000000000
50342  11.800  -37.665  74.018 0.0000000000
50346  11.839  -37.424  73.431 0.0000000000
49184  11.813  -38.236  73.153 0.0000000000
49176  10.253  -39.362  74.610 0.0000000000
52692  8.862  -36.362  76.386 0.0000000000
49166  8.461  -39.157  75.269 0.0000000000
51552  7.360  -37.602  75.503 0.0000000000
50338  5.887  -38.446  75.549 0.0000000000
57195  -0.803  -33.267  69.901 0.0000000000
56104  -1.871  -34.036  70.197 0.0000000000
57211  -1.301  -32.597  69.918 0.0000000000
60478  -1.073  -29.026  69.972 0.0000000000
58323  -2.576  -31.399  69.327 0.0000000000
59374  -2.467  -30.564  68.906 0.0000000000
58360  -2.396  -31.129  67.510 0.0000000000
59407  -2.133  -29.856  67.552 0.0000000000
51600  16.950  -35.803  69.632 0.0000000000
46617  0.973  -41.708  68.900 0.0000000000
47939  1.423  -41.111  68.588 0.0000000000
47928  1.541  -41.119  69.290 0.0000000000
50356  2.851  -38.417  72.989 0.0000000000
50366  2.924  -38.821  72.198 0.0000000000
51577  3.160  -37.490  72.121 0.0000000000
51608  2.686  -37.002  71.221 0.0000000000
52723  2.117  -36.228  72.482 0.0000000000
56057  3.402  -33.821  76.647 0.0000000000
53849  2.569  -35.282  75.875 0.0000000000
57138  2.753  -33.399  75.622 0.0000000000
57174  2.724  -32.783  71.372 0.0000000000
56080  2.184  -33.143  72.920 0.0000000000
56089  2.131  -33.294  72.114 0.0000000000
54990  1.197  -34.780  72.269 0.0000000000
56101  1.239  -33.500  70.804 0.0000000000
56113  0.814  -33.335  70.176 0.0000000000
57193  1.459  -33.102  70.066 0.0000000000
52765  13.711  -36.380  69.662 0.0000000000
52791  14.153  -36.351  67.806 0.0000000000
45338  7.112  -42.209  71.823 0.0000000000
45348  6.427  -42.903  70.579 0.0000000000
45340  5.908  -43.040  71.342 0.0000000000
42807  2.596  -44.129  71.289 0.0000000000
44118  3.189  -43.623  70.439 0.0000000000
46597  -0.266  -42.090  70.625 0.0000000000
46608  0.667  -42.458  69.198 0.0000000000
47950  2.510  -40.265  67.518 0.0000000000
47987  1.177  -40.759  65.639 0.0000000000
49243  2.887  -39.983  66.971 0.0000000000
51671  4.453  -37.774  66.056 0.0000000000
49276  4.241  -39.080  65.189 0.0000000000
50429  4.533  -38.591  64.843 0.0000000000
48017  4.053  -39.849  62.796 0.0000000000
50468  4.479  -38.543  63.611 0.0000000000
52801  -2.526  -36.187  67.713 0.0000000000
51677  -1.617  -37.143  66.956 0.0000000000
52823  -1.764  -36.625  66.042 0.0000000000
53941  -0.376  -36.012  62.725 0.0000000000
52852  0.651  -36.631  63.617 0.0000000000
52873  1.702  -36.473  62.521 0.0000000000
51736  2.702  -37.227  62.149 0.0000000000
52890  2.450  -36.561  61.914 0.0000000000
52907  3.525  -36.833  60.938 0.0000000000
53973  2.688  -36.140  61.410 0.0000000000
56196  -0.265  -33.955  59.307 0.0000000000
56178  1.164  -33.854  60.068 0.0000000000
56194  1.709  -33.407  59.719 0.0000000000
63926  -1.016  -26.813  68.732 0.0000000000
61665  -1.563  -27.567  67.323 0.0000000000
62774  -1.893  -27.054  66.705 0.0000000000
64033  -0.436  -26.335  62.829 0.0000000000
64014  -1.200  -27.237  63.651 0.0000000000
62834  -1.760  -27.814  63.638 0.0000000000
64060  -2.228  -27.383  62.222 0.0000000000
61789  -2.511  -29.006  60.472 0.0000000000
62890  -2.615  -28.053  60.396 0.0000000000
54955  8.862  -34.548  77.095 0.0000000000
56048  8.332  -33.434  77.319 0.0000000000
58195  9.448  -31.696  76.886 0.0000000000
53857  13.947  -34.588  72.839 0.0000000000
52713  14.605  -35.929  73.859 0.0000000000
53859  13.076  -35.371  74.290 0.0000000000
52698  11.940  -35.923  74.878 0.0000000000
51550  11.535  -37.323  75.446 0.0000000000
49164  10.524  -38.807  75.059 0.0000000000
52690  10.785  -36.012  75.560 0.0000000000
52686  10.081  -35.144  75.698 0.0000000000
60488  1.035  -29.142  68.972 0.0000000000
60477  0.398  -29.543  69.779 0.0000000000
60472  -0.312  -28.854  70.757 0.0000000000
61621  -0.408  -28.420  71.694 0.0000000000
47900  0.383  -41.061  72.263 0.0000000000
47905  1.492  -40.385  71.592 0.0000000000
47899  1.216  -40.506  72.659 0.0000000000
49182  2.492  -39.354  73.603 0.0000000000
51562  2.648  -36.976  74.079 0.0000000000
58247  5.308  -31.500  73.263 0.0000000000
57143  3.832  -31.990  73.986 0.0000000000
57155  3.929  -31.805  72.456 0.0000000000
57173  3.658  -32.105  71.437 0.0000000000
57191  3.392  -32.495  70.449 0.0000000000
58318  2.706  -31.987  68.938 0.0000000000
45304  5.326  -41.772  74.013 0.0000000000
44091  4.995  -42.698  72.148 0.0000000000
45316  4.360  -42.288  73.319 0.0000000000
44082  3.378  -42.460  72.395 0.0000000000
42795  2.282  -44.067  72.155 0.0000000000
42826  0.311  -44.548  70.825 0.0000000000
44096  1.088  -43.033  71.479 0.0000000000
46577  0.078  -42.105  72.323 0.0000000000
51628  3.335  -37.754  69.671 0.0000000000
50401  3.947  -38.677  67.853 0.0000000000
51644  3.719  -37.749  68.407 0.0000000000
51660  2.987  -37.263  67.685 0.0000000000
52809  2.938  -37.130  66.400 0.0000000000
55053  -2.895  -34.548  65.152 0.0000000000
52840  -1.999  -35.984  65.101 0.0000000000
55067  -1.815  -35.010  63.914 0.0000000000
53959  -1.277  -34.836  62.335 0.0000000000
53977  -0.885  -34.823  61.596 0.0000000000
53997  0.245  -34.836  60.809 0.0000000000
55100  -1.466  -34.345  60.523 0.0000000000
56198  -1.606  -34.178  59.399 0.0000000000
57310  -2.100  -33.196  58.443 0.0000000000
64058  -1.011  -26.538  61.899 0.0000000000
62889  -2.000  -27.544  60.317 0.0000000000
62888  -1.090  -27.478  60.320 0.0000000000
49170  4.358  -39.452  75.809 0.0000000000
51556  3.377  -37.545  75.464 0.0000000000
52702  4.837  -36.476  76.045 0.0000000000
54965  4.836  -34.527  76.986 0.0000000000
57123  4.698  -32.589  77.092 0.0000000000
58197  7.313  -31.979  76.790 0.0000000000
58207  6.886  -31.950  75.901 0.0000000000
58221  5.195  -31.419  75.299 0.0000000000
58260  6.033  -31.581  72.535 0.0000000000
49191  15.796  -37.243  69.411 0.0000000000
49215  15.224  -37.769  68.722 0.0000000000
50372  14.868  -36.630  69.761 0.0000000000
51564  14.269  -36.547  73.559 0.0000000000
51576  12.243  -36.705  72.563 0.0000000000
51588  11.679  -36.626  71.466 0.0000000000
46574  8.501  -41.488  72.647 0.0000000000
46564  7.382  -41.577  73.175 0.0000000000
47873  8.967  -39.789  74.915 0.0000000000
47885  7.645  -40.454  74.541 0.0000000000
47886  6.602  -40.643  74.372 0.0000000000
47887  5.605  -40.771  74.724 0.0000000000
47877  5.007  -40.473  75.355 0.0000000000
53889  -1.064  -35.436  70.298 0.0000000000
52772  -0.990  -36.471  69.363 0.0000000000
53890  -2.239  -35.502  70.283 0.0000000000
52775  -3.073  -35.885  68.780 0.0000000000
53918  -2.720  -34.973  67.706 0.0000000000
57212  -2.301  -32.400  69.766 0.0000000000
57214  -3.169  -32.523  68.497 0.0000000000
55048  -2.481  -33.897  66.911 0.0000000000
57245  -2.889  -32.653  66.483 0.0000000000
58392  -2.126  -31.939  65.803 0.0000000000
58391  -1.208  -31.240  65.409 0.0000000000
59316  14.228  -31.178  74.334 0.0000000000
50405  17.743  -39.056  67.546 0.0000000000
47942  22.726  -39.196  67.940 0.0000000000
50369  22.027  -37.907  68.807 0.0000000000
138518  21.329  -38.779  67.798 0.0000000000
138522  18.189  -37.738  68.578 0.0000000000
47910  17.011  -38.404  68.392 0.0000000000
52727  15.636  -35.821  70.825 0.0000000000
53866  15.988  -35.127  71.498 0.0000000000
54980  16.689  -33.935  71.860 0.0000000000
54974  15.725  -33.974  72.762 0.0000000000
57139  15.803  -32.744  73.567 0.0000000000
58225  15.014  -31.971  74.084 0.0000000000
47951  1.450  -40.801  67.884 0.0000000000
49219  2.763  -40.119  69.041 0.0000000000
47904  2.125  -40.035  71.307 0.0000000000
49207  3.150  -39.641  70.569 0.0000000000
50377  3.607  -38.573  70.537 0.0000000000
51607  3.258  -37.621  70.785 0.0000000000
52748  1.831  -36.596  71.061 0.0000000000
52749  0.925  -36.539  71.006 0.0000000000
51557  2.795  -37.629  75.008 0.0000000000
52705  2.002  -36.148  75.032 0.0000000000
52710  2.403  -36.093  74.318 0.0000000000
56070  2.822  -33.601  74.145 0.0000000000
54984  2.082  -34.556  73.928 0.0000000000
53863  1.925  -35.410  73.662 0.0000000000
53868  1.346  -35.233  72.550 0.0000000000
53877  1.013  -35.642  71.998 0.0000000000
54999  -0.136  -35.316  71.225 0.0000000000
55008  -0.419  -34.806  70.784 0.0000000000
56114  0.289  -33.256  69.989 0.0000000000
58320  0.626  -31.758  69.388 0.0000000000
58339  2.446  -31.400  68.427 0.0000000000
58340  1.502  -31.226  68.733 0.0000000000
59389  1.256  -30.357  68.505 0.0000000000
44173  5.872  -43.102  67.849 0.0000000000
44117  4.307  -43.281  70.538 0.0000000000
49258  3.643  -39.519  66.380 0.0000000000
47985  3.163  -40.044  64.961 0.0000000000
48055  3.788  -40.112  60.748 0.0000000000
52800  -0.668  -36.981  68.288 0.0000000000
51675  0.509  -37.379  66.831 0.0000000000
52821  1.301  -37.258  65.447 0.0000000000
52838  -0.815  -36.999  64.483 0.0000000000
52836  1.492  -36.882  64.459 0.0000000000
52835  2.620  -36.955  64.154 0.0000000000
51715  3.416  -37.694  62.972 0.0000000000
50504  3.891  -38.727  61.779 0.0000000000
50536  3.785  -39.198  60.497 0.0000000000
50537  3.760  -38.519  59.963 0.0000000000
53995  2.178  -35.361  60.954 0.0000000000
55095  2.588  -34.609  60.504 0.0000000000
62730  -0.780  -27.313  71.711 0.0000000000
63904  -0.924  -26.186  71.526 0.0000000000
61641  -1.987  -28.010  69.866 0.0000000000
60503  -1.299  -28.717  67.396 0.0000000000
60523  -1.264  -29.036  66.573 0.0000000000
60566  -1.307  -29.385  64.691 0.0000000000
62800  -2.173  -27.191  65.315 0.0000000000
61727  -1.806  -28.401  64.543 0.0000000000
60601  -1.561  -29.809  62.801 0.0000000000
60615  -2.187  -30.375  61.264 0.0000000000
59507  -2.380  -31.144  59.571 0.0000000000
58443  -1.968  -32.249  58.210 0.0000000000
59524  -2.278  -31.516  56.967 0.0000000000
59305  12.359  -30.975  76.123 0.0000000000
60447  11.868  -30.171  75.492 0.0000000000
59318  12.519  -30.655  74.786 0.0000000000
58214  13.474  -31.713  75.722 0.0000000000
57134  13.610  -32.648  75.618 0.0000000000
57126  13.001  -32.573  76.194 0.0000000000
57127  12.271  -32.557  76.408 0.0000000000
48103  2.455  -40.571  58.445 0.0000000000
49370  2.456  -39.945  57.669 0.0000000000
47880  2.154  -40.260  75.138 0.0000000000
49173  1.906  -39.870  74.795 0.0000000000
47944  16.744  -39.080  66.911 0.0000000000
47945  16.184  -38.878  66.954 0.0000000000
47934  15.709  -38.990  67.482 0.0000000000
46552  2.957  -40.954  75.146 0.0000000000
46560  3.129  -41.458  74.683 0.0000000000
47889  2.502  -40.871  74.919 0.0000000000
46567  1.627  -41.491  73.798 0.0000000000
52770  0.648  -36.570  70.276 0.0000000000
51631  0.538  -36.609  69.765 0.0000000000
52771  -0.041  -36.524  69.806 0.0000000000
57264  -1.876  -32.652  63.658 0.0000000000
58423  -2.019  -31.569  63.100 0.0000000000
52721  15.145  -36.467  72.104 0.0000000000
52712  15.123  -35.930  73.077 0.0000000000
50343  11.539  -38.020  74.410 0.0000000000
49180  11.729  -38.270  73.752 0.0000000000
49181  11.808  -39.051  73.518 0.0000000000
47896  11.379  -39.639  73.266 0.0000000000
47891  11.200  -39.481  73.879 0.0000000000
47892  10.809  -40.108  73.729 0.0000000000
47882  10.733  -39.585  74.222 0.0000000000
53843  8.371  -35.606  76.451 0.0000000000
51547  7.816  -37.274  75.869 0.0000000000
52693  7.730  -36.565  76.149 0.0000000000
52700  6.944  -36.885  75.611 0.0000000000
57210  -0.161  -32.677  69.863 0.0000000000
58321  -0.502  -31.628  69.943 0.0000000000
59390  -2.137  -29.821  68.625 0.0000000000
59391  -2.457  -30.391  68.351 0.0000000000
46607  0.865  -41.678  69.586 0.0000000000
47916  0.991  -41.014  70.262 0.0000000000
51567  2.977  -37.429  73.561 0.0000000000
51578  3.110  -37.352  72.616 0.0000000000
52722  2.770  -36.652  72.346 0.0000000000
57129  3.928  -32.321  76.672 0.0000000000
57130  2.975  -32.975  76.262 0.0000000000
58211  3.111  -32.493  75.707 0.0000000000
56100  1.995  -33.351  71.291 0.0000000000
56090  1.354  -33.698  71.743 0.0000000000
45327  6.890  -42.009  72.626 0.0000000000
45339  6.418  -42.534  71.506 0.0000000000
45328  6.204  -42.003  72.229 0.0000000000
42824  2.057  -44.388  70.689 0.0000000000
44119  2.468  -43.886  70.155 0.0000000000
46596  0.314  -42.150  69.961 0.0000000000
46618  0.373  -42.289  68.504 0.0000000000
47949  3.070  -39.994  67.891 0.0000000000
49242  3.478  -39.621  67.329 0.0000000000
51684  4.443  -38.012  65.231 0.0000000000
50446  4.787  -38.695  64.169 0.0000000000
51698  4.297  -38.051  64.379 0.0000000000
52813  -2.465  -35.670  66.460 0.0000000000
52812  -2.149  -36.389  66.936 0.0000000000
52824  -2.185  -35.941  65.978 0.0000000000
53957  0.264  -35.696  62.290 0.0000000000
52874  0.887  -36.342  62.776 0.0000000000
52891  2.039  -36.334  62.167 0.0000000000
53955  1.682  -36.137  62.158 0.0000000000
53974  1.789  -35.804  61.758 0.0000000000
56195  0.751  -33.505  59.145 0.0000000000
56213  0.392  -33.056  58.577 0.0000000000
63937  -0.901  -26.872  67.915 0.0000000000
64034  -1.245  -26.679  62.836 0.0000000000
64013  -0.670  -26.877  63.753 0.0000000000
64035  -1.792  -27.056  62.838 0.0000000000
62870  -2.336  -28.238  61.552 0.0000000000
62869  -2.194  -27.453  61.269 0.0000000000
54954  10.063  -34.327  76.856 0.0000000000
56047  9.460  -33.460  77.288 0.0000000000
57118  9.932  -32.521  77.091 0.0000000000
58215  11.108  -31.462  75.304 0.0000000000
54976  13.931  -33.941  73.227 0.0000000000
53858  13.504  -34.740  73.773 0.0000000000
54969  13.591  -34.011  73.926 0.0000000000
53840  11.526  -34.762  75.736 0.0000000000
52687  12.072  -35.422  74.820 0.0000000000
52688  11.439  -35.721  75.129 0.0000000000
51549  11.926  -36.741  75.038 0.0000000000
51542  11.364  -36.255  75.349 0.0000000000
51543  11.305  -36.809  75.800 0.0000000000
52689  11.094  -35.692  75.331 0.0000000000
54953  10.861  -34.185  76.246 0.0000000000
52685  10.784  -35.214  75.469 0.0000000000
53837  10.463  -34.614  75.913 0.0000000000
53838  9.578  -34.980  76.275 0.0000000000
60462  0.206  -28.934  71.222 0.0000000000
60463  -0.037  -28.965  71.288 0.0000000000
49178  2.326  -39.283  74.488 0.0000000000
50347  2.825  -38.501  74.025 0.0000000000
51561  2.797  -37.682  74.366 0.0000000000
58261  5.334  -31.507  72.285 0.0000000000
57149  4.302  -31.736  73.333 0.0000000000
57172  4.951  -31.731  71.590 0.0000000000
57190  4.488  -32.280  70.477 0.0000000000
57206  4.162  -32.301  69.363 0.0000000000
58317  3.640  -32.037  68.833 0.0000000000
45305  4.714  -42.046  74.140 0.0000000000
45318  2.924  -42.032  73.022 0.0000000000
44094  2.965  -43.109  71.597 0.0000000000
44095  2.168  -42.712  71.528 0.0000000000
42796  1.297  -43.875  72.043 0.0000000000
46568  1.195  -41.488  73.105 0.0000000000
46576  0.811  -41.537  72.482 0.0000000000
47901  -0.190  -41.588  71.678 0.0000000000
51645  2.589  -37.377  68.727 0.0000000000
52798  2.586  -37.124  67.000 0.0000000000
55059  -2.044  -34.504  64.411 0.0000000000
55066  -1.500  -34.336  63.313 0.0000000000
53978  -1.241  -34.607  61.537 0.0000000000
55087  -0.811  -34.751  61.109 0.0000000000
55089  -1.667  -34.331  61.219 0.0000000000
58430  -2.388  -32.472  60.900 0.0000000000
56199  -1.997  -34.008  59.817 0.0000000000
57290  -2.405  -33.249  60.028 0.0000000000
56216  -1.806  -34.032  58.790 0.0000000000
57289  -2.481  -32.962  59.218 0.0000000000
64057  0.019  -26.468  61.857 0.0000000000
62867  -0.541  -27.029  61.113 0.0000000000
62887  -0.090  -27.330  60.270 0.0000000000
50339  4.868  -38.483  75.964 0.0000000000
51555  4.296  -37.509  75.902 0.0000000000
54964  6.001  -34.691  76.827 0.0000000000
53846  5.428  -35.366  76.622 0.0000000000
54959  5.014  -33.889  77.289 0.0000000000
56052  4.300  -33.586  77.113 0.0000000000
56051  5.298  -33.351  77.225 0.0000000000
58196  8.342  -31.707  76.965 0.0000000000
57120  7.818  -32.557  77.189 0.0000000000
58220  6.332  -31.324  75.262 0.0000000000
58234  5.782  -31.406  74.328 0.0000000000
58246  6.405  -31.542  73.432 0.0000000000
50359  15.591  -36.673  69.862 0.0000000000
49192  15.378  -37.196  69.449 0.0000000000
50360  15.303  -36.455  70.280 0.0000000000
51585  14.582  -35.935  72.228 0.0000000000
50361  14.934  -36.068  71.482 0.0000000000
50362  14.223  -35.961  71.155 0.0000000000
51558  13.812  -36.316  74.142 0.0000000000
51565  12.908  -37.178  73.440 0.0000000000
50353  11.658  -37.298  72.660 0.0000000000
50352  12.177  -36.806  72.790 0.0000000000
50363  11.614  -36.884  72.031 0.0000000000
50364  10.942  -37.512  71.774 0.0000000000
49194  10.467  -39.281  71.468 0.0000000000
46573  9.308  -41.060  72.990 0.0000000000
46575  7.775  -41.874  72.229 0.0000000000
46563  8.449  -41.150  73.607 0.0000000000
50334  10.121  -38.502  75.805 0.0000000000
49165  9.565  -39.250  75.024 0.0000000000
49167  7.457  -39.204  75.272 0.0000000000
47874  8.034  -39.927  75.101 0.0000000000
47876  6.025  -40.121  75.115 0.0000000000
49169  5.450  -39.404  75.623 0.0000000000
55009  -1.516  -34.745  70.437 0.0000000000
56105  -2.681  -33.930  70.145 0.0000000000
55011  -3.261  -34.577  70.109 0.0000000000
55020  -3.270  -34.482  69.171 0.0000000000
53913  -3.205  -35.088  68.475 0.0000000000
58322  -1.646  -31.434  69.929 0.0000000000
58324  -3.113  -31.811  68.800 0.0000000000
56127  -2.702  -33.159  67.910 0.0000000000
56138  -2.666  -33.038  66.948 0.0000000000
56150  -3.029  -33.402  66.377 0.0000000000
58379  -2.784  -32.260  66.775 0.0000000000
58359  -2.057  -30.508  66.989 0.0000000000
58378  -2.420  -31.852  66.719 0.0000000000
58377  -1.594  -31.084  66.533 0.0000000000
59322  14.495  -31.173  73.342 0.0000000000
59331  14.037  -31.122  72.652 0.0000000000
59342  14.441  -31.114  71.569 0.0000000000
49251  18.747  -39.915  66.522 0.0000000000
47957  18.392  -40.327  65.811 0.0000000000
49252  18.040  -39.925  66.561 0.0000000000
49236  17.842  -39.589  67.036 0.0000000000
52778  20.658  -36.943  68.630 0.0000000000
138523  21.234  -38.373  68.218 0.0000000000
49200  17.498  -37.957  68.487 0.0000000000
49189  16.682  -37.284  69.154 0.0000000000
52743  16.750  -35.500  69.963 0.0000000000
52742  16.153  -35.727  69.980 0.0000000000
52728  16.111  -35.649  70.797 0.0000000000
56071  17.026  -33.512  71.956 0.0000000000
56072  16.934  -33.604  72.352 0.0000000000
54981  16.109  -34.171  72.164 0.0000000000
56073  16.585  -33.642  72.963 0.0000000000
56066  15.771  -33.514  73.276 0.0000000000
57148  16.648  -32.876  73.278 0.0000000000
59329  15.519  -31.672  72.253 0.0000000000
59320  15.860  -31.496  73.119 0.0000000000
59321  15.210  -31.261  73.105 0.0000000000
59315  14.871  -31.355  73.847 0.0000000000
46636  -0.765  -42.263  66.177 0.0000000000
46635  -0.275  -41.725  66.759 0.0000000000
47938  2.356  -40.467  68.609 0.0000000000
49188  1.818  -39.889  72.242 0.0000000000
49197  1.889  -39.898  71.785 0.0000000000
49195  3.322  -39.155  71.108 0.0000000000
52731  2.288  -36.604  71.817 0.0000000000
52703  3.763  -36.621  75.522 0.0000000000
53854  3.147  -35.834  75.495 0.0000000000
53850  1.973  -35.232  75.620 0.0000000000
53855  2.313  -35.725  75.321 0.0000000000
53856  1.683  -35.489  75.024 0.0000000000
53860  1.952  -35.250  74.350 0.0000000000
57144  3.234  -32.735  74.294 0.0000000000
57151  2.741  -32.853  73.449 0.0000000000
56075  1.634  -34.152  73.467 0.0000000000
56074  2.216  -33.640  73.611 0.0000000000
53867  1.622  -35.653  72.816 0.0000000000
56082  0.971  -34.242  71.946 0.0000000000
53878  0.051  -35.747  71.537 0.0000000000
55007  0.209  -34.418  71.048 0.0000000000
50388  14.943  -37.202  68.665 0.0000000000
50398  15.158  -37.247  67.778 0.0000000000
50389  14.840  -36.854  68.484 0.0000000000
44128  6.040  -43.165  70.006 0.0000000000
45363  6.833  -42.949  69.410 0.0000000000
44092  4.487  -42.718  72.048 0.0000000000
44105  5.155  -42.942  71.693 0.0000000000
44106  4.396  -43.061  71.387 0.0000000000
46628  -0.588  -42.457  66.886 0.0000000000
47965  2.363  -40.255  66.398 0.0000000000
48006  1.442  -40.577  64.535 0.0000000000
50400  4.347  -38.190  67.349 0.0000000000
49241  4.084  -39.207  66.793 0.0000000000
49301  3.882  -39.668  64.636 0.0000000000
49277  3.708  -39.521  65.525 0.0000000000
48004  3.361  -40.228  64.039 0.0000000000
48019  2.690  -40.569  63.374 0.0000000000
48018  3.519  -40.325  63.096 0.0000000000
48032  3.685  -40.417  62.107 0.0000000000
48031  4.060  -39.853  62.053 0.0000000000
48047  3.941  -40.046  61.418 0.0000000000
49341  3.988  -39.433  61.574 0.0000000000
51633  -1.462  -36.616  69.058 0.0000000000
52786  -0.818  -36.805  68.721 0.0000000000
51648  -1.187  -36.946  68.368 0.0000000000
51690  -1.142  -37.399  65.853 0.0000000000
51676  -0.575  -37.526  66.949 0.0000000000
51689  -0.137  -37.477  66.021 0.0000000000
51687  1.345  -37.434  66.056 0.0000000000
52822  0.641  -37.313  65.357 0.0000000000
52855  -1.979  -36.208  64.268 0.0000000000
51700  2.935  -37.226  63.330 0.0000000000
51735  3.037  -37.614  62.011 0.0000000000
50505  3.467  -38.136  61.634 0.0000000000
50519  3.826  -38.975  60.937 0.0000000000
50520  3.596  -38.292  60.954 0.0000000000
53993  4.123  -35.978  60.189 0.0000000000
53996  1.156  -35.100  60.965 0.0000000000
55097  0.607  -34.325  60.381 0.0000000000
56177  1.997  -33.914  60.299 0.0000000000
55114  3.344  -34.648  60.229 0.0000000000
55113  3.954  -34.343  59.778 0.0000000000
62740  -1.486  -27.046  70.037 0.0000000000
62739  -1.082  -27.047  70.789 0.0000000000
60490  -1.707  -28.869  68.215 0.0000000000
61652  -1.856  -27.901  68.597 0.0000000000
61685  -1.653  -27.844  66.607 0.0000000000
60547  -1.479  -29.286  65.695 0.0000000000
61726  -1.627  -28.852  65.146 0.0000000000
65239  -0.770  -26.550  65.301 0.0000000000
65224  -0.567  -26.336  65.765 0.0000000000
65226  -1.516  -26.437  65.860 0.0000000000
63966  -1.963  -26.525  65.999 0.0000000000
63978  -1.800  -26.684  65.412 0.0000000000
62849  -2.010  -28.024  62.703 0.0000000000
61746  -1.649  -28.556  63.482 0.0000000000
60585  -1.396  -29.483  63.579 0.0000000000
60616  -1.999  -30.079  61.875 0.0000000000
60629  -2.219  -30.166  60.725 0.0000000000
59506  -2.164  -31.568  58.578 0.0000000000
59515  -2.385  -30.733  58.488 0.0000000000
62899  -2.336  -28.055  59.441 0.0000000000
57117  10.746  -32.629  76.649 0.0000000000
58194  10.389  -31.850  76.620 0.0000000000
58203  11.016  -31.337  76.295 0.0000000000
60448  11.601  -30.513  75.237 0.0000000000
58240  12.017  -31.391  74.107 0.0000000000
57133  14.296  -32.769  75.065 0.0000000000
54970  13.128  -33.992  74.582 0.0000000000
56062  13.431  -33.487  75.214 0.0000000000
56054  12.713  -33.514  75.881 0.0000000000
53834  12.195  -34.786  76.376 0.0000000000
53835  11.893  -35.101  76.623 0.0000000000
56044  11.822  -33.553  76.133 0.0000000000
57116  11.519  -32.631  76.495 0.0000000000
50544  3.750  -38.531  58.610 0.0000000000
47894  1.369  -40.733  73.539 0.0000000000
46559  4.065  -41.532  74.762 0.0000000000
45307  2.883  -42.265  74.049 0.0000000000
45308  2.221  -42.048  73.674 0.0000000000
45319  2.124  -41.763  72.726 0.0000000000
51662  0.111  -36.916  68.042 0.0000000000
57258  -2.221  -32.815  64.624 0.0000000000
56164  -1.756  -33.472  64.168 0.0000000000
56167  -1.667  -33.299  63.801 0.0000000000
56168  -1.672  -33.340  63.203 0.0000000000
56169  -1.909  -33.528  62.389 0.0000000000
56172  -2.040  -33.692  61.461 0.0000000000
57267  -2.308  -32.941  61.715 0.0000000000
52701  5.988  -36.773  75.842 0.0000000000
53845  6.375  -35.472  76.537 0.0000000000
54957  6.660  -34.096  77.115 0.0000000000
58218  8.448  -31.522  75.314 0.0000000000
58232  7.970  -31.125  74.402 0.0000000000
58245  7.445  -31.409  73.457 0.0000000000
58259  6.971  -31.568  72.557 0.0000000000
58258  7.991  -31.729  72.503 0.0000000000
51572  15.311  -36.405  71.473 0.0000000000
50351  14.992  -36.225  72.179 0.0000000000
51574  14.183  -36.748  72.517 0.0000000000
51560  12.161  -37.028  74.148 0.0000000000
51566  12.034  -37.135  73.726 0.0000000000
47893  10.072  -40.581  73.361 0.0000000000
46562  9.338  -40.876  73.798 0.0000000000
51545  9.462  -37.004  76.409 0.0000000000
50335  8.923  -38.292  75.865 0.0000000000
51546  8.515  -37.334  76.265 0.0000000000
50336  7.867  -38.391  75.437 0.0000000000
50337  6.894  -38.408  75.353 0.0000000000
49168  6.461  -39.280  75.369 0.0000000000
51553  6.392  -37.592  75.510 0.0000000000
56115  -1.405  -33.475  69.924 0.0000000000
56116  -2.083  -33.289  69.971 0.0000000000
56117  -2.727  -33.276  69.636 0.0000000000
59373  -1.757  -30.283  69.353 0.0000000000
58342  -2.762  -31.078  68.470 0.0000000000
58361  -2.900  -31.969  67.330 0.0000000000
59408  -2.493  -30.614  68.002 0.0000000000
49250  19.593  -39.960  66.540 0.0000000000
51599  17.047  -36.290  69.481 0.0000000000
53887  17.410  -35.324  70.129 0.0000000000
53874  17.612  -35.005  70.419 0.0000000000
58251  16.755  -32.093  72.406 0.0000000000
46626  0.689  -41.446  68.226 0.0000000000
49196  2.528  -39.615  71.535 0.0000000000
50355  3.195  -38.040  72.212 0.0000000000
51589  3.235  -37.567  71.645 0.0000000000
51590  2.973  -37.027  71.955 0.0000000000
53848  3.471  -35.303  76.079 0.0000000000
54967  2.905  -34.637  76.284 0.0000000000
56058  2.468  -34.002  76.074 0.0000000000
56064  2.693  -33.988  75.586 0.0000000000
57156  2.890  -32.490  72.456 0.0000000000
56081  1.308  -33.781  72.792 0.0000000000
56091  0.655  -34.053  71.330 0.0000000000
51640  14.082  -36.132  68.968 0.0000000000
51639  14.612  -36.516  68.342 0.0000000000
52781  13.837  -36.189  68.637 0.0000000000
45347  7.270  -42.365  70.902 0.0000000000
44115  6.033  -43.143  70.461 0.0000000000
45351  -0.201  -42.936  70.304 0.0000000000
45365  -0.133  -43.360  69.884 0.0000000000
45350  0.130  -42.806  69.906 0.0000000000
45386  -0.188  -42.820  68.156 0.0000000000
49259  3.111  -39.845  66.599 0.0000000000
51658  4.291  -37.768  66.950 0.0000000000
49257  4.228  -39.118  66.086 0.0000000000
50416  4.563  -38.520  65.717 0.0000000000
49300  4.531  -39.231  64.314 0.0000000000
49299  4.895  -39.093  63.965 0.0000000000
49316  4.849  -38.886  63.709 0.0000000000
50489  4.202  -38.685  62.740 0.0000000000
51665  -2.069  -36.557  67.940 0.0000000000
51664  -1.571  -36.908  67.861 0.0000000000
51678  -1.836  -36.747  67.438 0.0000000000
52811  -1.816  -36.721  66.650 0.0000000000
53942  -1.043  -35.824  63.002 0.0000000000
52853  -0.405  -36.502  63.573 0.0000000000
52875  0.166  -36.287  62.943 0.0000000000
52850  2.307  -36.913  63.011 0.0000000000
52872  2.389  -36.844  62.289 0.0000000000
52871  2.682  -37.098  61.976 0.0000000000
52889  2.973  -36.958  61.540 0.0000000000
53972  3.167  -36.436  61.171 0.0000000000
56180  0.098  -34.076  59.927 0.0000000000
56179  0.452  -33.909  59.790 0.0000000000
63915  -1.086  -26.619  69.508 0.0000000000
61666  -1.327  -27.803  67.586 0.0000000000
62761  -1.523  -27.322  68.405 0.0000000000
62787  -1.778  -27.242  66.823 0.0000000000
61686  -2.211  -27.648  65.806 0.0000000000
63992  -0.494  -26.685  64.660 0.0000000000
63993  -1.198  -26.983  64.724 0.0000000000
62815  -1.355  -27.308  64.255 0.0000000000
64015  -1.577  -27.440  63.355 0.0000000000
64036  -1.883  -27.499  62.912 0.0000000000
61776  -2.157  -29.239  61.379 0.0000000000
61792  -2.675  -28.837  59.417 0.0000000000
54961  8.549  -35.043  76.692 0.0000000000
54962  7.983  -34.940  76.706 0.0000000000
57119  8.888  -32.491  77.268 0.0000000000
58217  9.580  -31.832  75.421 0.0000000000
53862  14.632  -34.994  72.450 0.0000000000
52706  14.078  -35.314  73.290 0.0000000000
52707  13.819  -35.787  74.164 0.0000000000
52708  13.127  -35.850  74.384 0.0000000000
53852  12.603  -34.773  74.663 0.0000000000
52697  12.535  -35.699  74.580 0.0000000000
51548  12.320  -36.205  74.668 0.0000000000
50331  11.857  -37.528  74.571 0.0000000000
50332  11.506  -37.917  75.053 0.0000000000
49163  11.028  -38.441  74.977 0.0000000000
50327  11.274  -37.654  75.652 0.0000000000
50328  10.761  -37.746  76.106 0.0000000000
51544  10.433  -36.882  76.266 0.0000000000
52684  11.544  -35.239  75.889 0.0000000000
53842  9.145  -35.619  76.350 0.0000000000
60471  0.239  -29.046  70.848 0.0000000000
61631  -0.844  -28.044  70.747 0.0000000000
47917  -0.016  -41.566  70.624 0.0000000000
47906  0.134  -40.989  71.254 0.0000000000
49183  1.849  -39.992  73.162 0.0000000000
58235  4.581  -31.569  74.313 0.0000000000
58236  3.709  -31.891  74.615 0.0000000000
57207  3.031  -32.422  69.591 0.0000000000
46566  5.863  -41.308  73.091 0.0000000000
45329  5.536  -42.529  72.100 0.0000000000
45315  5.223  -41.640  72.960 0.0000000000
44080  4.765  -42.419  72.546 0.0000000000
44081  4.033  -42.512  72.583 0.0000000000
45317  3.556  -42.391  73.276 0.0000000000
44093  3.563  -42.796  71.757 0.0000000000
42794  2.951  -43.727  71.802 0.0000000000
42808  1.691  -44.393  71.346 0.0000000000
42809  0.915  -44.300  71.285 0.0000000000
42797  0.796  -43.749  71.686 0.0000000000
44097  0.492  -43.044  71.577 0.0000000000
45330  1.983  -41.721  71.867 0.0000000000
45331  1.205  -42.119  71.861 0.0000000000
45332  0.398  -42.732  71.723 0.0000000000
46586  -0.304  -42.369  71.304 0.0000000000
47907  -0.330  -41.672  71.045 0.0000000000
50391  3.650  -38.867  69.348 0.0000000000
51643  4.211  -37.884  67.648 0.0000000000
51659  3.732  -37.436  67.293 0.0000000000
52796  3.518  -37.306  66.838 0.0000000000
51672  3.652  -37.333  66.340 0.0000000000
51673  3.113  -37.150  65.950 0.0000000000
53928  -2.679  -35.259  65.849 0.0000000000
52841  -2.340  -35.611  65.512 0.0000000000
53933  -2.399  -35.276  64.874 0.0000000000
53944  -2.104  -35.254  64.186 0.0000000000
53943  -1.787  -35.518  63.587 0.0000000000
55058  -1.598  -33.956  64.080 0.0000000000
53958  -0.572  -35.300  62.258 0.0000000000
53975  0.729  -35.367  61.569 0.0000000000
53976  -0.270  -34.973  61.352 0.0000000000
53998  -0.314  -34.685  60.681 0.0000000000
55099  -0.867  -34.524  60.544 0.0000000000
55101  -1.798  -34.130  60.420 0.0000000000
55117  -1.446  -34.184  59.995 0.0000000000
55116  -1.026  -34.230  59.763 0.0000000000
56197  -1.105  -34.102  59.173 0.0000000000
56215  -1.123  -33.618  58.666 0.0000000000
62868  -1.516  -27.116  61.156 0.0000000000
48076  2.736  -40.743  59.460 0.0000000000
49171  3.289  -39.415  75.732 0.0000000000
50340  3.767  -38.462  75.935 0.0000000000
53847  4.518  -35.421  76.319 0.0000000000
56056  4.067  -34.157  76.889 0.0000000000
57124  3.722  -32.960  76.953 0.0000000000
58209  4.635  -31.802  76.295 0.0000000000
54956  7.687  -34.234  77.144 0.0000000000
56049  7.266  -33.384  77.207 0.0000000000
57121  6.805  -32.668  77.086 0.0000000000
58206  7.901  -31.701  76.081 0.0000000000
58198  6.351  -32.239  76.602 0.0000000000
58199  5.388  -32.065  76.803 0.0000000000
49213  16.207  -38.186  68.634 0.0000000000
49214  15.719  -38.250  68.567 0.0000000000
49203  15.251  -37.517  69.030 0.0000000000
51601  14.553  -36.405  69.454 0.0000000000
50373  14.702  -36.181  70.654 0.0000000000
51602  14.520  -36.367  69.956 0.0000000000
52744  13.973  -36.319  70.380 0.0000000000
52746  12.003  -36.404  70.557 0.0000000000
51563  15.038  -36.449  73.211 0.0000000000
51575  12.871  -36.830  72.530 0.0000000000
51587  12.477  -36.374  71.974 0.0000000000
52730  12.411  -36.195  71.263 0.0000000000
49204  10.391  -38.419  71.379 0.0000000000
46584  8.590  -41.547  71.677 0.0000000000
45313  6.703  -41.697  72.975 0.0000000000
49177  9.830  -39.577  74.676 0.0000000000
46554  8.200  -40.798  74.225 0.0000000000
46555  7.491  -41.056  74.001 0.0000000000
46556  6.733  -41.179  73.700 0.0000000000
46565  6.429  -41.388  73.208 0.0000000000
46557  5.846  -41.271  73.839 0.0000000000
47888  5.248  -40.903  75.015 0.0000000000
46550  4.294  -40.990  75.242 0.0000000000
47878  3.863  -40.308  75.565 0.0000000000
52751  -0.622  -36.157  70.334 0.0000000000
52752  -1.507  -36.038  69.955 0.0000000000
52773  -1.828  -36.440  69.338 0.0000000000
55010  -2.495  -34.646  70.479 0.0000000000
53904  -2.586  -35.858  69.851 0.0000000000
52788  -2.578  -36.326  68.447 0.0000000000
52789  -2.951  -35.734  67.985 0.0000000000
53924  -2.668  -35.106  66.861 0.0000000000
57213  -2.972  -32.474  69.252 0.0000000000
56118  -3.076  -33.482  68.950 0.0000000000
55030  -2.255  -34.230  68.310 0.0000000000
55039  -1.969  -34.037  67.578 0.0000000000
55049  -2.925  -34.400  66.315 0.0000000000
56158  -3.151  -33.649  65.465 0.0000000000
57251  -2.829  -32.702  65.594 0.0000000000
58393  -2.715  -32.257  66.245 0.0000000000
57250  -2.277  -32.317  65.216 0.0000000000
58405  -1.727  -31.940  64.926 0.0000000000
58404  -1.111  -31.249  64.395 0.0000000000
59317  13.389  -30.880  74.586 0.0000000000
59324  12.956  -31.232  74.056 0.0000000000
59323  13.718  -31.164  73.680 0.0000000000
59343  13.450  -30.994  71.807 0.0000000000
47932  16.931  -38.911  67.827 0.0000000000
138517  21.950  -39.554  68.872 0.0000000000
49249  20.763  -39.241  67.307 0.0000000000
49234  18.822  -39.281  67.535 0.0000000000
138525  19.031  -38.170  68.312 0.0000000000
138520  17.329  -38.598  68.084 0.0000000000
47922  16.615  -38.454  68.457 0.0000000000
49201  16.477  -37.859  68.754 0.0000000000
51584  16.041  -36.162  69.769 0.0000000000
51571  15.321  -36.016  70.855 0.0000000000
52719  15.255  -36.135  71.335 0.0000000000
54996  17.367  -34.710  71.037 0.0000000000
54987  17.006  -34.202  71.445 0.0000000000
54997  16.778  -34.736  71.318 0.0000000000
54988  16.502  -34.397  71.629 0.0000000000
53861  15.366  -34.891  72.066 0.0000000000
54982  15.294  -34.433  72.452 0.0000000000
54975  14.778  -34.028  72.766 0.0000000000
56067  14.863  -33.435  73.545 0.0000000000
56060  14.606  -33.245  74.059 0.0000000000
58238  16.427  -32.060  73.181 0.0000000000
57140  15.148  -32.683  73.953 0.0000000000
57132  14.645  -32.700  74.389 0.0000000000
58212  14.623  -32.148  74.651 0.0000000000
46634  0.513  -41.233  67.338 0.0000000000
47937  2.825  -40.146  68.146 0.0000000000
47915  2.387  -40.168  70.785 0.0000000000
49208  2.732  -39.826  70.985 0.0000000000
47926  2.857  -40.099  70.268 0.0000000000
49218  3.121  -39.899  69.591 0.0000000000
52769  1.362  -36.613  70.446 0.0000000000
50341  2.947  -38.472  75.457 0.0000000000
52704  2.759  -36.582  75.105 0.0000000000
52709  2.674  -36.997  74.577 0.0000000000
51568  2.809  -36.547  73.678 0.0000000000
58223  3.336  -32.203  75.205 0.0000000000
56063  3.121  -33.751  75.211 0.0000000000
54978  2.734  -34.235  74.532 0.0000000000
57145  2.753  -33.200  73.880 0.0000000000
54983  2.499  -34.031  74.037 0.0000000000
52715  2.453  -35.929  73.282 0.0000000000
53876  1.447  -36.037  72.342 0.0000000000
52733  0.455  -36.286  71.470 0.0000000000
52734  -0.220  -36.202  71.107 0.0000000000
53888  -0.439  -35.649  70.911 0.0000000000
56102  0.186  -33.848  70.555 0.0000000000
57194  -0.265  -33.451  70.025 0.0000000000
58341  0.885  -31.061  69.055 0.0000000000
57208  2.011  -32.584  69.576 0.0000000000
58319  1.684  -31.968  69.091 0.0000000000
59388  2.306  -30.747  67.982 0.0000000000
60489  0.826  -29.356  68.070 0.0000000000
58253  12.521  -31.292  73.573 0.0000000000
50396  14.971  -38.548  68.104 0.0000000000
49238  15.729  -37.614  67.241 0.0000000000
50406  15.453  -37.188  66.931 0.0000000000
51654  14.654  -36.731  67.419 0.0000000000
44116  5.517  -43.158  70.765 0.0000000000
44129  5.223  -43.341  69.780 0.0000000000
49278  3.051  -39.884  65.865 0.0000000000
48005  2.464  -40.421  64.306 0.0000000000
48020  1.725  -40.672  63.585 0.0000000000
48075  3.466  -40.310  59.813 0.0000000000
52785  -0.300  -36.674  68.918 0.0000000000
52799  -0.430  -36.831  68.485 0.0000000000
51663  -0.958  -37.240  67.787 0.0000000000
51674  1.256  -37.351  66.530 0.0000000000
52810  1.967  -37.243  66.342 0.0000000000
52820  2.496  -37.060  65.425 0.0000000000
52839  -1.561  -36.813  64.896 0.0000000000
51703  -1.086  -37.322  65.042 0.0000000000
52837  0.309  -37.008  64.698 0.0000000000
52819  3.158  -37.018  64.994 0.0000000000
52834  3.309  -37.175  64.592 0.0000000000
51699  3.533  -37.433  64.023 0.0000000000
51714  3.990  -37.950  63.602 0.0000000000
50469  3.985  -38.203  63.047 0.0000000000
51716  2.777  -37.259  62.576 0.0000000000
50490  3.674  -38.189  62.346 0.0000000000
49351  3.874  -39.584  60.892 0.0000000000
49359  3.787  -39.644  60.195 0.0000000000
49360  3.654  -39.491  59.260 0.0000000000
55096  1.603  -34.502  60.600 0.0000000000
62718  -0.619  -27.680  72.775 0.0000000000
61640  -1.339  -28.174  70.234 0.0000000000
61632  -1.368  -27.668  70.331 0.0000000000
59453  -1.298  -30.202  65.607 0.0000000000
59470  -1.016  -30.374  64.682 0.0000000000
59479  -1.140  -30.426  63.725 0.0000000000
62788  -2.292  -27.019  66.198 0.0000000000
62816  -1.784  -27.441  64.547 0.0000000000
61707  -2.104  -27.801  65.164 0.0000000000
60567  -1.520  -28.931  64.073 0.0000000000
59489  -1.620  -30.571  62.933 0.0000000000
59498  -2.255  -30.976  62.079 0.0000000000
59503  -2.386  -31.228  60.975 0.0000000000
60628  -2.266  -30.648  61.087 0.0000000000
58433  -2.226  -32.245  58.973 0.0000000000
57309  -1.117  -32.687  58.292 0.0000000000
59514  -2.139  -31.532  57.733 0.0000000000
57308  -0.062  -32.655  58.156 0.0000000000
42823  2.551  -44.044  70.698 0.0000000000
44084  2.444  -41.936  71.929 0.0000000000
44108  0.602  -43.328  71.677 0.0000000000
44109  0.111  -43.351  71.509 0.0000000000
45341  -0.125  -43.015  71.282 0.0000000000
45349  5.987  -43.113  70.900 0.0000000000
46599  21.969  -39.983  69.173 0.0000000000
46610  22.108  -39.459  68.538 0.0000000000
46619  22.410  -39.789  68.326 0.0000000000
47872  9.404  -39.714  74.773 0.0000000000
47881  11.055  -39.330  74.147 0.0000000000
47883  9.719  -40.098  74.448 0.0000000000
47884  8.569  -40.317  74.577 0.0000000000
47914  2.845  -39.984  70.560 0.0000000000
47918  -0.342  -41.729  70.740 0.0000000000
47931  22.923  -40.111  68.315 0.0000000000
47946  15.921  -38.557  67.151 0.0000000000
48048  3.485  -40.508  61.208 0.0000000000
48074  3.688  -40.163  60.306 0.0000000000
49174  11.533  -38.199  74.098 0.0000000000
49202  15.825  -37.694  68.958 0.0000000000
49224  15.471  -38.792  68.129 0.0000000000
49225  15.359  -38.521  67.545 0.0000000000
49226  15.382  -37.945  67.469 0.0000000000
49230  2.789  -40.115  68.731 0.0000000000
49253  16.159  -38.041  66.770 0.0000000000
49317  4.514  -39.213  63.392 0.0000000000
50330  9.158  -37.650  76.339 0.0000000000
50333  10.901  -38.225  75.484 0.0000000000
50345  12.220  -36.950  73.067 0.0000000000
50374  14.413  -36.081  70.898 0.0000000000
50387  15.202  -38.087  68.428 0.0000000000
50397  14.938  -37.940  67.946 0.0000000000
50409  4.111  -39.037  67.237 0.0000000000
50445  5.007  -38.856  63.943 0.0000000000
50467  4.829  -38.715  63.857 0.0000000000
51551  8.099  -37.764  75.735 0.0000000000
51605  11.054  -36.946  70.833 0.0000000000
51624  14.645  -36.633  69.122 0.0000000000
51626  14.317  -36.215  69.840 0.0000000000
51632  -1.250  -36.727  68.836 0.0000000000
51650  -2.145  -36.540  68.475 0.0000000000
51655  14.092  -36.526  67.410 0.0000000000
51686  3.281  -37.153  65.589 0.0000000000
51688  0.740  -37.498  65.934 0.0000000000
51702  -0.471  -37.357  65.219 0.0000000000
52683  11.745  -35.157  75.994 0.0000000000
52691  9.887  -35.945  75.998 0.0000000000
52696  5.117  -35.871  76.404 0.0000000000
52699  7.452  -37.083  75.753 0.0000000000
52753  -2.157  -36.012  69.785 0.0000000000
52764  17.412  -35.674  69.782 0.0000000000
52774  -2.595  -36.201  69.323 0.0000000000
52780  14.410  -36.333  67.987 0.0000000000
52787  -2.206  -36.512  68.867 0.0000000000
52797  3.226  -37.201  66.996 0.0000000000
52802  -2.628  -35.673  67.271 0.0000000000
52808  3.355  -37.234  66.658 0.0000000000
53836  11.374  -35.068  76.118 0.0000000000
53839  8.929  -35.171  76.614 0.0000000000
53851  13.187  -34.372  74.214 0.0000000000
53891  -3.000  -35.157  70.430 0.0000000000
53902  13.299  -36.323  69.437 0.0000000000
53905  -3.237  -35.527  69.676 0.0000000000
53911  13.552  -36.250  69.245 0.0000000000
53932  -2.183  -35.695  64.337 0.0000000000
54950  11.602  -34.063  76.039 0.0000000000
54951  12.130  -34.588  76.300 0.0000000000
54958  5.689  -34.023  77.265 0.0000000000
54966  3.844  -34.650  76.566 0.0000000000
54968  2.120  -34.746  75.996 0.0000000000
54971  3.103  -34.174  74.966 0.0000000000
54972  2.437  -34.432  75.182 0.0000000000
54973  1.895  -34.720  75.460 0.0000000000
54977  3.199  -34.002  74.805 0.0000000000
55028  -1.642  -33.986  68.006 0.0000000000
55029  -1.870  -34.070  68.053 0.0000000000
55038  -1.741  -33.992  67.769 0.0000000000
55040  -2.406  -34.457  67.301 0.0000000000
55057  -1.552  -33.625  63.957 0.0000000000
55088  -1.190  -34.621  61.051 0.0000000000
55115  -0.699  -34.125  59.567 0.0000000000
55118  -1.686  -34.151  60.147 0.0000000000
56043  11.882  -33.723  75.941 0.0000000000
56045  11.152  -33.500  76.370 0.0000000000
56053  3.668  -33.392  76.900 0.0000000000
56059  2.083  -34.419  75.804 0.0000000000
56065  2.254  -34.305  75.623 0.0000000000
56068  14.159  -33.654  73.785 0.0000000000
56069  3.177  -33.607  74.686 0.0000000000
56078  17.218  -33.860  71.464 0.0000000000
56079  16.854  -33.776  71.817 0.0000000000
56125  -1.791  -33.806  67.922 0.0000000000
56126  -2.049  -33.711  67.923 0.0000000000
56136  -1.911  -33.792  67.692 0.0000000000
56137  -2.300  -33.543  67.365 0.0000000000
56149  -2.641  -33.461  66.852 0.0000000000
56165  -2.063  -33.631  64.414 0.0000000000
56181  -2.088  -33.808  60.600 0.0000000000
56217  -2.038  -34.122  59.204 0.0000000000
57122  5.811  -32.691  77.069 0.0000000000
57125  3.407  -33.268  76.709 0.0000000000
57128  4.474  -32.089  76.847 0.0000000000
57131  2.475  -33.494  75.888 0.0000000000
57137  3.118  -33.029  75.289 0.0000000000
57146  17.268  -33.304  72.267 0.0000000000
57147  17.489  -33.085  72.853 0.0000000000
57152  17.174  -33.458  71.647 0.0000000000
57154  4.741  -31.536  72.582 0.0000000000
57237  -2.862  -32.531  67.195 0.0000000000
57257  -2.013  -33.243  64.326 0.0000000000
57259  -2.866  -33.179  65.045 0.0000000000
57263  -1.856  -33.063  64.162 0.0000000000
57311  -2.309  -33.690  59.159 0.0000000000
58193  11.111  -31.958  76.565 0.0000000000
58200  4.800  -31.994  76.921 0.0000000000
58201  12.725  -31.661  76.183 0.0000000000
58204  10.143  -31.308  76.125 0.0000000000
58208  5.816  -31.781  76.044 0.0000000000
58210  3.528  -32.052  75.998 0.0000000000
58224  15.622  -32.031  73.573 0.0000000000
58226  14.609  -31.663  74.413 0.0000000000
58228  11.592  -31.385  74.786 0.0000000000
58239  12.413  -31.172  74.253 0.0000000000
58281  5.695  -31.571  71.858 0.0000000000
58343  -3.036  -31.794  68.087 0.0000000000
58422  -1.502  -31.029  63.223 0.0000000000
59306  11.671  -30.700  76.103 0.0000000000
59309  13.799  -31.087  75.163 0.0000000000
59311  12.311  -30.527  75.570 0.0000000000
59312  11.408  -30.984  75.371 0.0000000000
59313  10.924  -31.155  75.613 0.0000000000
59314  15.358  -31.538  73.572 0.0000000000
59319  11.884  -30.800  74.904 0.0000000000
59480  -1.343  -30.046  63.244 0.0000000000
59488  -1.329  -30.780  63.370 0.0000000000
59497  -2.273  -30.682  61.406 0.0000000000
59502  -2.360  -30.868  61.158 0.0000000000
59525  -2.471  -30.690  57.330 0.0000000000
60445  11.443  -30.431  75.680 0.0000000000
60446  11.333  -30.668  75.520 0.0000000000
60449  12.311  -30.234  75.186 0.0000000000
60450  12.002  -30.193  74.815 0.0000000000
60584  -1.141  -29.895  64.167 0.0000000000
61684  -1.592  -27.549  66.840 0.0000000000
62772  -1.722  -27.640  67.457 0.0000000000
62773  -1.558  -27.475  67.421 0.0000000000
62786  -1.493  -27.286  67.207 0.0000000000
62833  -1.457  -27.506  63.914 0.0000000000
63951  -1.929  -26.716  66.398 0.0000000000
63965  -1.517  -26.522  66.157 0.0000000000
63977  -1.325  -26.677  65.186 0.0000000000
63994  -1.806  -26.990  64.965 0.0000000000
65225  -1.116  -26.446  65.760 0.0000000000
65240  -1.309  -26.522  65.458 0.0000000000
65241  -1.690  -26.489  65.692 0.0000000000
65257  -0.943  -26.801  64.981 0.0000000000
138519  22.169  -39.212  68.836 0.0000000000
