#!ascii label  , from subject 3223 vox2ras=TkReg
852
81454  -55.246  29.807  20.768 0.0000000000
94960  -47.238  49.623  20.907 0.0000000000
87160  -52.312  36.507  26.249 0.0000000000
89269  -52.888  39.164  18.794 0.0000000000
94302  -50.950  48.581  14.584 0.0000000000
92452  -51.933  45.302  19.234 0.0000000000
91400  -53.754  43.406  14.258 0.0000000000
88713  -51.171  39.020  15.251 0.0000000000
78750  -48.799  26.500  24.165 0.0000000000
80532  -52.257  28.893  23.532 0.0000000000
97925  -42.775  54.804  20.971 0.0000000000
97442  -48.664  53.245  17.035 0.0000000000
96353  -49.555  51.510  10.253 0.0000000000
85460  -52.865  34.008  23.448 0.0000000000
91928  -50.397  44.771  23.946 0.0000000000
89258  -54.293  39.134  22.391 0.0000000000
85469  -53.313  34.532  20.042 0.0000000000
85476  -51.607  35.003  17.508 0.0000000000
85497  -49.555  35.075  15.692 0.0000000000
81466  -53.632  29.913  18.989 0.0000000000
93706  -51.510  47.225  12.370 0.0000000000
93058  -52.884  46.489  13.944 0.0000000000
91967  -52.262  44.330  12.146 0.0000000000
90366  -51.940  42.130  12.438 0.0000000000
79586  -51.034  27.830  23.777 0.0000000000
80530  -51.682  28.675  24.390 0.0000000000
96270  -39.623  51.066  18.103 0.0000000000
96879  -49.485  52.193  13.308 0.0000000000
84592  -51.484  33.651  23.525 0.0000000000
86310  -52.371  35.427  24.278 0.0000000000
96226  -47.860  51.406  23.832 0.0000000000
93613  -48.068  47.249  23.075 0.0000000000
90852  -53.487  42.460  17.888 0.0000000000
90842  -53.539  42.400  21.118 0.0000000000
89800  -54.320  40.087  20.050 0.0000000000
87201  -54.514  36.786  21.451 0.0000000000
88053  -53.404  37.510  19.559 0.0000000000
85472  -52.573  34.599  19.054 0.0000000000
88061  -52.388  37.460  17.786 0.0000000000
87234  -50.294  36.864  15.747 0.0000000000
95003  -47.986  49.062  16.703 0.0000000000
93654  -48.490  47.211  19.675 0.0000000000
93684  -51.342  46.854  16.608 0.0000000000
91956  -52.986  44.238  16.563 0.0000000000
90347  -53.233  41.754  16.451 0.0000000000
89278  -52.052  39.601  16.891 0.0000000000
89821  -52.549  41.189  14.367 0.0000000000
89294  -51.174  40.229  13.038 0.0000000000
78768  -47.753  26.585  22.127 0.0000000000
79600  -51.049  27.881  21.827 0.0000000000
80539  -54.025  28.975  22.227 0.0000000000
95635  -39.195  49.888  21.990 0.0000000000
97357  -42.703  53.610  23.217 0.0000000000
97915  -48.275  54.028  21.999 0.0000000000
96278  -49.542  51.964  19.226 0.0000000000
95674  -49.903  51.073  16.006 0.0000000000
95712  -51.065  49.878  12.813 0.0000000000
94316  -50.262  48.308  9.929 0.0000000000
95722  -50.029  50.077  7.954 0.0000000000
82235  -51.853  30.612  23.732 0.0000000000
82992  -53.339  31.560  24.251 0.0000000000
83802  -54.761  32.272  22.460 0.0000000000
90318  -53.348  40.882  25.325 0.0000000000
92445  -51.247  45.501  21.384 0.0000000000
90836  -53.361  42.194  22.953 0.0000000000
88671  -54.080  38.003  24.532 0.0000000000
86315  -53.936  35.875  22.989 0.0000000000
85463  -53.704  34.541  22.067 0.0000000000
83813  -54.858  32.573  20.649 0.0000000000
83819  -53.674  33.010  19.078 0.0000000000
84642  -52.942  33.088  17.051 0.0000000000
84648  -52.240  33.273  15.823 0.0000000000
87222  -51.705  36.631  16.566 0.0000000000
86342  -50.747  35.295  16.039 0.0000000000
85512  -51.151  34.157  14.540 0.0000000000
79612  -53.913  28.243  21.072 0.0000000000
80547  -53.611  29.203  19.638 0.0000000000
81459  -54.442  29.837  19.936 0.0000000000
93074  -51.304  46.247  10.946 0.0000000000
93071  -51.773  45.642  12.207 0.0000000000
92484  -51.639  44.910  11.221 0.0000000000
91415  -51.781  44.069  11.200 0.0000000000
87175  -51.887  36.213  25.103 0.0000000000
94952  -48.119  50.314  22.386 0.0000000000
89806  -53.333  40.499  18.156 0.0000000000
90342  -53.942  40.964  19.125 0.0000000000
89270  -53.597  39.912  18.892 0.0000000000
88686  -53.526  38.231  19.668 0.0000000000
88690  -53.054  38.198  19.297 0.0000000000
88058  -53.017  37.458  19.133 0.0000000000
89268  -52.600  38.625  18.485 0.0000000000
94298  -50.000  48.704  15.666 0.0000000000
93682  -49.202  48.348  16.871 0.0000000000
93693  -51.107  47.635  15.333 0.0000000000
92466  -53.473  45.073  14.326 0.0000000000
93047  -52.818  45.788  15.295 0.0000000000
91960  -53.485  44.240  14.759 0.0000000000
91396  -53.339  43.352  16.217 0.0000000000
90858  -53.513  42.557  14.814 0.0000000000
89818  -52.822  41.212  15.175 0.0000000000
90352  -53.076  41.757  14.443 0.0000000000
90358  -51.891  41.626  12.733 0.0000000000
78762  -51.780  28.127  23.530 0.0000000000
79592  -51.564  27.969  23.136 0.0000000000
79593  -52.259  28.371  23.011 0.0000000000
79602  -53.276  28.318  21.967 0.0000000000
80533  -53.130  29.136  22.781 0.0000000000
96263  -41.158  52.553  20.420 0.0000000000
96250  -40.583  51.683  21.571 0.0000000000
97371  -42.195  53.622  21.734 0.0000000000
97899  -45.567  54.424  23.363 0.0000000000
98422  -45.602  54.890  21.726 0.0000000000
97425  -48.679  53.476  18.598 0.0000000000
97420  -49.331  53.452  20.031 0.0000000000
96838  -49.479  52.662  17.697 0.0000000000
95664  -49.539  51.172  17.876 0.0000000000
96845  -49.249  52.702  16.489 0.0000000000
96894  -49.571  51.922  12.255 0.0000000000
96880  -50.131  51.544  13.356 0.0000000000
96351  -50.274  50.741  11.667 0.0000000000
95027  -50.465  49.071  11.356 0.0000000000
95717  -50.225  50.002  10.094 0.0000000000
95032  -50.150  49.163  9.492 0.0000000000
95719  -50.105  50.043  9.015 0.0000000000
85441  -44.901  34.018  24.724 0.0000000000
83780  -44.993  32.272  24.822 0.0000000000
82989  -47.080  31.770  23.958 0.0000000000
82241  -49.535  31.006  23.528 0.0000000000
83792  -49.658  32.476  22.962 0.0000000000
84593  -52.230  33.849  23.857 0.0000000000
83786  -52.921  32.689  23.967 0.0000000000
83787  -53.705  32.494  24.316 0.0000000000
83002  -54.158  31.398  23.934 0.0000000000
84603  -54.156  32.756  23.945 0.0000000000
91920  -50.248  44.542  24.945 0.0000000000
90823  -52.572  42.255  26.385 0.0000000000
91355  -52.866  42.231  25.158 0.0000000000
93029  -50.777  46.408  19.296 0.0000000000
93024  -50.017  46.633  20.572 0.0000000000
92448  -51.735  45.450  20.257 0.0000000000
90333  -54.236  40.973  21.418 0.0000000000
90839  -53.403  42.387  22.048 0.0000000000
90331  -53.981  41.099  22.544 0.0000000000
89790  -53.841  39.811  23.983 0.0000000000
89255  -54.020  39.009  23.373 0.0000000000
87196  -53.990  36.665  23.483 0.0000000000
88677  -54.486  37.862  22.539 0.0000000000
86320  -54.006  35.142  20.781 0.0000000000
85464  -54.099  35.058  21.407 0.0000000000
85466  -53.782  34.573  20.987 0.0000000000
84618  -54.392  33.292  21.124 0.0000000000
84625  -54.186  33.183  20.257 0.0000000000
83820  -54.341  32.284  19.530 0.0000000000
84624  -53.291  33.490  19.612 0.0000000000
85477  -51.950  34.555  18.002 0.0000000000
84629  -52.364  33.668  18.405 0.0000000000
84635  -52.172  33.622  17.572 0.0000000000
84641  -52.202  33.422  16.723 0.0000000000
84634  -51.786  33.900  17.068 0.0000000000
89277  -51.671  39.232  16.321 0.0000000000
88697  -51.895  38.473  16.700 0.0000000000
88706  -51.463  38.547  16.013 0.0000000000
86355  -50.300  35.791  15.812 0.0000000000
86356  -50.770  36.258  15.828 0.0000000000
85498  -50.154  34.921  15.691 0.0000000000
85499  -51.077  34.390  15.224 0.0000000000
85511  -50.430  34.423  14.906 0.0000000000
85525  -50.053  34.214  14.306 0.0000000000
79609  -50.129  27.722  20.229 0.0000000000
82274  -53.664  30.725  17.696 0.0000000000
93703  -51.463  47.680  13.274 0.0000000000
93699  -52.207  47.187  14.639 0.0000000000
93704  -52.195  47.258  13.594 0.0000000000
92468  -52.900  45.662  13.286 0.0000000000
91965  -52.988  44.382  12.993 0.0000000000
90863  -52.872  42.693  12.863 0.0000000000
90867  -52.465  43.362  12.392 0.0000000000
78751  -50.106  27.270  24.336 0.0000000000
78747  -51.337  27.913  24.673 0.0000000000
81436  -52.225  29.245  23.831 0.0000000000
97923  -41.178  54.083  19.351 0.0000000000
96852  -48.414  52.843  15.448 0.0000000000
96906  -49.207  52.136  10.835 0.0000000000
96356  -49.303  51.552  9.114 0.0000000000
84590  -49.691  33.787  23.701 0.0000000000
84583  -51.921  34.339  24.450 0.0000000000
85457  -52.612  34.542  23.877 0.0000000000
92998  -49.449  46.134  23.165 0.0000000000
91390  -52.786  44.064  18.589 0.0000000000
91383  -52.644  43.830  20.013 0.0000000000
90846  -53.701  42.304  20.048 0.0000000000
90335  -54.262  40.893  20.499 0.0000000000
89798  -54.577  40.108  20.955 0.0000000000
88046  -54.602  37.645  21.424 0.0000000000
88687  -54.140  38.335  20.197 0.0000000000
88054  -53.956  37.522  19.997 0.0000000000
86327  -53.514  36.415  19.723 0.0000000000
87212  -52.939  36.634  18.916 0.0000000000
86333  -52.648  35.722  18.634 0.0000000000
86332  -52.138  35.674  17.815 0.0000000000
88075  -50.608  37.637  15.662 0.0000000000
87152  -52.621  36.669  27.309 0.0000000000
94972  -46.997  48.914  18.615 0.0000000000
93641  -46.347  47.641  20.088 0.0000000000
93663  -47.510  47.754  18.195 0.0000000000
93675  -50.486  46.960  17.808 0.0000000000
93034  -51.281  46.291  18.018 0.0000000000
93694  -52.072  46.873  15.647 0.0000000000
93041  -52.021  46.054  16.743 0.0000000000
91952  -52.392  44.648  17.813 0.0000000000
91394  -53.235  43.359  17.235 0.0000000000
90345  -53.408  41.593  17.486 0.0000000000
89810  -52.986  40.910  17.076 0.0000000000
89275  -52.725  39.918  17.581 0.0000000000
89279  -52.571  40.472  16.632 0.0000000000
89813  -52.016  40.261  16.184 0.0000000000
89820  -51.830  40.497  14.882 0.0000000000
90355  -52.528  41.583  13.521 0.0000000000
89824  -51.912  40.969  13.592 0.0000000000
78760  -49.908  27.381  23.270 0.0000000000
79598  -49.200  27.314  21.652 0.0000000000
79599  -50.031  27.605  21.637 0.0000000000
79601  -52.177  27.979  21.957 0.0000000000
79603  -54.009  28.568  21.685 0.0000000000
80541  -54.559  29.080  21.373 0.0000000000
96223  -40.389  51.363  23.750 0.0000000000
95628  -39.974  50.831  22.221 0.0000000000
97347  -42.866  53.489  24.558 0.0000000000
97891  -45.879  54.116  24.333 0.0000000000
97360  -48.045  53.103  23.218 0.0000000000
95642  -48.886  51.180  21.657 0.0000000000
98432  -46.064  55.210  20.923 0.0000000000
98434  -48.166  55.013  21.218 0.0000000000
96271  -49.545  52.236  20.930 0.0000000000
95651  -48.791  50.528  19.746 0.0000000000
94984  -48.676  50.046  18.510 0.0000000000
95005  -49.565  50.202  16.439 0.0000000000
95012  -50.456  49.877  15.269 0.0000000000
96854  -49.790  51.903  14.860 0.0000000000
95698  -51.218  50.661  14.242 0.0000000000
95017  -51.321  49.617  14.344 0.0000000000
94307  -50.916  48.499  12.647 0.0000000000
94313  -50.837  47.518  10.948 0.0000000000
93715  -50.261  47.476  9.413 0.0000000000
94324  -50.045  48.226  7.866 0.0000000000
95721  -49.479  50.767  7.479 0.0000000000
81430  -52.062  29.720  23.946 0.0000000000
81431  -52.713  30.201  23.942 0.0000000000
83794  -51.331  32.781  22.696 0.0000000000
82991  -52.435  31.680  23.901 0.0000000000
82237  -53.182  30.593  24.082 0.0000000000
82245  -54.273  30.677  23.118 0.0000000000
82249  -54.771  30.836  22.343 0.0000000000
82251  -56.048  30.852  21.608 0.0000000000
87162  -53.781  37.232  26.554 0.0000000000
93643  -48.713  46.848  21.039 0.0000000000
93013  -49.560  46.423  21.970 0.0000000000
91935  -51.204  44.727  22.528 0.0000000000
91379  -52.531  43.741  20.977 0.0000000000
91376  -52.383  43.646  21.967 0.0000000000
91372  -52.137  43.609  23.098 0.0000000000
90323  -53.434  41.228  24.260 0.0000000000
89248  -53.650  39.043  25.427 0.0000000000
87177  -53.626  37.004  25.655 0.0000000000
87192  -53.474  36.623  24.442 0.0000000000
86311  -52.948  35.590  23.872 0.0000000000
86314  -53.464  35.239  23.353 0.0000000000
87199  -54.495  37.197  22.016 0.0000000000
86317  -53.786  35.063  22.748 0.0000000000
84607  -53.620  33.593  22.586 0.0000000000
84612  -54.366  33.162  22.121 0.0000000000
83807  -54.933  32.574  21.529 0.0000000000
83024  -56.041  30.927  20.152 0.0000000000
83022  -54.876  31.229  19.589 0.0000000000
83031  -54.432  31.255  18.707 0.0000000000
83828  -53.950  31.691  17.804 0.0000000000
84630  -53.083  33.292  18.772 0.0000000000
84636  -53.036  33.172  17.953 0.0000000000
83042  -53.439  31.582  16.642 0.0000000000
83833  -53.182  32.395  16.452 0.0000000000
83836  -52.882  32.583  15.539 0.0000000000
88698  -52.227  38.369  17.435 0.0000000000
88066  -52.141  37.595  17.045 0.0000000000
87215  -52.013  36.182  16.969 0.0000000000
87235  -51.038  36.765  15.956 0.0000000000
86343  -51.156  35.683  16.240 0.0000000000
85482  -51.485  34.644  17.024 0.0000000000
85490  -51.068  34.707  16.015 0.0000000000
84647  -51.543  33.779  15.568 0.0000000000
80544  -54.454  29.046  20.493 0.0000000000
79620  -53.176  28.370  19.975 0.0000000000
81460  -55.022  30.043  20.403 0.0000000000
92483  -51.360  45.307  10.541 0.0000000000
94951  -47.309  49.604  21.944 0.0000000000
94241  -46.783  48.902  22.318 0.0000000000
94950  -46.576  48.898  21.421 0.0000000000
89807  -53.761  40.607  18.781 0.0000000000
89264  -53.165  38.700  19.431 0.0000000000
88689  -52.777  38.164  18.787 0.0000000000
94301  -50.506  48.973  14.986 0.0000000000
93692  -50.492  48.163  15.663 0.0000000000
94299  -50.628  48.412  15.229 0.0000000000
91962  -53.599  44.303  13.812 0.0000000000
91398  -53.521  43.364  15.237 0.0000000000
90860  -53.442  42.590  13.811 0.0000000000
79594  -52.976  28.649  22.448 0.0000000000
97390  -41.636  53.431  20.416 0.0000000000
96796  -41.416  52.721  20.998 0.0000000000
97909  -42.597  54.214  21.549 0.0000000000
97910  -43.243  54.545  22.153 0.0000000000
98420  -44.159  55.029  21.684 0.0000000000
97433  -48.279  53.524  17.740 0.0000000000
97434  -49.140  53.191  18.188 0.0000000000
97443  -49.062  53.133  17.425 0.0000000000
96350  -49.835  51.428  11.508 0.0000000000
96339  -49.857  51.523  12.141 0.0000000000
96354  -50.102  50.772  10.724 0.0000000000
95715  -50.477  49.934  11.234 0.0000000000
96357  -49.869  50.813  9.622 0.0000000000
86296  -45.100  34.660  24.634 0.0000000000
85450  -45.548  33.881  24.545 0.0000000000
83782  -46.597  32.622  24.193 0.0000000000
83783  -47.628  32.816  23.790 0.0000000000
83790  -48.194  32.300  23.388 0.0000000000
84601  -52.885  33.520  23.766 0.0000000000
83795  -53.346  33.026  24.119 0.0000000000
84594  -53.922  32.896  24.266 0.0000000000
84602  -53.533  33.310  23.649 0.0000000000
92431  -49.698  45.276  24.486 0.0000000000
91921  -51.024  44.197  24.441 0.0000000000
91353  -51.581  43.473  24.898 0.0000000000
93027  -51.665  45.857  19.204 0.0000000000
93026  -51.319  46.046  19.710 0.0000000000
89796  -54.392  40.108  21.960 0.0000000000
89793  -54.194  40.007  23.001 0.0000000000
88676  -54.415  38.153  22.750 0.0000000000
86323  -53.774  35.286  20.348 0.0000000000
84617  -53.594  33.729  20.660 0.0000000000
86331  -51.767  35.209  17.645 0.0000000000
85483  -51.789  34.153  17.441 0.0000000000
89282  -51.497  39.630  15.570 0.0000000000
86354  -49.137  35.652  15.797 0.0000000000
85510  -49.355  34.873  15.288 0.0000000000
79610  -51.466  27.966  20.673 0.0000000000
82275  -53.972  30.579  18.450 0.0000000000
93707  -51.971  47.237  12.944 0.0000000000
92471  -52.328  45.065  12.690 0.0000000000
92472  -52.830  45.024  13.161 0.0000000000
91964  -52.543  44.429  12.580 0.0000000000
91404  -52.907  43.626  12.635 0.0000000000
91406  -51.546  43.197  11.614 0.0000000000
78746  -50.835  27.506  25.270 0.0000000000
79588  -51.721  28.238  24.054 0.0000000000
97405  -40.939  53.109  19.138 0.0000000000
96905  -48.505  52.464  11.260 0.0000000000
96916  -48.372  52.494  10.105 0.0000000000
96915  -47.484  52.453  10.452 0.0000000000
86302  -51.870  35.460  24.606 0.0000000000
85447  -51.626  34.778  24.695 0.0000000000
85448  -52.145  34.722  24.381 0.0000000000
97350  -46.937  52.829  24.468 0.0000000000
93004  -48.681  46.869  22.843 0.0000000000
91391  -53.124  43.489  18.378 0.0000000000
91388  -53.166  43.191  19.504 0.0000000000
90849  -53.571  42.416  18.941 0.0000000000
90339  -54.104  40.887  19.730 0.0000000000
89262  -54.320  39.218  20.527 0.0000000000
87207  -53.684  36.863  19.865 0.0000000000
86326  -53.272  35.759  19.507 0.0000000000
87206  -53.319  36.792  19.448 0.0000000000
88057  -52.705  37.416  18.532 0.0000000000
87211  -52.529  36.591  18.166 0.0000000000
94982  -47.155  48.931  18.120 0.0000000000
94281  -46.776  48.317  18.304 0.0000000000
93672  -47.840  48.085  17.251 0.0000000000
93683  -50.218  47.877  16.498 0.0000000000
93674  -49.432  47.825  17.753 0.0000000000
93676  -51.148  46.564  17.402 0.0000000000
93052  -52.607  46.377  14.993 0.0000000000
92461  -52.926  44.667  15.937 0.0000000000
92463  -52.648  45.509  15.641 0.0000000000
92460  -52.486  45.157  16.253 0.0000000000
92457  -52.115  45.266  17.270 0.0000000000
91955  -52.524  44.665  17.073 0.0000000000
91953  -52.889  44.130  17.548 0.0000000000
90856  -53.440  42.544  15.820 0.0000000000
90854  -53.399  42.499  16.840 0.0000000000
89814  -52.873  41.156  16.094 0.0000000000
89284  -52.572  40.808  15.920 0.0000000000
89817  -52.299  40.702  15.510 0.0000000000
89816  -51.830  40.273  15.722 0.0000000000
90862  -52.438  42.554  12.665 0.0000000000
90360  -52.735  42.085  13.150 0.0000000000
90359  -52.367  42.126  12.821 0.0000000000
78752  -51.211  27.848  24.273 0.0000000000
79591  -50.561  27.642  22.988 0.0000000000
81449  -54.506  29.521  21.779 0.0000000000
95626  -38.539  49.864  23.325 0.0000000000
95625  -37.757  50.026  24.040 0.0000000000
96222  -39.911  51.039  24.311 0.0000000000
95627  -39.366  50.383  23.075 0.0000000000
96274  -38.392  49.482  18.876 0.0000000000
113006  -39.517  50.067  19.492 0.0000000000
96783  -41.494  52.598  22.005 0.0000000000
96774  -41.553  52.537  23.143 0.0000000000
96224  -40.956  52.080  23.539 0.0000000000
96775  -42.158  53.014  23.832 0.0000000000
97881  -44.307  54.285  24.717 0.0000000000
97348  -43.489  53.999  24.127 0.0000000000
97914  -47.072  54.176  22.410 0.0000000000
97901  -47.396  53.502  23.207 0.0000000000
97902  -48.076  53.454  22.760 0.0000000000
96252  -48.655  52.155  22.656 0.0000000000
96253  -49.020  52.393  22.205 0.0000000000
98433  -47.122  55.161  21.076 0.0000000000
98446  -48.421  55.103  20.438 0.0000000000
96831  -49.532  52.762  19.591 0.0000000000
96826  -49.652  52.892  20.462 0.0000000000
96275  -49.535  52.124  20.139 0.0000000000
95648  -49.289  51.533  20.763 0.0000000000
95652  -49.270  51.285  19.902 0.0000000000
95657  -48.785  50.335  19.165 0.0000000000
95658  -49.261  50.953  18.878 0.0000000000
95673  -49.684  51.134  16.933 0.0000000000
95006  -49.991  50.570  15.680 0.0000000000
95685  -50.231  50.897  15.281 0.0000000000
96865  -48.539  52.657  14.423 0.0000000000
96853  -49.266  52.507  15.186 0.0000000000
96866  -49.418  52.392  14.221 0.0000000000
96341  -50.792  50.563  12.978 0.0000000000
96868  -50.639  51.642  13.836 0.0000000000
95704  -51.325  50.271  13.517 0.0000000000
95020  -51.133  49.380  13.341 0.0000000000
95024  -50.899  49.289  12.784 0.0000000000
95029  -50.297  49.138  10.517 0.0000000000
94312  -50.496  48.279  10.948 0.0000000000
93711  -50.538  47.539  10.246 0.0000000000
95035  -50.072  49.173  8.437 0.0000000000
94319  -50.116  48.251  8.935 0.0000000000
95037  -50.033  49.229  7.350 0.0000000000
96359  -49.613  50.808  8.532 0.0000000000
81428  -49.810  30.161  24.442 0.0000000000
82243  -51.029  30.602  23.468 0.0000000000
84591  -50.608  33.865  23.641 0.0000000000
84606  -50.829  33.276  22.294 0.0000000000
84600  -51.013  33.446  22.719 0.0000000000
83001  -53.698  30.977  24.180 0.0000000000
82244  -53.695  30.552  23.701 0.0000000000
83005  -54.606  31.475  22.947 0.0000000000
82250  -55.514  30.774  21.824 0.0000000000
83006  -55.170  31.489  22.126 0.0000000000
90824  -53.052  41.899  25.801 0.0000000000
88643  -53.757  38.352  26.779 0.0000000000
93642  -47.375  47.233  20.466 0.0000000000
93015  -50.827  46.031  21.291 0.0000000000
93020  -49.703  46.570  21.222 0.0000000000
92444  -50.763  45.793  21.676 0.0000000000
92439  -50.610  45.453  22.269 0.0000000000
92440  -51.122  45.094  21.963 0.0000000000
91384  -53.131  43.118  20.535 0.0000000000
91377  -52.940  43.027  22.542 0.0000000000
91373  -52.854  42.800  23.557 0.0000000000
90833  -53.287  42.058  23.930 0.0000000000
89252  -53.841  38.843  24.468 0.0000000000
88664  -53.922  38.247  25.257 0.0000000000
88037  -53.913  37.490  24.995 0.0000000000
86312  -53.528  36.031  23.597 0.0000000000
87202  -54.547  37.311  21.700 0.0000000000
86318  -54.154  35.651  22.030 0.0000000000
85461  -53.217  34.327  22.986 0.0000000000
83808  -55.848  32.511  21.056 0.0000000000
83809  -56.248  31.884  20.785 0.0000000000
83814  -55.610  31.984  20.285 0.0000000000
83023  -55.533  31.208  20.012 0.0000000000
83821  -55.002  31.636  20.007 0.0000000000
83825  -54.023  31.905  18.347 0.0000000000
83037  -54.140  31.403  18.032 0.0000000000
84623  -52.540  33.737  19.009 0.0000000000
83827  -53.560  32.223  17.507 0.0000000000
84649  -52.818  33.068  16.273 0.0000000000
83835  -52.567  33.017  15.225 0.0000000000
89274  -52.374  38.995  17.970 0.0000000000
88065  -51.803  37.630  16.498 0.0000000000
87223  -52.002  37.104  16.806 0.0000000000
87216  -52.177  36.640  17.267 0.0000000000
84654  -51.544  33.679  14.754 0.0000000000
79611  -52.812  27.792  20.894 0.0000000000
79627  -52.667  29.023  19.255 0.0000000000
93709  -51.244  47.049  11.373 0.0000000000
93064  -51.819  46.713  12.326 0.0000000000
93070  -51.563  46.402  11.946 0.0000000000
92476  -51.543  45.558  11.453 0.0000000000
92477  -51.854  44.942  11.875 0.0000000000
91975  -51.858  44.388  11.493 0.0000000000
91974  -51.600  44.466  10.852 0.0000000000
86301  -51.281  35.488  24.893 0.0000000000
87190  -52.137  35.899  24.540 0.0000000000
95629  -48.132  51.037  23.548 0.0000000000
94942  -47.372  49.494  23.099 0.0000000000
93600  -46.827  47.737  22.818 0.0000000000
90341  -53.766  41.450  18.504 0.0000000000
89803  -54.015  40.248  19.306 0.0000000000
89265  -53.684  39.225  19.634 0.0000000000
88694  -52.525  38.170  18.193 0.0000000000
95010  -48.877  49.048  16.237 0.0000000000
93681  -48.459  48.367  17.033 0.0000000000
94293  -49.568  48.426  16.323 0.0000000000
93059  -53.317  45.686  13.910 0.0000000000
93053  -53.148  45.806  14.640 0.0000000000
92464  -53.050  45.069  15.310 0.0000000000
91958  -53.197  44.153  15.654 0.0000000000
90349  -53.190  41.817  15.447 0.0000000000
89822  -52.850  41.358  14.645 0.0000000000
78759  -48.983  27.067  22.978 0.0000000000
78761  -51.658  28.022  23.732 0.0000000000
79587  -51.444  27.954  23.798 0.0000000000
80538  -53.382  28.738  22.355 0.0000000000
80534  -53.875  29.461  22.658 0.0000000000
94941  -38.239  49.275  22.094 0.0000000000
96262  -40.835  52.108  20.278 0.0000000000
96261  -40.217  51.007  20.275 0.0000000000
96251  -41.058  52.309  21.313 0.0000000000
96784  -42.005  53.025  22.582 0.0000000000
97358  -43.368  54.190  23.113 0.0000000000
97897  -43.869  54.565  22.903 0.0000000000
97912  -45.132  54.737  22.471 0.0000000000
97964  -47.974  53.905  18.790 0.0000000000
98459  -48.765  54.467  20.125 0.0000000000
97426  -49.123  53.287  19.113 0.0000000000
96833  -49.502  52.668  18.655 0.0000000000
96281  -49.610  51.910  18.264 0.0000000000
96284  -49.684  51.939  17.266 0.0000000000
96285  -49.724  51.776  16.298 0.0000000000
96895  -49.940  51.533  12.792 0.0000000000
96340  -50.210  51.209  12.602 0.0000000000
95711  -50.658  50.297  12.235 0.0000000000
95023  -50.692  49.318  12.168 0.0000000000
86306  -44.441  35.738  24.625 0.0000000000
86294  -43.741  35.096  25.727 0.0000000000
85440  -44.198  34.016  25.411 0.0000000000
84580  -44.455  33.079  24.991 0.0000000000
82233  -49.185  30.568  24.081 0.0000000000
82240  -48.826  31.064  23.570 0.0000000000
82998  -49.194  31.691  23.206 0.0000000000
83000  -50.825  31.653  23.071 0.0000000000
83785  -52.108  32.709  23.517 0.0000000000
82993  -53.925  31.887  24.394 0.0000000000
83788  -54.172  32.231  24.198 0.0000000000
83797  -54.429  32.202  23.505 0.0000000000
91914  -50.955  44.017  25.465 0.0000000000
91354  -52.340  42.660  25.445 0.0000000000
93656  -50.344  46.627  19.568 0.0000000000
93655  -49.690  46.823  19.922 0.0000000000
93025  -50.557  46.452  20.086 0.0000000000
93022  -51.109  46.063  20.630 0.0000000000
91943  -51.738  44.929  21.043 0.0000000000
90843  -54.119  41.728  20.818 0.0000000000
90840  -53.998  41.836  21.748 0.0000000000
90837  -53.753  41.881  22.431 0.0000000000
90330  -53.698  41.687  22.819 0.0000000000
90327  -53.761  40.674  23.602 0.0000000000
88673  -54.196  38.123  23.750 0.0000000000
88041  -54.106  37.365  24.091 0.0000000000
88043  -54.324  37.419  23.196 0.0000000000
87198  -54.328  36.720  22.528 0.0000000000
86321  -54.210  35.711  20.910 0.0000000000
84611  -53.688  33.735  21.619 0.0000000000
85478  -52.244  35.141  18.429 0.0000000000
85471  -52.200  34.081  18.705 0.0000000000
84640  -51.632  33.884  16.406 0.0000000000
85489  -50.536  35.118  15.982 0.0000000000
85526  -50.843  34.253  14.132 0.0000000000
94304  -51.193  48.578  13.748 0.0000000000
93698  -51.551  47.824  14.200 0.0000000000
93065  -52.134  46.422  12.802 0.0000000000
92469  -53.249  45.042  13.553 0.0000000000
91402  -53.416  43.478  13.314 0.0000000000
90866  -51.981  42.788  12.360 0.0000000000
91407  -51.969  43.740  11.802 0.0000000000
78753  -51.642  28.068  23.928 0.0000000000
96812  -40.943  52.841  19.509 0.0000000000
96825  -41.180  52.867  19.589 0.0000000000
97924  -42.022  54.110  20.352 0.0000000000
96844  -48.141  53.121  16.435 0.0000000000
96893  -48.605  52.474  12.413 0.0000000000
96917  -49.021  52.244  9.653 0.0000000000
84582  -51.533  34.148  24.379 0.0000000000
92430  -49.168  45.914  24.096 0.0000000000
92436  -49.909  45.585  23.393 0.0000000000
91948  -52.375  44.541  18.661 0.0000000000
91946  -52.279  44.513  19.545 0.0000000000
91387  -52.753  43.952  19.115 0.0000000000
90338  -54.007  41.623  19.377 0.0000000000
90847  -54.096  41.514  20.086 0.0000000000
89260  -54.482  39.210  21.441 0.0000000000
88680  -54.511  38.285  21.887 0.0000000000
88684  -54.546  38.367  20.979 0.0000000000
88050  -54.454  37.547  20.684 0.0000000000
87204  -54.179  36.749  20.459 0.0000000000
86324  -53.822  36.136  20.090 0.0000000000
88705  -50.951  38.343  15.525 0.0000000000
88704  -50.340  38.321  15.188 0.0000000000
87233  -49.288  36.803  15.706 0.0000000000
94967  -47.336  49.573  19.919 0.0000000000
94959  -46.571  48.901  20.385 0.0000000000
94264  -46.161  48.193  19.797 0.0000000000
93653  -47.354  47.451  19.272 0.0000000000
93664  -48.417  47.580  18.543 0.0000000000
93673  -48.424  48.001  17.607 0.0000000000
93665  -49.487  47.255  18.796 0.0000000000
93033  -50.820  46.484  18.583 0.0000000000
93030  -51.290  46.132  18.885 0.0000000000
93031  -51.759  45.867  18.549 0.0000000000
93046  -52.375  46.039  15.814 0.0000000000
93685  -51.971  46.474  16.199 0.0000000000
93040  -51.524  46.301  17.274 0.0000000000
93035  -51.851  45.901  17.686 0.0000000000
92454  -51.987  45.250  18.193 0.0000000000
91949  -52.739  44.187  18.197 0.0000000000
89283  -52.300  40.426  16.258 0.0000000000
89812  -51.761  39.843  16.192 0.0000000000
90356  -52.992  42.005  13.566 0.0000000000
90354  -52.201  41.575  13.145 0.0000000000
89825  -52.358  41.236  13.807 0.0000000000
79590  -49.780  27.437  22.562 0.0000000000
78769  -48.436  26.991  21.550 0.0000000000
79607  -48.559  27.186  20.606 0.0000000000
79608  -49.158  27.478  20.249 0.0000000000
80545  -54.838  29.341  20.941 0.0000000000
113008  -39.494  50.036  20.744 0.0000000000
113005  -39.626  50.327  21.569 0.0000000000
96765  -41.604  52.466  24.294 0.0000000000
97338  -43.647  53.915  25.262 0.0000000000
97882  -45.218  54.202  25.103 0.0000000000
97893  -47.055  53.137  23.895 0.0000000000
97890  -44.976  54.418  24.105 0.0000000000
97359  -47.462  52.917  23.741 0.0000000000
96785  -47.814  52.494  23.479 0.0000000000
95636  -48.448  51.252  22.740 0.0000000000
94961  -48.123  50.218  21.335 0.0000000000
98430  -43.747  55.142  21.084 0.0000000000
98424  -47.487  54.634  21.703 0.0000000000
97916  -48.939  53.845  21.645 0.0000000000
97941  -49.084  54.132  20.427 0.0000000000
97407  -49.560  53.631  20.824 0.0000000000
97391  -49.304  53.554  21.475 0.0000000000
95643  -49.290  51.770  21.257 0.0000000000
95647  -48.832  50.739  20.646 0.0000000000
94968  -48.090  50.105  20.346 0.0000000000
94974  -48.203  50.025  19.452 0.0000000000
94973  -47.539  49.561  18.984 0.0000000000
94995  -48.632  49.755  17.415 0.0000000000
94985  -49.238  50.643  18.229 0.0000000000
94996  -49.302  50.468  17.595 0.0000000000
95004  -48.597  49.292  16.583 0.0000000000
95011  -49.460  49.298  16.050 0.0000000000
95016  -50.837  49.284  14.751 0.0000000000
96846  -49.624  52.058  15.655 0.0000000000
96292  -49.897  51.470  15.338 0.0000000000
96867  -50.210  51.866  14.098 0.0000000000
96308  -50.255  51.544  14.645 0.0000000000
96293  -50.363  51.263  14.803 0.0000000000
95686  -50.739  50.774  14.768 0.0000000000
94309  -50.644  48.632  11.856 0.0000000000
94310  -50.869  47.827  11.709 0.0000000000
93712  -50.988  46.921  10.503 0.0000000000
93719  -50.108  47.151  8.498 0.0000000000
80529  -51.498  29.100  24.433 0.0000000000
81434  -50.075  30.379  23.921 0.0000000000
81429  -50.927  29.572  24.344 0.0000000000
81437  -52.893  29.774  23.606 0.0000000000
84598  -49.261  33.143  23.258 0.0000000000
83793  -50.564  32.613  22.614 0.0000000000
82990  -51.590  31.698  23.511 0.0000000000
82236  -52.611  30.742  24.009 0.0000000000
81438  -53.729  29.929  23.058 0.0000000000
81443  -54.349  30.005  22.262 0.0000000000
81444  -54.918  30.469  21.849 0.0000000000
81450  -55.264  29.975  21.461 0.0000000000
81455  -56.030  29.863  21.035 0.0000000000
87153  -53.554  37.110  27.489 0.0000000000
87161  -53.228  36.722  26.484 0.0000000000
93626  -46.380  47.547  21.133 0.0000000000
93628  -48.221  47.075  22.207 0.0000000000
93644  -49.538  46.713  20.684 0.0000000000
93019  -49.246  46.646  21.574 0.0000000000
93012  -48.963  46.718  22.055 0.0000000000
93006  -49.862  46.040  22.542 0.0000000000
91934  -50.621  44.947  23.095 0.0000000000
92449  -52.004  44.960  19.862 0.0000000000
91944  -52.123  44.535  20.438 0.0000000000
91940  -52.027  44.322  21.410 0.0000000000
91380  -53.049  43.109  21.540 0.0000000000
91939  -51.507  44.783  21.751 0.0000000000
91936  -51.829  44.235  22.286 0.0000000000
91930  -51.625  44.226  22.951 0.0000000000
91362  -51.654  43.828  23.917 0.0000000000
91363  -52.232  43.131  24.234 0.0000000000
91364  -52.815  42.470  24.527 0.0000000000
90324  -53.539  40.433  24.526 0.0000000000
89787  -53.595  39.768  24.936 0.0000000000
89779  -53.518  39.695  25.615 0.0000000000
88024  -53.879  37.702  25.887 0.0000000000
87176  -52.901  36.522  25.412 0.0000000000
87191  -52.594  36.123  24.536 0.0000000000
85458  -53.061  34.708  23.579 0.0000000000
88681  -54.518  37.897  22.304 0.0000000000
84608  -54.292  33.002  23.138 0.0000000000
83803  -55.613  32.130  21.774 0.0000000000
83007  -55.981  31.473  21.829 0.0000000000
83011  -56.258  31.313  21.260 0.0000000000
82262  -55.514  30.062  20.335 0.0000000000
82269  -55.179  30.482  20.073 0.0000000000
82268  -54.436  30.524  19.302 0.0000000000
83030  -54.172  30.980  17.992 0.0000000000
83824  -53.660  32.668  18.517 0.0000000000
83036  -53.867  31.297  17.437 0.0000000000
83045  -53.124  31.801  15.815 0.0000000000
86338  -52.091  35.989  17.241 0.0000000000
86337  -51.711  35.606  17.126 0.0000000000
88076  -51.296  37.581  16.047 0.0000000000
80542  -54.933  29.572  21.141 0.0000000000
81427  -49.141  30.292  24.574 0.0000000000
81435  -50.427  30.209  23.875 0.0000000000
81451  -56.076  30.010  21.413 0.0000000000
81453  -54.765  29.694  20.466 0.0000000000
82232  -48.430  30.711  24.033 0.0000000000
82234  -49.775  30.536  23.887 0.0000000000
82239  -48.194  31.107  23.564 0.0000000000
82242  -50.259  30.816  23.535 0.0000000000
82256  -55.998  30.310  21.629 0.0000000000
82257  -56.236  30.473  21.161 0.0000000000
82263  -56.029  30.252  20.374 0.0000000000
82270  -55.803  30.664  20.061 0.0000000000
82996  -47.814  31.710  23.546 0.0000000000
82997  -48.483  31.679  23.327 0.0000000000
82999  -50.006  31.690  23.125 0.0000000000
83015  -56.039  31.452  20.169 0.0000000000
83016  -56.234  31.142  20.590 0.0000000000
83791  -48.805  32.468  23.192 0.0000000000
83796  -53.652  32.969  24.239 0.0000000000
83800  -50.950  33.040  22.047 0.0000000000
83801  -51.121  33.239  22.246 0.0000000000
83804  -56.207  31.974  21.410 0.0000000000
83815  -56.135  31.673  20.408 0.0000000000
84585  -45.273  33.176  24.643 0.0000000000
84586  -46.034  33.356  24.456 0.0000000000
84595  -54.083  32.624  24.352 0.0000000000
84597  -48.726  33.064  23.353 0.0000000000
84599  -50.277  33.245  22.863 0.0000000000
84605  -50.642  33.103  22.274 0.0000000000
85442  -45.443  34.449  24.608 0.0000000000
85467  -54.114  35.080  20.998 0.0000000000
86295  -44.644  34.823  24.943 0.0000000000
87154  -53.825  37.490  26.997 0.0000000000
88012  -53.840  37.850  26.603 0.0000000000
88044  -54.467  37.553  22.473 0.0000000000
88047  -54.536  37.640  21.962 0.0000000000
88655  -53.654  38.855  26.638 0.0000000000
89786  -53.457  40.155  25.425 0.0000000000
90319  -53.458  40.305  25.069 0.0000000000
90326  -53.597  41.499  23.350 0.0000000000
90351  -52.839  41.594  13.935 0.0000000000
90829  -53.159  41.817  24.841 0.0000000000
91371  -51.684  44.056  23.367 0.0000000000
91408  -52.483  43.825  12.275 0.0000000000
91929  -51.175  44.395  23.459 0.0000000000
91968  -52.664  44.094  12.492 0.0000000000
92435  -49.332  46.038  23.563 0.0000000000
92451  -51.711  45.710  19.604 0.0000000000
92996  -48.496  47.026  23.362 0.0000000000
93005  -49.256  46.464  22.701 0.0000000000
93014  -50.282  46.136  21.721 0.0000000000
93021  -50.455  46.372  20.929 0.0000000000
93611  -46.690  47.618  22.155 0.0000000000
93612  -47.392  47.412  22.586 0.0000000000
93625  -45.984  47.789  20.533 0.0000000000
93640  -45.993  47.654  20.296 0.0000000000
93652  -46.624  47.855  18.862 0.0000000000
93662  -47.042  48.022  17.908 0.0000000000
93666  -50.267  46.742  18.982 0.0000000000
93671  -47.291  48.179  17.563 0.0000000000
93680  -48.094  48.547  16.820 0.0000000000
93689  -48.248  48.741  16.639 0.0000000000
93690  -48.531  48.646  16.668 0.0000000000
93691  -49.076  48.430  16.786 0.0000000000
94230  -46.478  47.915  22.556 0.0000000000
94251  -45.754  47.988  20.511 0.0000000000
94252  -45.958  48.153  20.797 0.0000000000
94263  -45.940  47.868  20.395 0.0000000000
94272  -46.520  48.370  18.955 0.0000000000
94286  -47.126  48.352  17.768 0.0000000000
94287  -47.464  48.486  17.358 0.0000000000
94290  -47.842  48.730  16.882 0.0000000000
94291  -48.150  48.990  16.540 0.0000000000
94292  -49.294  48.503  16.463 0.0000000000
94295  -47.940  48.896  16.673 0.0000000000
94296  -48.463  48.891  16.450 0.0000000000
94297  -49.118  48.682  16.283 0.0000000000
94306  -50.711  48.821  12.238 0.0000000000
94943  -48.068  50.416  23.345 0.0000000000
94966  -46.762  48.926  19.428 0.0000000000
94983  -47.708  49.453  18.101 0.0000000000
94993  -47.320  48.683  17.571 0.0000000000
94994  -47.708  49.122  17.230 0.0000000000
95013  -51.105  50.255  14.716 0.0000000000
95618  -39.321  50.537  24.203 0.0000000000
95619  -39.781  50.851  23.533 0.0000000000
96210  -40.953  51.971  24.664 0.0000000000
96236  -40.565  51.631  22.737 0.0000000000
96237  -40.988  52.183  22.423 0.0000000000
96238  -47.650  51.907  23.784 0.0000000000
96239  -48.082  51.848  23.231 0.0000000000
96264  -48.880  51.840  22.203 0.0000000000
96265  -49.251  52.185  21.640 0.0000000000
96309  -50.860  51.462  14.336 0.0000000000
96323  -50.340  51.301  13.225 0.0000000000
96324  -50.712  51.166  13.556 0.0000000000
96766  -42.222  52.984  25.023 0.0000000000
96776  -47.336  52.300  24.148 0.0000000000
96786  -48.394  52.637  22.978 0.0000000000
96797  -41.778  53.006  21.417 0.0000000000
96798  -48.872  52.813  22.458 0.0000000000
96799  -49.232  52.907  21.879 0.0000000000
96813  -41.378  52.936  20.004 0.0000000000
96814  -41.610  52.982  20.711 0.0000000000
96815  -49.592  52.934  21.236 0.0000000000
96824  -41.105  52.947  19.347 0.0000000000
96837  -48.204  53.396  17.069 0.0000000000
96881  -50.508  51.492  13.677 0.0000000000
97372  -42.823  54.019  22.379 0.0000000000
97373  -48.476  53.244  22.600 0.0000000000
97374  -48.922  53.423  22.047 0.0000000000
97389  -41.110  53.545  19.398 0.0000000000
97406  -41.128  53.199  19.342 0.0000000000
97889  -44.089  54.418  23.730 0.0000000000
97892  -46.614  53.481  24.360 0.0000000000
97898  -44.636  54.603  23.153 0.0000000000
97900  -46.475  54.038  23.395 0.0000000000
97911  -44.101  54.855  22.144 0.0000000000
97913  -46.108  54.495  22.539 0.0000000000
97926  -43.402  54.933  21.663 0.0000000000
97927  -48.714  54.730  21.384 0.0000000000
97928  -49.125  54.367  21.199 0.0000000000
97956  -48.631  53.937  19.673 0.0000000000
97965  -48.625  53.604  19.083 0.0000000000
98421  -44.625  55.012  21.702 0.0000000000
98423  -46.604  54.751  21.744 0.0000000000
98431  -44.937  55.267  20.882 0.0000000000
98435  -48.901  55.098  21.035 0.0000000000
98447  -48.967  54.818  20.466 0.0000000000
113007  -39.850  50.537  21.227 0.0000000000
