#!ascii label  , from subject 3223 vox2ras=TkReg
821
24065  -26.439  -38.478  47.320 0.0000000000
41163  -44.880  -18.783  44.661 0.0000000000
47298  -48.616  -11.162  43.975 0.0000000000
50015  -55.631  -7.707  40.465 0.0000000000
38091  -41.879  -22.068  44.630 0.0000000000
48212  -52.058  -8.913  42.667 0.0000000000
51733  -57.315  -5.829  31.766 0.0000000000
111792  -60.807  -3.761  28.650 0.0000000000
40397  -47.333  -19.442  44.567 0.0000000000
42692  -49.108  -15.978  46.480 0.0000000000
44194  -46.348  -14.587  45.907 0.0000000000
24874  -28.085  -37.235  50.791 0.0000000000
24053  -32.393  -38.546  48.189 0.0000000000
26680  -33.507  -36.304  45.247 0.0000000000
28600  -34.104  -33.260  50.957 0.0000000000
34327  -39.942  -27.589  50.278 0.0000000000
36592  -43.907  -24.344  47.910 0.0000000000
38065  -45.587  -22.108  46.936 0.0000000000
111717  -53.533  -13.749  45.005 0.0000000000
55041  -62.708  -1.888  27.655 0.0000000000
41165  -46.188  -18.821  45.175 0.0000000000
41954  -46.693  -17.263  46.900 0.0000000000
42701  -45.435  -16.560  45.210 0.0000000000
27639  -27.598  -34.891  50.463 0.0000000000
24888  -30.590  -37.957  50.350 0.0000000000
35893  -40.178  -26.435  47.285 0.0000000000
36580  -42.637  -24.947  49.462 0.0000000000
36611  -41.234  -24.739  46.817 0.0000000000
40392  -43.316  -20.142  44.448 0.0000000000
38793  -43.620  -21.510  45.116 0.0000000000
39560  -45.132  -20.876  44.615 0.0000000000
38781  -47.353  -21.403  46.829 0.0000000000
45793  -49.241  -13.148  47.091 0.0000000000
44182  -51.001  -13.877  46.023 0.0000000000
45817  -51.463  -12.085  45.817 0.0000000000
50000  -53.741  -7.823  41.985 0.0000000000
49003  -55.763  -8.971  44.594 0.0000000000
48225  -56.375  -9.335  41.415 0.0000000000
48248  -56.841  -9.204  39.172 0.0000000000
50934  -59.242  -6.293  32.379 0.0000000000
51705  -58.197  -5.814  34.815 0.0000000000
37359  -41.206  -23.478  44.302 0.0000000000
50037  -53.258  -8.088  38.781 0.0000000000
111791  -58.793  -5.535  29.002 0.0000000000
50957  -59.902  -6.370  30.763 0.0000000000
55029  -63.731  -2.592  28.863 0.0000000000
39575  -49.355  -20.864  43.802 0.0000000000
41997  -48.243  -17.339  45.922 0.0000000000
44156  -47.777  -14.785  48.093 0.0000000000
24042  -27.295  -38.345  49.734 0.0000000000
23197  -33.720  -39.542  45.980 0.0000000000
24934  -32.761  -37.544  45.458 0.0000000000
24115  -34.156  -38.569  44.584 0.0000000000
25779  -34.793  -37.104  45.366 0.0000000000
24906  -35.539  -36.161  48.782 0.0000000000
27606  -36.919  -33.594  50.676 0.0000000000
31688  -37.265  -30.591  50.572 0.0000000000
34337  -42.485  -27.519  49.210 0.0000000000
37328  -42.710  -23.412  46.435 0.0000000000
37345  -44.353  -23.330  45.962 0.0000000000
37363  -47.058  -23.561  44.509 0.0000000000
37300  -49.162  -23.444  48.260 0.0000000000
38799  -49.479  -21.608  45.633 0.0000000000
47282  -53.428  -10.401  45.041 0.0000000000
51681  -56.450  -5.769  36.214 0.0000000000
50872  -56.999  -7.057  37.910 0.0000000000
23161  -25.918  -38.513  49.130 0.0000000000
41164  -45.767  -18.424  45.288 0.0000000000
41996  -45.508  -17.654  45.298 0.0000000000
41995  -45.174  -18.099  44.599 0.0000000000
35905  -39.975  -26.303  45.966 0.0000000000
35894  -40.735  -25.686  46.954 0.0000000000
35906  -40.711  -25.385  45.755 0.0000000000
40393  -44.088  -19.707  44.536 0.0000000000
39559  -44.247  -20.714  44.746 0.0000000000
40394  -44.961  -19.650  44.625 0.0000000000
40395  -45.728  -19.705  44.682 0.0000000000
46475  -50.257  -12.278  46.205 0.0000000000
46506  -50.198  -11.207  44.921 0.0000000000
50014  -54.805  -7.679  40.600 0.0000000000
49991  -55.652  -8.157  42.134 0.0000000000
50003  -55.913  -8.039  41.402 0.0000000000
49076  -56.466  -8.566  40.336 0.0000000000
50016  -56.178  -7.945  40.435 0.0000000000
50935  -59.956  -6.764  32.847 0.0000000000
50918  -59.282  -6.449  34.405 0.0000000000
50079  -60.457  -7.317  34.500 0.0000000000
111770  -60.476  -4.076  28.821 0.0000000000
50956  -59.205  -6.062  30.719 0.0000000000
51747  -59.809  -5.837  30.009 0.0000000000
50959  -60.587  -5.171  29.793 0.0000000000
111794  -61.739  -4.082  29.264 0.0000000000
55034  -63.237  -2.494  28.672 0.0000000000
40417  -47.833  -20.426  43.957 0.0000000000
41187  -48.365  -18.527  44.506 0.0000000000
41166  -47.288  -18.287  45.332 0.0000000000
43373  -46.189  -16.206  46.771 0.0000000000
42665  -47.146  -16.162  47.754 0.0000000000
44181  -46.773  -14.677  46.845 0.0000000000
45801  -47.470  -13.404  46.785 0.0000000000
44983  -46.577  -13.805  45.251 0.0000000000
23164  -28.771  -39.168  49.632 0.0000000000
23145  -28.910  -38.642  50.326 0.0000000000
24905  -31.867  -37.994  49.588 0.0000000000
26690  -32.284  -35.937  44.429 0.0000000000
24939  -33.133  -37.287  44.849 0.0000000000
24935  -33.393  -38.116  45.303 0.0000000000
25787  -33.466  -36.994  44.753 0.0000000000
25788  -34.310  -37.387  44.733 0.0000000000
25778  -34.118  -36.897  45.058 0.0000000000
26615  -34.673  -34.977  50.470 0.0000000000
24892  -36.820  -35.822  50.547 0.0000000000
27603  -36.061  -34.135  51.878 0.0000000000
34336  -39.303  -27.549  49.393 0.0000000000
33409  -37.705  -28.997  49.696 0.0000000000
32510  -38.807  -29.310  50.689 0.0000000000
30732  -38.154  -30.575  50.369 0.0000000000
33384  -40.028  -29.187  50.020 0.0000000000
33412  -41.169  -28.910  49.702 0.0000000000
34315  -41.045  -28.055  49.779 0.0000000000
36591  -43.544  -24.472  48.290 0.0000000000
35112  -43.808  -26.115  48.654 0.0000000000
35877  -44.129  -24.895  48.048 0.0000000000
35886  -44.417  -25.029  47.182 0.0000000000
37342  -41.953  -23.434  45.421 0.0000000000
38076  -42.313  -22.539  45.104 0.0000000000
38079  -44.745  -22.467  45.808 0.0000000000
38078  -43.777  -22.503  45.710 0.0000000000
37346  -45.158  -23.163  45.518 0.0000000000
37361  -45.725  -23.326  44.977 0.0000000000
37347  -46.167  -22.800  46.016 0.0000000000
37298  -47.364  -23.248  48.730 0.0000000000
39562  -46.834  -20.880  44.550 0.0000000000
38782  -48.358  -21.504  46.730 0.0000000000
38813  -48.575  -21.407  44.881 0.0000000000
38814  -49.392  -21.500  44.625 0.0000000000
27600  -26.333  -35.564  52.124 0.0000000000
25715  -26.791  -36.509  51.770 0.0000000000
24883  -26.311  -37.190  51.662 0.0000000000
42713  -48.820  -16.774  44.779 0.0000000000
42714  -49.260  -15.916  44.577 0.0000000000
44196  -51.924  -13.650  45.170 0.0000000000
48197  -51.604  -9.434  42.957 0.0000000000
47301  -52.259  -10.558  44.555 0.0000000000
48180  -52.840  -9.436  44.253 0.0000000000
47343  -56.114  -10.499  43.223 0.0000000000
47323  -55.534  -10.519  44.404 0.0000000000
51695  -58.411  -5.997  35.705 0.0000000000
51693  -56.898  -5.731  35.438 0.0000000000
51669  -57.087  -5.947  36.873 0.0000000000
50883  -56.295  -6.011  37.201 0.0000000000
50053  -57.776  -7.629  37.471 0.0000000000
50040  -57.647  -8.211  37.934 0.0000000000
54347  -61.123  -2.747  27.446 0.0000000000
54338  -61.743  -2.986  28.806 0.0000000000
55040  -62.034  -2.181  27.437 0.0000000000
55049  -62.307  -1.748  26.517 0.0000000000
40396  -46.424  -19.715  44.644 0.0000000000
41152  -47.030  -17.917  45.997 0.0000000000
41151  -46.440  -17.791  46.029 0.0000000000
42690  -45.794  -16.831  46.153 0.0000000000
43386  -45.885  -15.968  45.955 0.0000000000
26574  -27.555  -36.277  51.023 0.0000000000
24876  -29.245  -37.728  50.679 0.0000000000
25748  -31.079  -36.845  48.702 0.0000000000
35874  -40.231  -26.709  48.801 0.0000000000
36569  -41.318  -26.308  49.673 0.0000000000
36588  -41.222  -25.497  48.858 0.0000000000
36600  -41.975  -24.506  47.763 0.0000000000
36601  -42.801  -24.063  47.647 0.0000000000
38811  -42.395  -21.359  44.607 0.0000000000
38077  -42.828  -21.992  45.482 0.0000000000
38794  -44.488  -21.719  45.232 0.0000000000
38795  -45.540  -21.751  45.983 0.0000000000
38768  -46.354  -21.590  48.060 0.0000000000
39561  -46.011  -20.929  44.604 0.0000000000
28599  -26.282  -34.809  51.449 0.0000000000
44170  -49.579  -14.527  47.471 0.0000000000
43389  -50.192  -14.585  46.491 0.0000000000
44959  -50.360  -13.424  46.511 0.0000000000
44960  -51.449  -13.070  45.946 0.0000000000
44961  -52.473  -12.704  45.738 0.0000000000
49999  -53.097  -7.989  42.262 0.0000000000
49020  -53.731  -8.273  43.763 0.0000000000
49977  -54.703  -8.066  43.253 0.0000000000
49023  -56.043  -8.977  43.670 0.0000000000
51734  -58.356  -5.933  31.815 0.0000000000
51723  -57.732  -5.792  32.806 0.0000000000
51715  -58.751  -5.965  34.090 0.0000000000
51706  -58.842  -6.029  34.990 0.0000000000
41185  -44.062  -18.959  44.144 0.0000000000
40415  -43.183  -19.648  43.937 0.0000000000
47299  -49.660  -10.910  44.022 0.0000000000
49059  -52.049  -8.746  41.361 0.0000000000
49075  -52.630  -8.426  40.834 0.0000000000
50025  -53.272  -8.019  40.247 0.0000000000
50026  -54.101  -7.571  39.729 0.0000000000
51744  -57.664  -5.948  30.800 0.0000000000
51745  -58.523  -5.961  30.609 0.0000000000
50945  -59.942  -6.649  31.803 0.0000000000
50096  -60.636  -7.219  32.271 0.0000000000
54349  -62.382  -2.538  28.447 0.0000000000
54339  -63.062  -3.342  29.091 0.0000000000
41188  -48.981  -18.795  43.957 0.0000000000
42015  -48.447  -17.585  45.053 0.0000000000
42691  -48.458  -16.729  46.784 0.0000000000
41955  -47.287  -17.310  46.942 0.0000000000
41934  -48.052  -16.694  47.803 0.0000000000
43365  -49.090  -15.320  47.738 0.0000000000
44945  -48.375  -13.784  48.030 0.0000000000
45815  -48.246  -12.164  46.207 0.0000000000
42711  -45.025  -16.489  44.133 0.0000000000
43414  -45.150  -15.859  43.995 0.0000000000
44982  -46.263  -13.513  44.362 0.0000000000
23173  -26.551  -38.622  48.484 0.0000000000
23174  -27.601  -38.946  48.531 0.0000000000
22404  -34.428  -39.881  44.649 0.0000000000
26653  -30.276  -35.793  47.640 0.0000000000
24919  -31.795  -37.274  47.190 0.0000000000
24929  -32.386  -37.751  46.660 0.0000000000
23204  -34.104  -39.486  45.170 0.0000000000
25780  -35.222  -36.690  45.647 0.0000000000
25771  -35.869  -36.113  47.263 0.0000000000
30754  -34.681  -31.322  50.205 0.0000000000
32525  -36.330  -30.318  49.848 0.0000000000
29692  -35.956  -32.175  51.097 0.0000000000
29665  -36.589  -32.240  50.468 0.0000000000
28588  -38.550  -31.364  49.812 0.0000000000
35094  -42.814  -26.196  49.472 0.0000000000
36623  -41.304  -24.316  45.593 0.0000000000
37327  -42.145  -23.654  46.162 0.0000000000
37313  -43.343  -23.575  46.962 0.0000000000
38063  -43.139  -22.858  45.947 0.0000000000
37344  -43.788  -23.181  46.049 0.0000000000
36615  -44.364  -24.146  46.621 0.0000000000
36625  -44.890  -24.198  45.774 0.0000000000
35908  -46.076  -25.263  44.756 0.0000000000
36607  -50.931  -24.395  46.198 0.0000000000
38758  -48.855  -21.701  48.703 0.0000000000
38772  -50.127  -21.913  47.438 0.0000000000
38068  -51.788  -22.691  46.080 0.0000000000
38801  -51.320  -22.042  45.286 0.0000000000
24027  -26.667  -37.760  50.254 0.0000000000
46507  -51.305  -11.313  44.829 0.0000000000
46490  -52.629  -11.206  45.067 0.0000000000
46509  -53.436  -11.759  45.104 0.0000000000
48164  -54.663  -9.463  45.301 0.0000000000
46510  -54.168  -11.330  44.855 0.0000000000
45838  -53.652  -12.975  44.379 0.0000000000
50051  -53.616  -7.698  37.316 0.0000000000
50027  -55.232  -7.260  39.231 0.0000000000
51712  -56.362  -5.695  33.609 0.0000000000
51702  -55.826  -5.730  34.467 0.0000000000
50896  -54.820  -6.491  36.236 0.0000000000
50870  -55.757  -6.808  38.057 0.0000000000
50858  -56.025  -7.093  38.724 0.0000000000
50030  -57.025  -8.104  38.706 0.0000000000
24064  -25.842  -38.419  47.240 0.0000000000
41162  -44.360  -19.165  44.497 0.0000000000
46505  -49.158  -11.333  44.858 0.0000000000
46487  -49.571  -11.605  45.664 0.0000000000
50002  -55.306  -7.954  41.478 0.0000000000
50087  -60.575  -7.315  33.344 0.0000000000
50927  -59.928  -6.802  33.872 0.0000000000
111793  -60.968  -3.316  28.523 0.0000000000
40398  -47.950  -18.918  44.497 0.0000000000
43387  -46.206  -15.344  46.493 0.0000000000
43374  -46.697  -15.517  47.247 0.0000000000
44970  -46.958  -13.870  46.329 0.0000000000
24885  -27.917  -37.504  50.815 0.0000000000
24013  -28.446  -38.097  50.668 0.0000000000
24043  -32.203  -38.565  49.119 0.0000000000
24044  -32.325  -39.035  49.468 0.0000000000
26691  -32.914  -36.337  44.734 0.0000000000
27641  -34.185  -34.234  50.599 0.0000000000
26628  -34.156  -34.803  49.879 0.0000000000
27642  -34.602  -34.523  50.832 0.0000000000
27624  -35.725  -34.454  51.713 0.0000000000
28583  -35.336  -33.481  51.529 0.0000000000
34326  -39.530  -27.632  50.021 0.0000000000
33393  -38.783  -28.677  50.380 0.0000000000
34312  -39.255  -27.762  50.472 0.0000000000
33382  -39.033  -29.049  50.612 0.0000000000
34297  -39.762  -28.361  50.353 0.0000000000
33396  -40.549  -28.575  49.895 0.0000000000
35082  -40.743  -27.500  49.877 0.0000000000
36603  -44.096  -24.302  47.450 0.0000000000
38092  -42.387  -21.979  44.972 0.0000000000
38080  -45.441  -22.381  46.153 0.0000000000
38066  -45.930  -22.398  47.142 0.0000000000
37331  -46.573  -22.853  47.317 0.0000000000
38054  -46.168  -22.492  47.994 0.0000000000
39573  -47.668  -21.091  44.429 0.0000000000
38812  -48.079  -21.342  45.135 0.0000000000
39574  -48.461  -21.055  43.984 0.0000000000
26573  -26.979  -36.120  51.538 0.0000000000
26572  -26.417  -36.091  52.259 0.0000000000
24873  -27.366  -36.981  51.224 0.0000000000
24884  -27.156  -37.216  51.137 0.0000000000
42703  -49.202  -15.965  45.484 0.0000000000
111720  -52.703  -13.262  45.293 0.0000000000
44209  -52.117  -13.755  44.573 0.0000000000
111718  -53.541  -14.024  44.962 0.0000000000
44985  -54.059  -14.190  44.998 0.0000000000
48179  -51.839  -9.838  43.801 0.0000000000
48198  -52.358  -9.104  43.388 0.0000000000
51732  -56.433  -5.912  31.762 0.0000000000
50898  -58.082  -6.428  36.452 0.0000000000
51683  -57.800  -5.988  36.471 0.0000000000
51670  -57.421  -6.262  36.955 0.0000000000
40375  -46.695  -18.623  45.202 0.0000000000
41974  -46.078  -17.486  46.174 0.0000000000
27620  -27.378  -35.466  50.971 0.0000000000
25740  -30.467  -36.418  49.149 0.0000000000
35121  -39.670  -26.983  47.777 0.0000000000
35110  -39.735  -27.069  48.745 0.0000000000
35884  -40.241  -26.598  48.275 0.0000000000
35875  -40.650  -26.347  49.004 0.0000000000
35885  -40.710  -25.925  48.061 0.0000000000
36599  -41.197  -25.092  47.917 0.0000000000
39557  -42.977  -20.779  44.602 0.0000000000
38792  -43.060  -21.278  44.917 0.0000000000
39558  -43.521  -20.697  44.720 0.0000000000
27638  -27.051  -34.962  50.869 0.0000000000
27619  -26.672  -35.150  51.397 0.0000000000
44958  -49.678  -13.441  47.031 0.0000000000
44947  -49.852  -13.882  47.232 0.0000000000
45805  -50.809  -12.596  46.038 0.0000000000
45806  -51.847  -12.389  46.002 0.0000000000
49976  -54.088  -7.970  43.377 0.0000000000
49989  -54.288  -7.886  42.651 0.0000000000
49043  -56.029  -8.492  42.422 0.0000000000
49042  -55.638  -8.185  42.696 0.0000000000
48213  -56.273  -9.536  42.848 0.0000000000
51724  -58.602  -5.942  33.053 0.0000000000
50910  -59.212  -6.535  35.372 0.0000000000
41184  -43.544  -19.212  43.900 0.0000000000
49074  -52.052  -8.905  40.435 0.0000000000
49103  -52.431  -8.800  38.893 0.0000000000
51757  -58.233  -5.926  29.505 0.0000000000
51756  -57.794  -6.033  29.967 0.0000000000
50944  -59.210  -6.199  31.347 0.0000000000
50110  -60.685  -7.006  31.254 0.0000000000
50958  -60.625  -6.347  30.255 0.0000000000
54358  -62.024  -2.314  27.814 0.0000000000
55035  -63.734  -2.116  28.435 0.0000000000
39576  -50.075  -20.801  43.661 0.0000000000
40419  -49.711  -19.773  43.631 0.0000000000
41167  -47.820  -18.128  45.267 0.0000000000
41143  -46.784  -17.525  46.552 0.0000000000
43363  -47.916  -15.555  48.068 0.0000000000
41933  -47.666  -16.823  47.722 0.0000000000
42668  -48.676  -15.942  47.889 0.0000000000
43364  -48.532  -15.454  48.057 0.0000000000
44158  -48.917  -14.715  47.946 0.0000000000
44934  -48.083  -14.314  48.313 0.0000000000
45814  -47.386  -12.840  45.822 0.0000000000
45802  -47.992  -12.849  47.002 0.0000000000
23162  -26.944  -38.559  49.122 0.0000000000
22370  -29.453  -39.405  49.470 0.0000000000
24014  -30.075  -38.230  50.349 0.0000000000
23148  -31.079  -39.285  50.534 0.0000000000
22393  -33.451  -40.192  45.486 0.0000000000
22403  -34.023  -40.181  44.653 0.0000000000
22394  -34.034  -39.939  45.364 0.0000000000
25755  -30.756  -36.265  47.190 0.0000000000
25756  -31.213  -36.769  47.705 0.0000000000
24082  -32.881  -38.208  46.297 0.0000000000
24098  -33.243  -38.319  45.756 0.0000000000
24940  -33.677  -37.869  44.814 0.0000000000
24099  -33.719  -38.785  45.312 0.0000000000
24100  -34.245  -39.083  44.754 0.0000000000
24116  -34.757  -38.885  44.202 0.0000000000
25769  -34.887  -36.801  46.348 0.0000000000
25742  -35.079  -36.014  49.120 0.0000000000
25749  -34.592  -35.938  47.898 0.0000000000
24913  -35.547  -36.208  48.136 0.0000000000
24921  -35.584  -36.267  47.769 0.0000000000
24922  -35.804  -36.238  48.012 0.0000000000
24915  -36.251  -36.013  48.724 0.0000000000
26599  -37.314  -34.878  51.365 0.0000000000
25744  -37.241  -35.315  50.123 0.0000000000
26600  -37.206  -34.556  50.771 0.0000000000
27644  -36.888  -33.728  49.680 0.0000000000
28603  -37.219  -32.534  49.753 0.0000000000
32526  -37.292  -29.977  50.029 0.0000000000
31697  -36.901  -30.574  50.383 0.0000000000
31686  -35.771  -30.957  50.327 0.0000000000
30744  -36.521  -31.308  50.754 0.0000000000
29676  -36.543  -31.891  50.752 0.0000000000
30731  -37.374  -30.802  50.502 0.0000000000
30734  -39.357  -30.578  50.181 0.0000000000
29678  -38.043  -31.183  49.970 0.0000000000
29680  -39.448  -30.989  49.996 0.0000000000
28620  -39.109  -31.628  49.655 0.0000000000
33424  -41.644  -28.481  49.391 0.0000000000
33423  -41.492  -29.040  49.290 0.0000000000
33434  -42.007  -28.523  48.697 0.0000000000
36571  -42.311  -25.558  49.735 0.0000000000
36560  -42.156  -25.963  49.832 0.0000000000
35866  -42.758  -25.523  49.634 0.0000000000
37341  -41.383  -23.918  44.916 0.0000000000
37343  -42.647  -22.872  45.660 0.0000000000
37312  -43.021  -23.666  47.200 0.0000000000
37330  -43.970  -23.529  46.427 0.0000000000
36639  -45.974  -23.859  44.410 0.0000000000
36626  -45.510  -24.237  44.965 0.0000000000
36627  -46.171  -24.564  44.471 0.0000000000
36604  -48.657  -23.791  47.597 0.0000000000
36606  -50.240  -24.226  47.086 0.0000000000
38769  -47.135  -21.434  47.903 0.0000000000
38757  -47.777  -21.546  48.690 0.0000000000
38770  -48.123  -21.503  47.810 0.0000000000
38783  -49.392  -21.632  46.647 0.0000000000
38784  -50.536  -21.827  46.481 0.0000000000
38055  -51.043  -22.670  47.073 0.0000000000
38067  -51.162  -22.322  46.439 0.0000000000
38785  -51.222  -21.973  46.035 0.0000000000
38800  -50.399  -21.760  45.423 0.0000000000
38815  -50.285  -21.585  44.369 0.0000000000
24011  -26.957  -37.471  50.802 0.0000000000
24041  -26.299  -38.113  49.655 0.0000000000
43402  -50.671  -14.554  45.446 0.0000000000
47300  -50.943  -10.650  44.052 0.0000000000
47281  -52.930  -10.519  44.917 0.0000000000
46508  -51.989  -11.260  44.852 0.0000000000
45819  -52.738  -11.692  45.411 0.0000000000
46491  -53.441  -11.159  45.118 0.0000000000
49002  -55.028  -8.519  44.750 0.0000000000
49001  -54.123  -8.647  44.749 0.0000000000
48983  -55.279  -8.995  45.362 0.0000000000
46511  -54.914  -10.863  44.584 0.0000000000
46520  -54.255  -11.849  44.305 0.0000000000
45831  -53.854  -12.247  44.469 0.0000000000
45839  -54.094  -12.448  43.747 0.0000000000
50038  -54.273  -7.344  38.429 0.0000000000
50039  -55.026  -6.927  38.070 0.0000000000
51714  -57.997  -5.812  33.841 0.0000000000
51713  -57.173  -5.666  33.687 0.0000000000
51704  -57.441  -5.650  34.652 0.0000000000
51692  -56.096  -5.628  35.403 0.0000000000
50917  -55.061  -5.949  34.362 0.0000000000
50908  -55.300  -5.928  35.339 0.0000000000
50897  -55.672  -5.941  36.307 0.0000000000
50871  -56.435  -6.793  37.981 0.0000000000
50859  -56.487  -7.323  38.669 0.0000000000
50029  -56.566  -7.884  39.398 0.0000000000
50860  -56.934  -7.579  38.485 0.0000000000
42700  -45.121  -17.345  44.728 0.0000000000
45803  -48.940  -12.409  46.724 0.0000000000
45804  -49.857  -12.741  46.599 0.0000000000
46474  -49.735  -12.026  46.287 0.0000000000
46488  -50.626  -11.859  45.655 0.0000000000
50001  -54.533  -7.835  41.707 0.0000000000
49061  -56.216  -8.385  41.239 0.0000000000
49091  -56.740  -8.655  39.378 0.0000000000
50926  -59.283  -6.392  33.434 0.0000000000
51746  -59.097  -5.859  30.131 0.0000000000
55042  -63.609  -1.622  27.570 0.0000000000
55036  -64.110  -2.045  27.884 0.0000000000
40418  -48.450  -19.753  43.905 0.0000000000
42678  -46.745  -16.494  47.411 0.0000000000
43362  -47.289  -15.583  47.833 0.0000000000
44169  -47.547  -14.628  47.949 0.0000000000
44944  -47.660  -14.115  47.980 0.0000000000
44956  -47.278  -14.049  47.286 0.0000000000
24028  -27.563  -38.103  50.319 0.0000000000
23163  -27.916  -38.975  49.340 0.0000000000
23153  -28.114  -38.745  49.972 0.0000000000
23154  -28.837  -38.897  50.076 0.0000000000
22357  -29.464  -39.203  49.838 0.0000000000
24083  -33.285  -38.896  46.502 0.0000000000
26681  -34.297  -36.671  45.719 0.0000000000
25735  -35.152  -35.684  49.844 0.0000000000
24900  -36.069  -35.990  49.715 0.0000000000
25727  -35.878  -35.497  50.809 0.0000000000
26598  -36.924  -35.080  51.683 0.0000000000
27604  -36.782  -33.807  51.899 0.0000000000
34335  -38.593  -27.943  49.220 0.0000000000
33421  -37.580  -28.920  48.820 0.0000000000
33410  -38.322  -28.494  49.865 0.0000000000
33392  -37.983  -29.095  50.258 0.0000000000
32497  -38.027  -30.179  50.962 0.0000000000
31678  -38.264  -30.053  50.656 0.0000000000
31681  -39.695  -30.083  50.075 0.0000000000
34328  -41.625  -28.047  49.520 0.0000000000
36581  -43.303  -24.802  49.016 0.0000000000
35867  -43.296  -25.478  49.358 0.0000000000
35876  -43.834  -25.145  48.749 0.0000000000
35113  -44.082  -25.489  48.372 0.0000000000
35895  -44.748  -25.095  46.209 0.0000000000
37360  -41.749  -22.794  44.639 0.0000000000
37362  -46.480  -23.341  44.759 0.0000000000
37332  -47.208  -23.243  46.619 0.0000000000
37316  -47.985  -23.611  47.176 0.0000000000
37299  -48.332  -23.520  48.317 0.0000000000
38797  -47.602  -21.320  45.582 0.0000000000
38798  -48.565  -21.486  45.757 0.0000000000
27599  -25.727  -35.059  52.420 0.0000000000
26559  -25.972  -35.889  52.850 0.0000000000
25714  -25.959  -36.351  52.740 0.0000000000
44183  -51.613  -13.418  45.702 0.0000000000
43403  -51.303  -14.093  45.163 0.0000000000
47322  -51.054  -9.975  43.294 0.0000000000
48162  -53.200  -9.917  44.869 0.0000000000
48200  -56.189  -9.728  44.023 0.0000000000
48182  -55.801  -9.752  44.784 0.0000000000
51694  -57.665  -5.752  35.567 0.0000000000
51682  -57.112  -5.782  36.221 0.0000000000
51668  -56.733  -5.865  36.637 0.0000000000
50884  -57.028  -6.405  37.385 0.0000000000
50861  -57.249  -7.809  38.275 0.0000000000
53512  -61.168  -2.941  28.293 0.0000000000
54348  -61.508  -2.703  27.990 0.0000000000
55742  -62.759  -1.540  26.908 0.0000000000
40376  -47.043  -18.497  45.215 0.0000000000
41975  -46.402  -17.380  46.561 0.0000000000
41150  -46.098  -17.841  45.834 0.0000000000
41953  -46.372  -17.143  46.889 0.0000000000
43400  -45.902  -15.212  45.813 0.0000000000
25716  -27.652  -36.680  51.009 0.0000000000
23999  -28.557  -37.754  50.750 0.0000000000
25717  -28.246  -37.044  50.723 0.0000000000
24886  -28.932  -37.009  50.643 0.0000000000
25734  -30.427  -37.286  50.081 0.0000000000
24897  -31.168  -37.634  49.901 0.0000000000
24904  -31.425  -37.501  49.133 0.0000000000
24912  -32.051  -37.926  48.711 0.0000000000
28616  -33.518  -33.233  50.237 0.0000000000
34346  -39.130  -27.563  48.765 0.0000000000
35100  -39.859  -27.154  49.517 0.0000000000
35101  -40.389  -26.925  49.539 0.0000000000
35855  -41.216  -26.850  49.697 0.0000000000
35865  -40.877  -26.645  49.555 0.0000000000
36578  -41.273  -25.928  49.507 0.0000000000
36579  -41.848  -25.336  49.489 0.0000000000
36589  -41.918  -24.898  48.739 0.0000000000
36590  -42.721  -24.544  48.546 0.0000000000
36602  -43.564  -23.960  47.558 0.0000000000
38041  -45.863  -22.200  48.540 0.0000000000
38779  -45.832  -21.822  47.427 0.0000000000
38780  -46.417  -21.511  47.045 0.0000000000
38796  -46.585  -21.323  45.778 0.0000000000
27601  -26.912  -35.679  51.438 0.0000000000
43375  -49.504  -15.147  47.025 0.0000000000
43388  -49.714  -15.209  46.040 0.0000000000
43376  -49.918  -14.600  47.074 0.0000000000
44171  -50.202  -14.159  46.906 0.0000000000
44971  -52.079  -13.239  45.659 0.0000000000
49040  -52.787  -8.421  42.770 0.0000000000
49019  -53.058  -8.677  43.683 0.0000000000
49041  -53.275  -8.325  43.308 0.0000000000
49021  -54.541  -8.171  43.998 0.0000000000
49022  -55.432  -8.334  43.552 0.0000000000
49990  -55.110  -8.085  42.513 0.0000000000
51696  -58.784  -6.220  35.427 0.0000000000
50899  -58.604  -6.586  36.152 0.0000000000
41186  -44.751  -18.491  44.393 0.0000000000
42013  -44.253  -18.353  43.794 0.0000000000
38810  -41.457  -21.498  44.209 0.0000000000
39572  -42.601  -20.436  44.245 0.0000000000
40416  -43.643  -19.624  44.318 0.0000000000
47320  -48.966  -10.833  43.089 0.0000000000
47321  -50.122  -10.395  42.982 0.0000000000
48211  -51.519  -9.121  42.004 0.0000000000
49039  -52.156  -8.642  42.130 0.0000000000
49060  -52.595  -8.290  41.788 0.0000000000
50012  -53.176  -7.972  41.348 0.0000000000
50013  -53.923  -7.739  40.948 0.0000000000
42016  -48.609  -18.055  44.367 0.0000000000
42702  -48.671  -16.715  45.785 0.0000000000
41153  -47.451  -17.857  45.922 0.0000000000
41977  -47.797  -17.441  46.433 0.0000000000
42679  -47.107  -16.969  47.589 0.0000000000
41956  -47.983  -17.022  47.359 0.0000000000
42681  -48.964  -15.997  47.376 0.0000000000
44946  -49.158  -13.857  47.654 0.0000000000
45792  -48.633  -13.233  47.408 0.0000000000
45791  -48.047  -13.410  47.689 0.0000000000
46504  -48.274  -11.478  44.662 0.0000000000
42712  -45.424  -16.049  44.676 0.0000000000
43399  -45.709  -15.529  45.113 0.0000000000
44207  -45.850  -14.489  44.514 0.0000000000
44208  -46.186  -14.428  45.243 0.0000000000
23185  -27.085  -38.602  47.549 0.0000000000
23194  -27.683  -38.681  46.740 0.0000000000
23132  -28.996  -38.260  50.589 0.0000000000
22331  -29.817  -38.977  50.083 0.0000000000
25747  -30.571  -36.254  48.203 0.0000000000
24911  -31.601  -37.394  48.200 0.0000000000
24920  -32.194  -37.867  47.711 0.0000000000
22395  -34.292  -39.745  44.974 0.0000000000
24941  -34.544  -38.020  44.390 0.0000000000
26668  -33.895  -36.150  46.300 0.0000000000
25768  -34.465  -36.475  46.428 0.0000000000
24909  -36.671  -35.767  49.602 0.0000000000
26630  -37.130  -34.996  49.325 0.0000000000
30753  -33.868  -31.601  49.898 0.0000000000
29704  -34.062  -32.248  50.626 0.0000000000
32540  -36.738  -29.810  49.084 0.0000000000
31695  -35.737  -30.888  50.052 0.0000000000
30742  -35.009  -31.567  50.709 0.0000000000
29691  -34.946  -32.217  51.049 0.0000000000
28584  -35.909  -33.270  51.586 0.0000000000
29663  -36.047  -33.073  51.406 0.0000000000
28586  -37.105  -33.217  51.093 0.0000000000
29677  -37.243  -31.347  50.281 0.0000000000
29666  -37.131  -32.006  50.004 0.0000000000
28587  -37.087  -32.528  50.000 0.0000000000
28619  -38.350  -31.996  49.469 0.0000000000
35844  -41.606  -26.778  49.722 0.0000000000
35084  -41.675  -27.237  49.678 0.0000000000
35103  -43.061  -26.378  49.327 0.0000000000
34338  -43.017  -26.957  49.191 0.0000000000
35921  -40.660  -25.141  44.576 0.0000000000
36624  -41.854  -23.829  45.993 0.0000000000
36612  -42.063  -23.995  46.712 0.0000000000
36613  -42.645  -23.741  47.042 0.0000000000
38064  -43.507  -23.028  45.944 0.0000000000
37329  -43.466  -23.348  46.386 0.0000000000
36614  -43.850  -23.733  46.972 0.0000000000
35907  -45.373  -25.191  45.381 0.0000000000
38031  -46.857  -22.462  49.208 0.0000000000
38032  -47.689  -22.468  49.315 0.0000000000
38044  -49.225  -22.539  48.348 0.0000000000
38771  -49.143  -21.653  47.667 0.0000000000
38759  -49.633  -21.941  48.146 0.0000000000
37301  -49.988  -23.471  48.092 0.0000000000
38802  -51.742  -22.239  44.890 0.0000000000
38816  -51.130  -21.900  44.343 0.0000000000
46489  -51.729  -11.668  45.336 0.0000000000
45818  -52.172  -11.838  45.688 0.0000000000
45820  -52.997  -12.032  45.410 0.0000000000
45830  -53.337  -12.649  44.988 0.0000000000
49000  -53.488  -8.836  44.295 0.0000000000
48181  -53.556  -9.239  44.756 0.0000000000
47283  -54.103  -10.211  45.167 0.0000000000
47302  -54.388  -10.486  45.091 0.0000000000
46492  -54.054  -10.782  45.202 0.0000000000
44984  -53.986  -13.711  44.897 0.0000000000
50050  -53.138  -8.205  37.836 0.0000000000
51722  -56.851  -5.731  32.714 0.0000000000
51721  -56.066  -5.856  32.707 0.0000000000
51703  -56.628  -5.628  34.541 0.0000000000
51711  -55.613  -5.880  33.555 0.0000000000
50882  -55.360  -6.513  37.205 0.0000000000
50028  -56.063  -7.484  39.524 0.0000000000
49092  -57.047  -8.821  38.638 0.0000000000
22330  -29.156  -39.059  50.161 0.0000000000
22343  -29.428  -38.995  50.044 0.0000000000
22344  -30.053  -39.307  49.993 0.0000000000
23146  -29.442  -38.620  50.279 0.0000000000
23184  -26.154  -38.511  47.865 0.0000000000
23205  -34.451  -39.486  44.652 0.0000000000
24000  -28.960  -37.944  50.742 0.0000000000
24001  -29.575  -37.918  50.592 0.0000000000
24015  -30.776  -38.566  50.508 0.0000000000
24875  -28.802  -37.441  50.719 0.0000000000
24887  -29.640  -37.631  50.500 0.0000000000
24890  -35.728  -35.794  50.096 0.0000000000
24891  -36.284  -35.785  50.357 0.0000000000
24893  -37.108  -35.779  50.552 0.0000000000
24899  -35.594  -36.027  49.438 0.0000000000
24901  -36.518  -35.850  49.963 0.0000000000
24902  -36.928  -35.775  50.157 0.0000000000
24907  -35.936  -36.165  49.107 0.0000000000
24908  -36.304  -35.973  49.388 0.0000000000
24914  -35.845  -36.185  48.507 0.0000000000
24916  -36.494  -35.874  49.196 0.0000000000
24923  -36.017  -36.180  48.277 0.0000000000
25722  -27.908  -36.467  50.811 0.0000000000
25726  -35.356  -35.428  50.439 0.0000000000
25728  -36.548  -35.521  51.061 0.0000000000
25729  -37.235  -35.541  51.006 0.0000000000
25730  -37.339  -35.094  50.980 0.0000000000
25736  -37.199  -35.593  50.390 0.0000000000
25737  -37.309  -35.195  50.569 0.0000000000
25743  -37.081  -35.535  49.796 0.0000000000
25750  -35.117  -36.121  48.354 0.0000000000
25759  -35.703  -36.274  47.511 0.0000000000
26575  -36.248  -34.551  52.001 0.0000000000
26576  -36.615  -34.522  52.037 0.0000000000
26577  -37.161  -34.396  51.802 0.0000000000
26578  -37.181  -34.271  51.289 0.0000000000
26592  -27.356  -35.948  51.151 0.0000000000
26593  -28.030  -36.052  50.745 0.0000000000
26596  -35.371  -35.079  51.003 0.0000000000
26597  -36.031  -34.902  51.674 0.0000000000
26614  -34.298  -34.692  50.338 0.0000000000
26631  -37.206  -35.208  49.815 0.0000000000
26669  -34.411  -36.556  46.182 0.0000000000
27586  -36.674  -33.492  51.509 0.0000000000
27587  -37.261  -33.652  51.520 0.0000000000
27602  -35.594  -33.784  51.687 0.0000000000
27605  -36.987  -33.710  51.301 0.0000000000
27622  -34.463  -33.777  51.111 0.0000000000
27623  -35.106  -34.275  51.346 0.0000000000
27625  -36.931  -33.818  49.881 0.0000000000
28568  -35.899  -33.290  51.651 0.0000000000
28569  -36.416  -33.373  51.484 0.0000000000
28570  -36.479  -32.960  51.056 0.0000000000
28571  -36.736  -32.505  50.258 0.0000000000
28585  -36.113  -33.765  52.000 0.0000000000
28589  -39.056  -31.143  50.016 0.0000000000
28601  -34.781  -33.238  51.241 0.0000000000
28602  -35.383  -32.875  51.346 0.0000000000
28604  -38.310  -31.777  49.605 0.0000000000
28605  -39.086  -31.363  50.047 0.0000000000
28614  -26.529  -34.546  50.829 0.0000000000
28615  -27.058  -34.744  50.560 0.0000000000
28617  -36.992  -33.199  49.291 0.0000000000
29664  -36.337  -32.815  51.021 0.0000000000
29675  -36.177  -32.812  51.229 0.0000000000
29679  -38.993  -30.903  50.159 0.0000000000
29690  -34.403  -32.734  51.059 0.0000000000
29693  -36.397  -31.654  50.813 0.0000000000
29705  -34.622  -31.792  50.732 0.0000000000
30730  -36.759  -31.297  50.681 0.0000000000
30733  -38.784  -30.625  50.422 0.0000000000
30743  -35.744  -31.406  50.698 0.0000000000
30745  -37.233  -31.044  50.859 0.0000000000
30755  -35.261  -31.300  50.465 0.0000000000
31677  -37.848  -29.988  50.715 0.0000000000
31679  -38.809  -30.080  50.551 0.0000000000
31687  -36.507  -30.920  50.561 0.0000000000
31696  -36.216  -30.427  50.050 0.0000000000
32498  -38.369  -29.769  50.806 0.0000000000
32501  -39.952  -29.740  49.931 0.0000000000
32509  -38.148  -29.718  50.703 0.0000000000
32511  -39.028  -28.864  50.663 0.0000000000
32524  -36.013  -30.485  49.843 0.0000000000
32527  -41.125  -29.431  49.503 0.0000000000
32528  -40.814  -29.563  49.702 0.0000000000
33383  -39.426  -28.960  50.349 0.0000000000
33394  -39.329  -28.756  50.452 0.0000000000
33395  -39.575  -28.500  50.459 0.0000000000
33411  -41.264  -29.078  49.589 0.0000000000
33422  -38.015  -28.455  49.311 0.0000000000
34298  -40.039  -28.880  50.185 0.0000000000
34311  -39.101  -27.988  50.258 0.0000000000
34313  -40.026  -27.982  50.413 0.0000000000
34314  -40.383  -28.166  50.111 0.0000000000
34325  -38.888  -27.960  49.950 0.0000000000
34334  -38.137  -28.247  48.747 0.0000000000
35083  -41.107  -27.474  49.730 0.0000000000
35091  -40.068  -27.281  49.935 0.0000000000
35092  -40.506  -27.275  49.924 0.0000000000
35093  -42.424  -26.813  49.626 0.0000000000
35102  -42.829  -26.967  49.361 0.0000000000
35109  -39.303  -27.431  48.188 0.0000000000
35111  -40.183  -26.814  49.146 0.0000000000
35843  -41.139  -27.082  49.690 0.0000000000
35845  -42.111  -26.412  49.796 0.0000000000
35856  -41.659  -26.383  49.766 0.0000000000
35857  -42.497  -25.997  49.700 0.0000000000
35858  -42.893  -25.863  49.546 0.0000000000
36559  -41.900  -26.214  49.876 0.0000000000
36570  -41.816  -25.893  49.792 0.0000000000
36593  -48.683  -23.757  48.017 0.0000000000
36594  -48.965  -23.887  48.009 0.0000000000
36595  -49.612  -24.069  48.023 0.0000000000
36640  -46.708  -24.103  44.111 0.0000000000
37284  -46.922  -22.793  49.175 0.0000000000
37285  -47.257  -22.883  49.161 0.0000000000
37286  -47.850  -23.107  49.128 0.0000000000
37297  -46.784  -23.001  49.040 0.0000000000
37314  -46.729  -22.968  48.295 0.0000000000
37315  -47.350  -23.287  47.768 0.0000000000
37318  -51.139  -23.713  46.923 0.0000000000
38030  -46.179  -22.160  49.059 0.0000000000
38033  -48.505  -22.568  48.940 0.0000000000
38034  -49.058  -22.049  49.139 0.0000000000
38042  -46.334  -22.608  48.760 0.0000000000
38043  -48.750  -22.967  48.352 0.0000000000
38045  -50.214  -22.623  47.903 0.0000000000
38053  -45.707  -22.123  47.793 0.0000000000
38081  -45.695  -22.367  46.609 0.0000000000
38741  -46.148  -21.828  49.075 0.0000000000
38742  -46.556  -21.853  49.124 0.0000000000
38743  -47.329  -21.816  49.225 0.0000000000
38744  -48.188  -21.848  49.235 0.0000000000
38745  -48.724  -21.953  49.190 0.0000000000
38754  -45.876  -21.851  48.879 0.0000000000
38755  -46.237  -21.669  48.744 0.0000000000
38756  -46.871  -21.510  48.725 0.0000000000
38767  -45.885  -21.837  48.290 0.0000000000
41142  -46.558  -17.448  46.546 0.0000000000
41976  -47.368  -17.621  46.375 0.0000000000
42666  -47.424  -16.301  47.841 0.0000000000
42667  -48.118  -16.240  48.031 0.0000000000
42677  -46.152  -16.886  46.819 0.0000000000
42680  -48.383  -16.462  47.630 0.0000000000
43415  -45.380  -15.548  44.262 0.0000000000
44155  -47.475  -14.931  47.919 0.0000000000
44157  -48.316  -14.847  48.156 0.0000000000
44168  -47.240  -14.713  47.656 0.0000000000
44193  -45.933  -14.818  45.339 0.0000000000
44195  -51.228  -14.036  45.467 0.0000000000
44197  -53.752  -14.167  45.091 0.0000000000
44210  -53.057  -13.743  44.452 0.0000000000
44211  -53.848  -13.982  44.517 0.0000000000
44212  -53.813  -14.199  44.839 0.0000000000
44933  -47.837  -14.374  48.218 0.0000000000
44935  -48.595  -14.284  48.114 0.0000000000
44943  -47.398  -14.281  47.676 0.0000000000
44957  -47.692  -13.530  47.397 0.0000000000
44972  -54.045  -14.094  45.295 0.0000000000
45807  -52.475  -12.116  45.769 0.0000000000
47284  -54.659  -9.957  45.134 0.0000000000
48163  -53.980  -9.490  45.164 0.0000000000
48183  -56.041  -9.392  44.485 0.0000000000
48199  -56.056  -10.137  44.427 0.0000000000
48982  -54.631  -8.898  45.327 0.0000000000
48984  -55.576  -9.293  45.086 0.0000000000
49004  -56.055  -9.235  44.240 0.0000000000
49975  -53.777  -8.044  43.383 0.0000000000
49987  -53.127  -8.120  42.652 0.0000000000
49988  -53.520  -8.014  42.933 0.0000000000
50909  -58.751  -6.326  35.671 0.0000000000
51684  -58.209  -6.235  36.194 0.0000000000
111719  -52.841  -13.551  45.001 0.0000000000
