#!ascii label  , from subject 3223 vox2ras=TkReg
336
71854  -19.338  18.786  -29.881 0.0000000000
70737  -15.243  17.981  -27.827 0.0000000000
112162  -17.873  16.243  -35.017 0.0000000000
68006  -18.610  14.363  -31.430 0.0000000000
79136  -20.825  26.611  -31.971 0.0000000000
75817  -21.195  22.716  -31.465 0.0000000000
74869  -18.346  21.639  -28.988 0.0000000000
65616  -18.517  11.456  -29.850 0.0000000000
68824  -15.874  16.063  -31.184 0.0000000000
68000  -15.459  14.796  -29.489 0.0000000000
76613  -20.623  23.977  -32.332 0.0000000000
76607  -20.029  23.474  -30.309 0.0000000000
73911  -16.300  20.378  -28.985 0.0000000000
74848  -16.012  21.906  -28.271 0.0000000000
72796  -19.134  19.604  -27.344 0.0000000000
73839  -21.233  19.983  -23.487 0.0000000000
72798  -21.820  18.498  -27.118 0.0000000000
70775  -21.979  17.952  -31.024 0.0000000000
72776  -15.227  19.510  -26.567 0.0000000000
71851  -16.467  18.734  -29.940 0.0000000000
70793  -19.443  17.505  -32.123 0.0000000000
70791  -17.004  16.803  -31.888 0.0000000000
68838  -18.759  15.351  -32.919 0.0000000000
67262  -20.428  12.932  -33.177 0.0000000000
76599  -18.283  22.975  -28.910 0.0000000000
74871  -20.225  21.766  -28.713 0.0000000000
73929  -21.887  20.700  -29.757 0.0000000000
67242  -15.840  13.677  -28.966 0.0000000000
67248  -17.934  13.581  -29.987 0.0000000000
68803  -14.751  15.825  -28.964 0.0000000000
67993  -14.719  14.963  -28.780 0.0000000000
77456  -19.890  24.063  -30.078 0.0000000000
77452  -19.653  24.186  -29.446 0.0000000000
72833  -17.168  19.770  -29.441 0.0000000000
72812  -17.498  20.119  -29.063 0.0000000000
72814  -19.603  19.299  -28.401 0.0000000000
72797  -20.550  18.929  -26.863 0.0000000000
71833  -20.231  18.847  -29.037 0.0000000000
71856  -21.774  18.314  -29.718 0.0000000000
71873  -20.844  18.372  -30.555 0.0000000000
71818  -15.211  18.750  -27.628 0.0000000000
72831  -15.629  19.328  -28.902 0.0000000000
71850  -15.717  18.661  -29.350 0.0000000000
70771  -17.754  17.548  -31.368 0.0000000000
70770  -16.492  17.450  -31.084 0.0000000000
68813  -17.727  15.245  -30.892 0.0000000000
68826  -17.046  15.750  -31.590 0.0000000000
68827  -18.178  15.445  -31.884 0.0000000000
68023  -19.324  14.586  -32.821 0.0000000000
68014  -19.705  13.565  -32.604 0.0000000000
79125  -20.550  26.460  -30.856 0.0000000000
80089  -20.700  27.598  -30.624 0.0000000000
80105  -21.024  27.767  -31.727 0.0000000000
80119  -21.652  27.788  -32.495 0.0000000000
78327  -21.099  25.712  -33.267 0.0000000000
76611  -20.771  23.380  -31.850 0.0000000000
74868  -17.194  21.703  -28.635 0.0000000000
75793  -17.033  22.756  -28.712 0.0000000000
75794  -17.837  22.469  -28.819 0.0000000000
75806  -19.055  22.378  -29.637 0.0000000000
74870  -19.238  21.591  -28.874 0.0000000000
72765  -23.235  19.273  -25.023 0.0000000000
73896  -22.070  20.126  -26.820 0.0000000000
73930  -22.594  19.801  -29.233 0.0000000000
70808  -18.979  16.898  -33.061 0.0000000000
70809  -20.169  17.519  -32.730 0.0000000000
65614  -17.932  11.325  -29.300 0.0000000000
66390  -17.368  12.203  -29.295 0.0000000000
67244  -17.348  13.102  -29.568 0.0000000000
66394  -18.460  12.447  -30.227 0.0000000000
70736  -14.774  17.275  -28.064 0.0000000000
69675  -15.381  16.691  -30.547 0.0000000000
69664  -14.775  16.457  -29.213 0.0000000000
68811  -15.783  15.680  -30.576 0.0000000000
68004  -17.449  14.706  -30.100 0.0000000000
78318  -20.524  25.529  -31.291 0.0000000000
78321  -20.718  25.602  -32.330 0.0000000000
77457  -20.326  24.461  -30.681 0.0000000000
76610  -20.438  23.702  -31.330 0.0000000000
75813  -20.531  22.954  -30.760 0.0000000000
73893  -15.528  20.293  -27.381 0.0000000000
74847  -15.755  21.092  -28.096 0.0000000000
73912  -17.193  20.530  -28.911 0.0000000000
73913  -18.229  20.745  -28.414 0.0000000000
74833  -19.100  20.911  -26.406 0.0000000000
112226  -19.644  19.479  -25.080 0.0000000000
71794  -21.613  18.639  -24.475 0.0000000000
72799  -22.994  18.470  -26.839 0.0000000000
71857  -22.757  17.940  -29.371 0.0000000000
64876  -19.229  10.622  -29.856 0.0000000000
64882  -19.676  10.976  -30.637 0.0000000000
72832  -16.142  19.637  -29.409 0.0000000000
71853  -18.269  18.672  -30.152 0.0000000000
71872  -19.729  18.327  -30.618 0.0000000000
71871  -18.585  18.250  -30.713 0.0000000000
70792  -18.134  16.757  -32.207 0.0000000000
70807  -18.205  16.425  -32.881 0.0000000000
69694  -16.472  16.221  -31.994 0.0000000000
69695  -17.140  16.094  -32.438 0.0000000000
68849  -18.537  15.650  -33.667 0.0000000000
68850  -19.273  14.930  -33.359 0.0000000000
68033  -20.482  13.653  -33.556 0.0000000000
77464  -20.739  24.805  -32.816 0.0000000000
76600  -18.939  23.285  -29.312 0.0000000000
75807  -20.056  22.418  -29.713 0.0000000000
75808  -20.647  22.066  -29.680 0.0000000000
74852  -20.497  21.349  -27.405 0.0000000000
74872  -21.041  21.180  -28.208 0.0000000000
74903  -21.569  21.495  -30.669 0.0000000000
70794  -20.585  17.821  -31.917 0.0000000000
69728  -21.547  17.494  -32.882 0.0000000000
67994  -15.287  14.194  -28.483 0.0000000000
67246  -16.223  14.046  -29.532 0.0000000000
67247  -16.987  13.901  -29.724 0.0000000000
67249  -18.617  13.384  -30.970 0.0000000000
65621  -19.666  11.503  -31.373 0.0000000000
66395  -19.056  12.339  -31.125 0.0000000000
67250  -19.092  12.922  -31.638 0.0000000000
77444  -18.886  24.150  -28.473 0.0000000000
72834  -18.492  19.256  -29.439 0.0000000000
72835  -19.436  19.142  -29.230 0.0000000000
71855  -20.572  18.578  -29.781 0.0000000000
70731  -15.180  18.217  -27.225 0.0000000000
71806  -15.073  18.615  -26.728 0.0000000000
71832  -15.372  18.679  -28.482 0.0000000000
70753  -15.783  17.696  -30.119 0.0000000000
68814  -18.264  14.948  -31.137 0.0000000000
68013  -19.221  14.297  -32.287 0.0000000000
80104  -20.751  27.109  -31.300 0.0000000000
79137  -21.254  27.233  -32.319 0.0000000000
79150  -21.723  26.721  -32.888 0.0000000000
79149  -20.978  26.220  -32.672 0.0000000000
74912  -21.813  21.922  -31.877 0.0000000000
74849  -16.434  22.398  -28.506 0.0000000000
73897  -22.973  19.350  -27.197 0.0000000000
73915  -22.932  19.400  -28.294 0.0000000000
69750  -18.862  16.624  -34.411 0.0000000000
70821  -19.346  17.007  -33.993 0.0000000000
70854  -19.034  16.862  -35.410 0.0000000000
64875  -18.400  10.750  -29.524 0.0000000000
66391  -18.063  12.047  -29.615 0.0000000000
66393  -17.865  12.697  -29.680 0.0000000000
69659  -14.735  16.996  -29.033 0.0000000000
69658  -14.595  16.564  -28.541 0.0000000000
67999  -14.890  15.348  -29.319 0.0000000000
68003  -16.493  14.869  -29.874 0.0000000000
78315  -20.372  25.372  -30.040 0.0000000000
73910  -15.756  20.378  -28.387 0.0000000000
74866  -16.005  20.798  -28.582 0.0000000000
72813  -18.227  19.970  -28.652 0.0000000000
72795  -18.539  20.117  -27.601 0.0000000000
72777  -18.716  19.871  -26.514 0.0000000000
72815  -20.978  18.677  -28.039 0.0000000000
71821  -23.014  18.170  -25.908 0.0000000000
72816  -22.237  18.455  -27.949 0.0000000000
71835  -22.523  18.316  -28.769 0.0000000000
71874  -21.643  18.200  -30.547 0.0000000000
70755  -22.344  17.902  -30.199 0.0000000000
70796  -22.126  17.562  -31.524 0.0000000000
64005  -19.764  9.988  -29.810 0.0000000000
64006  -20.336  9.451  -29.827 0.0000000000
72750  -15.032  19.721  -25.067 0.0000000000
73877  -15.378  20.407  -26.234 0.0000000000
71852  -17.443  18.806  -30.014 0.0000000000
71870  -17.541  18.222  -30.697 0.0000000000
69692  -15.717  16.346  -31.021 0.0000000000
69676  -15.836  16.851  -31.032 0.0000000000
69710  -17.617  16.101  -33.012 0.0000000000
68024  -19.986  14.025  -32.982 0.0000000000
68025  -20.481  13.385  -33.297 0.0000000000
67269  -20.992  13.022  -33.243 0.0000000000
77461  -20.571  24.668  -31.801 0.0000000000
74831  -15.486  21.718  -27.013 0.0000000000
76588  -17.658  23.370  -28.634 0.0000000000
76589  -18.386  23.485  -28.746 0.0000000000
75795  -19.327  21.945  -29.551 0.0000000000
74889  -20.503  21.943  -29.388 0.0000000000
74815  -19.707  20.552  -24.187 0.0000000000
74834  -19.965  21.378  -26.305 0.0000000000
74824  -20.531  20.938  -25.270 0.0000000000
73914  -22.040  20.352  -28.266 0.0000000000
74853  -21.340  20.828  -27.250 0.0000000000
74890  -21.098  21.489  -29.372 0.0000000000
73943  -22.326  20.319  -30.516 0.0000000000
70772  -18.935  17.741  -31.403 0.0000000000
70773  -20.108  17.974  -31.289 0.0000000000
70823  -20.879  17.521  -33.223 0.0000000000
67243  -16.621  13.105  -29.249 0.0000000000
65617  -19.099  11.555  -30.525 0.0000000000
66399  -19.492  12.271  -31.899 0.0000000000
69653  -14.364  16.551  -27.623 0.0000000000
68797  -14.412  15.643  -28.174 0.0000000000
77453  -20.147  24.516  -29.949 0.0000000000
76606  -19.654  23.601  -29.738 0.0000000000
73928  -16.771  20.219  -29.244 0.0000000000
71834  -21.419  18.522  -28.867 0.0000000000
71793  -14.919  18.996  -26.202 0.0000000000
72794  -15.302  19.347  -27.291 0.0000000000
71869  -16.833  18.314  -30.508 0.0000000000
70754  -16.380  18.066  -30.442 0.0000000000
68825  -16.229  15.828  -31.378 0.0000000000
78328  -21.852  25.950  -33.172 0.0000000000
76614  -21.152  23.427  -32.667 0.0000000000
75785  -16.340  23.093  -28.553 0.0000000000
75805  -18.490  22.436  -29.251 0.0000000000
74887  -18.633  22.036  -29.450 0.0000000000
74888  -18.852  21.834  -29.468 0.0000000000
72752  -22.835  19.441  -24.004 0.0000000000
73867  -21.443  20.450  -24.819 0.0000000000
73880  -22.708  19.579  -25.972 0.0000000000
70822  -20.059  17.336  -33.578 0.0000000000
70839  -20.314  17.298  -34.381 0.0000000000
70730  -14.745  17.618  -26.851 0.0000000000
70743  -15.214  17.654  -28.894 0.0000000000
69665  -14.920  16.982  -29.704 0.0000000000
68804  -15.041  15.944  -29.760 0.0000000000
68812  -16.810  15.408  -30.668 0.0000000000
68005  -18.155  14.416  -30.676 0.0000000000
79114  -20.455  26.514  -29.826 0.0000000000
75816  -20.688  23.170  -31.374 0.0000000000
74867  -16.396  21.126  -28.624 0.0000000000
74850  -18.829  21.101  -27.918 0.0000000000
73895  -18.598  20.489  -27.096 0.0000000000
73878  -18.678  20.282  -25.806 0.0000000000
73854  -19.614  19.922  -23.664 0.0000000000
72778  -19.516  19.453  -26.081 0.0000000000
72779  -20.467  19.011  -25.421 0.0000000000
112224  -21.366  18.952  -23.682 0.0000000000
70724  -23.393  18.021  -24.116 0.0000000000
72800  -23.305  18.418  -25.785 0.0000000000
72817  -23.132  18.680  -28.161 0.0000000000
71836  -23.279  18.140  -28.791 0.0000000000
70744  -23.388  17.756  -29.262 0.0000000000
68050  -17.500  15.925  -34.823 0.0000000000
72810  -15.471  19.548  -28.154 0.0000000000
72811  -15.787  19.907  -28.840 0.0000000000
73927  -16.556  20.069  -29.370 0.0000000000
69727  -18.538  16.480  -33.727 0.0000000000
70769  -15.832  17.192  -30.738 0.0000000000
70790  -16.458  16.740  -31.678 0.0000000000
69726  -17.965  16.035  -33.549 0.0000000000
69749  -18.134  16.216  -34.103 0.0000000000
68862  -18.244  15.851  -34.256 0.0000000000
68863  -19.073  15.261  -33.916 0.0000000000
68839  -19.332  14.711  -33.037 0.0000000000
68032  -19.794  14.444  -33.648 0.0000000000
76619  -20.807  24.125  -33.293 0.0000000000
76601  -19.593  23.033  -29.662 0.0000000000
75814  -20.870  22.236  -30.263 0.0000000000
74851  -19.604  21.409  -27.603 0.0000000000
74835  -20.816  21.019  -26.387 0.0000000000
70774  -21.124  18.152  -31.212 0.0000000000
70810  -21.251  17.687  -32.422 0.0000000000
70811  -21.729  17.663  -31.985 0.0000000000
67253  -18.996  13.601  -31.739 0.0000000000
67254  -19.459  13.086  -32.282 0.0000000000
67282  -16.421  16.013  -35.315 0.0000000000
67283  -16.813  15.936  -35.189 0.0000000000
67284  -17.227  15.900  -35.083 0.0000000000
67285  -17.835  15.819  -35.089 0.0000000000
67309  -16.444  15.786  -35.540 0.0000000000
67310  -16.869  15.696  -35.527 0.0000000000
68038  -17.912  15.914  -34.657 0.0000000000
68046  -16.249  15.912  -36.124 0.0000000000
68047  -16.031  15.926  -35.731 0.0000000000
68048  -16.585  16.074  -35.204 0.0000000000
68049  -16.943  16.017  -34.879 0.0000000000
68070  -16.482  15.549  -36.068 0.0000000000
68858  -16.420  16.716  -36.183 0.0000000000
68859  -17.030  16.486  -35.727 0.0000000000
68860  -17.415  16.202  -35.076 0.0000000000
68861  -17.817  16.173  -34.712 0.0000000000
68869  -16.206  16.329  -36.111 0.0000000000
68870  -16.373  16.377  -35.653 0.0000000000
68871  -16.983  16.194  -35.170 0.0000000000
68872  -17.316  16.103  -34.804 0.0000000000
69693  -16.054  16.500  -31.449 0.0000000000
69711  -18.202  16.346  -33.251 0.0000000000
69712  -21.606  17.572  -32.523 0.0000000000
69713  -21.981  17.419  -32.261 0.0000000000
69748  -18.031  16.163  -34.437 0.0000000000
69769  -18.404  16.401  -34.884 0.0000000000
69770  -19.183  16.811  -35.008 0.0000000000
70715  -23.058  17.938  -23.787 0.0000000000
70723  -23.182  17.903  -24.207 0.0000000000
70742  -14.758  17.149  -28.645 0.0000000000
70795  -21.478  17.852  -31.695 0.0000000000
70838  -19.643  17.079  -34.722 0.0000000000
71766  -22.289  18.605  -23.468 0.0000000000
71782  -23.321  18.361  -23.703 0.0000000000
71795  -22.750  18.085  -24.387 0.0000000000
71796  -23.296  18.009  -24.606 0.0000000000
71797  -23.528  18.315  -24.476 0.0000000000
71807  -21.489  18.597  -25.853 0.0000000000
71808  -22.428  18.293  -25.372 0.0000000000
71809  -23.085  18.055  -25.174 0.0000000000
71810  -23.403  18.236  -25.160 0.0000000000
71819  -21.556  18.559  -26.567 0.0000000000
71820  -22.291  18.391  -26.312 0.0000000000
71822  -23.243  18.210  -25.545 0.0000000000
71955  -18.504  16.637  -35.587 0.0000000000
71975  -18.458  16.692  -36.058 0.0000000000
72730  -20.688  19.583  -23.601 0.0000000000
72731  -21.990  19.435  -23.321 0.0000000000
72751  -19.309  19.763  -24.438 0.0000000000
72753  -22.989  18.967  -23.436 0.0000000000
72764  -18.973  19.780  -25.362 0.0000000000
72766  -23.519  18.879  -24.168 0.0000000000
72780  -23.370  18.959  -26.049 0.0000000000
72781  -23.499  18.660  -25.122 0.0000000000
72926  -17.853  16.481  -35.620 0.0000000000
73837  -20.325  19.810  -23.501 0.0000000000
73838  -20.828  19.757  -23.459 0.0000000000
73840  -21.625  19.932  -23.574 0.0000000000
73853  -19.144  19.901  -24.141 0.0000000000
73855  -20.448  20.362  -23.781 0.0000000000
73856  -21.245  20.284  -23.912 0.0000000000
73857  -21.948  19.912  -24.025 0.0000000000
73864  -18.896  20.071  -24.598 0.0000000000
73865  -19.205  20.467  -24.437 0.0000000000
73866  -20.738  20.643  -24.376 0.0000000000
73868  -22.370  19.806  -24.918 0.0000000000
73879  -21.890  20.236  -25.779 0.0000000000
73942  -21.844  20.819  -30.444 0.0000000000
74816  -20.144  20.812  -24.445 0.0000000000
74822  -18.969  20.570  -25.202 0.0000000000
74823  -19.550  20.970  -25.090 0.0000000000
74825  -21.228  20.714  -25.723 0.0000000000
74836  -21.474  20.628  -26.397 0.0000000000
75796  -19.645  21.974  -29.250 0.0000000000
112163  -18.134  16.381  -35.249 0.0000000000
112164  -18.093  16.279  -34.870 0.0000000000
112221  -21.771  18.680  -23.774 0.0000000000
112222  -21.997  19.031  -23.063 0.0000000000
112223  -21.554  19.194  -23.242 0.0000000000
112225  -20.358  19.383  -24.295 0.0000000000
