#!ascii label  , from subject 3223 vox2ras=TkReg
498
112134  -23.332  12.836  -31.885 0.0000000000
112162  -17.873  16.243  -35.017 0.0000000000
75817  -21.195  22.716  -31.465 0.0000000000
72837  -23.725  18.570  -29.280 0.0000000000
68007  -23.589  14.915  -32.259 0.0000000000
112106  -25.950  13.226  -33.043 0.0000000000
76613  -20.623  23.977  -32.332 0.0000000000
69667  -23.682  16.824  -30.194 0.0000000000
70775  -21.979  17.952  -31.024 0.0000000000
68041  -20.326  14.091  -33.870 0.0000000000
64907  -20.731  14.806  -35.205 0.0000000000
112107  -23.019  13.553  -33.461 0.0000000000
64883  -20.216  10.730  -31.112 0.0000000000
67262  -20.428  12.932  -33.177 0.0000000000
81901  -22.280  29.570  -33.217 0.0000000000
79151  -22.171  27.288  -33.366 0.0000000000
78336  -21.260  25.207  -34.126 0.0000000000
76615  -21.842  23.292  -33.366 0.0000000000
74923  -22.128  21.334  -32.715 0.0000000000
73929  -21.887  20.700  -29.757 0.0000000000
71905  -24.031  18.582  -31.546 0.0000000000
70780  -25.198  16.887  -29.835 0.0000000000
69714  -25.752  16.206  -32.134 0.0000000000
112138  -25.646  15.153  -34.903 0.0000000000
70876  -21.686  17.089  -34.817 0.0000000000
112151  -23.674  14.559  -34.323 0.0000000000
71856  -21.774  18.314  -29.718 0.0000000000
71873  -20.844  18.372  -30.555 0.0000000000
67277  -21.599  13.372  -33.675 0.0000000000
112114  -22.639  13.452  -33.667 0.0000000000
112131  -23.989  13.074  -32.326 0.0000000000
62279  -20.564  7.360  -29.694 0.0000000000
62280  -21.494  7.380  -29.837 0.0000000000
63167  -21.507  8.389  -30.009 0.0000000000
68023  -19.324  14.586  -32.821 0.0000000000
68014  -19.705  13.565  -32.604 0.0000000000
79164  -22.209  26.129  -33.490 0.0000000000
76611  -20.771  23.380  -31.850 0.0000000000
76619  -20.807  24.125  -33.293 0.0000000000
75819  -21.830  22.727  -32.489 0.0000000000
75820  -22.381  22.462  -33.302 0.0000000000
74912  -21.813  21.922  -31.877 0.0000000000
73930  -22.594  19.801  -29.233 0.0000000000
72864  -22.994  19.589  -30.931 0.0000000000
72849  -23.642  18.890  -30.217 0.0000000000
71891  -24.947  18.169  -30.744 0.0000000000
71876  -24.399  17.776  -29.965 0.0000000000
68815  -23.352  15.720  -31.294 0.0000000000
68817  -25.015  15.515  -31.040 0.0000000000
68829  -24.501  14.717  -31.655 0.0000000000
112133  -25.565  15.541  -33.403 0.0000000000
112132  -24.923  14.442  -33.437 0.0000000000
70808  -18.979  16.898  -33.061 0.0000000000
70809  -20.169  17.519  -32.730 0.0000000000
70855  -19.901  17.304  -35.443 0.0000000000
112126  -22.250  14.235  -35.222 0.0000000000
112150  -23.177  14.597  -35.051 0.0000000000
68074  -24.918  13.862  -33.368 0.0000000000
67326  -25.758  14.145  -34.506 0.0000000000
67314  -25.975  13.674  -34.186 0.0000000000
64021  -21.880  9.770  -31.296 0.0000000000
65622  -20.430  11.176  -31.830 0.0000000000
65623  -21.088  10.964  -32.213 0.0000000000
65633  -21.158  11.529  -32.685 0.0000000000
72799  -22.994  18.470  -26.839 0.0000000000
70745  -23.724  17.754  -29.231 0.0000000000
71857  -22.757  17.940  -29.371 0.0000000000
70776  -22.666  17.338  -30.731 0.0000000000
68840  -22.533  16.893  -32.175 0.0000000000
68039  -18.738  15.510  -34.495 0.0000000000
70889  -19.251  15.665  -36.097 0.0000000000
66429  -19.837  14.572  -34.902 0.0000000000
112113  -22.783  13.558  -34.158 0.0000000000
112116  -23.893  13.860  -33.289 0.0000000000
64008  -22.035  9.043  -30.736 0.0000000000
68849  -18.537  15.650  -33.667 0.0000000000
68850  -19.273  14.930  -33.359 0.0000000000
68033  -20.482  13.653  -33.556 0.0000000000
66421  -21.226  12.584  -32.944 0.0000000000
82728  -23.073  30.484  -33.639 0.0000000000
81894  -21.912  29.263  -32.529 0.0000000000
81069  -22.498  28.633  -33.610 0.0000000000
80150  -22.539  26.809  -34.854 0.0000000000
78349  -23.054  25.316  -34.163 0.0000000000
77484  -21.906  24.704  -35.476 0.0000000000
77464  -20.739  24.805  -32.816 0.0000000000
76629  -21.258  24.059  -34.748 0.0000000000
76630  -21.830  23.666  -35.169 0.0000000000
75822  -23.187  23.075  -33.908 0.0000000000
75838  -22.550  21.631  -34.592 0.0000000000
73982  -22.717  20.185  -33.912 0.0000000000
74903  -21.569  21.495  -30.669 0.0000000000
74913  -21.916  21.015  -31.415 0.0000000000
72879  -22.929  19.620  -32.069 0.0000000000
71936  -23.905  18.657  -33.794 0.0000000000
71907  -25.216  18.727  -32.438 0.0000000000
71840  -28.078  18.842  -27.958 0.0000000000
69680  -25.009  16.212  -30.508 0.0000000000
69681  -25.991  16.737  -30.337 0.0000000000
70794  -20.585  17.821  -31.917 0.0000000000
69728  -21.547  17.494  -32.882 0.0000000000
112153  -22.521  15.906  -34.585 0.0000000000
71988  -20.419  16.312  -36.225 0.0000000000
112158  -22.429  15.887  -35.117 0.0000000000
112143  -23.783  14.339  -33.506 0.0000000000
112157  -24.707  14.209  -33.531 0.0000000000
68905  -25.554  15.358  -35.839 0.0000000000
66410  -20.531  12.158  -33.018 0.0000000000
66411  -21.368  12.084  -32.807 0.0000000000
66413  -23.258  12.238  -31.420 0.0000000000
112120  -22.862  13.205  -32.682 0.0000000000
66415  -24.785  12.300  -32.055 0.0000000000
61474  -21.478  6.486  -29.860 0.0000000000
73897  -22.973  19.350  -27.197 0.0000000000
73915  -22.932  19.400  -28.294 0.0000000000
72836  -23.393  19.066  -28.823 0.0000000000
72848  -23.169  19.381  -29.795 0.0000000000
71875  -24.072  18.224  -29.732 0.0000000000
68008  -24.165  14.587  -31.724 0.0000000000
68015  -24.457  14.516  -32.282 0.0000000000
112144  -23.777  14.425  -32.963 0.0000000000
69750  -18.862  16.624  -34.411 0.0000000000
70821  -19.346  17.007  -33.993 0.0000000000
70854  -19.034  16.862  -35.410 0.0000000000
112109  -25.118  13.553  -33.119 0.0000000000
68088  -23.685  14.042  -34.104 0.0000000000
112117  -25.430  13.587  -33.257 0.0000000000
67325  -25.537  13.777  -33.667 0.0000000000
112112  -26.076  13.373  -33.468 0.0000000000
65696  -26.391  13.088  -35.005 0.0000000000
64070  -26.565  12.586  -33.965 0.0000000000
64885  -21.603  10.391  -31.774 0.0000000000
72816  -22.237  18.455  -27.949 0.0000000000
71835  -22.523  18.316  -28.769 0.0000000000
71874  -21.643  18.200  -30.547 0.0000000000
70755  -22.344  17.902  -30.199 0.0000000000
69696  -22.685  17.016  -31.393 0.0000000000
70796  -22.126  17.562  -31.524 0.0000000000
68040  -19.573  14.752  -34.129 0.0000000000
67275  -19.398  14.983  -34.659 0.0000000000
67276  -20.191  14.227  -34.250 0.0000000000
66431  -22.189  13.388  -34.251 0.0000000000
112108  -22.974  13.569  -33.701 0.0000000000
66423  -26.011  12.567  -32.863 0.0000000000
62278  -19.883  6.907  -29.803 0.0000000000
61472  -19.625  6.411  -30.282 0.0000000000
64007  -21.253  9.474  -30.683 0.0000000000
68024  -19.986  14.025  -32.982 0.0000000000
68025  -20.481  13.385  -33.297 0.0000000000
67269  -20.992  13.022  -33.243 0.0000000000
82727  -22.268  30.478  -32.853 0.0000000000
82735  -23.245  29.961  -34.666 0.0000000000
81910  -22.771  29.482  -34.151 0.0000000000
80120  -22.169  27.788  -33.119 0.0000000000
81059  -22.065  28.609  -32.825 0.0000000000
80131  -22.483  27.749  -33.843 0.0000000000
80140  -22.581  27.337  -34.731 0.0000000000
79165  -22.230  26.906  -33.766 0.0000000000
78337  -21.853  25.647  -33.677 0.0000000000
79177  -22.359  25.676  -33.843 0.0000000000
78348  -22.000  25.256  -34.509 0.0000000000
78360  -22.569  24.899  -34.424 0.0000000000
78347  -21.332  24.939  -34.619 0.0000000000
76620  -21.210  23.760  -33.804 0.0000000000
76621  -21.746  23.559  -34.317 0.0000000000
76622  -22.410  23.432  -34.535 0.0000000000
76616  -22.408  23.246  -33.846 0.0000000000
75828  -22.398  21.635  -33.824 0.0000000000
74931  -22.343  20.915  -33.773 0.0000000000
74939  -22.564  20.788  -34.762 0.0000000000
73914  -22.040  20.352  -28.266 0.0000000000
74904  -21.849  20.886  -30.778 0.0000000000
73943  -22.326  20.319  -30.516 0.0000000000
72865  -23.532  19.031  -31.271 0.0000000000
72880  -23.437  19.019  -32.365 0.0000000000
72895  -23.432  19.037  -33.414 0.0000000000
71921  -23.951  18.637  -32.705 0.0000000000
71922  -24.524  18.531  -33.157 0.0000000000
71906  -24.553  18.466  -31.847 0.0000000000
71877  -24.972  17.852  -30.312 0.0000000000
71892  -25.466  18.946  -31.606 0.0000000000
71878  -25.165  18.236  -30.035 0.0000000000
73900  -27.450  20.823  -26.892 0.0000000000
70746  -26.868  17.353  -27.858 0.0000000000
70757  -23.599  17.342  -29.841 0.0000000000
70758  -24.127  17.127  -29.976 0.0000000000
69679  -24.008  16.174  -30.249 0.0000000000
69698  -25.444  16.155  -31.238 0.0000000000
69682  -27.258  16.274  -30.510 0.0000000000
69699  -26.499  16.391  -31.413 0.0000000000
112137  -25.713  15.574  -34.322 0.0000000000
70773  -20.108  17.974  -31.289 0.0000000000
70840  -20.880  17.410  -33.982 0.0000000000
70823  -20.879  17.521  -33.223 0.0000000000
69751  -21.428  17.355  -33.641 0.0000000000
69729  -22.084  17.185  -33.105 0.0000000000
69813  -19.823  15.475  -35.482 0.0000000000
70890  -20.409  15.488  -35.551 0.0000000000
112156  -23.245  15.008  -34.676 0.0000000000
71990  -22.219  16.292  -36.015 0.0000000000
112159  -22.888  15.361  -34.390 0.0000000000
112142  -23.355  14.754  -34.113 0.0000000000
112152  -24.292  14.096  -33.622 0.0000000000
68089  -24.947  14.495  -33.775 0.0000000000
67327  -26.122  14.468  -35.117 0.0000000000
68090  -25.760  14.812  -35.217 0.0000000000
66400  -22.473  11.598  -31.849 0.0000000000
65634  -21.568  11.602  -32.579 0.0000000000
66412  -21.959  11.760  -32.413 0.0000000000
67263  -21.939  12.184  -32.536 0.0000000000
67256  -22.844  12.066  -31.486 0.0000000000
71834  -21.419  18.522  -28.867 0.0000000000
71855  -20.572  18.578  -29.781 0.0000000000
112110  -23.560  13.505  -32.988 0.0000000000
112118  -25.999  12.209  -32.633 0.0000000000
66422  -25.215  12.564  -32.510 0.0000000000
66416  -25.547  12.049  -32.348 0.0000000000
61473  -20.491  6.489  -29.946 0.0000000000
63168  -22.228  8.259  -30.196 0.0000000000
68013  -19.221  14.297  -32.287 0.0000000000
81900  -21.918  29.898  -32.583 0.0000000000
79150  -21.723  26.721  -32.888 0.0000000000
78328  -21.852  25.950  -33.172 0.0000000000
78327  -21.099  25.712  -33.267 0.0000000000
76614  -21.152  23.427  -32.667 0.0000000000
74922  -22.062  22.126  -32.583 0.0000000000
71890  -24.653  18.178  -30.545 0.0000000000
70797  -24.912  17.712  -30.284 0.0000000000
70798  -25.039  17.528  -30.162 0.0000000000
69678  -23.142  16.683  -30.736 0.0000000000
68816  -24.315  15.128  -31.114 0.0000000000
68830  -25.049  15.204  -31.768 0.0000000000
68841  -25.420  15.674  -32.620 0.0000000000
68016  -25.121  14.944  -32.654 0.0000000000
70822  -20.059  17.336  -33.578 0.0000000000
70839  -20.314  17.298  -34.381 0.0000000000
70875  -20.583  17.423  -35.826 0.0000000000
112119  -21.997  13.885  -35.270 0.0000000000
112130  -21.813  14.841  -35.233 0.0000000000
112125  -22.027  14.681  -35.219 0.0000000000
67315  -26.450  14.022  -35.064 0.0000000000
67316  -27.229  14.105  -35.142 0.0000000000
67287  -26.603  13.540  -35.125 0.0000000000
64884  -20.957  10.382  -31.480 0.0000000000
65632  -20.505  11.606  -32.497 0.0000000000
65624  -21.876  11.102  -32.169 0.0000000000
72800  -23.305  18.418  -25.785 0.0000000000
72817  -23.132  18.680  -28.161 0.0000000000
72818  -23.468  18.460  -28.818 0.0000000000
71836  -23.279  18.140  -28.791 0.0000000000
70744  -23.388  17.756  -29.262 0.0000000000
70756  -22.975  17.511  -29.878 0.0000000000
70777  -23.124  17.225  -30.293 0.0000000000
112145  -22.914  16.167  -31.456 0.0000000000
112146  -22.725  16.148  -32.521 0.0000000000
68050  -17.500  15.925  -34.823 0.0000000000
112165  -17.328  16.209  -36.075 0.0000000000
67312  -18.029  15.562  -35.571 0.0000000000
112127  -18.917  15.108  -35.503 0.0000000000
65652  -20.488  14.403  -35.064 0.0000000000
66430  -21.031  13.726  -34.709 0.0000000000
65653  -21.090  13.798  -35.063 0.0000000000
65654  -22.219  13.507  -35.018 0.0000000000
112111  -25.437  13.136  -32.882 0.0000000000
64060  -26.735  12.374  -33.219 0.0000000000
61471  -19.083  6.044  -30.970 0.0000000000
64878  -20.573  10.073  -30.740 0.0000000000
64020  -21.441  10.001  -31.393 0.0000000000
64022  -22.583  9.622  -30.995 0.0000000000
69749  -18.134  16.216  -34.103 0.0000000000
68862  -18.244  15.851  -34.256 0.0000000000
68863  -19.073  15.261  -33.916 0.0000000000
68032  -19.794  14.444  -33.648 0.0000000000
68839  -19.332  14.711  -33.037 0.0000000000
67270  -21.947  12.744  -32.706 0.0000000000
81079  -22.841  28.567  -34.689 0.0000000000
79178  -22.589  26.241  -34.367 0.0000000000
79179  -23.539  26.091  -34.704 0.0000000000
77476  -23.315  24.793  -34.498 0.0000000000
77485  -22.694  24.610  -35.003 0.0000000000
76650  -22.080  24.247  -36.283 0.0000000000
77467  -20.890  24.791  -33.736 0.0000000000
76628  -20.946  24.248  -34.086 0.0000000000
77473  -21.071  24.641  -34.480 0.0000000000
77474  -21.424  24.620  -34.997 0.0000000000
76640  -21.660  24.163  -35.560 0.0000000000
76641  -22.173  23.781  -35.901 0.0000000000
76642  -23.128  23.740  -35.720 0.0000000000
74933  -23.572  22.659  -34.383 0.0000000000
75821  -22.782  22.833  -33.908 0.0000000000
75829  -22.686  22.243  -34.158 0.0000000000
75814  -20.870  22.236  -30.263 0.0000000000
73956  -22.436  20.363  -31.770 0.0000000000
73969  -22.554  20.344  -32.910 0.0000000000
72894  -22.986  19.610  -33.120 0.0000000000
73958  -27.163  20.439  -31.646 0.0000000000
72852  -28.123  20.026  -29.910 0.0000000000
71859  -24.132  17.639  -29.624 0.0000000000
70778  -24.808  17.125  -29.971 0.0000000000
70779  -25.141  17.259  -30.170 0.0000000000
69668  -26.222  16.629  -29.819 0.0000000000
69669  -26.679  16.432  -29.817 0.0000000000
69730  -26.084  16.253  -33.090 0.0000000000
70774  -21.124  18.152  -31.212 0.0000000000
70810  -21.251  17.687  -32.422 0.0000000000
70811  -21.729  17.663  -31.985 0.0000000000
69713  -21.981  17.419  -32.261 0.0000000000
112147  -23.127  15.265  -33.658 0.0000000000
71987  -19.118  16.404  -36.172 0.0000000000
71976  -19.762  17.066  -36.152 0.0000000000
71977  -20.876  17.099  -36.100 0.0000000000
71998  -21.720  15.609  -35.526 0.0000000000
70891  -22.260  16.791  -35.820 0.0000000000
112136  -23.493  14.812  -32.965 0.0000000000
112154  -25.101  14.558  -34.019 0.0000000000
67254  -19.459  13.086  -32.282 0.0000000000
67261  -19.914  12.926  -32.918 0.0000000000
66420  -20.870  12.516  -33.094 0.0000000000
61485  -19.001  6.038  -31.573 0.0000000000
61486  -19.187  6.058  -31.313 0.0000000000
64061  -26.795  12.246  -33.793 0.0000000000
64069  -26.398  12.765  -33.558 0.0000000000
64091  -26.451  13.054  -33.830 0.0000000000
64092  -25.877  12.691  -33.957 0.0000000000
64900  -20.820  14.275  -35.135 0.0000000000
64901  -21.109  14.093  -35.030 0.0000000000
64908  -26.757  12.344  -34.370 0.0000000000
64933  -25.965  13.222  -34.012 0.0000000000
64934  -26.510  12.696  -34.342 0.0000000000
65663  -19.566  15.272  -35.336 0.0000000000
65664  -26.729  12.920  -35.199 0.0000000000
65665  -26.578  12.629  -34.958 0.0000000000
65694  -26.301  13.196  -33.932 0.0000000000
65695  -26.374  13.039  -34.540 0.0000000000
66401  -23.074  11.702  -31.380 0.0000000000
66428  -19.506  14.900  -34.864 0.0000000000
66438  -19.309  15.108  -35.048 0.0000000000
66439  -26.436  13.103  -35.003 0.0000000000
66440  -26.878  13.095  -35.057 0.0000000000
66463  -26.196  13.428  -34.042 0.0000000000
66464  -26.259  13.571  -34.996 0.0000000000
67255  -22.686  11.915  -31.605 0.0000000000
67264  -22.487  12.234  -31.908 0.0000000000
67282  -16.421  16.013  -35.315 0.0000000000
67283  -16.813  15.936  -35.189 0.0000000000
67284  -17.227  15.900  -35.083 0.0000000000
67285  -17.835  15.819  -35.089 0.0000000000
67286  -18.643  15.508  -35.108 0.0000000000
67288  -26.997  13.630  -35.220 0.0000000000
67289  -27.372  13.661  -35.266 0.0000000000
67309  -16.444  15.786  -35.540 0.0000000000
67310  -16.869  15.696  -35.527 0.0000000000
67311  -17.397  15.680  -35.456 0.0000000000
67313  -18.476  15.263  -35.692 0.0000000000
68038  -17.912  15.914  -34.657 0.0000000000
68046  -16.249  15.912  -36.124 0.0000000000
68047  -16.031  15.926  -35.731 0.0000000000
68048  -16.585  16.074  -35.204 0.0000000000
68049  -16.943  16.017  -34.879 0.0000000000
68051  -18.131  15.795  -34.811 0.0000000000
68069  -16.552  15.800  -36.174 0.0000000000
68070  -16.482  15.549  -36.068 0.0000000000
68071  -16.839  15.097  -36.181 0.0000000000
68072  -17.653  15.314  -36.008 0.0000000000
68073  -18.149  15.233  -36.000 0.0000000000
68828  -22.797  16.536  -31.543 0.0000000000
68858  -16.420  16.716  -36.183 0.0000000000
68859  -17.030  16.486  -35.727 0.0000000000
68860  -17.415  16.202  -35.076 0.0000000000
68861  -17.817  16.173  -34.712 0.0000000000
68868  -16.694  16.064  -36.120 0.0000000000
68869  -16.206  16.329  -36.111 0.0000000000
68870  -16.373  16.377  -35.653 0.0000000000
68871  -16.983  16.194  -35.170 0.0000000000
68872  -17.316  16.103  -34.804 0.0000000000
68887  -16.931  15.860  -36.234 0.0000000000
68888  -17.042  15.642  -36.142 0.0000000000
68889  -17.380  15.554  -36.128 0.0000000000
68890  -18.007  15.617  -36.128 0.0000000000
68891  -18.741  15.125  -36.047 0.0000000000
69666  -23.485  16.951  -30.265 0.0000000000
69677  -22.861  16.994  -30.939 0.0000000000
69697  -22.843  16.674  -31.182 0.0000000000
69712  -21.606  17.572  -32.523 0.0000000000
69748  -18.031  16.163  -34.437 0.0000000000
69768  -16.918  16.334  -36.112 0.0000000000
69769  -18.404  16.401  -34.884 0.0000000000
69770  -19.183  16.811  -35.008 0.0000000000
70738  -27.821  17.711  -27.277 0.0000000000
70739  -28.597  17.743  -27.418 0.0000000000
70740  -29.034  17.975  -27.436 0.0000000000
70747  -28.375  16.802  -27.622 0.0000000000
70748  -29.069  17.584  -27.821 0.0000000000
70759  -26.001  16.873  -29.295 0.0000000000
70760  -27.818  16.045  -29.128 0.0000000000
70761  -28.802  17.151  -28.769 0.0000000000
70795  -21.478  17.852  -31.695 0.0000000000
70838  -19.643  17.079  -34.722 0.0000000000
70856  -20.384  17.272  -34.903 0.0000000000
70874  -17.735  16.132  -36.081 0.0000000000
71823  -26.149  19.431  -27.267 0.0000000000
71824  -27.016  18.675  -27.209 0.0000000000
71825  -28.008  18.549  -27.502 0.0000000000
71826  -28.721  18.141  -27.486 0.0000000000
71837  -23.729  18.054  -28.921 0.0000000000
71838  -25.633  19.411  -28.037 0.0000000000
71839  -26.191  18.618  -27.725 0.0000000000
71841  -28.779  18.390  -27.934 0.0000000000
71858  -24.000  17.913  -29.243 0.0000000000
71860  -25.463  19.550  -28.624 0.0000000000
71861  -25.436  18.640  -28.709 0.0000000000
71862  -29.177  17.975  -28.654 0.0000000000
71889  -23.964  18.535  -30.577 0.0000000000
71908  -25.673  19.070  -32.349 0.0000000000
71955  -18.504  16.637  -35.587 0.0000000000
71956  -19.073  17.148  -35.885 0.0000000000
71975  -18.458  16.692  -36.058 0.0000000000
71989  -21.648  16.683  -36.119 0.0000000000
72782  -26.485  20.591  -26.376 0.0000000000
72783  -26.930  20.439  -26.379 0.0000000000
72784  -27.233  20.442  -26.392 0.0000000000
72801  -26.104  20.375  -26.985 0.0000000000
72802  -26.645  19.818  -26.698 0.0000000000
72803  -27.241  19.778  -26.918 0.0000000000
72819  -25.732  20.153  -27.685 0.0000000000
72820  -27.776  19.823  -27.749 0.0000000000
72821  -28.163  19.148  -28.352 0.0000000000
72838  -25.599  20.367  -28.618 0.0000000000
72839  -25.397  19.860  -29.114 0.0000000000
72840  -27.942  20.154  -28.741 0.0000000000
72850  -25.652  20.592  -29.485 0.0000000000
72867  -28.293  19.619  -31.280 0.0000000000
72909  -23.094  19.552  -33.955 0.0000000000
72926  -17.853  16.481  -35.620 0.0000000000
72944  -17.576  16.540  -36.036 0.0000000000
72945  -18.012  16.587  -35.931 0.0000000000
73881  -26.515  20.945  -26.361 0.0000000000
73882  -26.707  21.092  -26.228 0.0000000000
73883  -27.171  20.939  -26.262 0.0000000000
73898  -26.352  21.226  -26.755 0.0000000000
73899  -26.730  21.841  -26.702 0.0000000000
73916  -25.960  21.269  -27.894 0.0000000000
73917  -27.733  21.425  -27.930 0.0000000000
73931  -26.107  21.472  -29.381 0.0000000000
73932  -26.838  21.612  -29.661 0.0000000000
73933  -27.494  21.324  -29.135 0.0000000000
73942  -21.844  20.819  -30.444 0.0000000000
73946  -27.360  20.726  -30.438 0.0000000000
74837  -27.084  21.642  -26.546 0.0000000000
74838  -27.290  21.342  -26.585 0.0000000000
74854  -26.509  22.236  -27.435 0.0000000000
74855  -27.103  22.468  -27.075 0.0000000000
74856  -27.424  21.831  -27.042 0.0000000000
74873  -26.508  22.261  -28.542 0.0000000000
74874  -27.071  22.930  -28.041 0.0000000000
74875  -27.523  22.463  -27.645 0.0000000000
74891  -26.606  22.154  -29.252 0.0000000000
74892  -27.014  22.233  -28.852 0.0000000000
74893  -27.436  22.280  -28.329 0.0000000000
74924  -23.048  22.673  -34.278 0.0000000000
74925  -23.453  22.809  -34.015 0.0000000000
75837  -22.391  21.241  -34.277 0.0000000000
76617  -22.809  23.237  -34.095 0.0000000000
76631  -22.675  23.572  -35.135 0.0000000000
76651  -22.668  23.902  -36.477 0.0000000000
77475  -22.941  24.740  -34.247 0.0000000000
77486  -23.435  24.646  -35.263 0.0000000000
77495  -22.282  24.532  -35.949 0.0000000000
77496  -22.851  24.401  -35.897 0.0000000000
77507  -22.431  24.357  -36.430 0.0000000000
78338  -24.036  26.021  -34.699 0.0000000000
78339  -24.218  26.153  -34.727 0.0000000000
78350  -23.782  25.426  -34.896 0.0000000000
78359  -22.215  24.915  -34.916 0.0000000000
79166  -23.904  26.183  -34.678 0.0000000000
79167  -24.108  26.231  -34.551 0.0000000000
79180  -24.003  26.160  -34.846 0.0000000000
79191  -22.604  26.616  -34.990 0.0000000000
112104  -25.706  13.409  -33.118 0.0000000000
112105  -25.926  13.428  -33.220 0.0000000000
112115  -21.940  14.291  -35.232 0.0000000000
112121  -21.667  14.064  -35.251 0.0000000000
112122  -21.728  14.469  -35.219 0.0000000000
112123  -20.744  15.036  -35.301 0.0000000000
112124  -22.038  14.523  -35.199 0.0000000000
112128  -20.528  15.126  -35.301 0.0000000000
112129  -21.016  15.189  -35.300 0.0000000000
112135  -23.111  15.101  -34.094 0.0000000000
112139  -20.085  14.866  -35.166 0.0000000000
112140  -20.761  15.219  -35.383 0.0000000000
112141  -21.081  15.459  -35.559 0.0000000000
112148  -19.608  15.399  -35.462 0.0000000000
112149  -20.777  15.452  -35.482 0.0000000000
112155  -19.485  15.466  -35.657 0.0000000000
112160  -18.006  16.074  -36.130 0.0000000000
112161  -17.380  15.833  -36.238 0.0000000000
112163  -18.134  16.381  -35.249 0.0000000000
112164  -18.093  16.279  -34.870 0.0000000000
