#!ascii label  , from subject 3223 vox2ras=TkReg
1015
61471  -19.083  6.044  -30.970 0.4285714328
62279  -20.564  7.360  -29.694 0.2857142985
62278  -19.883  6.907  -29.803 0.4285714328
62280  -21.494  7.380  -29.837 0.4285714328
63166  -20.840  8.513  -29.731 0.2857142985
63168  -22.228  8.259  -30.196 0.4285714328
64007  -21.253  9.474  -30.683 0.4285714328
64020  -21.441  10.001  -31.393 0.4285714328
64021  -21.880  9.770  -31.296 0.4285714328
65622  -20.430  11.176  -31.830 0.5714285970
64885  -21.603  10.391  -31.774 0.5714285970
64886  -22.362  10.315  -31.496 0.2857142985
65623  -21.088  10.964  -32.213 0.7142857313
65624  -21.876  11.102  -32.169 0.7142857313
66412  -21.959  11.760  -32.413 0.7142857313
67256  -22.844  12.066  -31.486 0.4285714328
65633  -21.158  11.529  -32.685 0.7142857313
66400  -22.473  11.598  -31.849 0.5714285970
112134  -23.332  12.836  -31.885 0.5714285970
66411  -21.368  12.084  -32.807 0.5714285970
67270  -21.947  12.744  -32.706 0.5714285970
66421  -21.226  12.584  -32.944 0.5714285970
66415  -24.785  12.300  -32.055 0.4285714328
112120  -22.862  13.205  -32.682 0.5714285970
112110  -23.560  13.505  -32.988 0.5714285970
68033  -20.482  13.653  -33.556 0.7142857313
112114  -22.639  13.452  -33.667 0.7142857313
112107  -23.019  13.553  -33.461 0.5714285970
67277  -21.599  13.372  -33.675 0.5714285970
68024  -19.986  14.025  -32.982 0.5714285970
67276  -20.191  14.227  -34.250 0.8571428657
112108  -22.974  13.569  -33.701 0.7142857313
112116  -23.893  13.860  -33.289 0.5714285970
68041  -20.326  14.091  -33.870 0.7142857313
68032  -19.794  14.444  -33.648 0.5714285970
65654  -22.219  13.507  -35.018 0.7142857313
66430  -21.031  13.726  -34.709 0.7142857313
112113  -22.783  13.558  -34.158 0.7142857313
112126  -22.250  14.235  -35.222 0.5714285970
112109  -25.118  13.553  -33.119 0.5714285970
66429  -19.837  14.572  -34.902 0.5714285970
65652  -20.488  14.403  -35.064 0.7142857313
112119  -21.997  13.885  -35.270 0.7142857313
112150  -23.177  14.597  -35.051 0.7142857313
68088  -23.685  14.042  -34.104 0.7142857313
70890  -20.409  15.488  -35.551 0.7142857313
112130  -21.813  14.841  -35.233 0.7142857313
112151  -23.674  14.559  -34.323 0.7142857313
71998  -21.720  15.609  -35.526 0.7142857313
70889  -19.251  15.665  -36.097 0.5714285970
68089  -24.947  14.495  -33.775 0.5714285970
112157  -24.707  14.209  -33.531 0.5714285970
71990  -22.219  16.292  -36.015 0.8571428657
71988  -20.419  16.312  -36.225 0.8571428657
112152  -24.292  14.096  -33.622 0.7142857313
112143  -23.783  14.339  -33.506 0.7142857313
112158  -22.429  15.887  -35.117 0.8571428657
112159  -22.888  15.361  -34.390 0.7142857313
68008  -24.165  14.587  -31.724 0.8571428657
112132  -24.923  14.442  -33.437 0.5714285970
112136  -23.493  14.812  -32.965 0.8571428657
112147  -23.127  15.265  -33.658 0.8571428657
112153  -22.521  15.906  -34.585 0.8571428657
68816  -24.315  15.128  -31.114 0.8571428657
68817  -25.015  15.515  -31.040 0.8571428657
69680  -25.009  16.212  -30.508 0.8571428657
68007  -23.589  14.915  -32.259 0.8571428657
69679  -24.008  16.174  -30.249 0.8571428657
70757  -23.599  17.342  -29.841 1.0000000000
68815  -23.352  15.720  -31.294 0.8571428657
70758  -24.127  17.127  -29.976 1.0000000000
69667  -23.682  16.824  -30.194 1.0000000000
71875  -24.072  18.224  -29.732 1.0000000000
73930  -22.594  19.801  -29.233 0.7142857313
71859  -24.132  17.639  -29.624 1.0000000000
72818  -23.468  18.460  -28.818 1.0000000000
72837  -23.725  18.570  -29.280 1.0000000000
74913  -21.916  21.015  -31.415 1.0000000000
74903  -21.569  21.495  -30.669 0.8571428657
75819  -21.830  22.727  -32.489 0.8571428657
77473  -21.071  24.641  -34.480 0.8571428657
76620  -21.210  23.760  -33.804 0.8571428657
79177  -22.359  25.676  -33.843 0.8571428657
78348  -22.000  25.256  -34.509 0.8571428657
79178  -22.589  26.241  -34.367 0.7142857313
79150  -21.723  26.721  -32.888 0.5714285970
80131  -22.483  27.749  -33.843 0.7142857313
80140  -22.581  27.337  -34.731 0.5714285970
81059  -22.065  28.609  -32.825 0.5714285970
80120  -22.169  27.788  -33.119 0.5714285970
81901  -22.280  29.570  -33.217 0.4285714328
82728  -23.073  30.484  -33.639 0.4285714328
82735  -23.245  29.961  -34.666 0.4285714328
83495  -22.241  31.834  -32.421 0.2857142985
83499  -22.076  31.129  -32.525 0.2857142985
84214  -22.106  32.608  -32.806 0.2857142985
112156  -23.245  15.008  -34.676 0.7142857313
112142  -23.355  14.754  -34.113 0.7142857313
112144  -23.777  14.425  -32.963 0.8571428657
68829  -24.501  14.717  -31.655 0.8571428657
72848  -23.169  19.381  -29.795 0.8571428657
112650  -23.650  33.289  -29.958 0.1428571492
62262  -20.417  7.898  -29.492 0.2857142985
63167  -21.507  8.389  -30.009 0.4285714328
64008  -22.035  9.043  -30.736 0.4285714328
64006  -20.336  9.451  -29.827 0.2857142985
64884  -20.957  10.382  -31.480 0.4285714328
64022  -22.583  9.622  -30.995 0.4285714328
64883  -20.216  10.730  -31.112 0.5714285970
65632  -20.505  11.606  -32.497 0.2857142985
65634  -21.568  11.602  -32.579 0.7142857313
67263  -21.939  12.184  -32.536 0.4285714328
66420  -20.870  12.516  -33.094 0.5714285970
66416  -25.547  12.049  -32.348 0.4285714328
67262  -20.428  12.932  -33.177 0.7142857313
67269  -20.992  13.022  -33.243 0.7142857313
112131  -23.989  13.074  -32.326 0.5714285970
66422  -25.215  12.564  -32.510 0.4285714328
66431  -22.189  13.388  -34.251 0.7142857313
112117  -25.430  13.587  -33.257 0.5714285970
68040  -19.573  14.752  -34.129 0.5714285970
112111  -25.437  13.136  -32.882 0.5714285970
64907  -20.731  14.806  -35.205 0.7142857313
65653  -21.090  13.798  -35.063 0.7142857313
68074  -24.918  13.862  -33.368 0.5714285970
112127  -18.917  15.108  -35.503 0.8571428657
68015  -24.457  14.516  -32.282 0.5714285970
112146  -22.725  16.148  -32.521 1.0000000000
70778  -24.808  17.125  -29.971 1.0000000000
70756  -22.975  17.511  -29.878 1.0000000000
72836  -23.393  19.066  -28.823 0.8571428657
73929  -21.887  20.700  -29.757 0.7142857313
73943  -22.326  20.319  -30.516 1.0000000000
72864  -22.994  19.589  -30.931 1.0000000000
74904  -21.849  20.886  -30.778 0.7142857313
74912  -21.813  21.922  -31.877 0.8571428657
76628  -20.946  24.248  -34.086 0.8571428657
76615  -21.842  23.292  -33.366 1.0000000000
79164  -22.209  26.129  -33.490 0.7142857313
79151  -22.171  27.288  -33.366 0.5714285970
81069  -22.498  28.633  -33.610 0.7142857313
81894  -21.912  29.263  -32.529 0.4285714328
83500  -22.771  31.152  -32.657 0.2857142985
81079  -22.841  28.567  -34.689 0.4285714328
83496  -23.142  32.029  -31.846 0.2857142985
66410  -20.531  12.158  -33.018 0.4285714328
67261  -19.914  12.926  -32.918 0.4285714328
82727  -22.268  30.478  -32.853 0.4285714328
61472  -19.625  6.411  -30.282 0.4285714328
61473  -20.491  6.489  -29.946 0.4285714328
62261  -19.777  7.449  -29.514 0.2857142985
61457  -19.522  6.763  -29.855 0.2857142985
61474  -21.478  6.486  -29.860 0.4285714328
63155  -20.223  8.433  -29.368 0.2857142985
64878  -20.573  10.073  -30.740 0.2857142985
65631  -19.934  11.696  -32.126 0.2857142985
112118  -25.999  12.209  -32.633 0.5714285970
68025  -20.481  13.385  -33.297 0.7142857313
112125  -22.027  14.681  -35.219 0.7142857313
67275  -19.398  14.983  -34.659 0.7142857313
69813  -19.823  15.475  -35.482 0.8571428657
69678  -23.142  16.683  -30.736 1.0000000000
78336  -21.260  25.207  -34.126 0.8571428657
78337  -21.853  25.647  -33.677 0.8571428657
79165  -22.230  26.906  -33.766 0.7142857313
81900  -21.918  29.898  -32.583 0.4285714328
81910  -22.771  29.482  -34.151 0.4285714328
84219  -21.445  32.959  -33.166 0.2857142985
112661  -22.418  32.732  -32.536 0.2857142985
112655  -23.249  33.239  -30.839 0.1428571492
66409  -19.863  12.202  -32.604 0.2857142985
82745  -25.900  30.555  -35.214 0.2857142985
84227  -26.631  31.708  -34.386 0.1428571492
82737  -25.110  30.626  -34.265 0.2857142985
83506  -26.036  30.937  -33.931 0.1428571492
83501  -23.863  31.095  -32.704 0.1428571492
82729  -24.315  30.755  -33.612 0.2857142985
83502  -25.095  31.053  -32.955 0.1428571492
81932  -24.253  29.659  -36.293 0.2857142985
82744  -24.624  30.179  -35.250 0.2857142985
79212  -24.059  26.383  -38.199 0.2857142985
81102  -23.670  28.576  -36.525 0.2857142985
84228  -26.674  32.631  -34.167 0.1428571492
80152  -22.869  27.335  -36.088 0.2857142985
82752  -23.925  29.800  -35.893 0.2857142985
82736  -23.942  30.409  -34.517 0.2857142985
78386  -23.960  24.864  -36.837 0.1428571492
80161  -23.421  27.445  -36.970 0.2857142985
83503  -25.748  31.110  -33.329 0.1428571492
81091  -23.205  28.816  -35.712 0.2857142985
82743  -23.677  29.965  -35.394 0.2857142985
76662  -24.584  23.917  -37.129 0.1428571492
76661  -23.861  24.179  -36.783 0.1428571492
78362  -23.967  25.759  -35.776 0.4285714328
81080  -22.987  27.971  -35.354 0.2857142985
76632  -23.566  23.518  -34.819 0.2857142985
77485  -22.694  24.610  -35.003 0.4285714328
79192  -22.832  26.533  -35.295 0.2857142985
81919  -23.014  29.425  -34.920 0.2857142985
74940  -22.882  21.556  -35.350 0.1428571492
76651  -22.668  23.902  -36.477 0.2857142985
79179  -23.539  26.091  -34.704 0.4285714328
76640  -21.660  24.163  -35.560 0.5714285970
78349  -23.054  25.316  -34.163 0.7142857313
74947  -22.864  20.364  -35.130 0.1428571492
74932  -22.889  22.281  -34.814 0.1428571492
78360  -22.569  24.899  -34.424 0.7142857313
80150  -22.539  26.809  -34.854 0.4285714328
76622  -22.410  23.432  -34.535 0.4285714328
71957  -23.893  18.669  -34.564 0.2857142985
73982  -22.717  20.185  -33.912 0.7142857313
77474  -21.424  24.620  -34.997 0.7142857313
74922  -22.062  22.126  -32.583 0.8571428657
75828  -22.398  21.635  -33.824 0.8571428657
76621  -21.746  23.559  -34.317 0.5714285970
72896  -25.794  18.938  -33.287 0.2857142985
71923  -25.114  18.644  -33.701 0.2857142985
76616  -22.408  23.246  -33.846 0.7142857313
77464  -20.739  24.805  -32.816 0.5714285970
72881  -25.752  19.040  -32.683 0.1428571492
72894  -22.986  19.610  -33.120 0.7142857313
73957  -26.514  20.524  -31.987 0.1428571492
71834  -21.419  18.522  -28.867 0.5714285970
71836  -23.279  18.140  -28.791 0.8571428657
72817  -23.132  18.680  -28.161 0.8571428657
72799  -22.994  18.470  -26.839 0.4285714328
73897  -22.973  19.350  -27.197 0.5714285970
72865  -23.532  19.031  -31.271 0.8571428657
73956  -22.436  20.363  -31.770 0.8571428657
72866  -25.644  19.942  -31.309 0.2857142985
72880  -23.437  19.019  -32.365 0.8571428657
73969  -22.554  20.344  -32.910 0.8571428657
72852  -28.123  20.026  -29.910 0.4285714328
71906  -24.553  18.466  -31.847 0.7142857313
72895  -23.432  19.037  -33.414 0.7142857313
71857  -22.757  17.940  -29.371 0.5714285970
71835  -22.523  18.316  -28.769 0.5714285970
70745  -23.724  17.754  -29.231 0.8571428657
72849  -23.642  18.890  -30.217 0.8571428657
72879  -22.929  19.620  -32.069 0.8571428657
71878  -25.165  18.236  -30.035 0.4285714328
71891  -24.947  18.169  -30.744 0.8571428657
71905  -24.031  18.582  -31.546 0.8571428657
71840  -28.078  18.842  -27.958 0.4285714328
70821  -19.346  17.007  -33.993 0.7142857313
70809  -20.169  17.519  -32.730 0.4285714328
70855  -19.901  17.304  -35.443 0.7142857313
69751  -21.428  17.355  -33.641 0.8571428657
70810  -21.251  17.687  -32.422 0.5714285970
71873  -20.844  18.372  -30.555 0.5714285970
69713  -21.981  17.419  -32.261 0.8571428657
70775  -21.979  17.952  -31.024 0.5714285970
71856  -21.774  18.314  -29.718 0.5714285970
112145  -22.914  16.167  -31.456 0.8571428657
70776  -22.666  17.338  -30.731 0.7142857313
70755  -22.344  17.902  -30.199 0.5714285970
70798  -25.039  17.528  -30.162 0.7142857313
70797  -24.912  17.712  -30.284 0.8571428657
69715  -26.885  16.368  -32.476 0.2857142985
69682  -27.258  16.274  -30.510 0.4285714328
69669  -26.679  16.432  -29.817 0.5714285970
68039  -18.738  15.510  -34.495 0.4285714328
112162  -17.873  16.243  -35.017 0.4285714328
70808  -18.979  16.898  -33.061 0.4285714328
70891  -22.260  16.791  -35.820 0.7142857313
70876  -21.686  17.089  -34.817 0.7142857313
68840  -22.533  16.893  -32.175 0.8571428657
68830  -25.049  15.204  -31.768 0.7142857313
69714  -25.752  16.206  -32.134 0.2857142985
69698  -25.444  16.155  -31.238 0.5714285970
68863  -19.073  15.261  -33.916 0.4285714328
68849  -18.537  15.650  -33.667 0.5714285970
112165  -17.328  16.209  -36.075 0.5714285970
70854  -19.034  16.862  -35.410 0.5714285970
71977  -20.876  17.099  -36.100 0.7142857313
112133  -25.565  15.541  -33.403 0.4285714328
69730  -26.084  16.253  -33.090 0.4285714328
68841  -25.420  15.674  -32.620 0.4285714328
112106  -25.950  13.226  -33.043 0.4285714328
68090  -25.760  14.812  -35.217 0.4285714328
68905  -25.554  15.358  -35.839 0.4285714328
112154  -25.101  14.558  -34.019 0.4285714328
64023  -23.083  9.505  -30.713 0.1428571492
67325  -25.537  13.777  -33.667 0.4285714328
67326  -25.758  14.145  -34.506 0.4285714328
67327  -26.122  14.468  -35.117 0.4285714328
65625  -22.851  10.968  -31.544 0.1428571492
65626  -23.899  11.118  -31.336 0.1428571492
65646  -28.576  11.868  -33.462 0.2857142985
65667  -28.309  12.015  -34.770 0.2857142985
65656  -27.600  12.133  -33.977 0.2857142985
64936  -28.057  12.351  -35.170 0.2857142985
64903  -27.162  12.150  -34.340 0.2857142985
66424  -27.100  12.066  -33.465 0.2857142985
65666  -27.153  12.684  -35.152 0.2857142985
65696  -26.391  13.088  -35.005 0.4285714328
64887  -23.445  10.079  -30.985 0.1428571492
64888  -24.588  10.497  -30.889 0.1428571492
65627  -24.935  11.180  -31.238 0.2857142985
65628  -25.661  11.172  -31.516 0.2857142985
64894  -28.061  11.174  -31.865 0.2857142985
65640  -28.336  11.910  -32.794 0.2857142985
65639  -27.631  11.827  -32.426 0.2857142985
65643  -26.061  11.919  -32.499 0.2857142985
63197  -27.987  9.384  -31.886 0.2857142985
64889  -25.791  10.556  -30.924 0.2857142985
64893  -27.154  10.956  -31.851 0.2857142985
64009  -22.746  9.020  -30.506 0.1428571492
64010  -23.613  9.250  -30.399 0.1428571492
61487  -19.684  6.028  -30.724 0.2857142985
60653  -19.299  5.899  -31.209 0.2857142985
60640  -19.069  5.890  -31.301 0.2857142985
60642  -20.381  5.714  -30.155 0.1428571492
60623  -18.970  5.540  -30.354 0.2857142985
59934  -19.293  4.778  -29.678 0.1428571492
64036  -26.605  10.310  -31.194 0.2857142985
65638  -26.908  11.465  -32.352 0.2857142985
66423  -26.011  12.567  -32.863 0.4285714328
64060  -26.735  12.374  -33.219 0.4285714328
64909  -27.063  12.126  -34.939 0.2857142985
66441  -27.378  13.289  -35.254 0.2857142985
67315  -26.450  14.022  -35.064 0.4285714328
68016  -25.121  14.944  -32.654 0.4285714328
69699  -26.499  16.391  -31.413 0.5714285970
76614  -21.152  23.427  -32.667 0.7142857313
70780  -25.198  16.887  -29.835 0.7142857313
74923  -22.128  21.334  -32.715 0.8571428657
78328  -21.852  25.950  -33.172 0.4285714328
78327  -21.099  25.712  -33.267 0.5714285970
76629  -21.258  24.059  -34.748 0.7142857313
70782  -28.621  16.969  -29.593 0.2857142985
71936  -23.905  18.657  -33.794 0.5714285970
74933  -23.572  22.659  -34.383 0.4285714328
76642  -23.128  23.740  -35.720 0.4285714328
84223  -26.725  32.612  -33.282 0.1428571492
78374  -23.927  25.352  -36.494 0.2857142985
77509  -23.635  24.381  -36.672 0.1428571492
62281  -22.361  7.347  -30.040 0.1428571492
64879  -23.758  9.706  -30.668 0.1428571492
64881  -25.136  10.012  -30.413 0.1428571492
64024  -26.428  10.070  -30.814 0.1428571492
66414  -24.144  12.188  -31.502 0.2857142985
65637  -25.976  11.480  -31.990 0.2857142985
64898  -29.084  11.112  -32.967 0.2857142985
68862  -18.244  15.851  -34.256 0.5714285970
65644  -26.620  11.900  -32.732 0.2857142985
69727  -18.538  16.480  -33.727 0.2857142985
65697  -27.764  12.822  -35.265 0.2857142985
66465  -28.022  13.765  -35.250 0.2857142985
70839  -20.314  17.298  -34.381 0.7142857313
70875  -20.583  17.423  -35.826 0.5714285970
70773  -20.108  17.974  -31.289 0.4285714328
70794  -20.585  17.821  -31.917 0.5714285970
67316  -27.229  14.105  -35.142 0.4285714328
72815  -20.978  18.677  -28.039 0.2857142985
71855  -20.572  18.578  -29.781 0.5714285970
70811  -21.729  17.663  -31.985 0.7142857313
72798  -21.820  18.498  -27.118 0.2857142985
68915  -26.107  15.903  -37.191 0.1428571492
112138  -25.646  15.153  -34.903 0.4285714328
69815  -26.480  15.754  -36.209 0.1428571492
69795  -26.503  16.186  -35.450 0.1428571492
69700  -27.694  16.486  -31.693 0.2857142985
70746  -26.868  17.353  -27.858 0.5714285970
71892  -25.466  18.946  -31.606 0.7142857313
72883  -27.344  19.679  -32.689 0.2857142985
71907  -25.216  18.727  -32.438 0.4285714328
73958  -27.163  20.439  -31.646 0.4285714328
75838  -22.550  21.631  -34.592 0.5714285970
71938  -25.036  18.609  -34.325 0.1428571492
73993  -23.328  19.301  -35.051 0.1428571492
74948  -23.011  20.631  -35.499 0.1428571492
84221  -25.806  31.277  -32.968 0.1428571492
75822  -23.187  23.075  -33.908 0.5714285970
74004  -23.639  19.787  -35.479 0.1428571492
74941  -23.650  22.255  -35.068 0.1428571492
77497  -23.435  24.560  -36.073 0.2857142985
76643  -24.114  23.590  -35.403 0.2857142985
76653  -24.468  23.479  -36.152 0.1428571492
79203  -23.773  26.247  -36.937 0.2857142985
78387  -24.143  25.345  -37.460 0.1428571492
77517  -24.479  24.637  -38.022 0.1428571492
61475  -22.489  6.442  -29.883 0.1428571492
64011  -24.884  9.131  -30.052 0.1428571492
65657  -28.875  11.631  -34.312 0.2857142985
69731  -27.118  16.563  -33.522 0.2857142985
76666  -25.104  24.033  -38.384 0.1428571492
61456  -18.896  6.549  -29.815 0.2857142985
66401  -23.074  11.702  -31.380 0.2857142985
66413  -23.258  12.238  -31.420 0.4285714328
65635  -24.386  11.642  -31.368 0.2857142985
71987  -19.118  16.404  -36.172 0.5714285970
67312  -18.029  15.562  -35.571 0.4285714328
71976  -19.762  17.066  -36.152 0.7142857313
70779  -25.141  17.259  -30.170 0.7142857313
70744  -23.388  17.756  -29.262 0.8571428657
70777  -23.124  17.225  -30.293 0.8571428657
71876  -24.399  17.776  -29.965 0.8571428657
77467  -20.890  24.791  -33.736 0.5714285970
78347  -21.332  24.939  -34.619 0.7142857313
80151  -22.541  27.002  -35.332 0.2857142985
82742  -23.249  29.742  -35.146 0.2857142985
112112  -26.076  13.373  -33.468 0.4285714328
75820  -22.381  22.462  -33.302 0.8571428657
81090  -23.008  29.082  -35.210 0.2857142985
69729  -22.084  17.185  -33.105 0.8571428657
83509  -26.519  30.962  -34.576 0.1428571492
82738  -25.858  30.761  -34.498 0.2857142985
81922  -25.164  29.913  -35.812 0.2857142985
83505  -25.375  30.874  -33.600 0.1428571492
82730  -24.952  30.819  -33.598 0.1428571492
81921  -24.558  29.919  -35.785 0.2857142985
84222  -26.355  31.713  -33.349 0.1428571492
79193  -23.528  26.364  -35.745 0.2857142985
81931  -23.582  29.534  -35.919 0.2857142985
81101  -23.584  29.192  -36.257 0.2857142985
78361  -23.778  25.084  -35.768 0.2857142985
77510  -24.109  24.522  -37.195 0.1428571492
81092  -23.172  27.986  -35.836 0.2857142985
75839  -24.171  23.042  -34.641 0.1428571492
77484  -21.906  24.704  -35.476 0.5714285970
76650  -22.080  24.247  -36.283 0.4285714328
77476  -23.315  24.793  -34.498 0.5714285970
75845  -24.568  22.627  -35.544 0.1428571492
76660  -23.134  24.101  -36.715 0.2857142985
76652  -23.693  23.903  -36.389 0.2857142985
76641  -22.173  23.781  -35.901 0.4285714328
76630  -21.830  23.666  -35.169 0.5714285970
74939  -22.564  20.788  -34.762 0.4285714328
75829  -22.686  22.243  -34.158 0.5714285970
74931  -22.343  20.915  -33.773 0.7142857313
75821  -22.782  22.833  -33.908 0.7142857313
71922  -24.524  18.531  -33.157 0.5714285970
72800  -23.305  18.418  -25.785 0.4285714328
72816  -22.237  18.455  -27.949 0.4285714328
71890  -24.653  18.178  -30.545 0.8571428657
73900  -27.450  20.823  -26.892 0.5714285970
71921  -23.951  18.637  -32.705 0.8571428657
71877  -24.972  17.852  -30.312 0.7142857313
69750  -18.862  16.624  -34.411 0.5714285970
70822  -20.059  17.336  -33.578 0.4285714328
70840  -20.880  17.410  -33.982 0.7142857313
70823  -20.879  17.521  -33.223 0.7142857313
69728  -21.547  17.494  -32.882 0.7142857313
70774  -21.124  18.152  -31.212 0.5714285970
71874  -21.643  18.200  -30.547 0.5714285970
71872  -19.729  18.327  -30.618 0.2857142985
70796  -22.126  17.562  -31.524 0.7142857313
69696  -22.685  17.016  -31.393 0.8571428657
69681  -25.991  16.737  -30.337 0.5714285970
69668  -26.222  16.629  -29.819 0.7142857313
68050  -17.500  15.925  -34.823 0.5714285970
69749  -18.134  16.216  -34.103 0.5714285970
112137  -25.713  15.574  -34.322 0.4285714328
69752  -26.387  16.357  -34.240 0.2857142985
66432  -27.066  11.929  -33.594 0.2857142985
64070  -26.565  12.586  -33.965 0.4285714328
67314  -25.975  13.674  -34.186 0.4285714328
65636  -24.999  11.662  -31.662 0.2857142985
65645  -27.383  12.012  -33.134 0.2857142985
64904  -27.320  12.103  -34.519 0.2857142985
67287  -26.603  13.540  -35.125 0.4285714328
64880  -24.240  9.782  -30.591 0.1428571492
64895  -28.540  11.567  -32.304 0.2857142985
64892  -26.438  10.839  -31.547 0.2857142985
64038  -28.048  10.107  -31.872 0.2857142985
60654  -19.585  5.801  -30.775 0.1428571492
60624  -19.282  5.251  -30.233 0.1428571492
84215  -25.890  31.561  -32.387 0.1428571492
60643  -21.630  5.609  -29.824 0.1428571492
83497  -24.833  31.484  -31.728 0.1428571492
76613  -20.623  23.977  -32.332 0.5714285970
75817  -21.195  22.716  -31.465 0.4285714328
76611  -20.771  23.380  -31.850 0.4285714328
76619  -20.807  24.125  -33.293 0.4285714328
75814  -20.870  22.236  -30.263 0.4285714328
73915  -22.932  19.400  -28.294 0.5714285970
65668  -29.122  11.357  -35.314 0.1428571492
65698  -28.535  12.535  -35.344 0.1428571492
65621  -19.666  11.503  -31.373 0.2857142985
64913  -31.216  10.473  -35.382 0.1428571492
64912  -30.150  10.417  -35.336 0.1428571492
65670  -31.310  11.226  -35.590 0.1428571492
65669  -30.195  11.356  -35.681 0.1428571492
64071  -29.575  9.959  -34.397 0.1428571492
64072  -30.133  9.718  -34.905 0.1428571492
64905  -29.298  10.902  -33.907 0.1428571492
64914  -32.357  10.453  -35.348 0.1428571492
64939  -35.004  10.190  -35.994 0.1428571492
64915  -33.370  10.336  -35.601 0.1428571492
64917  -34.400  10.448  -35.856 0.1428571492
64882  -19.676  10.976  -30.637 0.2857142985
63210  -29.205  9.208  -32.920 0.1428571492
64053  -29.882  9.240  -33.172 0.1428571492
64062  -29.374  9.957  -33.673 0.1428571492
64897  -28.824  10.856  -32.323 0.1428571492
64073  -31.107  9.862  -35.058 0.1428571492
64063  -30.102  9.450  -34.157 0.1428571492
64074  -32.381  9.784  -35.063 0.1428571492
64075  -33.450  9.569  -35.373 0.1428571492
64094  -34.510  9.350  -35.758 0.1428571492
64095  -35.001  9.286  -35.892 0.1428571492
64937  -34.061  9.902  -35.850 0.1428571492
64877  -20.007  10.334  -30.315 0.2857142985
64876  -19.229  10.622  -29.856 0.2857142985
64005  -19.764  9.988  -29.810 0.2857142985
63198  -28.410  9.172  -32.225 0.1428571492
64065  -32.081  9.710  -34.651 0.1428571492
63223  -33.576  8.908  -34.908 0.1428571492
64076  -34.187  9.204  -35.562 0.1428571492
64940  -35.939  10.293  -35.773 0.1428571492
64096  -35.640  9.296  -35.807 0.1428571492
64026  -27.645  9.600  -31.530 0.1428571492
63187  -28.752  8.679  -31.665 0.1428571492
64041  -31.065  9.436  -32.557 0.1428571492
64040  -30.214  8.984  -32.175 0.1428571492
64055  -32.031  9.774  -33.982 0.1428571492
63215  -33.036  9.357  -34.332 0.1428571492
64054  -31.012  9.571  -33.607 0.1428571492
63222  -32.965  9.406  -34.769 0.1428571492
63241  -34.983  8.674  -35.744 0.1428571492
63224  -34.159  8.667  -35.327 0.1428571492
64028  -30.986  9.238  -31.555 0.1428571492
63188  -29.679  8.589  -31.574 0.1428571492
63199  -29.252  8.891  -32.454 0.1428571492
62316  -33.577  8.729  -34.384 0.1428571492
63211  -32.887  9.418  -33.511 0.1428571492
63216  -33.512  8.906  -34.604 0.1428571492
62322  -34.188  7.862  -35.044 0.1428571492
64016  -32.165  9.688  -29.893 0.1428571492
64014  -30.751  8.962  -31.005 0.1428571492
64027  -30.377  8.824  -31.398 0.1428571492
63200  -32.760  9.311  -32.479 0.1428571492
63189  -32.804  9.164  -31.534 0.1428571492
62311  -33.519  8.657  -33.927 0.1428571492
62304  -33.363  8.586  -33.037 0.1428571492
62323  -34.737  7.825  -35.523 0.1428571492
62317  -33.826  7.966  -34.428 0.1428571492
64029  -32.027  9.650  -31.529 0.1428571492
64042  -32.006  9.804  -32.977 0.1428571492
64077  -36.440  9.236  -35.561 0.1428571492
64093  -33.945  9.667  -35.710 0.1428571492
62346  -34.924  8.303  -35.671 0.1428571492
63242  -35.510  8.396  -35.766 0.1428571492
64918  -36.669  9.903  -35.519 0.1428571492
65675  -36.703  10.631  -35.479 0.1428571492
73914  -22.040  20.352  -28.266 0.4285714328
64938  -34.480  9.896  -35.945 0.1428571492
65674  -34.556  10.932  -35.747 0.1428571492
65699  -29.202  12.020  -36.120 0.1428571492
79219  -24.207  26.516  -39.342 0.1428571492
64051  -28.604  10.350  -32.209 0.1428571492
63185  -27.552  9.260  -31.140 0.1428571492
68076  -27.472  14.546  -35.442 0.1428571492
68091  -26.626  14.792  -35.745 0.1428571492
64911  -29.515  10.571  -34.765 0.1428571492
64916  -33.945  10.434  -35.780 0.1428571492
63209  -28.880  9.291  -32.662 0.1428571492
64052  -29.100  9.905  -32.816 0.1428571492
64064  -31.046  9.632  -34.461 0.1428571492
63240  -34.631  8.675  -35.595 0.1428571492
63186  -27.933  8.960  -31.527 0.1428571492
59918  -18.582  4.798  -28.773 0.1428571492
60610  -18.583  5.579  -29.526 0.1428571492
60609  -18.339  5.658  -28.840 0.1428571492
61442  -18.482  6.106  -29.297 0.1428571492
62260  -19.007  7.613  -29.259 0.1428571492
63154  -19.527  8.398  -29.249 0.1428571492
63999  -19.928  8.958  -29.302 0.1428571492
63153  -18.766  8.524  -29.092 0.1428571492
63997  -18.339  9.358  -29.053 0.1428571492
63998  -19.338  9.442  -29.394 0.1428571492
64871  -18.581  10.069  -29.448 0.1428571492
64875  -18.400  10.750  -29.524 0.1428571492
65616  -18.517  11.456  -29.850 0.1428571492
65617  -19.099  11.555  -30.525 0.2857142985
68023  -19.324  14.586  -32.821 0.4285714328
68850  -19.273  14.930  -33.359 0.4285714328
72765  -23.235  19.273  -25.023 0.2857142985
73896  -22.070  20.126  -26.820 0.2857142985
75813  -20.531  22.954  -30.760 0.2857142985
76610  -20.438  23.702  -31.330 0.2857142985
66394  -18.460  12.447  -30.227 0.1428571492
66395  -19.056  12.339  -31.125 0.2857142985
61455  -18.717  7.107  -29.140 0.1428571492
67248  -17.934  13.581  -29.987 0.2857142985
67249  -18.617  13.384  -30.970 0.2857142985
66399  -19.492  12.271  -31.899 0.2857142985
68014  -19.705  13.565  -32.604 0.4285714328
68013  -19.221  14.297  -32.287 0.4285714328
68827  -18.178  15.445  -31.884 0.2857142985
71821  -23.014  18.170  -25.908 0.2857142985
72752  -22.835  19.441  -24.004 0.2857142985
73880  -22.708  19.579  -25.972 0.2857142985
74835  -20.816  21.019  -26.387 0.2857142985
74853  -21.340  20.828  -27.250 0.2857142985
74890  -21.098  21.489  -29.372 0.2857142985
75807  -20.056  22.418  -29.713 0.2857142985
75816  -20.688  23.170  -31.374 0.2857142985
67250  -19.092  12.922  -31.638 0.2857142985
70724  -23.393  18.021  -24.116 0.2857142985
73867  -21.443  20.450  -24.819 0.2857142985
112224  -21.366  18.952  -23.682 0.2857142985
74872  -21.041  21.180  -28.208 0.2857142985
74889  -20.503  21.943  -29.388 0.2857142985
74852  -20.497  21.349  -27.405 0.2857142985
74871  -20.225  21.766  -28.713 0.2857142985
68839  -19.332  14.711  -33.037 0.4285714328
67254  -19.459  13.086  -32.282 0.4285714328
75808  -20.647  22.066  -29.680 0.2857142985
69710  -17.617  16.101  -33.012 0.2857142985
68838  -18.759  15.351  -32.919 0.2857142985
81949  -26.091  29.274  -38.154 0.1428571492
81115  -25.537  29.047  -38.626 0.1428571492
81108  -25.242  29.272  -38.056 0.1428571492
81107  -24.401  28.792  -37.808 0.1428571492
80170  -23.949  27.425  -37.951 0.1428571492
81116  -26.848  29.090  -38.608 0.1428571492
81933  -25.448  29.655  -36.585 0.1428571492
82746  -27.081  30.575  -36.031 0.1428571492
69726  -17.965  16.035  -33.549 0.2857142985
70807  -18.205  16.425  -32.881 0.2857142985
80176  -24.250  27.384  -38.915 0.1428571492
81123  -25.306  28.564  -39.718 0.1428571492
81114  -24.658  28.217  -38.706 0.1428571492
81940  -24.566  29.444  -37.092 0.1428571492
81941  -25.627  29.430  -37.567 0.1428571492
83510  -27.019  31.179  -35.138 0.1428571492
81923  -26.113  30.007  -36.042 0.1428571492
81942  -26.801  29.329  -37.823 0.1428571492
81109  -27.441  29.290  -38.220 0.1428571492
81122  -24.695  27.954  -39.314 0.1428571492
74815  -19.707  20.552  -24.187 0.1428571492
73839  -21.233  19.983  -23.487 0.1428571492
74824  -20.531  20.938  -25.270 0.1428571492
76600  -18.939  23.285  -29.312 0.1428571492
76601  -19.593  23.033  -29.662 0.1428571492
71794  -21.613  18.639  -24.475 0.1428571492
77456  -19.890  24.063  -30.078 0.1428571492
77453  -20.147  24.516  -29.949 0.2857142985
70772  -18.935  17.741  -31.403 0.1428571492
72779  -20.467  19.011  -25.421 0.1428571492
71893  -28.902  18.252  -31.122 0.1428571492
74834  -19.965  21.378  -26.305 0.1428571492
76607  -20.029  23.474  -30.309 0.1428571492
77457  -20.326  24.461  -30.681 0.1428571492
78318  -20.524  25.529  -31.291 0.2857142985
81048  -21.280  28.738  -31.407 0.2857142985
81893  -21.613  29.605  -31.890 0.2857142985
112682  -21.176  34.333  -31.842 0.1428571492
77461  -20.571  24.668  -31.801 0.2857142985
78321  -20.718  25.602  -32.330 0.2857142985
79136  -20.825  26.611  -31.971 0.2857142985
80105  -21.024  27.767  -31.727 0.2857142985
80119  -21.652  27.788  -32.495 0.2857142985
80090  -20.902  28.219  -31.155 0.2857142985
82724  -21.772  30.538  -32.235 0.1428571492
81886  -21.231  29.611  -30.959 0.2857142985
112654  -23.878  32.144  -30.623 0.1428571492
81035  -20.972  28.686  -30.698 0.1428571492
80089  -20.700  27.598  -30.624 0.1428571492
78315  -20.372  25.372  -30.040 0.2857142985
82718  -21.275  30.580  -31.449 0.2857142985
83494  -21.676  31.559  -31.932 0.1428571492
83487  -21.043  31.621  -31.002 0.1428571492
78314  -20.133  24.736  -29.558 0.2857142985
82709  -20.785  30.576  -30.351 0.1428571492
85898  -21.185  34.304  -30.431 0.1428571492
77434  -18.575  24.528  -27.483 0.1428571492
71909  -28.457  18.818  -32.476 0.1428571492
71833  -20.231  18.847  -29.037 0.1428571492
72778  -19.516  19.453  -26.081 0.1428571492
70799  -28.341  17.494  -32.038 0.1428571492
112226  -19.644  19.479  -25.080 0.1428571492
74850  -18.829  21.101  -27.918 0.1428571492
74870  -19.238  21.591  -28.874 0.1428571492
75806  -19.055  22.378  -29.637 0.1428571492
77452  -19.653  24.186  -29.446 0.1428571492
79125  -20.550  26.460  -30.856 0.1428571492
80104  -20.751  27.109  -31.300 0.1428571492
82708  -20.486  31.026  -29.808 0.1428571492
82699  -20.882  30.114  -29.814 0.2857142985
84211  -21.263  32.628  -31.581 0.1428571492
85066  -20.941  33.847  -31.301 0.1428571492
85069  -20.827  33.957  -32.132 0.1428571492
69716  -27.802  16.833  -32.846 0.1428571492
84213  -21.599  32.608  -32.558 0.1428571492
85909  -21.024  33.918  -32.824 0.1428571492
81058  -21.635  28.621  -32.124 0.2857142985
83488  -23.751  31.902  -31.054 0.1428571492
73854  -19.614  19.922  -23.664 0.1428571492
74851  -19.604  21.409  -27.603 0.1428571492
75795  -19.327  21.945  -29.551 0.1428571492
74833  -19.100  20.911  -26.406 0.1428571492
73878  -18.678  20.282  -25.806 0.1428571492
76606  -19.654  23.601  -29.738 0.1428571492
72797  -20.550  18.929  -26.863 0.1428571492
112665  -22.144  34.942  -30.986 0.1428571492
79149  -20.978  26.220  -32.672 0.2857142985
79137  -21.254  27.233  -32.319 0.2857142985
83489  -24.318  31.904  -30.882 0.1428571492
84205  -20.992  32.718  -30.490 0.1428571492
67244  -17.348  13.102  -29.568 0.1428571492
67246  -16.223  14.046  -29.532 0.1428571492
68003  -16.493  14.869  -29.874 0.1428571492
68004  -17.449  14.706  -30.100 0.1428571492
68812  -16.810  15.408  -30.668 0.1428571492
68005  -18.155  14.416  -30.676 0.1428571492
67253  -18.996  13.601  -31.739 0.1428571492
68825  -16.229  15.828  -31.378 0.1428571492
68813  -17.727  15.245  -30.892 0.1428571492
68811  -15.783  15.680  -30.576 0.1428571492
68826  -17.046  15.750  -31.590 0.1428571492
69695  -17.140  16.094  -32.438 0.1428571492
70792  -18.134  16.757  -32.207 0.1428571492
81880  -20.974  29.485  -30.092 0.1428571492
70793  -19.443  17.505  -32.123 0.1428571492
68006  -18.610  14.363  -31.430 0.1428571492
67247  -16.987  13.901  -29.724 0.1428571492
68000  -15.459  14.796  -29.489 0.1428571492
68824  -15.874  16.063  -31.184 0.1428571492
68814  -18.264  14.948  -31.137 0.1428571492
68804  -15.041  15.944  -29.760 0.1428571492
67243  -16.621  13.105  -29.249 0.1428571492
60641  -19.463  5.576  -30.567 0.2857142985
60652  -19.212  5.935  -31.561 0.2857142985
61485  -19.001  6.038  -31.573 0.4285714328
61486  -19.187  6.058  -31.313 0.4285714328
64015  -31.317  9.252  -30.386 0.1428571492
64037  -27.197  10.286  -31.524 0.1428571492
64039  -28.644  9.702  -32.383 0.1428571492
64061  -26.795  12.246  -33.793 0.4285714328
64069  -26.398  12.765  -33.558 0.4285714328
64091  -26.451  13.054  -33.830 0.4285714328
64092  -25.877  12.691  -33.957 0.4285714328
64900  -20.820  14.275  -35.135 0.7142857313
64901  -21.109  14.093  -35.030 0.7142857313
64902  -26.857  12.012  -33.983 0.2857142985
64908  -26.757  12.344  -34.370 0.4285714328
64910  -27.857  12.194  -34.943 0.2857142985
64933  -25.965  13.222  -34.012 0.4285714328
64934  -26.510  12.696  -34.342 0.4285714328
64935  -27.562  12.408  -34.994 0.2857142985
65655  -27.049  12.140  -33.905 0.2857142985
65663  -19.566  15.272  -35.336 0.7142857313
65664  -26.729  12.920  -35.199 0.4285714328
65665  -26.578  12.629  -34.958 0.4285714328
65694  -26.301  13.196  -33.932 0.4285714328
65695  -26.374  13.039  -34.540 0.4285714328
66402  -23.769  11.832  -31.271 0.2857142985
66428  -19.506  14.900  -34.864 0.7142857313
66433  -27.193  12.086  -33.733 0.2857142985
66438  -19.309  15.108  -35.048 0.8571428657
66439  -26.436  13.103  -35.003 0.4285714328
66440  -26.878  13.095  -35.057 0.4285714328
66463  -26.196  13.428  -34.042 0.4285714328
66464  -26.259  13.571  -34.996 0.4285714328
67255  -22.686  11.915  -31.605 0.4285714328
67264  -22.487  12.234  -31.908 0.4285714328
67282  -16.421  16.013  -35.315 0.5714285970
67283  -16.813  15.936  -35.189 0.5714285970
67284  -17.227  15.900  -35.083 0.5714285970
67285  -17.835  15.819  -35.089 0.5714285970
67286  -18.643  15.508  -35.108 0.4285714328
67288  -26.997  13.630  -35.220 0.4285714328
67289  -27.372  13.661  -35.266 0.4285714328
67309  -16.444  15.786  -35.540 0.5714285970
67310  -16.869  15.696  -35.527 0.5714285970
67311  -17.397  15.680  -35.456 0.4285714328
67313  -18.476  15.263  -35.692 0.4285714328
68038  -17.912  15.914  -34.657 0.5714285970
68046  -16.249  15.912  -36.124 0.5714285970
68047  -16.031  15.926  -35.731 0.5714285970
68048  -16.585  16.074  -35.204 0.5714285970
68049  -16.943  16.017  -34.879 0.5714285970
68051  -18.131  15.795  -34.811 0.4285714328
68069  -16.552  15.800  -36.174 0.5714285970
68070  -16.482  15.549  -36.068 0.5714285970
68071  -16.839  15.097  -36.181 0.4285714328
68072  -17.653  15.314  -36.008 0.4285714328
68073  -18.149  15.233  -36.000 0.4285714328
68075  -26.932  14.406  -35.250 0.2857142985
68828  -22.797  16.536  -31.543 0.8571428657
68858  -16.420  16.716  -36.183 0.4285714328
68859  -17.030  16.486  -35.727 0.4285714328
68860  -17.415  16.202  -35.076 0.4285714328
68861  -17.817  16.173  -34.712 0.4285714328
68868  -16.694  16.064  -36.120 0.5714285970
68869  -16.206  16.329  -36.111 0.5714285970
68870  -16.373  16.377  -35.653 0.4285714328
68871  -16.983  16.194  -35.170 0.5714285970
68872  -17.316  16.103  -34.804 0.5714285970
68887  -16.931  15.860  -36.234 0.5714285970
68888  -17.042  15.642  -36.142 0.5714285970
68889  -17.380  15.554  -36.128 0.4285714328
68890  -18.007  15.617  -36.128 0.5714285970
68891  -18.741  15.125  -36.047 0.8571428657
68906  -25.850  15.612  -36.436 0.1428571492
68914  -25.836  15.827  -36.795 0.1428571492
69666  -23.485  16.951  -30.265 1.0000000000
69677  -22.861  16.994  -30.939 0.7142857313
69697  -22.843  16.674  -31.182 0.8571428657
69711  -18.202  16.346  -33.251 0.2857142985
69712  -21.606  17.572  -32.523 0.7142857313
69748  -18.031  16.163  -34.437 0.5714285970
69768  -16.918  16.334  -36.112 0.5714285970
69769  -18.404  16.401  -34.884 0.4285714328
69770  -19.183  16.811  -35.008 0.5714285970
70715  -23.058  17.938  -23.787 0.2857142985
70723  -23.182  17.903  -24.207 0.2857142985
70738  -27.821  17.711  -27.277 0.4285714328
70739  -28.597  17.743  -27.418 0.4285714328
70740  -29.034  17.975  -27.436 0.4285714328
70747  -28.375  16.802  -27.622 0.4285714328
70748  -29.069  17.584  -27.821 0.4285714328
70759  -26.001  16.873  -29.295 0.5714285970
70760  -27.818  16.045  -29.128 0.5714285970
70761  -28.802  17.151  -28.769 0.4285714328
70781  -28.470  17.028  -30.598 0.2857142985
70795  -21.478  17.852  -31.695 0.7142857313
70838  -19.643  17.079  -34.722 0.7142857313
70856  -20.384  17.272  -34.903 0.5714285970
70874  -17.735  16.132  -36.081 0.5714285970
71766  -22.289  18.605  -23.468 0.2857142985
71782  -23.321  18.361  -23.703 0.2857142985
71795  -22.750  18.085  -24.387 0.2857142985
71796  -23.296  18.009  -24.606 0.2857142985
71797  -23.528  18.315  -24.476 0.2857142985
71807  -21.489  18.597  -25.853 0.1428571492
71808  -22.428  18.293  -25.372 0.1428571492
71809  -23.085  18.055  -25.174 0.2857142985
71810  -23.403  18.236  -25.160 0.2857142985
71819  -21.556  18.559  -26.567 0.1428571492
71820  -22.291  18.391  -26.312 0.2857142985
71822  -23.243  18.210  -25.545 0.2857142985
71823  -26.149  19.431  -27.267 0.5714285970
71824  -27.016  18.675  -27.209 0.5714285970
71825  -28.008  18.549  -27.502 0.4285714328
71826  -28.721  18.141  -27.486 0.4285714328
71837  -23.729  18.054  -28.921 0.8571428657
71838  -25.633  19.411  -28.037 0.4285714328
71839  -26.191  18.618  -27.725 0.5714285970
71841  -28.779  18.390  -27.934 0.4285714328
71858  -24.000  17.913  -29.243 1.0000000000
71860  -25.463  19.550  -28.624 0.4285714328
71861  -25.436  18.640  -28.709 0.4285714328
71862  -29.177  17.975  -28.654 0.4285714328
71879  -28.995  17.662  -30.588 0.1428571492
71880  -29.178  17.883  -29.951 0.1428571492
71889  -23.964  18.535  -30.577 0.8571428657
71894  -29.097  18.551  -30.620 0.1428571492
71908  -25.673  19.070  -32.349 0.4285714328
71955  -18.504  16.637  -35.587 0.5714285970
71956  -19.073  17.148  -35.885 0.5714285970
71975  -18.458  16.692  -36.058 0.5714285970
71989  -21.648  16.683  -36.119 0.8571428657
72730  -20.688  19.583  -23.601 0.1428571492
72731  -21.990  19.435  -23.321 0.2857142985
72751  -19.309  19.763  -24.438 0.1428571492
72753  -22.989  18.967  -23.436 0.2857142985
72764  -18.973  19.780  -25.362 0.1428571492
72766  -23.519  18.879  -24.168 0.2857142985
72780  -23.370  18.959  -26.049 0.2857142985
72781  -23.499  18.660  -25.122 0.2857142985
72782  -26.485  20.591  -26.376 0.5714285970
72783  -26.930  20.439  -26.379 0.5714285970
72784  -27.233  20.442  -26.392 0.5714285970
72801  -26.104  20.375  -26.985 0.5714285970
72802  -26.645  19.818  -26.698 0.5714285970
72803  -27.241  19.778  -26.918 0.5714285970
72819  -25.732  20.153  -27.685 0.5714285970
72820  -27.776  19.823  -27.749 0.4285714328
72821  -28.163  19.148  -28.352 0.4285714328
72838  -25.599  20.367  -28.618 0.5714285970
72839  -25.397  19.860  -29.114 0.4285714328
72840  -27.942  20.154  -28.741 0.4285714328
72841  -28.586  18.909  -29.147 0.1428571492
72850  -25.652  20.592  -29.485 0.5714285970
72851  -25.408  20.025  -29.997 0.2857142985
72853  -28.869  19.054  -30.349 0.1428571492
72867  -28.293  19.619  -31.280 0.4285714328
72868  -28.991  18.945  -30.913 0.1428571492
72882  -26.195  19.627  -32.530 0.1428571492
72909  -23.094  19.552  -33.955 0.7142857313
72910  -23.410  19.053  -34.429 0.1428571492
72926  -17.853  16.481  -35.620 0.4285714328
72944  -17.576  16.540  -36.036 0.5714285970
72945  -18.012  16.587  -35.931 0.5714285970
73837  -20.325  19.810  -23.501 0.1428571492
73838  -20.828  19.757  -23.459 0.1428571492
73840  -21.625  19.932  -23.574 0.1428571492
73853  -19.144  19.901  -24.141 0.1428571492
73855  -20.448  20.362  -23.781 0.1428571492
73856  -21.245  20.284  -23.912 0.1428571492
73857  -21.948  19.912  -24.025 0.2857142985
73864  -18.896  20.071  -24.598 0.1428571492
73865  -19.205  20.467  -24.437 0.1428571492
73866  -20.738  20.643  -24.376 0.1428571492
73868  -22.370  19.806  -24.918 0.2857142985
73879  -21.890  20.236  -25.779 0.2857142985
73881  -26.515  20.945  -26.361 0.5714285970
73882  -26.707  21.092  -26.228 0.5714285970
73883  -27.171  20.939  -26.262 0.5714285970
73898  -26.352  21.226  -26.755 0.5714285970
73899  -26.730  21.841  -26.702 0.5714285970
73916  -25.960  21.269  -27.894 0.5714285970
73917  -27.733  21.425  -27.930 0.5714285970
73931  -26.107  21.472  -29.381 0.5714285970
73932  -26.838  21.612  -29.661 0.5714285970
73933  -27.494  21.324  -29.135 0.5714285970
73942  -21.844  20.819  -30.444 1.0000000000
73944  -25.833  20.938  -30.005 0.2857142985
73945  -26.286  21.175  -30.802 0.2857142985
73946  -27.360  20.726  -30.438 0.4285714328
73970  -26.798  20.209  -32.480 0.1428571492
73971  -26.982  20.322  -32.261 0.1428571492
73992  -22.975  19.852  -34.810 0.1428571492
74003  -23.086  20.161  -35.282 0.1428571492
74816  -20.144  20.812  -24.445 0.1428571492
74822  -18.969  20.570  -25.202 0.1428571492
74823  -19.550  20.970  -25.090 0.1428571492
74825  -21.228  20.714  -25.723 0.2857142985
74836  -21.474  20.628  -26.397 0.2857142985
74837  -27.084  21.642  -26.546 0.5714285970
74838  -27.290  21.342  -26.585 0.5714285970
74854  -26.509  22.236  -27.435 0.5714285970
74855  -27.103  22.468  -27.075 0.5714285970
74856  -27.424  21.831  -27.042 0.5714285970
74873  -26.508  22.261  -28.542 0.5714285970
74874  -27.071  22.930  -28.041 0.5714285970
74875  -27.523  22.463  -27.645 0.5714285970
74891  -26.606  22.154  -29.252 0.5714285970
74892  -27.014  22.233  -28.852 0.5714285970
74893  -27.436  22.280  -28.329 0.5714285970
74924  -23.048  22.673  -34.278 0.5714285970
74925  -23.453  22.809  -34.015 0.4285714328
75796  -19.645  21.974  -29.250 0.1428571492
75830  -23.732  23.214  -34.084 0.2857142985
75837  -22.391  21.241  -34.277 0.5714285970
76617  -22.809  23.237  -34.095 0.5714285970
76623  -23.097  23.372  -34.412 0.2857142985
76631  -22.675  23.572  -35.135 0.4285714328
76659  -22.521  24.166  -36.719 0.2857142985
77475  -22.941  24.740  -34.247 0.7142857313
77486  -23.435  24.646  -35.263 0.4285714328
77495  -22.282  24.532  -35.949 0.4285714328
77496  -22.851  24.401  -35.897 0.4285714328
77507  -22.431  24.357  -36.430 0.4285714328
77508  -22.928  24.266  -36.526 0.2857142985
78338  -24.036  26.021  -34.699 0.4285714328
78339  -24.218  26.153  -34.727 0.4285714328
78350  -23.782  25.426  -34.896 0.5714285970
78351  -24.109  26.005  -35.066 0.2857142985
78359  -22.215  24.915  -34.916 0.7142857313
78373  -23.793  24.827  -36.356 0.1428571492
79166  -23.904  26.183  -34.678 0.4285714328
79167  -24.108  26.231  -34.551 0.4285714328
79180  -24.003  26.160  -34.846 0.4285714328
79191  -22.604  26.616  -34.990 0.4285714328
80141  -22.728  27.504  -35.573 0.2857142985
80142  -22.847  27.627  -35.897 0.2857142985
81081  -22.902  27.779  -35.703 0.2857142985
81920  -23.219  29.474  -35.443 0.2857142985
81948  -25.615  29.303  -38.111 0.1428571492
82753  -24.183  29.925  -35.757 0.2857142985
84220  -21.747  32.620  -33.069 0.2857142985
84225  -21.474  33.010  -33.563 0.2857142985
84226  -21.609  32.804  -33.092 0.2857142985
84231  -21.309  33.253  -33.573 0.2857142985
84232  -21.440  33.002  -33.310 0.2857142985
84233  -26.711  31.635  -34.918 0.1428571492
85065  -20.895  34.144  -31.897 0.1428571492
85070  -20.891  33.447  -32.047 0.1428571492
85073  -20.916  33.793  -32.551 0.1428571492
85074  -21.155  33.416  -32.838 0.2857142985
85077  -20.860  33.687  -33.535 0.2857142985
85078  -21.861  33.005  -33.097 0.2857142985
85082  -21.170  33.543  -33.606 0.2857142985
85083  -21.248  33.409  -33.395 0.2857142985
85904  -20.951  34.202  -32.190 0.1428571492
85907  -20.883  34.114  -32.493 0.1428571492
85911  -21.066  33.673  -33.249 0.1428571492
85913  -21.048  33.722  -33.491 0.1428571492
85914  -21.189  33.520  -33.089 0.1428571492
86752  -21.630  34.716  -30.954 0.1428571492
112104  -25.706  13.409  -33.118 0.4285714328
112105  -25.926  13.428  -33.220 0.4285714328
112115  -21.940  14.291  -35.232 0.7142857313
112121  -21.667  14.064  -35.251 0.7142857313
112122  -21.728  14.469  -35.219 0.7142857313
112123  -20.744  15.036  -35.301 0.7142857313
112124  -22.038  14.523  -35.199 0.7142857313
112128  -20.528  15.126  -35.301 0.7142857313
112129  -21.016  15.189  -35.300 0.7142857313
112135  -23.111  15.101  -34.094 0.7142857313
112139  -20.085  14.866  -35.166 0.7142857313
112140  -20.761  15.219  -35.383 0.7142857313
112141  -21.081  15.459  -35.559 0.7142857313
112148  -19.608  15.399  -35.462 0.8571428657
112149  -20.777  15.452  -35.482 0.7142857313
112155  -19.485  15.466  -35.657 0.8571428657
112160  -18.006  16.074  -36.130 0.5714285970
112161  -17.380  15.833  -36.238 0.5714285970
112163  -18.134  16.381  -35.249 0.4285714328
112164  -18.093  16.279  -34.870 0.4285714328
112221  -21.771  18.680  -23.774 0.2857142985
112222  -21.997  19.031  -23.063 0.2857142985
112223  -21.554  19.194  -23.242 0.2857142985
112225  -20.358  19.383  -24.295 0.1428571492
112662  -21.481  33.225  -32.320 0.1428571492
112670  -21.676  32.922  -32.895 0.2857142985
112671  -22.130  35.103  -30.638 0.1428571492
112675  -21.608  34.477  -31.965 0.1428571492
112680  -23.939  32.526  -30.291 0.1428571492
112681  -21.167  34.261  -32.415 0.1428571492
