#!ascii label  , from subject 3223 vox2ras=TkReg
722
85627  53.420  36.831  17.308 0.0000000000
90504  55.243  43.436  22.276 0.0000000000
79873  57.628  30.049  19.832 0.0000000000
84767  49.794  35.017  18.146 0.0000000000
82079  53.414  32.828  15.616 0.0000000000
89238  54.880  41.595  15.871 0.0000000000
91063  52.230  44.834  24.506 0.0000000000
92734  50.836  46.899  21.754 0.0000000000
79869  51.803  29.701  21.308 0.0000000000
79115  49.673  28.259  17.338 0.0000000000
87934  55.547  39.736  19.062 0.0000000000
83866  55.072  35.077  18.876 0.0000000000
85589  54.874  36.645  21.884 0.0000000000
82045  56.685  32.365  23.910 0.0000000000
94001  49.302  48.508  17.693 0.0000000000
91579  55.487  45.806  18.945 0.0000000000
79896  56.582  29.772  14.281 0.0000000000
85614  51.712  36.080  17.771 0.0000000000
82919  51.895  33.810  17.517 0.0000000000
83877  52.628  34.721  17.925 0.0000000000
87234  54.022  38.730  16.843 0.0000000000
86442  52.716  37.202  16.361 0.0000000000
92085  49.519  46.893  24.150 0.0000000000
79056  48.477  28.499  22.347 0.0000000000
79079  47.464  28.044  20.026 0.0000000000
76518  45.168  24.863  21.390 0.0000000000
93441  51.070  48.339  13.705 0.0000000000
89221  56.483  41.220  20.782 0.0000000000
86419  55.677  38.176  21.017 0.0000000000
87915  55.678  40.299  22.143 0.0000000000
86381  53.674  37.294  26.088 0.0000000000
84725  55.044  34.993  24.505 0.0000000000
82889  55.863  33.009  25.492 0.0000000000
79840  55.092  30.197  24.547 0.0000000000
92717  54.399  46.331  22.782 0.0000000000
93378  53.977  48.189  20.558 0.0000000000
91573  55.758  45.196  21.231 0.0000000000
90514  55.632  43.164  19.359 0.0000000000
82061  56.782  32.721  18.769 0.0000000000
82068  56.408  32.596  16.705 0.0000000000
79890  56.987  29.760  17.343 0.0000000000
82092  52.209  32.409  14.256 0.0000000000
82101  54.050  32.337  13.744 0.0000000000
91108  55.222  44.228  14.905 0.0000000000
89243  53.781  41.568  14.421 0.0000000000
91073  54.109  44.315  23.724 0.0000000000
89209  55.055  41.318  23.948 0.0000000000
95578  50.026  52.504  24.811 0.0000000000
94526  50.932  50.080  21.781 0.0000000000
92708  51.752  46.767  23.324 0.0000000000
79071  55.480  29.016  20.541 0.0000000000
79098  54.518  28.940  18.399 0.0000000000
79088  50.454  29.118  19.317 0.0000000000
77375  46.933  25.883  17.854 0.0000000000
86432  54.388  37.534  17.934 0.0000000000
84755  53.749  35.747  18.731 0.0000000000
85598  54.564  36.540  19.379 0.0000000000
84746  54.790  35.901  20.486 0.0000000000
82904  56.495  33.469  20.646 0.0000000000
86406  54.938  37.513  23.289 0.0000000000
83852  55.706  34.824  23.056 0.0000000000
80565  57.465  30.815  22.226 0.0000000000
79051  55.190  29.917  22.331 0.0000000000
79852  51.408  29.526  23.230 0.0000000000
94005  47.805  47.725  15.622 0.0000000000
93425  50.853  47.489  15.970 0.0000000000
93404  52.551  48.129  18.479 0.0000000000
92791  54.765  46.669  16.950 0.0000000000
90522  55.391  43.282  17.020 0.0000000000
88593  55.416  40.621  17.822 0.0000000000
82917  54.222  34.079  17.310 0.0000000000
82088  55.376  31.951  14.709 0.0000000000
79912  55.528  30.008  13.176 0.0000000000
79121  54.284  28.747  16.276 0.0000000000
85613  52.669  36.272  17.948 0.0000000000
84765  51.977  35.474  18.137 0.0000000000
84764  52.681  35.685  18.347 0.0000000000
86440  54.021  37.650  17.096 0.0000000000
86451  53.441  38.122  16.706 0.0000000000
85628  52.540  36.703  17.056 0.0000000000
78260  46.662  27.729  22.319 0.0000000000
78267  46.787  27.636  21.492 0.0000000000
77341  45.670  25.853  21.845 0.0000000000
81333  53.383  30.966  12.430 0.0000000000
89851  56.049  41.980  21.417 0.0000000000
88577  56.098  40.625  21.544 0.0000000000
89215  55.758  41.297  22.482 0.0000000000
84700  54.195  34.719  25.894 0.0000000000
84699  54.561  34.113  25.647 0.0000000000
91571  55.090  45.211  22.363 0.0000000000
92096  55.612  45.998  21.711 0.0000000000
90508  55.428  43.721  21.575 0.0000000000
90507  55.756  42.984  21.087 0.0000000000
81313  57.497  31.552  18.908 0.0000000000
81315  57.480  31.288  18.039 0.0000000000
79885  57.407  30.167  18.600 0.0000000000
83880  49.244  34.285  17.761 0.0000000000
82921  49.886  33.644  17.305 0.0000000000
82070  52.534  32.762  16.261 0.0000000000
82071  51.701  32.653  15.988 0.0000000000
82080  52.414  32.562  15.285 0.0000000000
82091  53.244  32.542  14.492 0.0000000000
89876  55.137  42.521  15.559 0.0000000000
89878  55.080  42.580  14.696 0.0000000000
89239  54.400  41.492  15.357 0.0000000000
85615  50.734  35.792  17.638 0.0000000000
84768  48.910  35.213  18.159 0.0000000000
91062  52.932  44.859  24.719 0.0000000000
90489  53.910  43.071  23.910 0.0000000000
91075  52.632  44.186  24.293 0.0000000000
92075  51.314  45.830  24.150 0.0000000000
92083  50.896  46.273  23.832 0.0000000000
92074  52.265  46.099  24.315 0.0000000000
92081  53.240  45.978  24.267 0.0000000000
79054  53.276  29.625  21.383 0.0000000000
79074  53.237  29.403  19.838 0.0000000000
79075  51.447  29.471  20.240 0.0000000000
76525  46.529  25.723  19.948 0.0000000000
78274  47.360  27.444  19.036 0.0000000000
76544  45.588  24.953  18.670 0.0000000000
87225  55.115  39.039  18.442 0.0000000000
86428  54.605  37.217  18.776 0.0000000000
87221  55.310  38.674  19.492 0.0000000000
86417  55.208  37.519  21.522 0.0000000000
85592  54.938  36.640  21.000 0.0000000000
84742  54.909  35.857  21.354 0.0000000000
83858  56.052  34.847  20.526 0.0000000000
84741  55.568  35.231  21.796 0.0000000000
88554  54.203  40.114  24.563 0.0000000000
87910  54.640  39.575  24.067 0.0000000000
87197  54.429  38.538  24.611 0.0000000000
83847  55.965  33.914  24.283 0.0000000000
84732  55.136  35.194  23.606 0.0000000000
82895  56.277  33.291  23.613 0.0000000000
82053  56.628  33.026  22.328 0.0000000000
82048  57.050  32.098  23.091 0.0000000000
79858  56.327  30.321  22.038 0.0000000000
80561  56.644  30.825  23.483 0.0000000000
79841  54.194  29.800  24.446 0.0000000000
79030  53.857  29.745  23.944 0.0000000000
94002  48.844  48.302  16.930 0.0000000000
93426  49.654  47.437  16.149 0.0000000000
93418  50.650  47.375  16.992 0.0000000000
93370  49.698  48.066  21.775 0.0000000000
93395  49.923  48.483  20.585 0.0000000000
92763  50.174  46.958  20.445 0.0000000000
92759  54.981  47.603  20.104 0.0000000000
93392  53.369  48.182  19.432 0.0000000000
92784  54.053  47.409  18.261 0.0000000000
93410  53.576  47.817  17.833 0.0000000000
92783  54.750  46.884  17.894 0.0000000000
91586  55.276  45.149  17.233 0.0000000000
91583  55.390  45.286  18.350 0.0000000000
89225  55.869  41.398  19.204 0.0000000000
89228  55.666  41.440  18.340 0.0000000000
88588  55.660  40.581  18.673 0.0000000000
87230  55.034  39.217  17.905 0.0000000000
84754  54.339  35.710  19.136 0.0000000000
83867  54.125  35.180  18.455 0.0000000000
83875  54.599  34.548  17.929 0.0000000000
82086  56.305  31.669  15.486 0.0000000000
82938  55.614  32.416  15.339 0.0000000000
81322  55.834  31.511  14.514 0.0000000000
81326  55.415  31.462  13.927 0.0000000000
79898  56.385  29.664  13.721 0.0000000000
79100  52.512  29.061  18.248 0.0000000000
79111  54.395  28.861  17.372 0.0000000000
79113  52.248  28.844  17.052 0.0000000000
84766  50.986  35.218  18.033 0.0000000000
83879  50.365  34.302  17.969 0.0000000000
83878  51.448  34.486  18.005 0.0000000000
82929  52.798  33.464  17.037 0.0000000000
88597  54.597  40.213  16.461 0.0000000000
79871  50.156  29.350  21.738 0.0000000000
79077  49.628  29.157  20.632 0.0000000000
79067  47.510  28.219  20.913 0.0000000000
77358  46.660  26.164  20.537 0.0000000000
88584  56.237  40.582  20.371 0.0000000000
87931  55.863  39.811  20.109 0.0000000000
87217  56.065  39.662  20.865 0.0000000000
87214  55.776  39.038  21.400 0.0000000000
86412  55.360  38.037  22.121 0.0000000000
87190  53.842  38.248  25.582 0.0000000000
86394  54.256  37.607  25.254 0.0000000000
84717  54.455  35.482  25.024 0.0000000000
83841  55.348  34.271  24.768 0.0000000000
82892  56.175  33.127  24.590 0.0000000000
80557  56.477  30.930  24.352 0.0000000000
81291  56.222  31.785  25.477 0.0000000000
80553  55.769  30.953  25.654 0.0000000000
79835  54.405  29.929  25.628 0.0000000000
94556  50.153  49.508  18.927 0.0000000000
93354  53.198  48.205  22.451 0.0000000000
93368  52.121  48.067  20.921 0.0000000000
93366  54.311  48.012  21.833 0.0000000000
92101  55.624  46.535  20.671 0.0000000000
92105  55.803  45.792  20.189 0.0000000000
91092  55.457  44.110  18.825 0.0000000000
91090  55.545  44.132  19.878 0.0000000000
89858  55.865  42.230  19.728 0.0000000000
83865  56.033  34.247  18.915 0.0000000000
82915  55.931  33.508  17.274 0.0000000000
82064  56.623  32.751  17.774 0.0000000000
81317  57.180  31.257  16.926 0.0000000000
79892  56.705  29.808  16.195 0.0000000000
77373  48.483  27.007  16.985 0.0000000000
78282  50.403  28.049  16.377 0.0000000000
82943  50.298  32.685  14.676 0.0000000000
82920  50.948  33.514  17.520 0.0000000000
82081  51.369  32.551  15.073 0.0000000000
82093  51.191  32.433  13.958 0.0000000000
82102  53.031  32.246  13.508 0.0000000000
82112  53.809  31.785  13.006 0.0000000000
81332  54.555  31.057  13.033 0.0000000000
91110  55.220  44.283  14.065 0.0000000000
89882  54.668  42.654  13.560 0.0000000000
91083  54.460  43.963  23.261 0.0000000000
89845  55.303  41.910  23.185 0.0000000000
89846  54.708  42.420  23.715 0.0000000000
89835  54.311  41.779  24.234 0.0000000000
89201  53.838  40.885  24.722 0.0000000000
88547  53.354  39.693  24.928 0.0000000000
87191  53.209  38.327  25.874 0.0000000000
94505  51.272  51.391  23.466 0.0000000000
93356  50.301  48.860  22.994 0.0000000000
92736  49.645  47.456  22.282 0.0000000000
92719  51.676  47.108  22.330 0.0000000000
93338  53.060  47.846  24.115 0.0000000000
92088  54.086  45.896  23.480 0.0000000000
79081  56.925  28.985  20.144 0.0000000000
79095  56.944  28.978  19.136 0.0000000000
79083  55.452  29.021  19.584 0.0000000000
79086  52.855  29.320  19.231 0.0000000000
79102  50.070  28.675  18.162 0.0000000000
79089  49.232  28.710  19.260 0.0000000000
79104  48.144  28.071  18.416 0.0000000000
78277  48.696  27.868  17.534 0.0000000000
85626  54.060  36.912  17.562 0.0000000000
85603  53.628  36.212  18.469 0.0000000000
85611  54.168  36.708  18.183 0.0000000000
85602  54.205  36.339  18.775 0.0000000000
84753  54.734  35.541  19.391 0.0000000000
86423  55.426  38.157  20.302 0.0000000000
85595  54.801  36.628  20.154 0.0000000000
84748  55.034  35.468  19.822 0.0000000000
83861  55.778  34.985  19.763 0.0000000000
82908  56.908  32.765  19.818 0.0000000000
81309  57.680  31.720  20.501 0.0000000000
89208  55.465  41.103  23.206 0.0000000000
87203  55.175  39.000  22.858 0.0000000000
85586  54.771  36.648  22.791 0.0000000000
85578  54.640  36.652  23.732 0.0000000000
84733  54.689  35.833  23.185 0.0000000000
84737  54.844  35.848  22.270 0.0000000000
83854  56.084  34.438  22.213 0.0000000000
82899  56.931  32.940  21.120 0.0000000000
80569  58.108  30.866  20.793 0.0000000000
79059  56.869  29.403  21.400 0.0000000000
79061  55.392  29.344  21.403 0.0000000000
79043  53.167  29.706  22.248 0.0000000000
79849  55.316  30.239  23.305 0.0000000000
79042  53.787  29.698  22.664 0.0000000000
79861  51.617  29.614  22.214 0.0000000000
79863  49.887  29.149  22.647 0.0000000000
92814  48.186  46.347  14.602 0.0000000000
93433  50.988  47.922  14.900 0.0000000000
93423  52.741  47.976  15.387 0.0000000000
93380  51.889  47.905  20.003 0.0000000000
93413  50.533  47.135  18.055 0.0000000000
93412  51.713  47.618  17.712 0.0000000000
92793  53.192  47.848  16.802 0.0000000000
92799  54.311  46.813  16.048 0.0000000000
92122  55.084  45.725  15.791 0.0000000000
91100  55.270  44.209  16.714 0.0000000000
89873  55.273  42.421  16.398 0.0000000000
91093  55.487  43.649  18.263 0.0000000000
89867  55.461  42.357  17.234 0.0000000000
89235  55.192  41.525  16.693 0.0000000000
87942  54.672  39.572  17.002 0.0000000000
87231  54.599  38.673  17.656 0.0000000000
83868  53.337  35.251  18.344 0.0000000000
83889  53.560  34.133  17.355 0.0000000000
82941  54.085  33.249  15.987 0.0000000000
82926  55.297  33.500  16.337 0.0000000000
82940  54.806  33.274  15.763 0.0000000000
82954  54.479  33.004  15.373 0.0000000000
82100  54.816  32.063  14.085 0.0000000000
81338  55.049  30.803  13.189 0.0000000000
79109  56.130  29.188  17.771 0.0000000000
79119  56.095  29.067  16.655 0.0000000000
79127  56.050  28.977  15.510 0.0000000000
79123  52.160  28.557  15.847 0.0000000000
79135  55.965  28.944  14.451 0.0000000000
74731  44.791  22.913  22.094 0.0000000000
74738  45.485  22.273  21.626 0.0000000000
85604  53.077  36.160  18.371 0.0000000000
77340  46.146  26.923  22.043 0.0000000000
89852  55.613  42.862  21.745 0.0000000000
89848  55.985  41.487  21.902 0.0000000000
89849  55.583  42.272  22.322 0.0000000000
91082  54.790  44.314  22.801 0.0000000000
91085  55.166  44.402  22.019 0.0000000000
81310  57.895  31.139  19.457 0.0000000000
81312  57.842  31.021  18.728 0.0000000000
79880  57.447  30.107  19.048 0.0000000000
84757  49.262  34.744  18.178 0.0000000000
82069  53.083  32.931  16.392 0.0000000000
89241  54.851  41.970  15.190 0.0000000000
84758  49.131  34.910  18.307 0.0000000000
91557  51.805  45.387  24.421 0.0000000000
91556  52.700  45.515  24.602 0.0000000000
79868  52.587  29.708  20.954 0.0000000000
79877  51.267  29.526  20.812 0.0000000000
76534  46.309  25.463  19.223 0.0000000000
87222  54.907  37.889  19.118 0.0000000000
87903  54.175  39.259  24.628 0.0000000000
82044  57.031  31.932  23.605 0.0000000000
80560  57.218  30.970  23.092 0.0000000000
80556  57.028  31.112  23.869 0.0000000000
79836  53.455  29.624  25.450 0.0000000000
94567  50.014  49.939  17.972 0.0000000000
93419  49.459  47.658  17.149 0.0000000000
92749  50.171  46.979  21.198 0.0000000000
92764  49.722  47.333  20.729 0.0000000000
92748  50.860  46.987  20.879 0.0000000000
92106  55.451  46.360  19.525 0.0000000000
92773  54.178  47.754  19.130 0.0000000000
92772  54.909  47.148  18.882 0.0000000000
92109  55.258  46.296  18.531 0.0000000000
92112  55.203  46.095  17.588 0.0000000000
88585  55.887  40.567  19.595 0.0000000000
83874  55.467  34.270  18.017 0.0000000000
80582  56.678  30.465  15.464 0.0000000000
81321  56.284  31.186  14.788 0.0000000000
80584  56.527  30.366  14.515 0.0000000000
81324  56.238  30.769  14.028 0.0000000000
79101  51.334  28.881  18.195 0.0000000000
87944  54.016  39.623  16.417 0.0000000000
86452  52.861  37.969  16.299 0.0000000000
85629  51.549  36.494  17.076 0.0000000000
79065  49.324  28.900  21.937 0.0000000000
79066  48.485  28.594  21.326 0.0000000000
77349  46.455  26.606  21.363 0.0000000000
77350  46.159  25.586  21.200 0.0000000000
76526  45.774  25.117  20.416 0.0000000000
75594  44.535  24.178  20.914 0.0000000000
92821  48.890  46.868  13.652 0.0000000000
93450  49.776  47.907  12.668 0.0000000000
87930  56.246  40.157  20.643 0.0000000000
88581  56.478  40.529  20.824 0.0000000000
87922  55.798  39.947  21.565 0.0000000000
87923  55.590  39.435  21.860 0.0000000000
86416  55.537  38.301  21.641 0.0000000000
87209  55.407  38.847  22.140 0.0000000000
86380  54.043  37.297  25.750 0.0000000000
85555  54.034  36.418  25.589 0.0000000000
83835  54.981  33.856  25.434 0.0000000000
84716  54.786  34.583  25.228 0.0000000000
83840  55.648  33.629  25.112 0.0000000000
82042  56.327  32.381  24.996 0.0000000000
80547  55.937  31.383  25.957 0.0000000000
79834  55.197  30.504  25.785 0.0000000000
79827  55.111  30.611  26.477 0.0000000000
93353  53.828  47.851  22.956 0.0000000000
92732  54.219  47.098  22.415 0.0000000000
92095  55.827  45.663  21.299 0.0000000000
92745  55.112  47.356  21.474 0.0000000000
92100  55.999  45.743  20.949 0.0000000000
91576  55.776  45.047  20.436 0.0000000000
89855  56.057  42.138  20.568 0.0000000000
89224  56.085  41.336  20.064 0.0000000000
82913  56.299  33.397  18.387 0.0000000000
80578  57.379  30.498  17.778 0.0000000000
80580  56.977  30.485  16.578 0.0000000000
82931  50.505  32.951  16.213 0.0000000000
92128  55.080  45.657  15.022 0.0000000000
89879  54.827  42.335  14.118 0.0000000000
89881  55.116  42.859  14.009 0.0000000000
89245  54.263  42.023  13.961 0.0000000000
89246  53.500  41.639  13.755 0.0000000000
90501  54.403  43.364  23.527 0.0000000000
89194  53.313  40.410  24.806 0.0000000000
87896  52.814  38.923  25.222 0.0000000000
95059  51.062  52.318  24.040 0.0000000000
95060  50.681  51.914  24.672 0.0000000000
93955  50.653  49.813  23.430 0.0000000000
93357  49.778  48.162  22.608 0.0000000000
92709  50.931  46.464  23.360 0.0000000000
92720  50.641  46.656  22.796 0.0000000000
93346  52.414  47.802  22.933 0.0000000000
93339  52.633  47.500  23.678 0.0000000000
91565  53.967  45.318  24.170 0.0000000000
92080  53.665  45.911  23.936 0.0000000000
91564  54.387  45.048  23.756 0.0000000000
91072  54.503  44.649  23.418 0.0000000000
79070  56.197  29.369  20.681 0.0000000000
79082  56.216  29.228  19.826 0.0000000000
79072  54.688  28.970  20.293 0.0000000000
79883  52.401  29.516  19.820 0.0000000000
79087  51.717  29.384  19.452 0.0000000000
79078  48.394  28.506  20.217 0.0000000000
77372  47.107  26.469  18.461 0.0000000000
78273  47.767  27.857  18.548 0.0000000000
78279  47.591  27.355  18.415 0.0000000000
79103  48.853  28.273  18.131 0.0000000000
77371  47.621  27.039  18.061 0.0000000000
77374  47.667  26.478  17.385 0.0000000000
87218  55.845  39.092  20.623 0.0000000000
83857  56.220  34.320  21.116 0.0000000000
83860  56.173  34.177  20.077 0.0000000000
82903  56.932  32.855  20.328 0.0000000000
88562  55.184  40.356  23.449 0.0000000000
87204  54.930  38.572  23.631 0.0000000000
87909  55.061  39.479  23.307 0.0000000000
87210  55.203  38.227  22.767 0.0000000000
85570  54.410  36.577  24.694 0.0000000000
84726  54.556  35.722  24.121 0.0000000000
84736  55.255  35.312  22.720 0.0000000000
83855  55.747  35.021  22.456 0.0000000000
82052  57.038  32.434  22.011 0.0000000000
81305  57.754  31.447  21.439 0.0000000000
80570  57.763  30.480  21.436 0.0000000000
79866  57.320  29.689  21.260 0.0000000000
79857  57.137  30.234  21.888 0.0000000000
79050  55.770  30.191  21.957 0.0000000000
79060  56.159  29.886  21.357 0.0000000000
79052  54.552  29.532  22.087 0.0000000000
80562  55.886  30.641  23.922 0.0000000000
79850  54.745  29.980  23.763 0.0000000000
79031  53.483  29.726  23.548 0.0000000000
79032  53.053  29.716  23.024 0.0000000000
79851  52.348  29.712  22.742 0.0000000000
79862  50.726  29.379  22.508 0.0000000000
94573  49.329  49.484  16.662 0.0000000000
95153  50.128  50.744  15.820 0.0000000000
94580  48.567  48.942  15.838 0.0000000000
93428  47.417  47.039  15.207 0.0000000000
93434  49.882  47.394  15.239 0.0000000000
93424  51.847  48.161  15.694 0.0000000000
93367  53.137  48.269  21.346 0.0000000000
93379  52.802  48.282  20.265 0.0000000000
93393  52.274  48.125  19.336 0.0000000000
93405  51.555  47.391  18.621 0.0000000000
92792  53.828  47.341  17.192 0.0000000000
92800  53.340  47.512  16.181 0.0000000000
92116  54.896  46.295  16.050 0.0000000000
92798  54.830  46.479  16.412 0.0000000000
90528  55.279  43.336  16.112 0.0000000000
90515  55.591  43.116  18.532 0.0000000000
89862  55.626  42.306  18.040 0.0000000000
89232  55.443  41.463  17.501 0.0000000000
88596  55.093  40.568  16.984 0.0000000000
87941  55.152  39.962  17.447 0.0000000000
84756  53.166  35.779  18.577 0.0000000000
83876  53.670  34.539  17.758 0.0000000000
82918  53.784  34.103  17.353 0.0000000000
82928  53.709  33.752  16.922 0.0000000000
82927  54.536  33.700  16.548 0.0000000000
82925  55.872  32.970  16.069 0.0000000000
82951  55.466  32.123  14.978 0.0000000000
82939  55.346  32.945  15.551 0.0000000000
82952  55.284  32.374  15.050 0.0000000000
82953  54.921  32.742  15.160 0.0000000000
82089  55.029  32.219  14.657 0.0000000000
82090  54.308  32.677  14.739 0.0000000000
81337  55.518  30.597  13.364 0.0000000000
81331  55.306  31.178  13.529 0.0000000000
80598  54.903  30.554  13.074 0.0000000000
79905  55.124  29.896  13.112 0.0000000000
79097  55.399  28.999  18.585 0.0000000000
79096  56.186  29.220  18.834 0.0000000000
79110  55.331  28.962  17.540 0.0000000000
79120  55.254  28.910  16.444 0.0000000000
78288  49.965  27.664  16.228 0.0000000000
78287  50.693  27.910  15.806 0.0000000000
86441  53.247  37.362  16.713 0.0000000000
79057  47.566  28.203  21.858 0.0000000000
89220  56.644  40.868  20.903 0.0000000000
89218  56.404  41.064  21.387 0.0000000000
89214  56.063  41.070  21.924 0.0000000000
83834  55.211  33.308  25.798 0.0000000000
92093  55.037  45.974  22.681 0.0000000000
92731  55.020  46.802  22.328 0.0000000000
91574  55.428  45.093  21.756 0.0000000000
91088  55.442  44.538  21.475 0.0000000000
91087  55.584  44.121  20.862 0.0000000000
82060  57.192  32.162  19.183 0.0000000000
82063  57.141  32.106  18.319 0.0000000000
80577  57.614  30.807  18.153 0.0000000000
82930  51.732  32.883  16.962 0.0000000000
90532  55.234  43.384  15.230 0.0000000000
90534  55.215  43.463  14.401 0.0000000000
89242  54.452  41.871  14.667 0.0000000000
85616  49.738  35.666  17.565 0.0000000000
83871  48.813  34.878  18.304 0.0000000000
83870  48.959  34.707  18.180 0.0000000000
91074  53.426  44.390  24.224 0.0000000000
90490  53.070  43.226  24.235 0.0000000000
92084  49.890  46.320  24.020 0.0000000000
92082  51.748  46.354  23.973 0.0000000000
92698  52.863  46.657  24.208 0.0000000000
92073  52.792  46.058  24.372 0.0000000000
91566  53.325  45.242  24.610 0.0000000000
79063  53.985  29.226  20.898 0.0000000000
79064  53.308  29.508  20.558 0.0000000000
79875  52.710  29.576  20.230 0.0000000000
78271  47.091  27.299  19.870 0.0000000000
79091  47.413  27.847  19.493 0.0000000000
77366  46.882  26.446  19.513 0.0000000000
76543  46.302  25.448  18.213 0.0000000000
87226  54.822  38.164  18.551 0.0000000000
86424  54.944  37.502  19.690 0.0000000000
86420  55.158  37.426  20.613 0.0000000000
84745  55.438  35.359  20.688 0.0000000000
84744  56.038  35.030  21.128 0.0000000000
88563  54.775  40.496  24.191 0.0000000000
86400  54.681  37.585  24.252 0.0000000000
83848  55.555  34.561  23.945 0.0000000000
83851  56.056  34.139  23.318 0.0000000000
82897  56.307  33.488  22.673 0.0000000000
82049  56.643  32.763  22.928 0.0000000000
81302  57.319  31.523  22.564 0.0000000000
80566  56.854  30.631  22.611 0.0000000000
79848  56.073  30.615  22.939 0.0000000000
79842  53.304  29.644  24.416 0.0000000000
95132  50.667  50.871  17.647 0.0000000000
94574  48.693  48.690  16.500 0.0000000000
93427  48.521  47.450  15.940 0.0000000000
93420  48.760  47.821  16.623 0.0000000000
93381  50.062  48.561  21.276 0.0000000000
93970  50.487  49.258  21.504 0.0000000000
93382  49.636  47.981  21.006 0.0000000000
92760  54.183  48.075  19.788 0.0000000000
93403  53.459  48.034  18.431 0.0000000000
92115  55.111  45.961  16.610 0.0000000000
91097  55.386  44.189  17.845 0.0000000000
89859  55.756  42.279  18.862 0.0000000000
87938  55.313  39.779  18.102 0.0000000000
82916  55.051  34.072  17.160 0.0000000000
82076  56.692  31.870  16.281 0.0000000000
82077  56.098  32.233  15.752 0.0000000000
82087  55.797  31.856  14.944 0.0000000000
82098  55.587  31.656  14.464 0.0000000000
82099  55.313  31.728  14.250 0.0000000000
81325  55.769  31.317  14.084 0.0000000000
81330  56.068  31.026  13.919 0.0000000000
79904  55.864  29.846  13.287 0.0000000000
79099  53.564  28.956  18.296 0.0000000000
79112  53.372  28.856  17.227 0.0000000000
82942  53.446  33.184  16.419 0.0000000000
88599  54.830  40.864  16.328 0.0000000000
88600  54.174  40.631  15.859 0.0000000000
87945  53.259  39.754  15.969 0.0000000000
87237  53.302  38.850  16.363 0.0000000000
92076  50.227  45.884  24.305 0.0000000000
91558  50.764  45.317  24.429 0.0000000000
79870  51.023  29.462  21.608 0.0000000000
79878  50.557  29.452  21.016 0.0000000000
78269  46.915  27.425  20.676 0.0000000000
75604  44.791  23.996  20.006 0.0000000000
87927  56.043  39.805  20.709 0.0000000000
88580  56.503  40.384  21.001 0.0000000000
87213  56.017  39.562  21.070 0.0000000000
87189  54.178  38.306  25.175 0.0000000000
81294  57.029  31.459  23.949 0.0000000000
81295  56.675  31.582  24.473 0.0000000000
80552  56.194  31.202  25.155 0.0000000000
80558  55.767  30.768  24.900 0.0000000000
93999  49.608  48.623  18.602 0.0000000000
93355  52.276  48.033  21.942 0.0000000000
92733  51.587  47.325  21.375 0.0000000000
93377  54.790  48.001  21.130 0.0000000000
92746  54.678  47.358  22.071 0.0000000000
93365  54.769  47.815  21.514 0.0000000000
91578  55.555  45.175  19.376 0.0000000000
90511  55.699  43.119  20.265 0.0000000000
83873  55.935  33.868  18.136 0.0000000000
82067  57.041  32.045  17.296 0.0000000000
81319  56.757  31.188  15.868 0.0000000000
79894  56.608  29.765  15.090 0.0000000000
78284  49.158  27.596  16.907 0.0000000000
78283  50.017  28.062  16.710 0.0000000000
90536  55.071  43.477  13.583 0.0000000000
88603  53.796  41.222  15.113 0.0000000000
90500  54.985  43.099  23.084 0.0000000000
89200  54.527  40.950  24.474 0.0000000000
87904  53.784  39.267  24.907 0.0000000000
87895  53.404  38.822  25.222 0.0000000000
87179  53.545  37.973  26.158 0.0000000000
94517  51.025  50.418  22.784 0.0000000000
94506  51.033  51.048  23.873 0.0000000000
93964  50.587  49.524  22.413 0.0000000000
93369  50.166  48.714  22.077 0.0000000000
92735  50.039  46.915  22.032 0.0000000000
92090  49.878  46.649  23.434 0.0000000000
92721  49.760  46.915  22.811 0.0000000000
93345  53.114  48.100  23.427 0.0000000000
92718  53.729  46.798  23.076 0.0000000000
92697  53.138  46.984  24.162 0.0000000000
92706  53.415  46.614  23.828 0.0000000000
91568  54.616  45.319  23.207 0.0000000000
79874  57.360  29.469  20.434 0.0000000000
79881  57.273  29.473  19.527 0.0000000000
79084  54.623  28.970  19.358 0.0000000000
79073  53.920  29.121  20.038 0.0000000000
79085  53.780  29.102  19.201 0.0000000000
79076  50.840  29.368  20.252 0.0000000000
79090  48.026  28.205  19.120 0.0000000000
79116  49.093  28.056  17.466 0.0000000000
78285  48.440  27.354  17.377 0.0000000000
85612  53.517  36.509  17.977 0.0000000000
84749  54.595  35.911  19.757 0.0000000000
82909  56.522  33.259  19.546 0.0000000000
81311  57.544  31.656  19.710 0.0000000000
81308  57.979  31.236  20.211 0.0000000000
88570  55.606  40.603  22.639 0.0000000000
87916  55.433  39.779  22.481 0.0000000000
86413  55.046  37.427  22.401 0.0000000000
84740  56.057  34.795  21.564 0.0000000000
82900  56.472  33.414  21.718 0.0000000000
82056  57.321  32.303  20.898 0.0000000000
81304  58.015  31.332  20.755 0.0000000000
79865  57.820  30.147  20.656 0.0000000000
79069  56.928  29.001  21.058 0.0000000000
79867  56.795  29.830  21.594 0.0000000000
79062  54.688  29.004  21.236 0.0000000000
79053  53.950  29.432  21.764 0.0000000000
79860  52.462  29.744  21.821 0.0000000000
79041  54.336  29.837  23.259 0.0000000000
93442  49.972  47.564  14.138 0.0000000000
92806  48.829  46.972  15.371 0.0000000000
93432  52.014  48.346  14.573 0.0000000000
92805  53.597  47.269  15.177 0.0000000000
93414  49.504  47.357  18.355 0.0000000000
92747  51.472  47.350  20.489 0.0000000000
92794  50.077  46.958  18.423 0.0000000000
93417  51.763  47.933  16.728 0.0000000000
93411  52.879  48.077  17.442 0.0000000000
93416  52.637  48.038  16.386 0.0000000000
92123  54.805  46.265  15.415 0.0000000000
91595  55.190  44.992  15.389 0.0000000000
91590  55.211  45.054  16.256 0.0000000000
91104  55.221  44.207  15.770 0.0000000000
91582  55.442  44.805  18.765 0.0000000000
91096  55.426  44.608  18.456 0.0000000000
90518  55.513  43.156  17.823 0.0000000000
87939  54.986  39.422  17.580 0.0000000000
83869  52.911  35.390  18.380 0.0000000000
83890  53.254  34.153  17.376 0.0000000000
82078  54.093  32.970  15.392 0.0000000000
82111  54.674  31.689  13.497 0.0000000000
82110  55.141  31.605  13.863 0.0000000000
79886  57.217  29.768  18.484 0.0000000000
79108  56.842  29.158  18.066 0.0000000000
79118  56.627  29.331  16.963 0.0000000000
79126  56.499  29.311  15.796 0.0000000000
79134  56.535  29.223  14.589 0.0000000000
79114  50.922  28.353  16.803 0.0000000000
79122  53.225  28.705  16.080 0.0000000000
79124  51.470  28.208  15.556 0.0000000000
79128  55.169  28.845  15.339 0.0000000000
79141  56.373  29.148  13.845 0.0000000000
79142  55.763  29.299  13.600 0.0000000000
76511  44.565  24.890  21.920 0.0000000000
75585  44.466  23.696  21.696 0.0000000000
74730  45.060  22.552  22.003 0.0000000000
75586  44.204  23.316  21.231 0.0000000000
74739  44.469  22.606  21.565 0.0000000000
76549  46.372  25.413  17.286 0.0000000000
77359  46.282  25.572  20.782 0.0000000000
78278  48.075  27.613  17.970 0.0000000000
79040  54.861  29.982  23.174 0.0000000000
79859  55.673  30.314  22.467 0.0000000000
79876  51.974  29.646  20.397 0.0000000000
79882  52.794  29.480  19.783 0.0000000000
79899  56.186  29.443  13.555 0.0000000000
79903  56.166  29.954  13.424 0.0000000000
79911  55.482  30.043  12.877 0.0000000000
80573  57.991  30.647  20.035 0.0000000000
80574  57.760  30.581  19.270 0.0000000000
80575  57.582  30.554  18.530 0.0000000000
80576  57.401  30.243  18.347 0.0000000000
80586  56.428  30.220  13.891 0.0000000000
80589  56.217  30.214  13.590 0.0000000000
80590  56.044  30.153  13.415 0.0000000000
80591  54.971  30.290  13.064 0.0000000000
80596  55.696  30.199  13.274 0.0000000000
80597  55.340  30.285  13.190 0.0000000000
81298  57.148  31.526  23.455 0.0000000000
81299  56.995  31.760  23.907 0.0000000000
81314  57.736  30.915  18.342 0.0000000000
81329  56.204  30.505  13.741 0.0000000000
81336  55.812  30.537  13.480 0.0000000000
82058  57.207  32.288  19.981 0.0000000000
82059  56.930  32.642  19.450 0.0000000000
86395  54.048  37.658  25.784 0.0000000000
87921  55.952  40.259  21.354 0.0000000000
87925  56.234  40.218  21.104 0.0000000000
87926  56.279  40.031  20.954 0.0000000000
88569  55.875  40.663  22.034 0.0000000000
88576  56.344  40.571  21.227 0.0000000000
89217  56.577  40.862  21.145 0.0000000000
91569  54.307  45.379  23.725 0.0000000000
92087  54.606  45.866  23.066 0.0000000000
92699  52.403  46.759  23.926 0.0000000000
92707  53.165  46.576  24.146 0.0000000000
92750  49.676  47.383  21.486 0.0000000000
92762  50.783  46.957  20.104 0.0000000000
92795  49.937  47.009  18.654 0.0000000000
92807  48.046  46.685  15.338 0.0000000000
92808  47.630  46.531  14.945 0.0000000000
92813  49.104  46.998  14.633 0.0000000000
93331  53.195  47.257  24.279 0.0000000000
93332  52.986  47.414  24.313 0.0000000000
93333  52.804  47.278  24.076 0.0000000000
93337  53.252  47.354  24.058 0.0000000000
93344  53.417  47.522  23.635 0.0000000000
93976  50.339  48.979  20.837 0.0000000000
94004  48.391  48.114  16.225 0.0000000000
95070  51.098  51.818  24.050 0.0000000000
95576  51.046  52.618  23.995 0.0000000000
95577  50.795  52.671  24.168 0.0000000000
