#!ascii label  , from subject 3223 vox2ras=TkReg
829
26132  25.378  -34.824  56.109 0.0000000000
43442  46.978  -13.659  44.886 0.0000000000
45216  56.503  -11.319  43.317 0.0000000000
37635  44.694  -21.088  52.401 0.0000000000
28891  33.197  -31.686  50.757 0.0000000000
25376  29.633  -34.795  51.986 0.0000000000
45176  51.895  -12.468  44.923 0.0000000000
42513  50.474  -14.859  47.020 0.0000000000
34691  42.136  -24.557  51.767 0.0000000000
28024  37.554  -31.580  50.782 0.0000000000
51112  59.675  -4.357  35.726 0.0000000000
48721  55.760  -7.416  39.317 0.0000000000
39946  41.391  -17.638  49.872 0.0000000000
42370  46.001  -14.477  51.899 0.0000000000
28026  29.274  -33.770  51.912 0.0000000000
25367  27.491  -35.126  53.258 0.0000000000
44322  49.091  -12.879  45.594 0.0000000000
43441  50.834  -13.749  46.107 0.0000000000
44302  49.393  -13.600  46.835 0.0000000000
29789  42.927  -29.236  50.413 0.0000000000
26197  34.102  -33.994  51.218 0.0000000000
28037  34.969  -32.522  50.768 0.0000000000
25392  35.983  -33.709  50.066 0.0000000000
51082  57.813  -3.893  37.510 0.0000000000
49593  56.217  -6.304  35.139 0.0000000000
50290  55.819  -5.363  36.178 0.0000000000
47031  54.321  -8.976  43.764 0.0000000000
47895  54.355  -8.144  41.143 0.0000000000
47877  56.552  -8.502  41.815 0.0000000000
47084  56.209  -9.342  39.092 0.0000000000
45249  55.900  -11.247  40.624 0.0000000000
36146  43.790  -22.456  53.327 0.0000000000
37663  41.938  -20.705  51.997 0.0000000000
39125  43.715  -18.751  51.969 0.0000000000
41504  43.752  -15.764  51.056 0.0000000000
39860  45.783  -17.582  54.053 0.0000000000
40643  48.586  -16.678  52.593 0.0000000000
38366  45.809  -18.948  51.368 0.0000000000
27110  31.457  -33.754  51.576 0.0000000000
46176  51.730  -10.623  42.825 0.0000000000
45173  54.232  -11.259  45.663 0.0000000000
42531  53.541  -14.188  45.857 0.0000000000
41589  51.473  -15.471  45.924 0.0000000000
30641  40.484  -29.189  51.606 0.0000000000
32320  42.645  -27.236  53.185 0.0000000000
33087  44.761  -26.293  52.925 0.0000000000
35459  45.795  -23.658  52.600 0.0000000000
36202  45.631  -22.467  50.080 0.0000000000
29779  38.559  -30.261  50.951 0.0000000000
28014  39.582  -31.486  51.786 0.0000000000
50318  58.672  -5.340  32.861 0.0000000000
49587  55.437  -6.154  37.341 0.0000000000
47934  56.412  -8.188  37.543 0.0000000000
47119  54.920  -9.463  36.767 0.0000000000
43385  46.887  -13.564  48.172 0.0000000000
44234  48.708  -13.993  50.368 0.0000000000
39962  49.783  -16.972  49.159 0.0000000000
24479  25.711  -35.630  55.104 0.0000000000
26143  26.640  -35.044  54.483 0.0000000000
24486  26.614  -35.509  53.863 0.0000000000
44341  48.482  -12.853  44.489 0.0000000000
44303  48.434  -13.257  46.589 0.0000000000
26196  35.001  -33.586  50.713 0.0000000000
51083  56.571  -4.090  37.245 0.0000000000
51100  56.048  -4.710  36.394 0.0000000000
51101  55.480  -4.867  36.674 0.0000000000
47014  56.179  -9.620  44.317 0.0000000000
47846  55.713  -8.679  43.405 0.0000000000
47030  56.494  -9.593  43.343 0.0000000000
46204  56.386  -10.258  40.745 0.0000000000
36897  44.531  -21.746  53.448 0.0000000000
37648  43.506  -20.647  52.327 0.0000000000
38349  44.601  -19.772  52.104 0.0000000000
39124  44.656  -18.465  52.652 0.0000000000
39123  45.351  -18.731  53.053 0.0000000000
38347  46.169  -18.764  52.720 0.0000000000
37645  45.361  -19.190  52.108 0.0000000000
27111  30.597  -33.569  51.660 0.0000000000
26176  30.754  -34.369  51.906 0.0000000000
26199  32.063  -34.223  51.503 0.0000000000
45192  50.327  -11.948  44.018 0.0000000000
45217  50.349  -11.254  42.453 0.0000000000
45203  51.609  -11.437  43.928 0.0000000000
46141  52.830  -10.884  44.632 0.0000000000
45189  52.814  -11.585  45.157 0.0000000000
43438  53.455  -13.327  45.726 0.0000000000
43439  52.632  -13.540  45.686 0.0000000000
42512  50.998  -14.436  46.398 0.0000000000
42533  51.677  -14.800  46.096 0.0000000000
41575  50.982  -15.174  46.384 0.0000000000
40758  50.894  -16.642  45.886 0.0000000000
40742  50.603  -16.610  46.658 0.0000000000
29757  40.979  -30.242  52.536 0.0000000000
31485  41.089  -28.087  52.117 0.0000000000
30639  41.782  -29.245  52.276 0.0000000000
31496  44.687  -28.153  52.215 0.0000000000
34689  45.728  -24.808  53.151 0.0000000000
28036  35.961  -32.217  50.673 0.0000000000
28870  37.232  -31.259  50.946 0.0000000000
28869  37.827  -31.042  50.956 0.0000000000
28860  38.821  -31.018  51.685 0.0000000000
28016  38.372  -31.303  50.961 0.0000000000
51919  61.214  -3.523  37.981 0.0000000000
50303  58.790  -4.706  34.227 0.0000000000
48751  56.430  -7.420  35.296 0.0000000000
48710  55.631  -7.664  40.271 0.0000000000
47910  54.283  -8.077  40.193 0.0000000000
48722  54.675  -7.507  39.206 0.0000000000
49578  54.614  -6.754  37.999 0.0000000000
48733  55.878  -7.116  38.523 0.0000000000
49576  55.876  -6.739  37.875 0.0000000000
48720  56.238  -7.711  39.040 0.0000000000
46242  55.443  -10.039  38.911 0.0000000000
47096  55.582  -9.632  38.277 0.0000000000
33923  41.152  -25.367  51.798 0.0000000000
35462  40.722  -23.573  51.430 0.0000000000
39161  41.027  -18.885  51.260 0.0000000000
38384  39.932  -20.067  51.331 0.0000000000
41503  44.549  -15.432  51.384 0.0000000000
42442  43.603  -15.027  49.418 0.0000000000
42415  45.283  -14.333  50.204 0.0000000000
43406  45.385  -14.044  47.826 0.0000000000
43350  45.988  -13.847  50.248 0.0000000000
44254  47.886  -13.573  49.356 0.0000000000
44200  47.853  -13.983  51.435 0.0000000000
39159  48.025  -17.996  50.956 0.0000000000
40667  49.077  -16.418  50.833 0.0000000000
39188  48.743  -17.654  49.363 0.0000000000
39210  48.929  -18.012  47.470 0.0000000000
27086  28.610  -34.356  52.439 0.0000000000
25377  28.490  -35.145  52.480 0.0000000000
25398  28.824  -35.359  51.993 0.0000000000
24495  27.577  -35.484  52.706 0.0000000000
44339  50.380  -12.375  44.547 0.0000000000
44320  51.952  -12.809  45.260 0.0000000000
44321  50.516  -13.105  45.506 0.0000000000
44301  50.001  -13.664  46.233 0.0000000000
43402  49.805  -14.120  47.348 0.0000000000
28039  33.179  -32.916  51.384 0.0000000000
28879  34.506  -32.056  50.821 0.0000000000
27107  34.512  -33.225  51.058 0.0000000000
27106  35.427  -32.951  50.682 0.0000000000
26194  36.603  -33.071  50.332 0.0000000000
26174  37.735  -32.468  50.437 0.0000000000
26212  37.222  -33.310  49.846 0.0000000000
51081  59.164  -3.789  37.757 0.0000000000
51126  57.281  -4.646  35.280 0.0000000000
51115  56.800  -4.668  35.699 0.0000000000
50299  56.087  -5.202  35.597 0.0000000000
48749  56.384  -7.245  36.056 0.0000000000
47047  53.300  -9.125  42.236 0.0000000000
47879  54.445  -8.254  42.074 0.0000000000
48681  55.530  -7.916  42.130 0.0000000000
48696  56.155  -8.020  40.992 0.0000000000
47909  56.417  -8.469  39.610 0.0000000000
47072  56.490  -9.296  40.207 0.0000000000
46205  56.002  -10.515  40.094 0.0000000000
35445  43.317  -23.158  52.975 0.0000000000
36170  42.346  -22.519  51.882 0.0000000000
36921  43.094  -21.771  52.297 0.0000000000
38352  42.729  -20.017  52.104 0.0000000000
39892  42.647  -18.261  51.624 0.0000000000
40669  42.551  -16.844  50.993 0.0000000000
39890  43.693  -17.806  52.027 0.0000000000
40646  44.603  -16.807  52.402 0.0000000000
41466  46.265  -15.877  52.918 0.0000000000
42350  47.658  -15.213  53.003 0.0000000000
40635  47.220  -16.775  53.564 0.0000000000
38364  47.559  -18.564  52.339 0.0000000000
38397  46.465  -18.908  50.094 0.0000000000
28053  30.048  -32.843  50.804 0.0000000000
28041  31.328  -33.089  51.275 0.0000000000
28040  32.258  -33.107  51.219 0.0000000000
27109  32.636  -33.602  51.493 0.0000000000
25394  32.764  -34.569  51.083 0.0000000000
47033  52.921  -10.038  43.631 0.0000000000
47016  54.536  -9.675  44.539 0.0000000000
46120  55.579  -10.706  45.601 0.0000000000
43398  54.611  -12.904  44.959 0.0000000000
42530  54.337  -14.186  45.516 0.0000000000
41587  53.110  -14.942  45.395 0.0000000000
43440  51.530  -13.858  45.942 0.0000000000
42532  52.487  -14.470  45.838 0.0000000000
31513  39.558  -27.998  51.101 0.0000000000
31499  40.689  -27.490  51.817 0.0000000000
33092  41.128  -26.281  52.249 0.0000000000
33898  42.003  -26.017  52.469 0.0000000000
30637  43.194  -29.060  52.459 0.0000000000
33089  43.516  -26.774  53.179 0.0000000000
33896  43.431  -25.429  53.109 0.0000000000
34676  44.787  -24.549  54.126 0.0000000000
35429  45.699  -23.051  54.072 0.0000000000
36919  45.679  -22.080  52.583 0.0000000000
36920  45.054  -21.297  51.932 0.0000000000
36201  45.969  -22.976  50.623 0.0000000000
30655  39.475  -29.600  51.159 0.0000000000
29758  40.154  -30.380  51.952 0.0000000000
28867  40.534  -31.442  52.233 0.0000000000
26172  38.453  -32.515  50.383 0.0000000000
27102  39.501  -31.881  50.856 0.0000000000
50309  60.360  -4.961  33.327 0.0000000000
51085  54.934  -5.006  36.955 0.0000000000
49591  55.764  -6.124  36.896 0.0000000000
48744  56.318  -7.287  37.005 0.0000000000
47942  56.463  -8.017  36.663 0.0000000000
47923  56.363  -8.317  38.563 0.0000000000
47108  56.277  -8.720  37.452 0.0000000000
47943  56.122  -8.618  36.426 0.0000000000
36937  40.493  -21.323  51.500 0.0000000000
43444  45.654  -14.261  45.746 0.0000000000
43423  46.942  -13.635  45.869 0.0000000000
44285  47.717  -13.454  47.371 0.0000000000
43384  48.926  -14.020  48.907 0.0000000000
42463  49.619  -14.757  48.729 0.0000000000
43307  48.756  -14.741  51.692 0.0000000000
41542  49.685  -15.707  50.050 0.0000000000
40712  50.050  -16.322  48.625 0.0000000000
39992  50.135  -17.247  47.219 0.0000000000
36936  45.058  -21.201  51.017 0.0000000000
37684  45.200  -20.137  49.557 0.0000000000
25359  25.686  -35.269  55.869 0.0000000000
24473  24.577  -35.906  56.063 0.0000000000
25356  24.586  -35.629  56.792 0.0000000000
26131  26.005  -35.034  55.775 0.0000000000
25364  26.105  -35.206  55.432 0.0000000000
44342  47.683  -13.301  44.643 0.0000000000
44323  48.148  -13.085  45.545 0.0000000000
44324  47.507  -13.450  45.452 0.0000000000
51084  55.557  -4.427  36.982 0.0000000000
46156  56.450  -10.417  43.869 0.0000000000
46174  56.691  -10.369  42.840 0.0000000000
45232  56.604  -11.294  42.281 0.0000000000
37636  44.135  -20.889  52.504 0.0000000000
38334  44.698  -20.256  52.136 0.0000000000
38348  45.158  -19.535  52.466 0.0000000000
37646  44.826  -20.425  52.128 0.0000000000
26177  30.028  -34.375  52.030 0.0000000000
25375  30.251  -34.593  51.887 0.0000000000
25396  30.598  -34.951  51.591 0.0000000000
45191  51.061  -12.150  44.420 0.0000000000
45190  52.181  -12.003  44.651 0.0000000000
44337  52.577  -12.052  45.099 0.0000000000
44319  52.799  -12.381  45.391 0.0000000000
41576  50.542  -15.728  46.946 0.0000000000
29756  41.338  -30.272  52.145 0.0000000000
29765  42.055  -30.472  52.016 0.0000000000
28025  36.773  -31.909  50.795 0.0000000000
28877  36.556  -31.468  50.805 0.0000000000
29769  37.583  -30.956  50.966 0.0000000000
28861  38.237  -31.038  51.013 0.0000000000
51080  60.082  -4.200  37.621 0.0000000000
51079  60.823  -4.023  37.363 0.0000000000
51096  60.320  -4.273  36.595 0.0000000000
51123  59.953  -4.400  34.821 0.0000000000
51124  59.001  -4.578  34.739 0.0000000000
48734  55.344  -7.029  38.644 0.0000000000
46243  54.777  -10.303  38.535 0.0000000000
47097  54.911  -9.893  37.979 0.0000000000
34692  41.548  -25.116  51.666 0.0000000000
34704  41.184  -24.554  51.537 0.0000000000
34703  41.818  -24.040  51.569 0.0000000000
39911  41.463  -18.249  51.044 0.0000000000
39947  40.693  -17.985  49.559 0.0000000000
42371  45.206  -14.971  51.678 0.0000000000
42389  44.919  -14.792  50.915 0.0000000000
42388  45.603  -14.363  51.043 0.0000000000
43329  46.328  -13.857  51.119 0.0000000000
43328  47.096  -13.621  51.197 0.0000000000
43311  46.626  -13.915  51.772 0.0000000000
38395  48.004  -18.090  50.597 0.0000000000
38394  48.298  -17.849  50.304 0.0000000000
38411  47.863  -18.228  49.734 0.0000000000
38424  48.336  -17.983  49.071 0.0000000000
26158  26.977  -34.978  53.831 0.0000000000
27062  27.758  -34.708  53.071 0.0000000000
26157  27.854  -34.897  53.202 0.0000000000
26156  28.392  -34.769  52.788 0.0000000000
25366  28.095  -34.980  53.011 0.0000000000
44353  48.546  -12.584  43.256 0.0000000000
44340  49.563  -12.389  44.213 0.0000000000
43422  49.717  -13.935  47.188 0.0000000000
27108  33.608  -33.446  51.453 0.0000000000
28038  34.061  -32.758  51.180 0.0000000000
26213  35.747  -33.789  50.194 0.0000000000
26195  35.858  -33.403  50.373 0.0000000000
27105  36.378  -32.659  50.591 0.0000000000
25391  36.341  -33.439  50.088 0.0000000000
25390  36.735  -33.211  50.154 0.0000000000
52799  58.474  -2.830  37.846 0.0000000000
52777  58.957  -3.047  38.178 0.0000000000
51871  59.570  -3.350  38.865 0.0000000000
51098  58.309  -4.207  36.792 0.0000000000
51099  57.182  -4.406  36.677 0.0000000000
49590  56.008  -6.214  36.334 0.0000000000
47032  53.690  -9.335  43.415 0.0000000000
47848  54.262  -8.702  43.290 0.0000000000
47861  56.011  -8.229  42.530 0.0000000000
47878  56.047  -8.009  41.775 0.0000000000
47894  56.493  -8.540  40.665 0.0000000000
47059  56.671  -9.354  41.269 0.0000000000
45268  55.371  -10.846  39.917 0.0000000000
36157  43.128  -22.527  52.419 0.0000000000
36908  43.484  -21.647  52.647 0.0000000000
38351  43.232  -19.804  51.976 0.0000000000
38367  42.915  -19.565  52.057 0.0000000000
39142  42.960  -18.839  51.951 0.0000000000
39891  43.229  -17.892  51.671 0.0000000000
39861  45.218  -17.552  53.420 0.0000000000
39875  44.789  -17.476  52.839 0.0000000000
40638  45.413  -16.918  52.911 0.0000000000
41467  45.644  -16.077  52.527 0.0000000000
40637  45.937  -16.949  53.473 0.0000000000
41446  46.483  -16.117  53.593 0.0000000000
40636  46.576  -16.930  54.101 0.0000000000
39121  47.209  -18.462  53.370 0.0000000000
38365  46.473  -18.777  51.958 0.0000000000
38380  47.363  -18.574  51.320 0.0000000000
38381  46.560  -18.799  50.998 0.0000000000
28043  29.461  -33.222  51.441 0.0000000000
46159  51.385  -10.991  43.319 0.0000000000
46175  52.340  -10.318  43.172 0.0000000000
46123  53.739  -10.997  45.403 0.0000000000
46140  53.708  -10.604  44.880 0.0000000000
46139  54.315  -10.566  45.225 0.0000000000
47001  55.245  -9.978  45.485 0.0000000000
46104  55.115  -10.830  46.061 0.0000000000
45171  55.463  -11.489  45.422 0.0000000000
44299  54.362  -12.221  45.340 0.0000000000
42511  53.979  -14.033  46.585 0.0000000000
42486  54.535  -14.153  47.039 0.0000000000
42548  53.809  -14.599  45.231 0.0000000000
41588  52.229  -15.378  45.578 0.0000000000
40756  52.194  -15.996  45.014 0.0000000000
31500  39.988  -27.931  51.559 0.0000000000
31486  40.382  -28.352  51.682 0.0000000000
31484  41.723  -28.319  52.949 0.0000000000
32322  41.179  -27.018  52.300 0.0000000000
32321  41.673  -27.158  53.009 0.0000000000
33091  41.591  -26.397  52.574 0.0000000000
32307  42.322  -26.757  53.174 0.0000000000
30652  42.820  -29.582  52.058 0.0000000000
30668  43.273  -29.155  51.435 0.0000000000
33106  44.440  -26.700  52.516 0.0000000000
32318  44.062  -27.889  53.001 0.0000000000
33072  44.005  -26.261  53.507 0.0000000000
33073  43.477  -26.185  53.456 0.0000000000
33895  44.129  -25.530  53.811 0.0000000000
34677  44.066  -24.494  53.494 0.0000000000
33894  44.757  -25.357  53.668 0.0000000000
34702  46.078  -24.684  52.081 0.0000000000
35444  45.356  -24.199  53.812 0.0000000000
36156  46.094  -22.699  53.170 0.0000000000
36168  46.043  -22.747  52.171 0.0000000000
35479  45.868  -23.651  51.458 0.0000000000
28878  35.608  -31.680  50.596 0.0000000000
30671  39.207  -29.303  50.786 0.0000000000
29778  39.118  -29.962  51.114 0.0000000000
28859  39.418  -31.117  52.261 0.0000000000
29759  39.346  -30.776  52.043 0.0000000000
28858  40.323  -31.265  52.542 0.0000000000
28013  40.032  -31.541  52.120 0.0000000000
26173  38.073  -32.451  50.414 0.0000000000
28035  40.162  -31.756  50.886 0.0000000000
51133  60.126  -4.558  34.025 0.0000000000
50317  59.811  -5.364  32.843 0.0000000000
47896  53.646  -8.521  40.597 0.0000000000
47073  52.910  -9.048  40.035 0.0000000000
49588  55.029  -6.318  37.672 0.0000000000
50284  54.571  -5.757  37.389 0.0000000000
50283  55.130  -5.563  37.095 0.0000000000
50291  55.557  -5.484  36.689 0.0000000000
48732  56.216  -7.404  38.010 0.0000000000
49586  56.037  -6.614  37.278 0.0000000000
47110  55.073  -9.591  37.563 0.0000000000
47095  56.233  -8.916  38.005 0.0000000000
47109  55.824  -9.104  37.213 0.0000000000
47935  56.312  -8.566  37.058 0.0000000000
47118  55.531  -9.072  36.232 0.0000000000
36923  41.961  -21.667  51.860 0.0000000000
36924  41.120  -21.658  51.520 0.0000000000
37664  41.010  -20.681  51.694 0.0000000000
40668  43.155  -16.290  51.248 0.0000000000
42466  43.867  -14.742  48.585 0.0000000000
43386  45.941  -13.782  48.473 0.0000000000
43425  45.526  -14.108  46.781 0.0000000000
43405  46.153  -13.797  47.423 0.0000000000
43424  46.259  -13.879  46.344 0.0000000000
43404  46.930  -13.573  46.918 0.0000000000
44269  47.800  -13.511  48.447 0.0000000000
44235  48.352  -13.843  50.312 0.0000000000
44253  48.346  -13.762  49.587 0.0000000000
44252  48.704  -13.908  49.687 0.0000000000
42464  49.261  -14.275  48.830 0.0000000000
42439  49.325  -14.422  49.434 0.0000000000
42349  48.332  -15.412  52.836 0.0000000000
43288  48.013  -14.958  52.470 0.0000000000
42368  48.771  -15.346  52.168 0.0000000000
39944  49.599  -16.956  49.953 0.0000000000
41525  49.370  -15.872  50.706 0.0000000000
40697  49.873  -16.347  49.570 0.0000000000
41555  49.819  -15.566  49.124 0.0000000000
40727  50.324  -16.426  47.626 0.0000000000
39977  49.999  -17.096  48.241 0.0000000000
39993  49.587  -17.863  46.835 0.0000000000
36950  45.569  -22.141  50.779 0.0000000000
26159  26.458  -34.661  54.212 0.0000000000
25368  26.792  -35.148  54.051 0.0000000000
25363  26.376  -35.263  54.723 0.0000000000
24478  26.258  -35.467  54.608 0.0000000000
26215  34.707  -34.124  50.621 0.0000000000
26214  35.392  -33.909  50.343 0.0000000000
51922  57.269  -3.503  37.957 0.0000000000
47834  55.282  -9.116  44.053 0.0000000000
47847  54.862  -8.619  43.533 0.0000000000
47860  56.366  -8.857  42.882 0.0000000000
47046  56.766  -9.439  42.349 0.0000000000
46190  56.743  -10.315  41.799 0.0000000000
36898  43.978  -21.682  53.057 0.0000000000
37647  44.032  -20.254  52.017 0.0000000000
38350  43.982  -19.618  51.850 0.0000000000
39106  45.219  -18.157  53.738 0.0000000000
39105  45.871  -18.305  54.054 0.0000000000
39122  46.084  -18.675  53.428 0.0000000000
37660  45.596  -19.021  51.731 0.0000000000
27112  29.918  -33.529  51.657 0.0000000000
27085  29.745  -34.026  51.993 0.0000000000
27084  30.618  -34.017  51.909 0.0000000000
27083  30.962  -33.971  51.958 0.0000000000
26175  31.322  -34.172  51.802 0.0000000000
26200  31.325  -34.545  51.667 0.0000000000
45205  49.923  -11.703  43.228 0.0000000000
45204  50.824  -11.493  43.436 0.0000000000
46158  51.928  -10.811  43.589 0.0000000000
46157  52.539  -10.622  43.892 0.0000000000
46142  52.158  -11.074  44.214 0.0000000000
46124  53.190  -11.062  45.227 0.0000000000
45175  52.915  -11.404  45.382 0.0000000000
44317  53.789  -12.057  45.524 0.0000000000
44318  53.237  -12.015  45.515 0.0000000000
43420  50.930  -14.010  46.257 0.0000000000
40757  51.523  -16.147  45.480 0.0000000000
40741  50.893  -15.924  46.124 0.0000000000
30640  41.111  -29.238  52.018 0.0000000000
31483  42.630  -28.451  53.070 0.0000000000
30667  44.162  -28.796  51.847 0.0000000000
33105  44.953  -26.411  52.482 0.0000000000
33922  45.348  -25.856  52.694 0.0000000000
33921  45.654  -25.637  52.265 0.0000000000
33939  46.171  -25.367  51.583 0.0000000000
29780  37.266  -30.663  50.813 0.0000000000
29768  38.181  -30.785  51.017 0.0000000000
29767  39.209  -30.376  51.462 0.0000000000
28868  38.474  -30.912  51.302 0.0000000000
28015  38.952  -31.352  51.513 0.0000000000
51111  60.517  -4.291  35.587 0.0000000000
51134  59.562  -4.562  34.308 0.0000000000
50310  59.144  -4.822  33.738 0.0000000000
48711  54.947  -7.740  40.652 0.0000000000
49577  55.421  -6.661  38.019 0.0000000000
47085  55.802  -9.817  38.919 0.0000000000
33924  40.547  -25.379  51.865 0.0000000000
38369  41.473  -19.854  52.018 0.0000000000
38383  40.722  -19.853  51.637 0.0000000000
38399  40.350  -19.477  51.038 0.0000000000
39176  40.313  -18.861  50.195 0.0000000000
41485  44.259  -16.107  51.637 0.0000000000
41526  43.353  -15.566  50.157 0.0000000000
42390  44.260  -14.995  50.851 0.0000000000
42441  44.263  -14.676  49.368 0.0000000000
42465  44.680  -14.430  48.380 0.0000000000
43387  45.300  -14.067  48.693 0.0000000000
43369  45.611  -13.923  49.394 0.0000000000
43368  46.437  -13.695  49.302 0.0000000000
43367  47.253  -13.526  49.228 0.0000000000
43348  47.488  -13.551  49.786 0.0000000000
44218  47.953  -13.799  50.895 0.0000000000
44217  48.298  -14.039  50.903 0.0000000000
39138  48.019  -17.767  51.799 0.0000000000
40653  48.732  -16.464  51.466 0.0000000000
39157  48.607  -17.290  50.750 0.0000000000
39927  49.120  -17.248  50.187 0.0000000000
39945  49.197  -17.322  49.633 0.0000000000
39963  49.286  -17.358  48.758 0.0000000000
39200  48.829  -17.773  48.420 0.0000000000
28027  28.592  -33.728  51.950 0.0000000000
27087  27.782  -34.261  52.532 0.0000000000
26178  29.175  -34.570  52.366 0.0000000000
25397  29.406  -35.368  51.627 0.0000000000
24494  28.202  -35.396  52.343 0.0000000000
24485  27.197  -35.332  53.283 0.0000000000
45177  51.525  -12.535  44.927 0.0000000000
43421  50.255  -14.008  46.651 0.0000000000
42488  49.870  -14.502  47.689 0.0000000000
29777  42.104  -30.326  51.428 0.0000000000
28880  33.632  -32.235  51.038 0.0000000000
27082  36.935  -32.162  50.669 0.0000000000
27081  37.496  -32.265  50.545 0.0000000000
27104  36.965  -32.654  50.494 0.0000000000
26193  37.290  -32.915  50.297 0.0000000000
51062  60.623  -4.006  38.318 0.0000000000
51097  59.400  -4.198  36.748 0.0000000000
51113  58.678  -4.423  35.838 0.0000000000
51114  57.688  -4.516  35.904 0.0000000000
47880  53.775  -8.582  41.645 0.0000000000
48665  54.943  -8.180  42.990 0.0000000000
48682  54.967  -8.005  42.476 0.0000000000
48698  54.981  -7.886  41.649 0.0000000000
48697  55.599  -7.806  41.270 0.0000000000
48709  56.242  -7.871  40.013 0.0000000000
46225  56.263  -9.939  39.884 0.0000000000
46226  55.809  -10.164  39.425 0.0000000000
46227  55.121  -10.473  39.297 0.0000000000
35446  42.787  -23.579  52.386 0.0000000000
35460  42.257  -23.522  51.854 0.0000000000
36158  42.678  -23.030  52.123 0.0000000000
36169  42.886  -22.055  52.091 0.0000000000
37662  42.319  -21.117  52.109 0.0000000000
36909  43.045  -21.231  52.446 0.0000000000
37649  42.704  -20.643  52.261 0.0000000000
37650  42.436  -20.275  52.174 0.0000000000
38368  42.341  -19.731  52.159 0.0000000000
39143  41.867  -18.853  51.892 0.0000000000
39910  42.022  -17.902  51.341 0.0000000000
40685  41.866  -17.172  50.286 0.0000000000
39909  42.712  -17.664  51.470 0.0000000000
40657  42.931  -17.278  51.657 0.0000000000
40656  43.596  -16.800  51.816 0.0000000000
39876  44.219  -17.752  52.426 0.0000000000
40647  44.023  -17.275  52.222 0.0000000000
40655  44.366  -16.439  51.960 0.0000000000
41484  44.888  -15.875  52.014 0.0000000000
42353  45.637  -15.307  52.171 0.0000000000
42352  46.380  -15.161  52.506 0.0000000000
43290  47.106  -14.601  52.284 0.0000000000
42332  46.619  -15.560  53.103 0.0000000000
41465  47.225  -15.655  53.231 0.0000000000
40645  47.578  -16.760  53.193 0.0000000000
39103  47.104  -18.235  54.016 0.0000000000
39874  47.566  -17.426  53.214 0.0000000000
39119  48.123  -17.608  52.398 0.0000000000
38363  47.852  -18.190  51.953 0.0000000000
38396  47.315  -18.586  50.402 0.0000000000
28892  32.405  -31.743  50.570 0.0000000000
28882  31.956  -32.519  50.913 0.0000000000
28881  32.791  -32.371  51.050 0.0000000000
26198  33.136  -34.083  51.551 0.0000000000
25393  33.441  -34.304  51.161 0.0000000000
47048  52.805  -9.717  42.772 0.0000000000
47018  52.939  -10.432  44.102 0.0000000000
47017  53.477  -10.199  44.182 0.0000000000
47015  55.522  -9.520  44.716 0.0000000000
47000  55.926  -9.919  45.435 0.0000000000
46138  56.145  -10.517  44.850 0.0000000000
44351  56.286  -12.280  43.759 0.0000000000
45188  55.900  -11.415  45.026 0.0000000000
44316  55.413  -12.240  44.944 0.0000000000
42528  54.928  -13.757  44.768 0.0000000000
43399  54.354  -13.442  45.694 0.0000000000
42509  54.728  -13.982  45.673 0.0000000000
32348  39.956  -26.779  51.220 0.0000000000
32338  40.473  -26.828  51.603 0.0000000000
32337  40.863  -26.731  51.973 0.0000000000
33107  40.676  -26.154  51.966 0.0000000000
33912  40.996  -25.788  52.045 0.0000000000
33911  41.724  -25.640  52.065 0.0000000000
33910  42.384  -25.123  52.012 0.0000000000
30653  42.044  -29.625  52.124 0.0000000000
30638  42.672  -29.160  52.593 0.0000000000
31497  44.011  -28.229  52.533 0.0000000000
32319  43.478  -27.650  53.162 0.0000000000
33074  42.780  -26.347  53.115 0.0000000000
33897  42.637  -25.555  52.445 0.0000000000
34679  42.790  -24.521  52.342 0.0000000000
35433  43.208  -23.828  52.856 0.0000000000
35432  43.771  -23.464  53.540 0.0000000000
35418  44.177  -22.998  54.266 0.0000000000
34690  45.200  -24.982  53.686 0.0000000000
35430  45.183  -23.122  54.151 0.0000000000
35417  44.689  -22.842  54.559 0.0000000000
36886  45.141  -22.135  54.353 0.0000000000
36906  45.735  -22.064  53.504 0.0000000000
36907  45.145  -21.552  52.752 0.0000000000
36185  45.907  -22.677  51.355 0.0000000000
35498  45.925  -24.036  50.294 0.0000000000
36220  45.888  -23.153  49.854 0.0000000000
28890  34.007  -31.486  50.737 0.0000000000
30670  39.670  -28.809  51.160 0.0000000000
30654  39.906  -29.178  51.350 0.0000000000
29766  39.990  -29.876  51.485 0.0000000000
28857  41.093  -30.885  52.790 0.0000000000
28866  41.098  -31.348  52.214 0.0000000000
27080  38.095  -31.951  50.540 0.0000000000
27059  38.571  -31.612  50.880 0.0000000000
27079  39.035  -31.876  50.945 0.0000000000
27078  39.551  -31.753  51.168 0.0000000000
28022  40.134  -31.682  51.723 0.0000000000
26124  24.318  -34.814  56.646 0.0000000000
47947  56.412  -8.068  35.826 0.0000000000
47126  55.420  -9.076  35.694 0.0000000000
36186  41.084  -22.817  51.228 0.0000000000
36172  40.572  -22.742  51.350 0.0000000000
42490  44.801  -14.398  47.210 0.0000000000
43443  46.330  -13.998  45.298 0.0000000000
44304  47.643  -13.429  46.298 0.0000000000
44284  48.473  -13.534  47.722 0.0000000000
44268  48.384  -13.688  48.744 0.0000000000
44283  48.882  -13.771  48.209 0.0000000000
43403  49.390  -14.064  47.904 0.0000000000
42489  49.535  -14.366  48.289 0.0000000000
43309  47.677  -14.310  51.906 0.0000000000
44199  48.183  -14.238  51.408 0.0000000000
43327  48.899  -14.408  51.059 0.0000000000
41502  48.954  -15.972  51.159 0.0000000000
42414  49.407  -15.186  50.594 0.0000000000
43346  49.242  -14.556  50.546 0.0000000000
42438  49.512  -14.883  49.799 0.0000000000
41564  50.108  -15.441  47.961 0.0000000000
39978  49.435  -17.557  47.805 0.0000000000
37661  45.142  -19.880  51.422 0.0000000000
36951  45.196  -21.368  49.843 0.0000000000
37671  45.169  -20.160  50.396 0.0000000000
38382  45.639  -19.159  50.674 0.0000000000
38398  45.600  -19.348  49.790 0.0000000000
24468  24.149  -35.983  56.885 0.0000000000
24472  25.315  -35.556  55.909 0.0000000000
25352  24.243  -35.672  57.216 0.0000000000
25360  25.102  -35.395  56.344 0.0000000000
25378  27.874  -35.214  52.850 0.0000000000
26116  24.495  -35.424  57.116 0.0000000000
26117  24.198  -35.217  57.132 0.0000000000
26123  24.794  -35.160  56.879 0.0000000000
26144  26.282  -34.868  55.090 0.0000000000
27021  24.002  -34.597  56.165 0.0000000000
27058  39.028  -31.599  51.261 0.0000000000
27060  37.951  -31.699  50.622 0.0000000000
27061  28.165  -34.714  52.926 0.0000000000
28021  40.812  -31.908  52.001 0.0000000000
28023  39.595  -31.634  51.466 0.0000000000
30649  44.444  -28.451  52.179 0.0000000000
30650  44.151  -28.497  52.154 0.0000000000
30651  43.611  -28.791  52.206 0.0000000000
30666  44.713  -28.697  52.063 0.0000000000
30669  42.781  -29.684  51.535 0.0000000000
30690  43.989  -28.390  51.398 0.0000000000
31481  43.920  -28.231  52.914 0.0000000000
31482  43.506  -28.492  52.796 0.0000000000
31498  43.700  -28.507  52.493 0.0000000000
32306  42.590  -26.795  53.138 0.0000000000
32334  45.737  -27.045  51.999 0.0000000000
32336  44.433  -27.276  52.401 0.0000000000
33075  42.101  -26.324  52.894 0.0000000000
33088  44.271  -26.670  52.980 0.0000000000
33090  43.141  -26.641  53.145 0.0000000000
33104  45.677  -26.638  52.067 0.0000000000
33119  45.842  -25.728  51.462 0.0000000000
33907  45.435  -25.482  52.812 0.0000000000
33908  45.032  -25.748  53.154 0.0000000000
33909  44.441  -25.903  53.410 0.0000000000
33938  45.927  -25.538  51.314 0.0000000000
34678  43.403  -24.536  52.831 0.0000000000
35416  45.015  -22.771  54.729 0.0000000000
35431  44.468  -23.552  54.065 0.0000000000
35443  45.741  -23.439  53.635 0.0000000000
35461  41.554  -23.427  51.464 0.0000000000
35480  41.042  -23.061  51.233 0.0000000000
35481  40.788  -23.101  51.269 0.0000000000
36131  45.051  -22.238  54.753 0.0000000000
36132  44.407  -22.341  54.165 0.0000000000
36133  43.985  -22.795  53.943 0.0000000000
36143  45.823  -22.526  54.036 0.0000000000
36144  45.311  -22.429  54.184 0.0000000000
36145  44.171  -22.047  53.566 0.0000000000
36171  41.323  -22.595  51.404 0.0000000000
36187  40.865  -22.893  51.223 0.0000000000
36887  44.906  -21.825  54.426 0.0000000000
36895  45.745  -22.027  53.966 0.0000000000
36896  45.267  -21.806  53.966 0.0000000000
36922  42.628  -21.544  52.168 0.0000000000
36925  40.305  -21.980  51.430 0.0000000000
36935  45.592  -22.040  51.669 0.0000000000
37637  43.738  -21.205  52.704 0.0000000000
38335  44.464  -20.527  52.169 0.0000000000
38346  46.947  -18.743  52.671 0.0000000000
38362  47.902  -17.981  51.871 0.0000000000
38378  47.912  -17.994  51.615 0.0000000000
38379  47.874  -18.203  51.433 0.0000000000
38410  48.309  -17.883  49.922 0.0000000000
39104  46.720  -18.320  54.107 0.0000000000
39120  47.931  -18.035  52.942 0.0000000000
39126  43.211  -19.280  51.962 0.0000000000
39139  47.880  -18.179  52.435 0.0000000000
39140  47.789  -18.468  52.858 0.0000000000
39141  43.461  -18.334  51.859 0.0000000000
39144  41.261  -19.377  51.755 0.0000000000
39158  48.130  -17.762  51.085 0.0000000000
39160  41.601  -18.493  51.405 0.0000000000
39173  48.886  -17.284  50.436 0.0000000000
39174  48.556  -17.631  50.308 0.0000000000
39175  48.167  -17.871  50.734 0.0000000000
39858  47.098  -17.772  54.062 0.0000000000
39859  46.431  -17.793  54.230 0.0000000000
39872  48.405  -17.188  52.457 0.0000000000
39873  48.279  -17.346  52.903 0.0000000000
39888  48.612  -16.782  51.434 0.0000000000
39889  48.503  -17.054  51.836 0.0000000000
39907  48.687  -16.864  51.108 0.0000000000
39908  48.331  -17.334  51.277 0.0000000000
39926  49.146  -16.942  50.523 0.0000000000
39928  41.635  -17.768  50.648 0.0000000000
39929  41.004  -18.148  50.492 0.0000000000
40644  48.065  -16.745  53.094 0.0000000000
40654  48.663  -16.574  51.994 0.0000000000
40670  41.986  -17.400  50.849 0.0000000000
40683  49.573  -16.411  50.321 0.0000000000
41444  47.247  -16.328  53.467 0.0000000000
41445  47.083  -16.125  53.722 0.0000000000
41447  46.034  -16.443  53.001 0.0000000000
41462  48.638  -16.146  52.604 0.0000000000
41463  48.433  -16.119  52.990 0.0000000000
41464  47.595  -16.124  53.174 0.0000000000
41482  48.787  -16.030  51.537 0.0000000000
41483  48.718  -16.069  52.071 0.0000000000
42331  46.934  -15.566  53.567 0.0000000000
42348  48.642  -15.783  52.606 0.0000000000
42351  47.048  -15.196  52.858 0.0000000000
42367  48.878  -15.648  51.603 0.0000000000
42369  48.415  -14.983  52.217 0.0000000000
42387  49.153  -15.436  51.151 0.0000000000
42416  44.612  -14.697  50.164 0.0000000000
42417  43.870  -14.958  50.232 0.0000000000
42440  44.959  -14.340  49.376 0.0000000000
42460  55.045  -13.858  46.831 0.0000000000
42461  54.976  -14.102  47.341 0.0000000000
42462  54.609  -14.100  47.530 0.0000000000
42484  54.615  -13.584  45.352 0.0000000000
42485  54.942  -14.040  46.410 0.0000000000
42487  54.258  -14.049  47.160 0.0000000000
42508  54.803  -13.625  44.945 0.0000000000
42510  54.383  -14.106  46.313 0.0000000000
43289  47.580  -14.791  52.380 0.0000000000
43291  46.681  -14.377  52.156 0.0000000000
43306  49.006  -15.156  51.607 0.0000000000
43308  48.156  -14.597  51.913 0.0000000000
43310  47.259  -13.926  51.887 0.0000000000
43326  49.146  -14.843  51.160 0.0000000000
43347  48.989  -14.176  50.471 0.0000000000
43349  46.958  -13.570  50.250 0.0000000000
43365  49.269  -14.333  50.022 0.0000000000
43366  49.047  -14.086  49.710 0.0000000000
43381  54.705  -13.772  46.688 0.0000000000
43382  54.798  -13.810  47.263 0.0000000000
43383  54.797  -13.923  47.722 0.0000000000
43400  54.357  -13.715  46.614 0.0000000000
43401  54.468  -13.875  47.338 0.0000000000
43416  54.796  -12.946  44.782 0.0000000000
43417  54.113  -12.882  45.483 0.0000000000
43418  53.876  -13.120  45.621 0.0000000000
43419  54.018  -13.798  46.532 0.0000000000
43435  55.078  -13.092  44.509 0.0000000000
43436  54.976  -13.573  44.674 0.0000000000
43437  53.554  -12.651  45.624 0.0000000000
43453  55.126  -13.530  44.514 0.0000000000
44198  48.525  -14.406  51.383 0.0000000000
44201  47.590  -13.749  51.323 0.0000000000
44216  48.610  -14.200  50.931 0.0000000000
44219  47.596  -13.635  50.910 0.0000000000
44236  47.787  -13.621  50.250 0.0000000000
44237  47.374  -13.573  50.680 0.0000000000
44267  48.646  -13.884  49.040 0.0000000000
44281  55.047  -12.253  45.004 0.0000000000
44282  54.706  -12.408  45.116 0.0000000000
44298  55.064  -12.466  44.943 0.0000000000
44300  54.224  -12.025  45.587 0.0000000000
44336  56.060  -12.352  44.544 0.0000000000
44338  52.400  -12.326  45.117 0.0000000000
45142  55.214  -12.161  45.160 0.0000000000
45143  55.026  -12.021  45.127 0.0000000000
45156  55.311  -11.968  45.265 0.0000000000
45157  55.016  -11.676  45.560 0.0000000000
45158  54.604  -11.353  45.748 0.0000000000
45172  55.348  -11.048  45.826 0.0000000000
45174  53.765  -11.420  45.529 0.0000000000
45202  56.274  -11.368  44.276 0.0000000000
46103  55.200  -10.505  45.971 0.0000000000
46105  54.744  -10.851  45.989 0.0000000000
46121  55.311  -10.692  45.934 0.0000000000
46122  54.430  -10.891  45.715 0.0000000000
46985  55.345  -10.366  45.822 0.0000000000
46986  55.050  -10.483  45.944 0.0000000000
46987  54.843  -10.633  45.933 0.0000000000
47002  54.809  -10.378  45.567 0.0000000000
47832  56.066  -9.311  44.007 0.0000000000
47833  55.828  -9.195  44.044 0.0000000000
47845  56.135  -9.169  43.677 0.0000000000
47862  54.589  -8.368  42.854 0.0000000000
47863  53.950  -8.628  42.624 0.0000000000
48664  55.350  -8.163  42.892 0.0000000000
51011  60.295  -3.646  39.054 0.0000000000
51012  60.160  -3.458  39.137 0.0000000000
51013  59.886  -3.659  39.447 0.0000000000
51029  60.418  -3.478  38.953 0.0000000000
51030  60.094  -4.045  39.172 0.0000000000
51031  59.909  -3.765  39.317 0.0000000000
51046  60.668  -3.632  38.799 0.0000000000
51047  60.163  -4.065  38.958 0.0000000000
51048  59.760  -3.864  38.999 0.0000000000
51063  59.881  -4.073  38.487 0.0000000000
51064  59.518  -3.698  38.558 0.0000000000
51838  60.346  -3.231  39.037 0.0000000000
51839  60.107  -3.184  39.296 0.0000000000
51840  59.951  -3.331  39.425 0.0000000000
51855  60.878  -3.021  38.951 0.0000000000
51856  60.313  -2.735  38.964 0.0000000000
51857  59.777  -3.376  39.269 0.0000000000
51870  61.180  -3.013  38.817 0.0000000000
51893  61.066  -3.441  38.632 0.0000000000
51894  59.368  -3.364  38.577 0.0000000000
51895  59.178  -3.228  38.305 0.0000000000
51920  59.228  -3.477  38.266 0.0000000000
51921  58.609  -3.348  37.923 0.0000000000
51936  61.239  -3.529  36.984 0.0000000000
52705  60.111  -2.953  39.391 0.0000000000
52706  59.957  -3.002  39.572 0.0000000000
52727  60.533  -2.843  39.039 0.0000000000
52728  60.268  -2.806  39.187 0.0000000000
52729  60.045  -2.977  39.401 0.0000000000
52751  60.762  -2.775  39.009 0.0000000000
52753  59.835  -2.894  39.121 0.0000000000
52776  59.412  -2.936  38.525 0.0000000000
