#!ascii label  , from subject 3223 vox2ras=TkReg
296
18233  40.376  -44.451  -10.764 0.0000000000
108060  45.455  -47.211  -24.786 0.0000000000
16004  45.924  -48.206  -17.290 0.0000000000
16790  40.882  -46.985  -21.597 0.0000000000
16027  46.885  -48.669  -21.948 0.0000000000
16018  46.418  -48.518  -19.823 0.0000000000
15285  48.762  -49.915  -20.850 0.0000000000
17572  42.639  -46.964  -24.504 0.0000000000
18342  41.680  -45.289  -22.770 0.0000000000
18274  42.922  -45.686  -15.058 0.0000000000
16764  42.667  -47.530  -19.394 0.0000000000
16787  44.000  -47.960  -21.946 0.0000000000
16806  45.362  -47.872  -24.169 0.0000000000
15317  48.031  -49.244  -25.112 0.0000000000
19049  43.297  -44.776  -6.355 0.0000000000
17465  43.999  -46.338  -11.766 0.0000000000
16733  45.959  -48.077  -14.827 0.0000000000
19950  40.067  -43.957  -18.751 0.0000000000
16016  48.191  -49.140  -19.441 0.0000000000
17589  43.858  -46.915  -24.801 0.0000000000
18373  42.183  -45.844  -25.137 0.0000000000
17506  43.924  -47.037  -16.239 0.0000000000
16753  44.563  -47.711  -18.249 0.0000000000
16023  46.665  -48.675  -20.928 0.0000000000
16025  44.676  -48.174  -20.998 0.0000000000
16028  45.931  -48.518  -21.872 0.0000000000
16797  44.370  -47.899  -22.980 0.0000000000
16035  46.296  -48.530  -22.797 0.0000000000
16052  47.728  -48.692  -25.459 0.0000000000
17473  45.785  -47.313  -12.702 0.0000000000
17482  44.872  -46.784  -13.607 0.0000000000
16728  46.582  -48.105  -13.800 0.0000000000
17541  39.731  -46.544  -20.009 0.0000000000
17564  38.314  -44.924  -21.882 0.0000000000
18339  44.431  -44.647  -22.175 0.0000000000
108088  42.569  -44.914  -20.841 0.0000000000
16003  47.038  -48.499  -17.626 0.0000000000
16011  46.193  -48.345  -18.628 0.0000000000
16010  47.246  -48.602  -18.788 0.0000000000
16017  47.643  -48.793  -19.937 0.0000000000
16022  47.617  -48.880  -21.156 0.0000000000
16799  41.992  -47.194  -23.275 0.0000000000
17561  40.397  -46.001  -23.587 0.0000000000
17560  41.340  -46.102  -23.958 0.0000000000
19212  43.360  -44.318  -23.991 0.0000000000
108065  47.498  -47.703  -26.347 0.0000000000
18251  41.208  -45.222  -12.715 0.0000000000
17531  41.074  -46.751  -18.065 0.0000000000
16777  41.659  -47.461  -20.442 0.0000000000
16763  43.994  -47.713  -19.633 0.0000000000
16776  42.807  -47.681  -20.705 0.0000000000
16789  41.824  -47.439  -21.846 0.0000000000
16798  43.218  -47.528  -22.996 0.0000000000
16807  44.469  -47.707  -23.930 0.0000000000
16811  46.038  -47.533  -24.727 0.0000000000
16041  47.513  -48.718  -23.637 0.0000000000
16048  47.077  -48.474  -24.486 0.0000000000
108059  47.003  -48.149  -25.448 0.0000000000
108061  47.152  -47.804  -25.642 0.0000000000
20571  42.394  -42.550  -6.683 0.0000000000
18217  41.741  -44.091  -8.230 0.0000000000
17442  43.332  -45.704  -9.636 0.0000000000
18240  41.956  -45.203  -11.693 0.0000000000
18249  43.466  -45.946  -13.033 0.0000000000
17496  44.250  -46.743  -15.425 0.0000000000
16737  45.645  -48.053  -15.573 0.0000000000
15989  47.796  -48.658  -15.690 0.0000000000
15996  46.953  -48.453  -16.425 0.0000000000
19216  39.872  -44.339  -22.716 0.0000000000
19069  40.597  -43.961  -9.741 0.0000000000
19906  40.177  -43.783  -11.107 0.0000000000
19907  39.806  -44.055  -11.370 0.0000000000
17588  44.600  -47.169  -24.736 0.0000000000
18389  43.661  -46.424  -24.959 0.0000000000
16744  44.979  -47.738  -17.058 0.0000000000
16745  44.016  -47.405  -17.241 0.0000000000
16005  45.202  -47.944  -17.773 0.0000000000
15323  48.071  -49.157  -26.762 0.0000000000
16726  46.323  -47.980  -13.288 0.0000000000
16779  39.854  -46.746  -20.673 0.0000000000
17551  38.727  -45.763  -21.247 0.0000000000
16791  39.977  -46.715  -21.540 0.0000000000
18338  45.323  -44.910  -21.817 0.0000000000
16009  48.068  -48.945  -18.853 0.0000000000
15274  48.409  -49.483  -19.994 0.0000000000
15275  48.019  -49.065  -20.507 0.0000000000
15286  48.214  -49.363  -20.959 0.0000000000
16809  42.580  -47.190  -23.917 0.0000000000
17573  42.003  -46.500  -24.499 0.0000000000
19226  43.077  -44.469  -24.624 0.0000000000
19225  44.057  -44.418  -24.328 0.0000000000
18362  44.522  -44.418  -23.888 0.0000000000
18275  42.050  -45.604  -14.937 0.0000000000
18276  41.031  -45.620  -14.824 0.0000000000
18290  41.588  -45.909  -15.815 0.0000000000
16765  41.547  -47.174  -18.962 0.0000000000
16762  44.793  -47.840  -19.057 0.0000000000
16019  45.200  -48.094  -19.767 0.0000000000
16020  44.474  -47.874  -20.401 0.0000000000
16775  43.836  -47.813  -20.957 0.0000000000
16788  42.928  -47.653  -21.955 0.0000000000
16044  45.065  -48.045  -23.510 0.0000000000
16812  44.753  -47.443  -24.504 0.0000000000
13845  46.891  -51.017  -25.188 0.0000000000
14607  47.766  -49.884  -24.834 0.0000000000
15314  48.041  -49.447  -24.210 0.0000000000
16047  47.858  -48.859  -24.424 0.0000000000
108058  47.573  -48.401  -26.200 0.0000000000
16817  47.409  -48.109  -26.700 0.0000000000
19845  43.202  -43.268  -4.885 0.0000000000
19043  42.730  -43.607  -5.403 0.0000000000
19058  42.034  -43.277  -7.166 0.0000000000
18210  42.502  -44.365  -7.436 0.0000000000
17464  44.982  -46.706  -11.768 0.0000000000
17441  44.302  -46.223  -9.619 0.0000000000
17453  43.678  -45.984  -10.670 0.0000000000
18231  42.675  -45.448  -10.638 0.0000000000
18239  43.026  -45.734  -11.751 0.0000000000
18250  42.314  -45.542  -12.814 0.0000000000
17488  45.284  -47.080  -14.338 0.0000000000
17489  44.570  -46.707  -14.550 0.0000000000
16734  45.378  -47.573  -15.041 0.0000000000
17495  44.937  -47.005  -15.229 0.0000000000
15251  48.372  -48.930  -15.281 0.0000000000
18352  40.934  -45.563  -23.537 0.0000000000
18364  39.218  -45.001  -24.123 0.0000000000
19215  40.713  -44.971  -23.109 0.0000000000
108096  41.305  -44.645  -20.789 0.0000000000
17582  43.275  -46.997  -24.668 0.0000000000
17583  42.332  -46.412  -24.950 0.0000000000
17498  43.126  -46.155  -16.214 0.0000000000
17508  42.692  -46.511  -16.516 0.0000000000
17515  43.413  -47.199  -16.791 0.0000000000
16754  43.486  -47.536  -18.372 0.0000000000
16024  45.595  -48.501  -20.879 0.0000000000
16029  44.968  -48.277  -21.897 0.0000000000
16036  45.375  -48.338  -22.796 0.0000000000
16043  45.890  -48.249  -23.650 0.0000000000
15320  48.045  -49.158  -25.989 0.0000000000
16054  48.012  -48.728  -26.372 0.0000000000
17474  45.262  -46.878  -12.699 0.0000000000
17475  44.429  -46.564  -12.776 0.0000000000
17481  45.484  -47.122  -13.447 0.0000000000
17487  45.544  -47.521  -13.895 0.0000000000
16732  46.499  -48.165  -14.367 0.0000000000
108099  38.420  -45.233  -20.360 0.0000000000
19204  38.194  -43.982  -21.230 0.0000000000
18340  43.506  -44.513  -22.440 0.0000000000
18333  42.340  -45.199  -21.864 0.0000000000
18331  43.828  -44.649  -21.551 0.0000000000
19194  43.911  -44.621  -20.844 0.0000000000
16800  41.079  -46.683  -22.884 0.0000000000
16801  40.285  -46.519  -22.616 0.0000000000
18351  42.118  -45.232  -23.723 0.0000000000
18363  42.058  -45.451  -24.583 0.0000000000
19214  42.299  -44.981  -24.303 0.0000000000
18350  42.995  -44.410  -23.385 0.0000000000
18349  44.139  -44.388  -23.331 0.0000000000
18348  45.146  -44.681  -22.785 0.0000000000
17604  47.077  -47.315  -25.227 0.0000000000
18252  40.184  -45.154  -12.670 0.0000000000
18253  39.677  -44.946  -12.691 0.0000000000
18263  40.585  -45.358  -13.747 0.0000000000
16778  40.512  -46.913  -20.152 0.0000000000
16808  43.468  -47.406  -23.940 0.0000000000
16813  43.970  -47.358  -24.373 0.0000000000
16815  45.135  -47.323  -24.705 0.0000000000
15304  48.050  -49.012  -22.273 0.0000000000
16033  47.917  -48.897  -22.841 0.0000000000
16034  47.176  -48.660  -22.828 0.0000000000
16042  46.719  -48.492  -23.600 0.0000000000
16049  46.464  -48.303  -24.075 0.0000000000
16050  46.264  -48.074  -24.460 0.0000000000
19870  43.922  -42.785  -8.225 0.0000000000
20574  43.665  -42.555  -7.040 0.0000000000
20580  42.345  -42.129  -8.139 0.0000000000
19872  41.797  -42.792  -7.785 0.0000000000
19068  41.279  -43.706  -8.977 0.0000000000
18225  41.351  -44.296  -9.517 0.0000000000
17440  45.398  -46.607  -9.742 0.0000000000
18215  43.411  -45.489  -7.750 0.0000000000
18216  42.791  -44.874  -8.391 0.0000000000
18232  41.627  -44.766  -10.645 0.0000000000
18241  40.816  -44.816  -11.703 0.0000000000
18261  42.652  -45.639  -13.995 0.0000000000
17483  44.105  -46.406  -13.849 0.0000000000
18260  43.470  -45.897  -14.340 0.0000000000
18273  43.480  -45.930  -15.182 0.0000000000
17505  44.539  -47.129  -15.852 0.0000000000
16743  45.514  -48.055  -16.365 0.0000000000
15991  46.159  -48.200  -15.387 0.0000000000
15997  46.176  -48.252  -16.024 0.0000000000
17575  38.920  -45.394  -23.414 0.0000000000
19230  38.563  -44.068  -23.023 0.0000000000
20000  39.377  -43.656  -20.965 0.0000000000
19202  41.354  -44.893  -21.604 0.0000000000
19203  40.877  -44.334  -21.069 0.0000000000
15327  48.103  -49.120  -27.283 0.0000000000
16729  45.986  -47.948  -13.980 0.0000000000
16730  45.553  -47.671  -14.410 0.0000000000
16738  45.021  -47.606  -15.920 0.0000000000
16739  44.498  -47.382  -16.463 0.0000000000
17432  43.072  -45.448  -8.989 0.0000000000
17452  44.651  -46.520  -10.712 0.0000000000
17480  45.793  -47.650  -13.335 0.0000000000
17490  43.915  -46.335  -14.858 0.0000000000
17497  43.621  -46.360  -15.755 0.0000000000
17507  43.252  -46.770  -16.369 0.0000000000
17516  42.813  -47.147  -16.820 0.0000000000
17540  39.930  -46.554  -19.272 0.0000000000
17550  39.351  -46.401  -20.932 0.0000000000
17552  38.359  -45.210  -21.436 0.0000000000
17562  39.409  -45.797  -22.936 0.0000000000
17563  38.603  -45.253  -22.617 0.0000000000
17574  39.027  -45.320  -23.719 0.0000000000
17581  44.051  -47.162  -24.639 0.0000000000
17596  43.807  -46.680  -24.880 0.0000000000
18203  43.743  -45.194  -5.715 0.0000000000
18204  43.425  -44.567  -5.185 0.0000000000
18209  43.351  -45.083  -7.040 0.0000000000
18211  41.929  -43.820  -7.497 0.0000000000
18224  42.501  -45.060  -9.614 0.0000000000
18226  40.477  -44.200  -10.102 0.0000000000
18234  39.909  -44.515  -11.215 0.0000000000
18242  39.867  -44.756  -11.762 0.0000000000
18243  39.714  -45.012  -11.914 0.0000000000
18262  41.618  -45.472  -13.820 0.0000000000
18288  43.182  -45.880  -15.710 0.0000000000
18289  42.472  -45.878  -15.985 0.0000000000
18301  42.208  -46.308  -16.508 0.0000000000
18330  44.626  -44.810  -21.150 0.0000000000
18332  43.098  -44.704  -21.599 0.0000000000
18341  42.628  -44.813  -22.644 0.0000000000
18343  38.156  -44.645  -20.986 0.0000000000
18353  40.011  -45.236  -23.811 0.0000000000
18354  38.577  -44.849  -23.157 0.0000000000
18355  38.389  -44.511  -22.370 0.0000000000
18360  45.773  -44.870  -23.285 0.0000000000
18361  45.017  -44.547  -23.609 0.0000000000
18365  38.762  -44.998  -23.792 0.0000000000
18366  38.621  -44.538  -23.449 0.0000000000
18372  44.795  -44.585  -24.154 0.0000000000
18375  38.804  -44.706  -24.234 0.0000000000
18376  38.834  -44.666  -24.473 0.0000000000
18377  38.757  -44.558  -24.051 0.0000000000
18388  44.141  -46.669  -24.852 0.0000000000
19050  42.924  -44.311  -5.836 0.0000000000
19051  42.354  -43.509  -6.213 0.0000000000
19056  42.909  -44.509  -6.706 0.0000000000
19057  42.302  -44.010  -6.759 0.0000000000
19063  41.611  -43.430  -8.030 0.0000000000
19077  40.094  -44.154  -10.627 0.0000000000
19078  39.950  -44.394  -11.007 0.0000000000
19087  39.844  -44.096  -11.085 0.0000000000
19088  39.772  -44.402  -11.520 0.0000000000
19089  39.697  -44.707  -11.926 0.0000000000
19103  39.618  -44.730  -12.283 0.0000000000
19147  42.177  -46.027  -16.309 0.0000000000
19148  42.031  -45.927  -16.133 0.0000000000
19190  43.328  -44.546  -20.734 0.0000000000
19195  43.512  -44.646  -21.159 0.0000000000
19205  38.252  -44.226  -20.373 0.0000000000
19213  42.672  -44.600  -24.135 0.0000000000
19217  39.230  -43.781  -22.363 0.0000000000
19218  38.437  -43.950  -22.201 0.0000000000
19227  42.491  -44.820  -24.601 0.0000000000
19228  39.095  -44.399  -24.031 0.0000000000
19229  38.980  -43.886  -23.264 0.0000000000
19237  42.596  -44.915  -25.135 0.0000000000
19238  38.841  -44.535  -24.400 0.0000000000
19239  38.843  -44.350  -24.234 0.0000000000
19240  38.760  -44.256  -23.704 0.0000000000
19248  43.083  -45.436  -25.003 0.0000000000
19846  42.551  -43.080  -5.830 0.0000000000
19855  42.246  -42.937  -6.544 0.0000000000
19863  42.040  -42.719  -7.131 0.0000000000
19871  43.050  -42.367  -8.545 0.0000000000
19882  41.697  -43.008  -8.861 0.0000000000
19895  40.440  -43.796  -10.163 0.0000000000
19991  38.531  -43.759  -20.504 0.0000000000
19992  38.313  -43.987  -20.399 0.0000000000
19999  40.145  -44.085  -21.224 0.0000000000
20001  38.635  -43.709  -21.638 0.0000000000
20008  38.946  -43.640  -22.213 0.0000000000
20009  38.705  -43.833  -22.516 0.0000000000
20564  43.269  -42.793  -5.557 0.0000000000
20565  42.734  -42.743  -5.878 0.0000000000
20566  42.449  -42.785  -6.241 0.0000000000
20569  43.686  -42.824  -6.033 0.0000000000
20570  43.002  -42.461  -6.334 0.0000000000
20575  42.686  -42.254  -7.223 0.0000000000
20576  42.047  -42.344  -7.487 0.0000000000
20579  43.112  -42.271  -7.831 0.0000000000
20581  41.853  -42.437  -8.201 0.0000000000
20586  41.767  -42.560  -8.474 0.0000000000
108095  40.646  -46.615  -18.097 0.0000000000
