#!ascii label  , from subject 3051 vox2ras=TkReg
597
15101  -46.300  -76.478  2.055 0.0000000000
20200  -43.989  -72.289  -8.164 0.0000000000
18643  -41.652  -72.796  3.763 0.0000000000
20117  -47.248  -73.018  -2.990 0.0000000000
23729  -38.328  -70.033  -1.492 0.0000000000
19896  -47.437  -73.226  7.983 0.0000000000
23664  -46.412  -69.732  3.211 0.0000000000
28939  -43.722  -65.359  2.261 0.0000000000
23658  -40.082  -69.571  3.588 0.0000000000
21306  -40.274  -72.111  1.466 0.0000000000
24935  -37.646  -68.774  1.856 0.0000000000
21251  -48.104  -71.136  5.102 0.0000000000
24880  -46.082  -69.027  4.899 0.0000000000
31597  -46.430  -63.228  1.564 0.0000000000
27543  -46.671  -66.781  0.689 0.0000000000
14027  -43.315  -77.542  -0.513 0.0000000000
20145  -45.331  -72.666  -5.539 0.0000000000
15222  -44.145  -75.838  -5.892 0.0000000000
17620  -42.529  -74.876  -6.874 0.0000000000
17402  -45.044  -74.972  3.562 0.0000000000
16324  -47.530  -74.866  0.039 0.0000000000
20086  -42.085  -72.439  -2.050 0.0000000000
21385  -40.555  -70.908  -3.959 0.0000000000
18629  -45.471  -73.730  6.293 0.0000000000
22434  -44.146  -71.077  4.416 0.0000000000
24941  -43.645  -68.650  2.157 0.0000000000
26143  -43.642  -67.551  4.090 0.0000000000
26161  -45.946  -67.636  2.933 0.0000000000
24961  -46.677  -68.668  0.822 0.0000000000
26254  -44.278  -66.716  -0.311 0.0000000000
16358  -43.514  -75.371  -3.373 0.0000000000
29110  -43.168  -65.870  -6.056 0.0000000000
22658  -43.155  -70.245  -9.135 0.0000000000
23822  -39.269  -69.571  -7.685 0.0000000000
26179  -40.473  -67.689  2.484 0.0000000000
23677  -38.833  -69.563  2.754 0.0000000000
15120  -44.999  -76.849  0.957 0.0000000000
20165  -44.653  -72.667  -6.446 0.0000000000
17642  -45.229  -74.096  -7.179 0.0000000000
17654  -43.806  -73.855  -8.238 0.0000000000
18864  -41.434  -73.771  -7.157 0.0000000000
18902  -42.207  -72.926  -8.845 0.0000000000
17385  -43.021  -74.134  3.739 0.0000000000
18669  -42.836  -73.991  2.011 0.0000000000
22508  -39.126  -70.926  -0.075 0.0000000000
20060  -41.244  -72.652  -0.221 0.0000000000
21364  -40.237  -71.504  -1.754 0.0000000000
21376  -42.051  -72.193  -2.927 0.0000000000
22559  -39.810  -70.837  -2.568 0.0000000000
17370  -46.232  -74.570  6.288 0.0000000000
18631  -47.380  -73.362  6.688 0.0000000000
22461  -47.627  -70.431  4.249 0.0000000000
21248  -45.878  -71.539  4.945 0.0000000000
22459  -45.889  -70.401  3.722 0.0000000000
23662  -44.099  -69.792  3.260 0.0000000000
23683  -45.746  -69.302  2.261 0.0000000000
27513  -43.844  -66.484  3.212 0.0000000000
26145  -45.181  -67.677  3.612 0.0000000000
27515  -45.259  -66.872  2.454 0.0000000000
26234  -47.901  -67.467  -0.224 0.0000000000
24962  -47.067  -68.361  0.683 0.0000000000
26233  -47.129  -68.098  -0.472 0.0000000000
24973  -45.091  -67.988  0.562 0.0000000000
18772  -47.226  -73.710  -1.317 0.0000000000
16347  -45.527  -75.261  -2.196 0.0000000000
17528  -46.069  -74.820  -2.969 0.0000000000
13039  -43.155  -77.948  -5.824 0.0000000000
30504  -44.970  -64.876  -6.357 0.0000000000
26341  -43.720  -67.852  -6.841 0.0000000000
25103  -40.679  -68.648  -8.316 0.0000000000
21243  -40.832  -71.055  4.005 0.0000000000
19998  -41.145  -72.803  2.552 0.0000000000
21278  -39.742  -71.243  2.662 0.0000000000
22498  -38.531  -70.307  1.287 0.0000000000
23697  -37.539  -69.368  0.379 0.0000000000
19932  -48.209  -72.235  6.543 0.0000000000
23631  -47.943  -69.926  5.140 0.0000000000
24903  -47.423  -69.422  3.851 0.0000000000
30340  -44.452  -64.326  1.546 0.0000000000
28941  -45.381  -65.604  1.315 0.0000000000
30362  -45.978  -64.830  0.962 0.0000000000
27566  -48.349  -66.704  -0.289 0.0000000000
26267  -48.878  -67.015  -1.182 0.0000000000
20128  -46.606  -72.861  -4.226 0.0000000000
17581  -45.821  -74.490  -4.693 0.0000000000
17603  -45.750  -74.266  -5.693 0.0000000000
16400  -44.020  -75.360  -6.830 0.0000000000
15219  -41.980  -76.728  -6.008 0.0000000000
17600  -40.876  -74.595  -5.958 0.0000000000
18840  -39.884  -73.837  -5.934 0.0000000000
18861  -38.216  -73.131  -6.151 0.0000000000
17425  -46.857  -74.943  2.648 0.0000000000
16301  -47.315  -75.455  0.877 0.0000000000
18716  -46.617  -73.943  0.165 0.0000000000
18770  -45.820  -73.343  -1.283 0.0000000000
18712  -42.353  -73.479  0.507 0.0000000000
18735  -43.148  -73.394  -0.794 0.0000000000
20102  -45.260  -72.853  -2.717 0.0000000000
20113  -43.823  -72.427  -3.791 0.0000000000
20125  -43.528  -72.398  -4.770 0.0000000000
21405  -42.335  -71.608  -5.712 0.0000000000
16236  -46.699  -75.529  4.818 0.0000000000
17387  -45.132  -74.966  4.725 0.0000000000
18645  -43.280  -73.585  4.750 0.0000000000
21227  -46.410  -72.082  5.568 0.0000000000
21225  -44.330  -72.313  5.478 0.0000000000
21245  -42.320  -71.758  4.643 0.0000000000
22456  -42.586  -70.263  4.057 0.0000000000
24918  -41.800  -68.836  3.249 0.0000000000
24956  -42.029  -67.887  2.092 0.0000000000
24900  -44.286  -68.258  4.477 0.0000000000
24901  -45.602  -68.258  4.163 0.0000000000
24922  -47.239  -68.979  3.039 0.0000000000
26207  -46.600  -67.567  1.291 0.0000000000
24945  -47.151  -68.614  1.746 0.0000000000
23684  -46.914  -69.513  2.268 0.0000000000
24959  -44.825  -68.424  1.143 0.0000000000
24971  -43.242  -67.876  1.090 0.0000000000
16321  -45.576  -75.827  -0.683 0.0000000000
16333  -43.064  -76.118  -1.601 0.0000000000
16367  -43.693  -75.607  -4.569 0.0000000000
15196  -42.238  -77.074  -4.296 0.0000000000
23766  -39.314  -69.373  -3.637 0.0000000000
23786  -40.960  -69.649  -5.196 0.0000000000
22617  -42.053  -70.450  -6.399 0.0000000000
23824  -43.024  -69.649  -7.393 0.0000000000
21446  -43.542  -71.129  -8.434 0.0000000000
21445  -41.729  -71.275  -8.861 0.0000000000
21437  -39.566  -71.344  -7.523 0.0000000000
26204  -40.556  -67.071  1.692 0.0000000000
26203  -39.432  -67.309  2.352 0.0000000000
15111  -45.115  -76.951  1.461 0.0000000000
15112  -45.637  -76.617  1.521 0.0000000000
20183  -44.005  -72.234  -7.183 0.0000000000
20201  -44.905  -72.884  -8.006 0.0000000000
18904  -44.197  -73.151  -8.503 0.0000000000
18903  -43.034  -73.265  -9.052 0.0000000000
18923  -43.648  -72.603  -8.911 0.0000000000
18644  -42.258  -73.296  3.987 0.0000000000
17400  -43.078  -74.250  2.755 0.0000000000
18657  -42.365  -73.780  3.019 0.0000000000
22522  -38.649  -70.487  -0.568 0.0000000000
21341  -39.617  -71.408  -0.695 0.0000000000
21363  -39.469  -71.124  -1.379 0.0000000000
22545  -39.544  -70.954  -1.912 0.0000000000
23730  -38.859  -70.345  -1.967 0.0000000000
17311  -46.520  -74.088  7.918 0.0000000000
17328  -47.302  -74.219  7.639 0.0000000000
17353  -47.421  -74.439  6.863 0.0000000000
18598  -47.746  -73.539  7.296 0.0000000000
22460  -46.950  -70.423  3.845 0.0000000000
23663  -45.248  -69.740  3.169 0.0000000000
28938  -43.293  -64.780  2.284 0.0000000000
28919  -43.293  -65.837  2.904 0.0000000000
27514  -44.724  -66.708  2.813 0.0000000000
27523  -44.335  -66.093  2.406 0.0000000000
24988  -47.620  -67.910  -0.623 0.0000000000
24976  -47.542  -68.046  -0.329 0.0000000000
26232  -46.577  -67.917  -0.296 0.0000000000
27596  -46.354  -66.818  -1.018 0.0000000000
18798  -47.298  -73.412  -2.407 0.0000000000
17529  -46.976  -74.325  -2.701 0.0000000000
17530  -47.355  -73.708  -2.865 0.0000000000
25094  -44.381  -68.164  -7.950 0.0000000000
25105  -42.393  -68.643  -8.805 0.0000000000
26373  -41.913  -68.020  -8.738 0.0000000000
22454  -40.610  -70.401  3.941 0.0000000000
21262  -40.447  -71.473  3.383 0.0000000000
22453  -39.654  -70.509  3.222 0.0000000000
24936  -38.243  -68.620  2.414 0.0000000000
22481  -38.425  -70.000  1.975 0.0000000000
23690  -38.154  -69.779  1.483 0.0000000000
23698  -38.090  -69.877  0.785 0.0000000000
23689  -37.706  -69.316  1.350 0.0000000000
23647  -47.748  -69.788  4.454 0.0000000000
24902  -47.044  -69.060  4.307 0.0000000000
31595  -44.414  -63.341  1.804 0.0000000000
30341  -45.439  -64.344  1.262 0.0000000000
30342  -46.274  -64.018  1.032 0.0000000000
26235  -48.490  -66.944  -0.530 0.0000000000
14026  -42.776  -77.616  -0.897 0.0000000000
20127  -45.792  -72.595  -4.530 0.0000000000
17604  -46.398  -73.936  -5.110 0.0000000000
20167  -46.247  -72.986  -6.070 0.0000000000
16414  -43.831  -74.807  -7.321 0.0000000000
16399  -43.215  -75.680  -6.636 0.0000000000
16398  -42.528  -75.546  -6.471 0.0000000000
16380  -41.566  -75.633  -5.666 0.0000000000
18882  -40.909  -73.040  -7.471 0.0000000000
18863  -40.547  -73.541  -6.656 0.0000000000
18881  -40.012  -72.868  -7.224 0.0000000000
18862  -39.245  -73.026  -6.599 0.0000000000
17403  -46.197  -75.088  3.419 0.0000000000
17426  -47.189  -74.991  2.142 0.0000000000
18738  -46.183  -73.610  -0.508 0.0000000000
18737  -45.120  -73.627  -0.511 0.0000000000
20020  -40.753  -72.402  1.909 0.0000000000
20021  -41.419  -73.019  1.467 0.0000000000
20038  -40.839  -72.540  0.750 0.0000000000
20061  -41.966  -72.821  -0.960 0.0000000000
20062  -42.743  -73.140  -1.107 0.0000000000
18768  -43.740  -73.320  -1.323 0.0000000000
20087  -43.159  -72.727  -1.736 0.0000000000
20101  -44.083  -72.671  -2.790 0.0000000000
21386  -41.222  -71.504  -3.714 0.0000000000
21387  -42.021  -71.987  -3.465 0.0000000000
21395  -41.884  -71.776  -4.572 0.0000000000
20124  -42.649  -72.184  -5.040 0.0000000000
21404  -41.645  -71.172  -5.252 0.0000000000
16212  -45.837  -75.072  5.374 0.0000000000
18628  -44.578  -73.765  5.751 0.0000000000
17367  -43.862  -74.095  4.909 0.0000000000
21229  -48.147  -71.642  5.723 0.0000000000
19950  -47.738  -72.395  6.226 0.0000000000
21228  -47.406  -71.949  5.578 0.0000000000
22435  -45.313  -70.977  4.361 0.0000000000
21247  -44.740  -71.601  5.050 0.0000000000
21246  -43.524  -72.003  5.105 0.0000000000
22433  -43.008  -71.085  4.421 0.0000000000
22432  -41.960  -70.894  4.455 0.0000000000
23681  -43.430  -69.233  2.820 0.0000000000
23680  -42.762  -69.194  3.134 0.0000000000
24940  -42.542  -68.630  2.601 0.0000000000
24957  -42.828  -68.079  1.624 0.0000000000
24920  -45.747  -67.790  3.457 0.0000000000
24921  -46.465  -68.224  3.247 0.0000000000
27542  -46.093  -66.676  1.041 0.0000000000
27526  -46.193  -67.177  1.299 0.0000000000
23692  -47.082  -69.093  1.445 0.0000000000
23691  -46.408  -69.112  1.477 0.0000000000
24943  -45.543  -68.844  1.512 0.0000000000
24960  -45.811  -68.641  0.917 0.0000000000
26230  -44.175  -67.201  0.109 0.0000000000
24972  -44.011  -67.835  0.836 0.0000000000
26229  -42.956  -67.293  0.681 0.0000000000
16311  -47.381  -75.241  0.268 0.0000000000
15122  -46.710  -75.646  0.339 0.0000000000
16322  -46.347  -75.530  -0.678 0.0000000000
16346  -44.386  -75.322  -2.437 0.0000000000
16334  -43.847  -75.793  -1.409 0.0000000000
16345  -43.253  -75.515  -2.289 0.0000000000
16344  -42.573  -76.013  -2.240 0.0000000000
16357  -42.594  -75.655  -3.102 0.0000000000
16369  -45.308  -74.818  -5.358 0.0000000000
16368  -44.934  -75.170  -4.751 0.0000000000
16382  -44.063  -75.741  -5.436 0.0000000000
13038  -42.599  -78.321  -5.639 0.0000000000
14093  -42.693  -77.711  -4.926 0.0000000000
23765  -38.633  -68.770  -3.401 0.0000000000
25027  -38.864  -68.308  -3.761 0.0000000000
23798  -40.933  -69.012  -5.327 0.0000000000
22616  -41.647  -69.897  -6.032 0.0000000000
23809  -41.881  -69.414  -6.355 0.0000000000
23840  -43.572  -69.460  -8.265 0.0000000000
25077  -43.170  -68.592  -6.921 0.0000000000
23825  -43.358  -69.595  -7.735 0.0000000000
22635  -43.483  -70.356  -8.036 0.0000000000
21452  -43.328  -70.775  -8.904 0.0000000000
21451  -42.986  -71.084  -9.190 0.0000000000
21450  -42.372  -71.205  -9.181 0.0000000000
23823  -40.084  -69.664  -7.910 0.0000000000
22633  -40.564  -70.482  -8.099 0.0000000000
22631  -38.805  -70.465  -7.395 0.0000000000
24938  -40.248  -68.439  3.082 0.0000000000
24916  -39.603  -69.080  3.213 0.0000000000
24937  -39.151  -68.293  2.823 0.0000000000
24955  -38.846  -67.718  2.545 0.0000000000
26177  -38.053  -68.000  2.293 0.0000000000
31617  -46.911  -63.607  1.180 0.0000000000
31618  -47.503  -63.658  1.092 0.0000000000
14004  -44.299  -77.234  0.139 0.0000000000
20166  -45.748  -72.845  -6.475 0.0000000000
18865  -45.668  -73.457  -6.641 0.0000000000
20185  -45.364  -73.049  -7.355 0.0000000000
17655  -44.444  -73.720  -8.038 0.0000000000
17640  -43.527  -74.438  -7.710 0.0000000000
17619  -41.877  -74.627  -6.704 0.0000000000
18884  -42.677  -73.781  -8.290 0.0000000000
18883  -41.876  -73.473  -8.216 0.0000000000
20182  -41.061  -72.629  -8.127 0.0000000000
17401  -43.842  -74.631  3.191 0.0000000000
17422  -43.663  -74.377  2.162 0.0000000000
18690  -43.163  -74.040  0.969 0.0000000000
21324  -39.674  -71.471  0.349 0.0000000000
21325  -40.099  -72.030  0.740 0.0000000000
21342  -40.461  -72.106  -0.384 0.0000000000
21343  -41.198  -72.483  -0.750 0.0000000000
21365  -41.203  -72.252  -1.423 0.0000000000
20099  -42.060  -72.299  -2.641 0.0000000000
21375  -41.407  -71.955  -2.626 0.0000000000
21374  -40.542  -71.176  -3.008 0.0000000000
22577  -39.968  -70.423  -3.492 0.0000000000
17371  -46.958  -74.309  6.607 0.0000000000
18630  -46.463  -73.554  6.528 0.0000000000
22438  -47.909  -70.847  4.727 0.0000000000
21249  -46.921  -71.459  4.966 0.0000000000
22437  -47.165  -71.141  4.456 0.0000000000
22458  -44.725  -70.394  3.783 0.0000000000
22457  -43.609  -70.408  3.872 0.0000000000
23682  -44.487  -69.216  2.589 0.0000000000
27512  -42.884  -66.168  3.356 0.0000000000
27498  -43.673  -67.041  3.715 0.0000000000
26144  -44.558  -67.739  3.882 0.0000000000
26159  -44.619  -67.201  3.404 0.0000000000
26160  -45.333  -67.292  3.076 0.0000000000
26208  -47.075  -67.727  0.762 0.0000000000
24975  -47.036  -68.434  -0.064 0.0000000000
24974  -46.176  -68.251  0.324 0.0000000000
26231  -45.522  -67.559  -0.018 0.0000000000
26255  -44.945  -66.956  -0.455 0.0000000000
17487  -47.348  -74.355  -0.663 0.0000000000
16337  -46.680  -75.047  -1.152 0.0000000000
17500  -47.005  -74.506  -1.554 0.0000000000
17527  -45.180  -74.967  -3.034 0.0000000000
14112  -43.475  -77.374  -5.913 0.0000000000
29111  -44.443  -65.907  -6.375 0.0000000000
27689  -43.877  -66.897  -6.446 0.0000000000
26342  -44.320  -67.479  -6.947 0.0000000000
25093  -43.878  -68.544  -7.672 0.0000000000
23856  -43.367  -69.458  -8.834 0.0000000000
22647  -41.917  -70.463  -8.979 0.0000000000
23837  -40.760  -69.666  -8.225 0.0000000000
25092  -40.307  -69.161  -8.104 0.0000000000
21244  -41.240  -71.572  4.157 0.0000000000
18656  -41.644  -73.126  3.213 0.0000000000
19982  -40.667  -72.002  3.273 0.0000000000
21279  -40.209  -71.857  2.320 0.0000000000
21305  -39.662  -71.520  1.534 0.0000000000
22482  -38.991  -70.687  2.123 0.0000000000
22499  -39.125  -70.863  0.935 0.0000000000
22507  -38.582  -70.434  0.369 0.0000000000
23707  -38.117  -69.944  -0.199 0.0000000000
19908  -47.977  -72.468  7.463 0.0000000000
22414  -48.223  -70.978  5.645 0.0000000000
23611  -47.630  -70.361  5.676 0.0000000000
23632  -48.203  -70.346  5.019 0.0000000000
23648  -48.146  -70.063  4.478 0.0000000000
23666  -47.790  -70.236  4.228 0.0000000000
23665  -47.378  -69.784  3.623 0.0000000000
28940  -44.627  -65.394  1.696 0.0000000000
27524  -44.961  -66.269  2.066 0.0000000000
28963  -46.178  -65.817  0.834 0.0000000000
30363  -46.841  -64.450  0.731 0.0000000000
28964  -47.285  -65.502  0.450 0.0000000000
27544  -47.785  -66.549  0.233 0.0000000000
26258  -48.135  -67.694  -0.841 0.0000000000
26266  -48.203  -67.158  -1.504 0.0000000000
18810  -46.984  -73.163  -3.769 0.0000000000
17557  -47.016  -73.645  -3.543 0.0000000000
18822  -46.643  -73.345  -4.621 0.0000000000
16383  -44.646  -75.232  -5.895 0.0000000000
15244  -44.032  -75.900  -6.220 0.0000000000
15241  -42.232  -77.273  -6.322 0.0000000000
17618  -41.203  -74.108  -6.609 0.0000000000
17599  -39.632  -74.676  -5.159 0.0000000000
17598  -38.525  -74.469  -5.134 0.0000000000
18838  -38.009  -73.793  -5.587 0.0000000000
15102  -46.944  -76.019  2.543 0.0000000000
15113  -46.640  -76.048  1.362 0.0000000000
16282  -47.320  -75.176  1.851 0.0000000000
16302  -47.558  -75.065  1.163 0.0000000000
17478  -47.533  -74.530  0.431 0.0000000000
17476  -46.125  -74.259  0.913 0.0000000000
18717  -47.268  -74.078  0.041 0.0000000000
18739  -46.991  -73.706  -0.523 0.0000000000
18771  -46.633  -73.442  -1.220 0.0000000000
18796  -46.381  -73.256  -1.773 0.0000000000
18668  -41.877  -73.439  2.227 0.0000000000
18689  -42.316  -73.539  1.090 0.0000000000
20039  -41.861  -73.238  0.260 0.0000000000
18769  -44.763  -73.341  -1.262 0.0000000000
20089  -45.457  -73.139  -1.933 0.0000000000
20103  -46.334  -73.010  -2.473 0.0000000000
20115  -46.081  -72.750  -3.498 0.0000000000
20114  -44.989  -72.635  -3.660 0.0000000000
20126  -44.640  -72.564  -4.640 0.0000000000
20100  -42.775  -72.335  -2.916 0.0000000000
20144  -44.164  -72.560  -5.560 0.0000000000
20164  -43.707  -72.282  -6.350 0.0000000000
21426  -43.393  -71.711  -6.915 0.0000000000
16256  -47.026  -75.492  3.656 0.0000000000
17404  -46.752  -75.172  3.450 0.0000000000
16254  -45.699  -75.241  4.236 0.0000000000
16213  -46.243  -75.131  5.533 0.0000000000
16235  -45.804  -75.307  4.955 0.0000000000
17386  -43.986  -74.524  4.351 0.0000000000
19967  -42.713  -72.652  4.682 0.0000000000
18632  -47.915  -72.727  6.697 0.0000000000
19949  -46.903  -72.625  6.226 0.0000000000
19948  -45.865  -72.788  6.177 0.0000000000
21226  -45.338  -72.176  5.551 0.0000000000
19947  -44.838  -72.907  5.950 0.0000000000
19946  -43.821  -72.921  5.560 0.0000000000
19968  -43.306  -72.771  5.038 0.0000000000
19966  -41.774  -72.448  4.250 0.0000000000
22431  -41.223  -70.791  4.228 0.0000000000
22455  -41.593  -70.135  4.174 0.0000000000
23661  -43.112  -69.748  3.432 0.0000000000
23660  -42.211  -69.466  3.620 0.0000000000
23679  -41.014  -68.747  3.270 0.0000000000
24939  -41.367  -68.215  2.717 0.0000000000
26180  -41.295  -67.572  2.073 0.0000000000
26181  -45.671  -67.294  2.465 0.0000000000
26182  -46.320  -67.645  2.160 0.0000000000
26183  -46.827  -68.074  1.675 0.0000000000
24944  -46.860  -68.346  2.396 0.0000000000
23685  -47.238  -69.191  2.234 0.0000000000
24942  -44.710  -68.711  1.870 0.0000000000
24958  -43.863  -68.252  1.436 0.0000000000
26206  -42.726  -67.662  1.144 0.0000000000
26205  -41.887  -67.276  1.281 0.0000000000
15121  -45.794  -76.312  0.628 0.0000000000
15131  -44.729  -76.693  -0.181 0.0000000000
16336  -45.960  -75.482  -1.364 0.0000000000
15147  -44.237  -76.190  -0.829 0.0000000000
15146  -43.564  -76.809  -0.784 0.0000000000
15145  -42.308  -76.874  -1.663 0.0000000000
17556  -46.384  -74.308  -3.722 0.0000000000
16359  -44.511  -75.114  -3.685 0.0000000000
16366  -42.845  -75.679  -4.033 0.0000000000
15198  -43.565  -76.530  -5.357 0.0000000000
15197  -42.905  -76.572  -4.700 0.0000000000
27538  -38.629  -66.560  1.885 0.0000000000
24970  -36.888  -68.871  -0.058 0.0000000000
23706  -37.487  -69.407  -0.704 0.0000000000
23728  -37.375  -69.105  -1.859 0.0000000000
23752  -38.796  -70.066  -2.569 0.0000000000
23767  -40.017  -69.837  -3.966 0.0000000000
25040  -39.428  -68.369  -4.216 0.0000000000
23785  -40.346  -69.306  -4.553 0.0000000000
22592  -40.816  -70.183  -4.739 0.0000000000
22598  -41.424  -70.328  -5.468 0.0000000000
21425  -42.745  -71.256  -6.715 0.0000000000
21439  -43.146  -71.189  -7.198 0.0000000000
26329  -43.273  -67.418  -6.311 0.0000000000
26328  -42.622  -67.578  -5.934 0.0000000000
25076  -42.331  -68.519  -6.296 0.0000000000
23810  -42.597  -69.433  -6.961 0.0000000000
22634  -42.933  -70.426  -7.349 0.0000000000
21440  -43.496  -71.351  -7.657 0.0000000000
20214  -42.846  -72.060  -9.365 0.0000000000
20198  -41.635  -72.276  -8.680 0.0000000000
20197  -40.789  -71.986  -8.298 0.0000000000
21438  -40.339  -71.307  -7.954 0.0000000000
20181  -40.277  -72.208  -7.703 0.0000000000
20179  -38.699  -71.968  -7.064 0.0000000000
11937  -42.085  -79.065  -5.897 0.0000000000
13970  -46.367  -76.561  2.534 0.0000000000
14025  -41.933  -77.882  -1.341 0.0000000000
14094  -43.253  -77.285  -5.302 0.0000000000
14111  -43.147  -77.808  -5.535 0.0000000000
15103  -47.198  -75.516  2.119 0.0000000000
15114  -47.227  -75.544  1.643 0.0000000000
15130  -44.045  -77.029  -0.309 0.0000000000
15132  -46.001  -75.991  -0.169 0.0000000000
15133  -46.562  -75.565  -0.231 0.0000000000
15157  -41.967  -76.347  -2.771 0.0000000000
15175  -42.258  -76.289  -3.805 0.0000000000
15221  -43.837  -76.366  -5.916 0.0000000000
15242  -42.697  -76.721  -6.443 0.0000000000
16234  -45.544  -75.188  4.644 0.0000000000
16255  -46.469  -75.335  4.071 0.0000000000
16281  -47.162  -75.325  2.495 0.0000000000
16312  -47.590  -75.031  0.549 0.0000000000
16323  -47.091  -75.150  -0.402 0.0000000000
16335  -44.870  -75.685  -1.220 0.0000000000
16348  -46.406  -74.911  -1.999 0.0000000000
16381  -42.192  -75.877  -6.003 0.0000000000
16384  -45.222  -74.734  -5.748 0.0000000000
16412  -42.885  -75.081  -6.932 0.0000000000
16413  -43.369  -74.951  -7.158 0.0000000000
17312  -47.005  -74.061  8.036 0.0000000000
17327  -46.920  -74.579  7.930 0.0000000000
17340  -47.576  -74.425  7.161 0.0000000000
17368  -44.443  -74.341  5.133 0.0000000000
17369  -45.431  -74.702  5.540 0.0000000000
17388  -45.433  -75.026  5.113 0.0000000000
17421  -43.165  -74.209  2.309 0.0000000000
17455  -47.239  -74.735  1.547 0.0000000000
17477  -47.010  -74.272  0.824 0.0000000000
17486  -47.070  -74.728  -0.923 0.0000000000
17501  -47.367  -74.014  -1.946 0.0000000000
17555  -45.428  -74.670  -3.901 0.0000000000
17558  -47.282  -73.544  -3.172 0.0000000000
17580  -45.385  -74.737  -4.457 0.0000000000
17582  -46.546  -73.922  -4.373 0.0000000000
17602  -45.180  -74.611  -6.080 0.0000000000
17638  -41.915  -74.131  -7.478 0.0000000000
17639  -42.628  -74.416  -7.562 0.0000000000
17641  -44.347  -74.381  -7.504 0.0000000000
17653  -43.139  -73.970  -8.208 0.0000000000
18569  -47.246  -73.610  7.993 0.0000000000
18581  -47.598  -73.276  7.707 0.0000000000
18582  -47.786  -72.808  7.594 0.0000000000
18599  -47.959  -72.873  7.372 0.0000000000
18613  -47.791  -73.580  6.970 0.0000000000
18614  -48.078  -72.879  7.003 0.0000000000
18627  -43.954  -73.751  5.262 0.0000000000
18670  -43.422  -74.220  1.525 0.0000000000
18718  -47.481  -74.199  -0.156 0.0000000000
18740  -47.385  -73.955  -0.494 0.0000000000
18767  -43.169  -73.170  -1.272 0.0000000000
18797  -46.902  -73.223  -1.969 0.0000000000
18811  -47.263  -73.283  -3.117 0.0000000000
18839  -38.939  -73.748  -5.684 0.0000000000
18841  -45.842  -73.827  -6.166 0.0000000000
18842  -46.234  -73.416  -5.802 0.0000000000
18860  -37.572  -73.261  -5.874 0.0000000000
18866  -46.104  -73.128  -6.291 0.0000000000
18885  -44.885  -73.753  -7.673 0.0000000000
18886  -45.281  -73.486  -7.432 0.0000000000
18905  -44.828  -73.346  -8.009 0.0000000000
18906  -45.061  -73.430  -7.737 0.0000000000
18922  -43.277  -72.455  -9.206 0.0000000000
19895  -47.130  -73.217  8.119 0.0000000000
19920  -48.224  -72.287  7.071 0.0000000000
19951  -48.124  -72.252  6.280 0.0000000000
19983  -41.029  -72.304  3.532 0.0000000000
19997  -40.614  -72.203  2.863 0.0000000000
20040  -42.491  -73.290  -0.509 0.0000000000
20088  -44.408  -73.065  -1.979 0.0000000000
20090  -46.023  -73.239  -1.886 0.0000000000
20104  -47.098  -73.044  -2.674 0.0000000000
20105  -47.291  -73.146  -2.817 0.0000000000
20112  -42.785  -72.177  -4.071 0.0000000000
20116  -46.953  -72.925  -3.274 0.0000000000
20142  -42.675  -72.045  -5.458 0.0000000000
20143  -43.127  -72.212  -5.604 0.0000000000
20146  -46.338  -72.789  -5.421 0.0000000000
20163  -38.893  -72.371  -6.892 0.0000000000
20180  -39.331  -72.199  -7.231 0.0000000000
20184  -44.863  -72.671  -7.347 0.0000000000
20199  -42.384  -72.512  -9.109 0.0000000000
20202  -45.147  -73.194  -7.755 0.0000000000
20213  -42.172  -71.884  -9.172 0.0000000000
20215  -43.442  -71.774  -8.993 0.0000000000
21209  -48.229  -71.626  6.445 0.0000000000
21224  -43.872  -72.406  5.396 0.0000000000
21250  -47.740  -71.306  5.073 0.0000000000
21261  -39.921  -71.092  3.107 0.0000000000
21263  -40.874  -71.790  3.729 0.0000000000
21393  -40.711  -70.582  -4.380 0.0000000000
21394  -41.139  -70.961  -4.602 0.0000000000
21406  -43.032  -71.861  -6.285 0.0000000000
21444  -41.067  -71.305  -8.394 0.0000000000
22436  -46.424  -70.967  4.334 0.0000000000
22439  -48.186  -70.828  4.991 0.0000000000
22462  -47.929  -70.517  4.543 0.0000000000
22523  -39.085  -70.885  -0.906 0.0000000000
22543  -38.780  -70.521  -1.135 0.0000000000
22544  -39.056  -70.627  -1.573 0.0000000000
22558  -39.238  -70.545  -2.256 0.0000000000
22576  -39.322  -70.373  -2.987 0.0000000000
22591  -40.409  -70.208  -4.174 0.0000000000
22599  -41.814  -70.914  -5.739 0.0000000000
22632  -39.782  -70.470  -7.723 0.0000000000
22648  -43.463  -70.232  -8.625 0.0000000000
22657  -42.561  -70.400  -9.174 0.0000000000
22659  -43.402  -70.186  -8.949 0.0000000000
23612  -48.050  -70.539  5.522 0.0000000000
23646  -47.547  -69.623  4.766 0.0000000000
23657  -39.484  -69.683  3.281 0.0000000000
23659  -41.110  -69.437  3.646 0.0000000000
23675  -37.769  -69.177  1.744 0.0000000000
23676  -38.042  -69.363  1.990 0.0000000000
23678  -40.501  -69.039  3.400 0.0000000000
23693  -47.179  -68.880  1.523 0.0000000000
23784  -39.761  -68.863  -4.300 0.0000000000
23799  -41.425  -69.367  -5.752 0.0000000000
23811  -43.208  -69.146  -7.379 0.0000000000
23854  -42.179  -69.852  -8.979 0.0000000000
23855  -42.739  -69.517  -9.051 0.0000000000
24881  -46.722  -69.330  4.932 0.0000000000
24917  -40.082  -69.015  3.370 0.0000000000
24919  -42.374  -68.977  3.185 0.0000000000
24954  -38.517  -67.995  2.495 0.0000000000
24987  -47.361  -68.063  -0.486 0.0000000000
25059  -42.141  -68.004  -5.798 0.0000000000
25075  -41.735  -68.896  -6.093 0.0000000000
25091  -39.731  -68.677  -7.941 0.0000000000
25104  -41.674  -68.641  -8.558 0.0000000000
25106  -43.817  -68.528  -8.466 0.0000000000
25107  -44.219  -68.311  -8.139 0.0000000000
26158  -44.061  -67.221  3.673 0.0000000000
26176  -37.820  -68.296  2.150 0.0000000000
26178  -39.826  -67.898  2.729 0.0000000000
26202  -38.335  -67.408  2.263 0.0000000000
26259  -48.697  -67.029  -0.789 0.0000000000
26340  -43.062  -68.005  -6.422 0.0000000000
26360  -44.153  -67.898  -7.249 0.0000000000
26361  -44.512  -67.657  -7.569 0.0000000000
26386  -42.483  -67.733  -9.063 0.0000000000
27497  -43.157  -66.881  3.808 0.0000000000
27525  -45.623  -66.776  1.622 0.0000000000
27684  -43.041  -66.809  -5.935 0.0000000000
30339  -43.652  -64.257  1.819 0.0000000000
31745  -44.235  -63.922  -6.463 0.0000000000
