#!ascii label  , from subject 3051 vox2ras=TkReg
837
87153  -26.271  -19.827  -6.361 0.4285714328
88406  -25.611  -18.145  -7.194 0.2857142985
88385  -25.692  -19.004  -6.782 0.4285714328
88386  -26.446  -18.539  -6.558 0.4285714328
89650  -26.840  -17.436  -6.616 0.4285714328
89672  -26.032  -17.122  -7.229 0.2857142985
90964  -27.367  -16.321  -6.698 0.4285714328
92258  -26.129  -15.573  -7.949 0.4285714328
92259  -26.901  -15.621  -7.294 0.4285714328
93464  -26.328  -14.745  -8.279 0.4285714328
93465  -26.946  -14.187  -8.065 0.4285714328
94607  -26.630  -13.443  -9.364 0.5714285970
94594  -27.323  -13.478  -8.354 0.4285714328
94595  -27.945  -12.945  -8.087 0.2857142985
95727  -26.910  -12.470  -9.567 0.7142857313
95715  -27.658  -12.713  -8.579 0.7142857313
95729  -28.257  -11.601  -8.952 0.7142857313
96823  -28.807  -11.345  -8.376 0.4285714328
95728  -27.659  -12.135  -9.157 0.7142857313
98013  -28.978  -10.495  -8.843 0.5714285970
96837  -27.922  -11.186  -9.563 0.5714285970
98025  -28.533  -10.239  -9.682 0.5714285970
98026  -29.173  -10.037  -9.266 0.5714285970
98014  -29.740  -9.863  -8.718 0.5714285970
98024  -27.912  -10.640  -10.091 0.5714285970
98015  -30.389  -9.804  -8.161 0.4285714328
99241  -29.988  -8.771  -9.064 0.5714285970
100396  -30.611  -8.042  -8.855 0.5714285970
99271  -28.855  -9.321  -10.187 0.7142857313
100395  -30.153  -8.200  -9.209 0.7142857313
101585  -30.358  -7.265  -9.317 0.7142857313
101564  -30.945  -6.992  -8.761 0.5714285970
100436  -28.898  -8.590  -10.369 0.5714285970
99269  -27.504  -9.317  -11.068 0.5714285970
101607  -29.208  -7.447  -10.173 0.8571428657
101606  -28.512  -7.613  -10.782 0.7142857313
100449  -27.485  -8.086  -11.377 0.5714285970
102685  -30.741  -6.300  -8.966 0.7142857313
102686  -31.281  -6.065  -8.816 0.5714285970
102684  -29.937  -6.329  -9.350 0.7142857313
103812  -30.503  -5.556  -9.102 0.5714285970
102702  -29.365  -6.659  -9.864 0.7142857313
103814  -31.897  -5.244  -9.048 0.5714285970
102701  -28.691  -6.587  -10.354 0.5714285970
103828  -29.150  -5.759  -9.675 0.7142857313
103811  -29.835  -5.453  -9.250 0.7142857313
106039  -31.344  -4.447  -9.111 0.7142857313
104939  -31.009  -4.891  -9.186 0.7142857313
104959  -28.567  -4.855  -9.666 0.7142857313
104938  -30.234  -4.802  -9.028 0.7142857313
106014  -30.587  -3.487  -8.572 0.7142857313
106015  -31.663  -3.815  -8.933 0.5714285970
104937  -29.395  -4.727  -9.347 0.7142857313
103827  -28.328  -5.603  -10.136 0.5714285970
107168  -31.095  -2.738  -8.381 0.5714285970
106036  -28.584  -3.806  -9.414 0.8571428657
107167  -29.912  -2.790  -8.479 0.7142857313
106037  -29.784  -3.742  -8.725 0.8571428657
107187  -29.570  -3.128  -8.642 0.7142857313
109454  -28.846  -0.632  -7.882 0.8571428657
108299  -30.462  -1.728  -8.058 0.5714285970
108298  -29.230  -1.698  -8.139 0.8571428657
108317  -28.887  -2.196  -8.406 0.8571428657
107186  -28.971  -2.865  -8.684 0.8571428657
110600  -28.323  0.088  -7.951 0.8571428657
110585  -29.040  0.460  -7.380 0.8571428657
111731  -28.629  1.755  -7.473 0.8571428657
110584  -28.001  0.988  -7.772 0.8571428657
111742  -27.310  1.552  -8.537 1.0000000000
109470  -28.156  -0.637  -8.331 0.8571428657
111730  -27.864  1.950  -7.897 1.0000000000
112863  -27.551  2.663  -8.348 1.0000000000
114987  -26.710  4.046  -8.635 0.7142857313
112875  -26.816  2.623  -8.777 1.0000000000
113953  -27.893  3.621  -8.263 1.0000000000
118009  -27.816  7.519  -8.017 1.0000000000
117002  -26.227  6.523  -8.778 0.8571428657
119032  -26.401  8.450  -8.459 0.8571428657
121930  -26.922  11.491  -8.451 0.8571428657
120960  -26.371  10.501  -8.543 0.8571428657
120028  -26.864  9.478  -8.334 1.0000000000
124811  -26.372  13.940  -8.768 0.8571428657
123896  -27.034  13.533  -8.727 0.8571428657
124810  -26.019  14.124  -8.838 0.7142857313
122935  -24.672  13.104  -9.341 0.5714285970
124823  -25.300  14.390  -9.187 0.7142857313
125789  -25.998  15.471  -9.301 0.5714285970
124840  -22.856  14.065  -9.930 0.5714285970
123912  -24.358  13.700  -9.452 0.5714285970
124808  -22.590  14.264  -9.238 0.4285714328
125786  -23.473  15.715  -9.310 0.4285714328
126823  -23.519  16.835  -10.075 0.4285714328
124783  -23.788  14.478  -7.811 0.2857142985
124784  -24.230  14.366  -7.203 0.2857142985
124799  -23.152  14.417  -8.371 0.2857142985
88407  -26.212  -17.797  -6.844 0.2857142985
99258  -29.240  -9.346  -9.637 0.5714285970
109455  -29.823  -0.679  -7.654 0.8571428657
114969  -27.158  4.542  -8.418 0.8571428657
124766  -26.122  14.399  -6.152 0.1428571492
89695  -24.943  -16.797  -8.454 0.2857142985
90963  -26.675  -16.658  -6.971 0.2857142985
90990  -26.845  -16.221  -7.107 0.4285714328
92260  -27.494  -15.168  -7.113 0.4285714328
92257  -25.830  -15.843  -8.203 0.2857142985
94593  -26.743  -14.045  -8.636 0.4285714328
90989  -26.371  -16.255  -7.426 0.4285714328
93452  -27.937  -14.520  -7.116 0.4285714328
93477  -26.344  -14.274  -9.053 0.5714285970
95716  -28.298  -12.270  -8.426 0.4285714328
95741  -26.680  -12.105  -10.232 0.2857142985
96838  -28.403  -10.908  -8.995 0.4285714328
99243  -30.996  -9.105  -8.150 0.4285714328
98037  -28.049  -10.213  -10.235 0.7142857313
99270  -28.264  -9.544  -10.447 0.7142857313
100397  -31.118  -8.531  -8.200 0.4285714328
100415  -29.710  -8.077  -9.572 0.7142857313
101584  -29.779  -7.156  -9.735 0.7142857313
100434  -27.487  -8.856  -11.275 0.5714285970
100435  -27.953  -8.560  -11.155 0.5714285970
104940  -31.659  -4.757  -9.191 0.5714285970
101627  -27.843  -7.568  -11.260 0.5714285970
103792  -31.641  -5.723  -8.798 0.5714285970
108316  -28.220  -1.742  -8.627 1.0000000000
112864  -28.283  2.736  -7.849 1.0000000000
110598  -26.838  0.544  -9.173 1.0000000000
113970  -26.475  3.539  -8.919 0.8571428657
115993  -26.059  5.632  -8.813 0.7142857313
115974  -26.758  5.481  -8.540 1.0000000000
115975  -27.776  5.565  -8.263 1.0000000000
118008  -26.890  7.512  -8.491 0.8571428657
119033  -27.364  8.493  -8.143 1.0000000000
123895  -25.847  13.537  -8.690 0.7142857313
124821  -22.969  14.748  -9.769 0.7142857313
124822  -23.983  14.670  -9.700 0.7142857313
123894  -22.618  13.594  -9.280 0.4285714328
125767  -23.669  15.191  -8.043 0.2857142985
125788  -24.759  15.569  -9.501 0.4285714328
126783  -24.015  15.521  -7.593 0.2857142985
125780  -23.318  15.545  -8.610 0.4285714328
96850  -26.962  -11.353  -10.587 0.4285714328
98035  -26.910  -10.874  -11.097 0.4285714328
124809  -22.818  14.914  -9.075 0.4285714328
87172  -25.146  -18.951  -7.328 0.2857142985
88387  -27.456  -18.361  -6.224 0.4285714328
89671  -25.089  -17.379  -7.872 0.2857142985
92272  -25.998  -15.234  -8.330 0.2857142985
93450  -26.533  -15.122  -7.692 0.4285714328
93451  -27.031  -14.732  -7.541 0.4285714328
93476  -25.781  -14.817  -9.133 0.4285714328
94606  -25.994  -14.082  -9.639 0.4285714328
94623  -26.513  -12.813  -10.092 0.2857142985
94608  -27.216  -12.850  -8.997 0.4285714328
96836  -27.190  -11.674  -9.823 0.5714285970
96851  -27.498  -11.066  -10.168 0.5714285970
99257  -28.752  -9.638  -10.015 0.5714285970
99242  -30.542  -9.103  -8.474 0.4285714328
101565  -31.326  -7.522  -8.288 0.5714285970
102725  -28.131  -6.925  -10.903 0.7142857313
106038  -30.810  -4.259  -8.832 0.7142857313
104958  -27.911  -4.789  -10.010 0.8571428657
108297  -28.599  -1.189  -8.223 0.8571428657
110599  -27.621  0.307  -8.414 1.0000000000
114986  -26.206  4.634  -8.771 0.8571428657
122916  -26.357  12.519  -8.554 0.8571428657
123913  -25.045  13.459  -9.107 0.7142857313
123911  -23.313  13.798  -9.822 0.5714285970
123884  -22.639  13.611  -8.550 0.4285714328
124798  -22.633  14.352  -8.822 0.4285714328
125787  -23.770  15.713  -9.636 0.4285714328
123877  -24.371  13.647  -6.519 0.2857142985
124785  -24.927  14.471  -6.492 0.2857142985
123862  -25.566  13.861  -5.936 0.1428571492
90988  -25.638  -16.339  -8.053 0.2857142985
95754  -26.442  -11.855  -10.725 0.2857142985
129638  -24.090  18.964  -10.366 0.2857142985
129627  -24.950  19.186  -9.467 0.1428571492
128724  -23.300  18.041  -10.507 0.2857142985
129674  -23.593  18.756  -11.208 0.2857142985
128711  -24.509  18.525  -9.283 0.1428571492
129618  -25.307  18.828  -8.616 0.1428571492
126814  -23.913  17.341  -8.362 0.1428571492
127801  -23.483  17.492  -9.932 0.2857142985
128745  -25.028  18.552  -11.322 0.2857142985
128759  -23.270  18.367  -11.289 0.2857142985
126871  -28.501  16.386  -12.652 0.2857142985
127836  -27.450  17.725  -11.437 0.2857142985
129610  -25.648  18.826  -8.164 0.1428571492
126827  -27.342  16.080  -9.645 0.2857142985
128725  -24.716  18.071  -11.161 0.2857142985
127833  -23.248  17.797  -11.169 0.2857142985
124843  -29.189  14.322  -10.221 0.1428571492
126841  -27.579  16.657  -10.376 0.2857142985
127820  -26.640  17.836  -10.531 0.2857142985
128690  -24.759  18.116  -8.526 0.1428571492
126839  -25.119  17.175  -10.264 0.2857142985
126851  -23.645  17.597  -11.008 0.2857142985
122971  -29.735  12.354  -12.284 0.1428571492
123953  -29.551  13.431  -11.617 0.1428571492
125800  -28.318  15.554  -10.347 0.4285714328
126826  -26.678  16.322  -9.492 0.2857142985
121948  -29.662  11.562  -8.979 0.2857142985
123915  -28.010  13.910  -8.989 0.4285714328
125790  -27.062  15.482  -9.386 0.2857142985
126824  -24.366  16.605  -9.878 0.2857142985
120983  -30.504  10.532  -9.325 0.1428571492
122937  -29.599  12.455  -9.400 0.2857142985
124825  -27.781  14.775  -9.403 0.4285714328
122918  -28.514  12.309  -8.656 0.5714285970
123914  -27.381  14.216  -8.960 0.7142857313
119054  -31.019  8.787  -9.064 0.1428571492
120964  -30.306  10.067  -8.761 0.1428571492
124824  -26.626  14.518  -9.010 0.4285714328
121932  -28.958  11.444  -8.583 0.4285714328
118013  -31.388  7.348  -8.958 0.2857142985
119036  -30.470  8.527  -8.524 0.7142857313
122917  -27.500  12.410  -8.550 0.7142857313
120030  -28.999  9.519  -8.379 0.8571428657
121931  -27.997  11.476  -8.309 0.5714285970
117007  -31.161  6.510  -8.385 0.2857142985
120962  -28.521  10.519  -8.298 0.7142857313
120959  -25.407  10.602  -8.812 0.5714285970
120961  -27.440  10.507  -8.264 0.8571428657
115979  -31.655  5.298  -8.457 0.1428571492
118011  -29.905  7.577  -8.074 0.7142857313
110609  -25.501  0.443  -10.311 0.5714285970
111741  -26.539  1.788  -9.243 0.8571428657
111740  -25.967  2.115  -9.800 0.4285714328
112874  -26.240  2.778  -9.358 0.5714285970
117003  -27.346  6.537  -8.495 0.8571428657
114970  -28.282  4.622  -8.078 0.8571428657
115964  -31.298  4.472  -7.956 0.2857142985
117005  -29.321  6.613  -7.894 0.8571428657
118010  -28.864  7.560  -7.948 0.8571428657
120029  -27.932  9.515  -8.091 0.8571428657
113956  -32.058  3.539  -8.331 0.4285714328
115977  -29.767  5.725  -7.852 0.7142857313
110627  -25.129  -0.233  -10.693 0.2857142985
110597  -26.133  1.113  -9.748 0.5714285970
115976  -28.774  5.630  -7.892 0.8571428657
117004  -28.275  6.563  -7.932 0.8571428657
113932  -30.419  3.532  -7.433 0.4285714328
114971  -29.333  4.685  -7.677 0.8571428657
113955  -31.616  3.487  -7.857 0.4285714328
104956  -26.597  -4.396  -10.931 0.7142857313
106059  -25.666  -3.559  -11.410 0.4285714328
104957  -27.311  -4.647  -10.655 0.7142857313
107204  -27.546  -3.110  -9.790 0.8571428657
107202  -26.197  -2.847  -10.641 0.5714285970
109483  -25.635  -0.786  -10.594 0.5714285970
108348  -24.733  -1.552  -11.542 0.4285714328
108315  -27.160  -1.633  -9.507 0.8571428657
108332  -26.445  -1.705  -10.232 0.5714285970
109484  -26.284  -0.543  -10.163 0.5714285970
109468  -26.744  -0.520  -9.577 0.7142857313
111732  -29.788  1.667  -7.252 0.7142857313
112865  -29.155  2.711  -7.436 0.7142857313
113954  -28.690  3.692  -7.638 0.8571428657
111734  -31.917  1.753  -7.850 0.2857142985
111719  -31.217  2.253  -7.501 0.4285714328
112846  -30.790  2.854  -7.381 0.5714285970
102724  -27.500  -6.738  -11.160 0.4285714328
103848  -26.538  -5.557  -11.496 0.4285714328
104975  -26.225  -4.721  -11.410 0.4285714328
106062  -27.686  -3.724  -9.880 0.7142857313
107185  -27.837  -2.834  -9.456 0.7142857313
110586  -30.338  0.413  -7.423 0.7142857313
110587  -31.464  0.438  -7.729 0.2857142985
101626  -27.107  -7.527  -11.433 0.4285714328
102741  -26.193  -6.733  -12.008 0.5714285970
103849  -27.238  -5.711  -11.059 0.5714285970
104976  -26.810  -4.992  -11.155 0.5714285970
106063  -28.157  -4.314  -9.684 0.7142857313
108300  -31.585  -1.719  -8.145 0.4285714328
109456  -30.997  -0.709  -7.644 0.4285714328
99284  -26.895  -9.845  -11.242 0.5714285970
102672  -32.245  -6.082  -8.168 0.4285714328
104892  -32.412  -5.044  -8.353 0.4285714328
107169  -32.193  -2.747  -8.319 0.4285714328
108301  -32.638  -1.642  -8.424 0.4285714328
93453  -28.430  -14.039  -7.121 0.1428571492
104913  -32.368  -4.615  -8.832 0.4285714328
106016  -32.619  -3.629  -8.502 0.4285714328
107170  -33.369  -2.656  -8.262 0.4285714328
95704  -28.579  -12.839  -7.748 0.1428571492
96809  -28.863  -12.073  -7.837 0.1428571492
98001  -30.727  -10.003  -7.563 0.2857142985
102638  -32.904  -6.346  -6.908 0.2857142985
104880  -34.343  -4.808  -6.556 0.2857142985
103746  -33.414  -5.664  -6.838 0.2857142985
104894  -33.645  -4.499  -7.117 0.2857142985
103768  -33.127  -5.423  -7.357 0.2857142985
102652  -32.110  -6.482  -8.016 0.2857142985
104893  -32.771  -4.650  -7.934 0.4285714328
95689  -29.629  -13.073  -6.726 0.1428571492
95705  -29.276  -12.564  -7.365 0.1428571492
94582  -28.057  -13.600  -7.554 0.1428571492
96810  -29.612  -11.465  -7.553 0.2857142985
96811  -30.406  -10.849  -7.359 0.2857142985
99206  -31.817  -8.873  -6.830 0.2857142985
100358  -32.576  -8.011  -6.646 0.2857142985
100379  -32.180  -7.939  -7.137 0.2857142985
99226  -31.270  -9.154  -7.673 0.2857142985
101514  -32.772  -6.899  -6.716 0.2857142985
96795  -29.839  -12.262  -6.905 0.1428571492
97960  -32.307  -10.888  -5.635 0.2857142985
96796  -30.522  -11.618  -6.739 0.2857142985
97983  -31.930  -10.095  -6.419 0.2857142985
97982  -31.030  -10.585  -6.874 0.2857142985
98002  -31.308  -9.733  -7.040 0.2857142985
89651  -27.856  -17.361  -6.164 0.2857142985
93436  -28.260  -14.789  -6.796 0.1428571492
93437  -28.761  -14.523  -6.663 0.1428571492
85873  -26.766  -20.515  -5.869 0.2857142985
85892  -25.456  -20.568  -6.402 0.2857142985
90965  -28.416  -16.432  -6.212 0.2857142985
87132  -27.005  -19.999  -5.827 0.1428571492
84617  -25.788  -21.560  -6.123 0.2857142985
96797  -31.479  -11.249  -6.226 0.2857142985
99207  -32.644  -9.103  -6.083 0.2857142985
101515  -33.528  -7.244  -5.996 0.2857142985
100357  -32.054  -8.218  -7.025 0.2857142985
102639  -33.385  -6.255  -6.564 0.2857142985
102671  -31.644  -6.429  -8.466 0.4285714328
103767  -32.492  -5.488  -7.960 0.4285714328
105997  -34.060  -3.560  -7.414 0.2857142985
106061  -26.836  -3.695  -10.565 0.7142857313
105996  -33.260  -3.729  -7.920 0.4285714328
108314  -26.618  -1.102  -9.852 0.5714285970
109457  -31.973  -0.634  -8.220 0.2857142985
110588  -32.351  0.479  -8.400 0.2857142985
111733  -30.899  1.443  -7.447 0.5714285970
113931  -29.615  3.640  -7.371 0.7142857313
122915  -25.094  12.557  -8.841 0.4285714328
121929  -25.842  11.520  -8.627 0.5714285970
111720  -31.647  2.425  -7.660 0.2857142985
117006  -30.311  6.620  -8.021 0.5714285970
126825  -25.514  16.481  -9.546 0.2857142985
120982  -29.986  11.048  -9.164 0.4285714328
122919  -29.210  12.122  -8.838 0.4285714328
127766  -25.494  17.662  -7.405 0.1428571492
125801  -28.872  15.021  -10.468 0.2857142985
123937  -29.555  13.509  -10.684 0.1428571492
128746  -26.166  18.433  -11.256 0.2857142985
87154  -27.151  -19.296  -6.163 0.1428571492
87152  -25.180  -19.693  -6.914 0.2857142985
92235  -28.100  -15.358  -6.684 0.1428571492
92234  -27.463  -15.612  -6.931 0.2857142985
94583  -28.926  -13.527  -7.157 0.1428571492
95690  -30.378  -12.730  -6.460 0.1428571492
95691  -31.179  -12.341  -6.098 0.1428571492
98000  -30.035  -10.448  -7.920 0.2857142985
99225  -30.792  -9.445  -8.010 0.2857142985
102723  -26.713  -6.550  -11.574 0.5714285970
100378  -31.698  -8.069  -7.503 0.2857142985
103847  -26.053  -5.333  -11.772 0.2857142985
104895  -34.703  -4.043  -6.849 0.2857142985
105998  -34.958  -3.273  -7.301 0.2857142985
107223  -24.851  -2.614  -11.656 0.4285714328
107151  -33.734  -3.182  -7.841 0.4285714328
110626  -24.518  0.270  -10.914 0.2857142985
110608  -24.781  0.802  -10.401 0.2857142985
107171  -34.321  -1.948  -7.969 0.1428571492
109458  -32.920  -0.569  -8.687 0.1428571492
115962  -30.173  5.064  -7.753 0.7142857313
119034  -28.401  8.520  -8.089 0.8571428657
114973  -32.053  4.375  -8.690 0.2857142985
115980  -32.140  4.932  -8.892 0.1428571492
126800  -23.613  16.088  -7.872 0.2857142985
115978  -30.716  5.716  -7.888 0.4285714328
114972  -31.655  4.177  -8.217 0.4285714328
115994  -32.037  5.890  -9.040 0.1428571492
120031  -30.002  9.489  -8.500 0.5714285970
117022  -31.729  6.436  -9.009 0.1428571492
119037  -31.084  8.109  -8.845 0.1428571492
120050  -31.061  9.349  -9.767 0.1428571492
127783  -24.922  17.515  -7.805 0.1428571492
120963  -29.674  10.556  -8.685 0.5714285970
124842  -28.470  14.833  -10.006 0.2857142985
124827  -29.104  13.868  -9.664 0.2857142985
122938  -30.155  12.053  -9.901 0.2857142985
122955  -30.210  11.994  -10.563 0.1428571492
122963  -30.144  11.845  -11.405 0.1428571492
122962  -29.793  12.635  -11.126 0.1428571492
126842  -28.312  16.027  -10.831 0.2857142985
125833  -28.879  15.610  -12.134 0.2857142985
124858  -29.205  14.926  -11.795 0.1428571492
124873  -29.286  14.160  -12.050 0.1428571492
88388  -28.451  -18.367  -5.649 0.1428571492
94567  -29.439  -13.854  -6.511 0.1428571492
102640  -34.253  -6.260  -6.199 0.2857142985
111735  -32.563  1.544  -8.855 0.2857142985
123970  -29.125  13.192  -13.197 0.1428571492
125840  -28.683  15.440  -13.154 0.2857142985
85891  -24.675  -20.238  -6.992 0.2857142985
87155  -27.875  -19.111  -5.916 0.1428571492
89652  -28.683  -17.291  -5.735 0.1428571492
96824  -29.426  -10.719  -8.264 0.4285714328
103826  -27.752  -5.385  -10.520 0.5714285970
102700  -27.958  -6.154  -10.712 0.4285714328
109469  -27.346  -0.650  -8.833 0.8571428657
126838  -24.067  17.403  -10.660 0.2857142985
98048  -26.924  -10.436  -11.136 0.5714285970
126813  -23.583  16.808  -8.884 0.2857142985
127816  -23.369  17.713  -10.697 0.2857142985
107184  -27.292  -2.336  -9.748 0.8571428657
129654  -23.382  18.575  -10.906 0.2857142985
129626  -24.213  18.595  -9.787 0.2857142985
128702  -24.861  18.511  -8.789 0.1428571492
128709  -23.622  18.016  -9.781 0.2857142985
128760  -23.698  18.566  -11.342 0.2857142985
128701  -24.305  18.137  -8.873 0.1428571492
127792  -23.889  17.608  -8.805 0.1428571492
128744  -24.110  18.231  -11.378 0.2857142985
126853  -28.286  16.427  -11.501 0.2857142985
128691  -25.333  18.120  -8.180 0.1428571492
125799  -27.757  15.653  -9.780 0.2857142985
127818  -24.794  17.703  -10.856 0.2857142985
127819  -25.718  17.894  -10.358 0.2857142985
124826  -28.613  14.210  -9.549 0.2857142985
124859  -29.447  14.448  -11.140 0.1428571492
126840  -26.286  17.319  -9.733 0.2857142985
122954  -29.843  12.714  -10.226 0.1428571492
123962  -29.405  13.434  -12.397 0.1428571492
125814  -28.936  15.425  -11.090 0.1428571492
121965  -30.584  11.385  -10.008 0.1428571492
123897  -28.138  13.109  -8.699 0.5714285970
123916  -28.861  13.336  -9.209 0.4285714328
120998  -30.807  10.441  -10.295 0.1428571492
120032  -30.663  9.506  -8.910 0.1428571492
123917  -29.458  13.426  -9.846 0.2857142985
122936  -29.011  12.644  -8.952 0.4285714328
118012  -30.778  7.473  -8.404 0.5714285970
119035  -29.450  8.534  -8.257 0.7142857313
115963  -30.874  4.856  -7.729 0.4285714328
110610  -26.374  0.236  -9.891 0.5714285970
111749  -25.546  1.529  -10.009 0.4285714328
114952  -30.198  4.319  -7.574 0.4285714328
114954  -31.282  3.933  -7.897 0.5714285970
106060  -26.038  -3.793  -11.185 0.4285714328
107203  -27.165  -2.765  -10.100 0.7142857313
108331  -25.399  -1.939  -10.899 0.4285714328
111718  -30.539  2.194  -7.351 0.5714285970
112845  -30.046  2.779  -7.161 0.7142857313
104914  -32.733  -4.130  -8.355 0.4285714328
103769  -33.565  -5.188  -6.838 0.2857142985
101539  -31.928  -7.039  -7.836 0.2857142985
101540  -32.340  -7.419  -7.278 0.2857142985
94568  -30.136  -13.640  -6.285 0.1428571492
85874  -27.381  -20.657  -5.615 0.1428571492
84618  -26.562  -21.717  -5.791 0.1428571492
87133  -27.667  -19.865  -5.663 0.1428571492
126802  -24.893  17.286  -7.342 0.1428571492
87134  -28.493  -19.596  -5.453 0.1428571492
88389  -29.135  -17.774  -5.581 0.1428571492
126801  -24.144  17.060  -7.643 0.1428571492
120049  -24.908  9.330  -8.868 0.5714285970
118026  -25.280  7.546  -8.894 0.4285714328
119053  -24.897  8.567  -9.026 0.4285714328
120027  -25.685  9.403  -8.744 0.5714285970
119031  -25.654  8.301  -8.737 0.5714285970
115992  -25.585  5.469  -9.246 0.4285714328
117021  -25.760  6.027  -9.021 0.4285714328
117020  -25.230  6.468  -9.240 0.4285714328
117001  -25.633  6.982  -8.759 0.5714285970
118007  -26.013  7.546  -8.656 0.5714285970
113969  -25.815  3.654  -9.360 0.5714285970
103749  -35.928  -5.278  -6.461 0.1428571492
94622  -25.940  -13.413  -10.444 0.2857142985
103747  -33.940  -5.498  -6.521 0.1428571492
103771  -37.030  -5.336  -6.873 0.1428571492
103794  -37.821  -5.727  -8.274 0.1428571492
103770  -36.491  -4.751  -6.808 0.1428571492
101516  -34.537  -6.929  -5.738 0.1428571492
102642  -36.064  -6.196  -5.851 0.1428571492
103750  -36.507  -5.764  -6.295 0.1428571492
102674  -38.281  -7.099  -8.767 0.1428571492
102655  -37.595  -6.562  -7.026 0.1428571492
101637  -38.592  -7.900  -12.586 0.1428571492
102687  -38.376  -7.282  -9.712 0.1428571492
102727  -38.271  -7.171  -11.912 0.1428571492
93493  -25.372  -14.455  -10.162 0.2857142985
92305  -24.827  -14.873  -10.267 0.2857142985
99208  -33.356  -8.880  -5.580 0.1428571492
100338  -33.929  -8.154  -5.442 0.1428571492
101496  -34.156  -7.474  -5.603 0.1428571492
101519  -37.279  -7.597  -5.994 0.1428571492
101498  -35.599  -7.757  -5.270 0.1428571492
101541  -37.929  -7.654  -7.184 0.1428571492
101518  -36.317  -7.081  -5.547 0.1428571492
101567  -38.233  -7.847  -9.040 0.1428571492
101608  -38.547  -8.101  -10.366 0.1428571492
101628  -38.540  -7.978  -11.484 0.1428571492
102704  -38.263  -7.241  -10.825 0.1428571492
92288  -24.968  -15.515  -9.644 0.2857142985
91023  -24.366  -16.202  -9.536 0.2857142985
97984  -32.648  -10.023  -5.746 0.1428571492
99191  -34.012  -9.331  -5.092 0.1428571492
100339  -34.853  -8.434  -5.023 0.1428571492
101566  -38.145  -7.782  -8.217 0.1428571492
101586  -38.435  -8.046  -9.574 0.1428571492
100467  -38.583  -8.706  -14.443 0.1428571492
100462  -38.656  -8.682  -13.328 0.1428571492
97961  -33.273  -10.460  -5.105 0.1428571492
99192  -35.126  -9.378  -4.582 0.1428571492
97962  -34.460  -10.471  -4.560 0.1428571492
99195  -37.428  -9.520  -6.105 0.1428571492
100360  -37.651  -8.585  -6.590 0.1428571492
100341  -36.652  -8.707  -5.132 0.1428571492
100380  -37.878  -8.591  -7.659 0.1428571492
100450  -38.331  -8.698  -11.115 0.1428571492
100418  -38.224  -8.677  -9.682 0.1428571492
100458  -38.732  -8.842  -12.190 0.1428571492
96777  -32.731  -11.593  -4.885 0.1428571492
97952  -35.944  -11.003  -4.541 0.1428571492
97951  -35.238  -11.149  -4.394 0.1428571492
99193  -36.184  -9.463  -4.674 0.1428571492
97963  -35.580  -10.318  -4.525 0.1428571492
99209  -37.629  -9.476  -7.116 0.1428571492
99227  -37.744  -9.444  -8.146 0.1428571492
100417  -37.864  -9.016  -9.331 0.1428571492
96779  -36.433  -11.302  -4.626 0.1428571492
97950  -34.517  -11.424  -4.401 0.1428571492
97965  -37.283  -10.461  -5.573 0.1428571492
96780  -37.015  -11.444  -5.102 0.1428571492
97985  -37.579  -10.337  -7.655 0.1428571492
97966  -37.460  -10.408  -6.617 0.1428571492
99260  -38.142  -9.059  -10.127 0.1428571492
99244  -37.629  -9.422  -9.045 0.1428571492
97964  -36.592  -10.490  -4.751 0.1428571492
99194  -37.053  -9.527  -5.179 0.1428571492
101500  -36.899  -8.238  -5.546 0.1428571492
100359  -33.182  -8.275  -5.926 0.1428571492
99304  -38.683  -9.361  -13.914 0.1428571492
102673  -38.125  -6.864  -7.960 0.1428571492
103748  -34.809  -5.417  -6.291 0.1428571492
104897  -36.726  -4.547  -7.093 0.1428571492
91008  -25.131  -16.191  -8.866 0.2857142985
99273  -38.049  -9.350  -10.674 0.1428571492
99305  -38.891  -9.759  -14.728 0.1428571492
100474  -38.987  -8.751  -15.583 0.1428571492
114985  -25.339  4.542  -9.489 0.4285714328
101641  -38.497  -7.795  -13.681 0.1428571492
103830  -38.156  -6.378  -10.258 0.1428571492
104896  -36.094  -3.900  -6.964 0.1428571492
120026  -24.799  9.994  -8.866 0.4285714328
121928  -24.941  11.446  -8.900 0.4285714328
125845  -28.448  15.305  -14.251 0.1428571492
104881  -35.192  -4.655  -6.523 0.1428571492
96776  -31.876  -11.915  -5.428 0.1428571492
107152  -34.241  -2.825  -7.708 0.1428571492
102641  -35.181  -6.135  -5.935 0.1428571492
103795  -38.182  -6.499  -8.540 0.1428571492
104941  -37.620  -4.589  -9.190 0.1428571492
103816  -38.243  -6.384  -9.201 0.1428571492
101497  -34.746  -7.619  -5.437 0.1428571492
101517  -35.419  -6.939  -5.584 0.1428571492
102643  -36.871  -6.372  -6.162 0.1428571492
99190  -33.161  -9.556  -5.500 0.1428571492
101499  -36.426  -7.981  -5.373 0.1428571492
100340  -35.831  -8.535  -4.787 0.1428571492
100398  -37.915  -8.612  -8.801 0.1428571492
96778  -33.713  -11.410  -4.535 0.1428571492
100342  -37.219  -8.688  -5.722 0.1428571492
98003  -37.513  -10.208  -8.645 0.1428571492
99272  -37.851  -9.720  -10.364 0.1428571492
83262  -24.415  -22.341  -6.774 0.1428571492
84616  -24.802  -21.324  -6.615 0.1428571492
83279  -23.516  -21.789  -7.252 0.1428571492
83280  -24.122  -21.457  -7.170 0.1428571492
84636  -24.180  -20.718  -7.258 0.1428571492
87171  -24.359  -19.489  -7.562 0.1428571492
88405  -24.606  -18.235  -7.779 0.1428571492
87194  -24.095  -18.742  -8.150 0.1428571492
89694  -24.251  -17.463  -8.524 0.1428571492
88427  -22.823  -18.233  -8.792 0.1428571492
89693  -23.276  -17.709  -8.868 0.1428571492
91007  -24.561  -16.556  -8.950 0.1428571492
91037  -23.111  -16.183  -10.191 0.1428571492
92304  -24.244  -15.094  -10.399 0.1428571492
93492  -24.622  -14.346  -10.804 0.2857142985
94621  -25.224  -13.849  -10.849 0.1428571492
93505  -24.202  -13.785  -11.233 0.2857142985
95753  -26.006  -11.968  -11.040 0.2857142985
100447  -25.801  -8.678  -11.702 0.4285714328
112873  -25.658  2.902  -9.700 0.2857142985
113968  -25.019  3.523  -9.877 0.2857142985
118024  -23.407  7.534  -9.395 0.2857142985
119052  -23.903  8.523  -9.347 0.2857142985
120048  -24.295  9.405  -9.118 0.4285714328
93491  -23.618  -14.303  -10.942 0.1428571492
94634  -24.381  -13.106  -11.325 0.2857142985
94636  -25.760  -12.624  -10.936 0.1428571492
87170  -23.823  -19.640  -7.849 0.1428571492
88428  -23.680  -18.286  -8.478 0.1428571492
91021  -22.886  -16.584  -9.796 0.1428571492
92303  -23.316  -15.524  -10.402 0.1428571492
95739  -23.919  -12.516  -11.287 0.2857142985
94635  -25.180  -13.034  -11.145 0.2857142985
95751  -24.600  -12.186  -11.358 0.2857142985
95752  -25.422  -12.105  -11.313 0.2857142985
96864  -26.468  -11.377  -11.145 0.2857142985
98047  -26.409  -10.593  -11.390 0.4285714328
99283  -26.151  -9.647  -11.576 0.4285714328
100446  -24.952  -8.694  -11.679 0.2857142985
113978  -24.824  2.956  -10.232 0.2857142985
113967  -24.414  3.867  -10.000 0.2857142985
117019  -23.975  6.321  -9.790 0.2857142985
118025  -24.470  7.489  -9.314 0.2857142985
96862  -25.105  -11.325  -11.606 0.2857142985
112883  -25.220  2.435  -10.039 0.2857142985
112882  -24.582  2.465  -10.368 0.2857142985
114984  -24.558  4.458  -9.778 0.2857142985
117034  -23.568  5.622  -9.874 0.2857142985
115991  -24.835  5.433  -9.698 0.2857142985
114996  -23.813  4.200  -10.102 0.2857142985
116006  -23.982  5.170  -9.743 0.2857142985
100448  -26.959  -8.678  -11.454 0.4285714328
89670  -24.631  -17.667  -8.035 0.1428571492
85910  -24.216  -20.133  -7.374 0.1428571492
92287  -24.066  -15.807  -10.068 0.1428571492
91022  -23.624  -16.272  -9.859 0.1428571492
85909  -23.673  -20.083  -7.696 0.1428571492
87193  -23.466  -19.325  -8.283 0.1428571492
88429  -24.174  -18.205  -8.270 0.1428571492
89710  -23.464  -17.057  -9.284 0.1428571492
89709  -22.613  -17.439  -9.245 0.1428571492
89711  -24.049  -16.710  -9.226 0.1428571492
94620  -23.651  -13.236  -11.284 0.2857142985
99282  -25.287  -9.571  -11.717 0.4285714328
98046  -25.598  -10.497  -11.655 0.4285714328
116005  -23.243  5.056  -9.988 0.2857142985
101635  -25.509  -7.175  -12.072 0.2857142985
101625  -26.201  -7.550  -11.834 0.2857142985
103871  -26.189  -6.040  -11.950 0.2857142985
129709  -26.247  20.170  -14.944 0.1428571492
129710  -26.916  19.501  -15.395 0.1428571492
128777  -26.950  18.901  -13.512 0.1428571492
127846  -27.623  18.030  -12.716 0.1428571492
127866  -28.151  17.184  -13.242 0.1428571492
130552  -25.785  20.833  -15.545 0.1428571492
128763  -26.715  18.700  -12.258 0.1428571492
128761  -24.473  18.924  -11.553 0.1428571492
130525  -25.117  20.416  -11.810 0.1428571492
102740  -25.778  -6.513  -12.173 0.2857142985
103870  -25.567  -5.623  -12.085 0.2857142985
128790  -27.542  18.673  -14.711 0.1428571492
127847  -28.040  17.161  -12.172 0.1428571492
127865  -27.611  17.882  -13.861 0.1428571492
126852  -27.771  16.925  -11.245 0.1428571492
128762  -25.513  19.153  -11.991 0.1428571492
129677  -25.547  19.824  -12.793 0.1428571492
129676  -24.903  19.659  -11.911 0.1428571492
129656  -24.477  19.832  -11.330 0.1428571492
129639  -24.561  19.735  -10.512 0.1428571492
129675  -24.067  19.191  -11.426 0.1428571492
129695  -26.765  19.467  -14.467 0.1428571492
130546  -25.560  20.689  -14.479 0.1428571492
128776  -26.216  19.431  -12.825 0.1428571492
127881  -27.822  17.803  -14.579 0.1428571492
113985  -22.901  2.869  -11.254 0.1428571492
112881  -24.039  2.664  -10.714 0.1428571492
113977  -24.339  3.316  -10.371 0.1428571492
116004  -22.422  5.304  -10.428 0.1428571492
116003  -21.445  5.687  -10.680 0.1428571492
117032  -22.149  6.319  -10.284 0.1428571492
111747  -24.165  1.859  -10.611 0.1428571492
117033  -23.031  5.889  -9.994 0.1428571492
117016  -21.402  7.394  -9.985 0.1428571492
118022  -21.604  7.837  -9.729 0.1428571492
107201  -25.548  -3.104  -11.214 0.2857142985
106082  -24.733  -3.305  -12.151 0.1428571492
112866  -31.951  2.809  -7.838 0.1428571492
113976  -23.432  3.332  -10.765 0.1428571492
117018  -22.777  6.742  -9.604 0.1428571492
119051  -22.898  8.585  -9.552 0.1428571492
119050  -21.947  8.592  -9.582 0.2857142985
120047  -23.327  9.542  -9.396 0.2857142985
121925  -22.409  11.681  -8.418 0.2857142985
122912  -22.646  12.691  -8.872 0.2857142985
122896  -24.885  12.982  -5.968 0.1428571492
120046  -22.306  9.518  -9.519 0.2857142985
120981  -23.941  10.486  -9.199 0.2857142985
122914  -24.355  11.957  -9.096 0.2857142985
120957  -22.464  11.324  -9.262 0.2857142985
120956  -21.940  10.913  -9.052 0.2857142985
122934  -24.086  12.773  -9.531 0.2857142985
121926  -22.616  11.756  -9.114 0.2857142985
120946  -21.958  10.810  -8.069 0.2857142985
123910  -22.831  13.638  -9.775 0.2857142985
123885  -23.098  13.633  -8.075 0.1428571492
121915  -22.215  11.548  -7.385 0.2857142985
125748  -24.434  15.173  -7.133 0.1428571492
124786  -25.650  14.908  -6.529 0.1428571492
120940  -21.830  9.946  -7.740 0.1428571492
119049  -21.033  8.416  -9.433 0.2857142985
123875  -22.904  13.092  -7.740 0.1428571492
122903  -22.491  12.532  -7.909 0.2857142985
123876  -23.529  13.559  -7.350 0.1428571492
122894  -22.810  12.228  -6.646 0.1428571492
118021  -20.419  7.248  -9.146 0.2857142985
121905  -22.727  11.155  -5.892 0.1428571492
122888  -24.573  12.056  -5.105 0.1428571492
122886  -23.071  11.533  -5.877 0.1428571492
116999  -19.741  5.869  -8.049 0.1428571492
113971  -32.323  3.674  -9.164 0.1428571492
109500  -24.175  -0.657  -11.816 0.1428571492
111760  -23.108  1.448  -11.606 0.1428571492
112867  -32.357  2.656  -8.495 0.1428571492
112890  -23.454  2.231  -11.056 0.1428571492
113975  -22.480  3.555  -11.055 0.1428571492
115002  -21.736  3.544  -11.378 0.1428571492
114995  -22.816  4.277  -10.424 0.1428571492
118040  -20.742  7.383  -9.804 0.1428571492
119070  -20.874  7.859  -9.731 0.2857142985
120979  -21.694  10.160  -9.417 0.1428571492
120980  -22.672  10.707  -9.283 0.2857142985
120945  -21.530  10.134  -8.635 0.1428571492
121911  -22.296  11.224  -6.509 0.2857142985
122887  -23.599  11.769  -5.724 0.1428571492
122895  -24.029  12.621  -6.320 0.1428571492
122933  -23.120  12.748  -9.618 0.2857142985
125749  -24.991  15.556  -6.678 0.1428571492
120958  -24.713  10.756  -9.086 0.2857142985
109501  -24.944  -0.806  -11.093 0.1428571492
111748  -24.851  1.508  -10.224 0.1428571492
110589  -33.117  0.424  -9.297 0.1428571492
112889  -22.775  2.241  -11.438 0.1428571492
117031  -21.150  6.867  -10.317 0.1428571492
111762  -24.360  1.100  -10.513 0.1428571492
118041  -21.083  7.683  -9.945 0.1428571492
117017  -21.894  7.125  -9.847 0.1428571492
118023  -22.414  7.722  -9.550 0.1428571492
111761  -23.736  1.167  -10.909 0.1428571492
120045  -21.507  9.381  -9.354 0.2857142985
122913  -22.784  12.415  -9.365 0.2857142985
120941  -22.014  10.445  -6.942 0.1428571492
121927  -24.315  11.267  -9.198 0.2857142985
121947  -23.559  11.694  -9.349 0.2857142985
121946  -22.772  11.797  -9.480 0.2857142985
120955  -21.365  10.155  -9.192 0.2857142985
95737  -22.097  -12.421  -10.898 0.1428571492
95750  -23.898  -11.852  -11.254 0.1428571492
96835  -21.638  -11.694  -10.571 0.1428571492
98033  -21.872  -10.397  -10.873 0.1428571492
99268  -22.138  -9.912  -11.102 0.1428571492
96860  -23.528  -11.181  -11.436 0.1428571492
99279  -22.546  -9.415  -11.457 0.1428571492
98043  -23.138  -10.323  -11.471 0.1428571492
100444  -23.185  -8.559  -11.887 0.1428571492
99281  -24.459  -9.475  -11.663 0.1428571492
100445  -24.167  -8.430  -11.910 0.1428571492
99278  -22.061  -8.877  -11.303 0.1428571492
101623  -24.769  -8.127  -11.782 0.1428571492
101634  -24.663  -7.450  -11.983 0.1428571492
103869  -24.785  -5.577  -12.232 0.1428571492
104974  -25.710  -4.729  -11.796 0.1428571492
119048  -20.571  7.898  -8.763 0.1428571492
96861  -24.308  -11.239  -11.560 0.1428571492
96863  -25.863  -11.354  -11.493 0.1428571492
94618  -21.906  -13.446  -10.617 0.1428571492
96849  -22.861  -11.089  -11.290 0.1428571492
106084  -25.864  -4.241  -11.566 0.1428571492
101624  -25.302  -7.935  -11.753 0.1428571492
95738  -23.103  -12.133  -11.190 0.1428571492
98045  -24.786  -10.422  -11.758 0.1428571492
96848  -22.210  -11.314  -10.954 0.1428571492
98032  -21.184  -10.323  -10.640 0.1428571492
98034  -22.449  -10.415  -11.199 0.1428571492
99280  -23.581  -9.422  -11.641 0.1428571492
98044  -23.968  -10.347  -11.588 0.1428571492
100443  -22.375  -8.265  -11.616 0.1428571492
100433  -21.094  -8.598  -10.709 0.1428571492
85893  -26.295  -20.899  -6.022 0.2857142985
85928  -23.261  -20.021  -8.214 0.1428571492
87151  -24.746  -19.814  -7.166 0.2857142985
91024  -24.785  -16.144  -9.279 0.2857142985
92271  -25.670  -15.579  -8.591 0.2857142985
92286  -23.678  -15.910  -10.162 0.1428571492
93463  -25.909  -15.074  -8.557 0.2857142985
93506  -24.735  -13.669  -11.165 0.2857142985
94581  -27.446  -14.084  -7.693 0.4285714328
95740  -26.244  -12.491  -10.616 0.1428571492
96764  -36.570  -11.855  -4.667 0.1428571492
98036  -27.445  -10.377  -10.689 0.5714285970
99259  -37.884  -9.416  -9.840 0.1428571492
100399  -38.204  -8.293  -9.256 0.1428571492
100416  -30.234  -7.893  -9.269 0.7142857313
100437  -38.285  -8.772  -10.381 0.1428571492
101636  -25.940  -7.008  -12.117 0.2857142985
102653  -32.580  -6.363  -7.500 0.2857142985
102654  -33.068  -5.993  -7.020 0.2857142985
102670  -31.140  -6.441  -8.755 0.5714285970
103793  -32.110  -5.512  -8.569 0.5714285970
103813  -31.272  -5.490  -9.052 0.5714285970
104879  -33.853  -4.973  -6.691 0.2857142985
104995  -25.184  -4.696  -12.206 0.1428571492
106013  -30.112  -3.349  -8.585 0.7142857313
106035  -28.004  -3.473  -9.524 0.7142857313
107166  -29.247  -2.397  -8.405 0.8571428657
108333  -27.004  -2.109  -9.900 0.7142857313
112847  -31.416  2.889  -7.573 0.2857142985
113933  -31.065  3.469  -7.621 0.5714285970
113952  -27.093  3.499  -8.556 0.8571428657
114953  -30.833  4.084  -7.746 0.4285714328
114968  -26.655  4.885  -8.474 0.8571428657
114988  -32.265  4.585  -9.197 0.1428571492
119069  -20.705  7.798  -9.446 0.2857142985
121949  -30.145  11.537  -9.460 0.1428571492
122932  -22.811  13.045  -9.396 0.2857142985
123898  -28.654  12.868  -8.841 0.4285714328
123935  -22.894  13.820  -9.959 0.5714285970
123936  -23.011  13.908  -10.064 0.5714285970
124765  -25.550  14.415  -6.261 0.1428571492
124820  -22.700  14.113  -9.658 0.5714285970
124839  -22.745  13.902  -9.801 0.5714285970
124841  -28.117  15.212  -9.868 0.2857142985
124872  -28.984  14.736  -12.578 0.1428571492
125747  -24.127  14.946  -7.672 0.2857142985
125815  -29.228  14.871  -10.698 0.2857142985
126837  -23.507  17.598  -10.805 0.2857142985
126850  -23.437  17.692  -11.114 0.2857142985
127782  -24.470  17.694  -8.307 0.1428571492
127791  -23.630  17.575  -9.331 0.1428571492
127817  -24.211  17.629  -11.059 0.2857142985
127834  -23.716  17.738  -11.213 0.2857142985
127835  -24.301  17.825  -11.205 0.2857142985
127837  -27.897  17.052  -11.585 0.1428571492
128700  -23.823  17.959  -9.215 0.2857142985
128710  -24.045  18.264  -9.451 0.1428571492
128726  -25.415  18.117  -10.974 0.2857142985
128727  -26.016  18.128  -10.758 0.2857142985
128742  -22.976  18.068  -11.146 0.2857142985
128743  -23.297  18.087  -11.434 0.2857142985
129625  -23.861  18.337  -9.803 0.2857142985
129637  -23.690  18.420  -10.215 0.2857142985
129655  -23.821  19.309  -11.025 0.2857142985
