#!ascii label  , from subject 3051 vox2ras=TkReg
1302
71268  18.879  -32.264  62.618 0.0000000000
67090  34.341  -35.381  71.278 0.0000000000
87658  41.593  -19.723  47.645 0.0000000000
78694  31.593  -29.557  55.199 0.0000000000
77314  39.080  -30.359  63.656 0.0000000000
97140  50.979  -12.952  39.562 0.0000000000
81462  40.962  -23.501  50.908 0.0000000000
81469  34.482  -24.453  49.266 0.0000000000
64785  14.970  -37.626  62.389 0.0000000000
69911  26.148  -33.442  66.737 0.0000000000
68542  29.920  -34.352  65.064 0.0000000000
71312  23.132  -32.249  59.824 0.0000000000
90110  49.380  -17.366  43.279 0.0000000000
73860  22.683  -31.743  69.603 0.0000000000
71176  16.397  -33.604  69.481 0.0000000000
90050  46.746  -17.819  48.184 0.0000000000
63536  12.318  -38.399  67.980 0.0000000000
59734  8.453  -42.760  65.173 0.0000000000
82764  33.308  -23.562  54.866 0.0000000000
78635  35.609  -29.539  59.761 0.0000000000
67283  37.048  -34.980  58.491 0.0000000000
67221  34.546  -34.632  61.594 0.0000000000
82814  40.259  -23.336  52.393 0.0000000000
81466  37.850  -23.707  50.096 0.0000000000
82839  36.956  -23.606  52.140 0.0000000000
82811  43.130  -23.319  52.749 0.0000000000
70016  17.919  -34.580  59.954 0.0000000000
67237  16.367  -37.056  60.021 0.0000000000
69978  16.226  -34.782  62.440 0.0000000000
72647  23.096  -31.565  65.312 0.0000000000
69958  24.797  -32.349  63.280 0.0000000000
72716  20.704  -31.720  60.982 0.0000000000
70035  19.519  -33.623  58.421 0.0000000000
88838  42.710  -18.597  44.377 0.0000000000
87621  43.456  -20.426  49.848 0.0000000000
90053  44.663  -18.366  48.077 0.0000000000
90082  45.766  -17.635  45.621 0.0000000000
69813  16.468  -34.819  72.919 0.0000000000
67127  14.642  -35.970  68.786 0.0000000000
65845  14.316  -37.028  71.537 0.0000000000
59644  8.549  -41.223  71.767 0.0000000000
61056  9.548  -40.868  69.211 0.0000000000
59704  7.511  -42.706  67.775 0.0000000000
56988  5.314  -44.562  67.718 0.0000000000
56964  4.437  -43.866  69.539 0.0000000000
79971  34.634  -28.211  63.310 0.0000000000
79982  37.018  -30.009  62.144 0.0000000000
76156  37.201  -31.578  59.038 0.0000000000
72727  38.633  -33.427  60.497 0.0000000000
68624  28.593  -33.424  61.284 0.0000000000
68565  32.604  -33.536  63.554 0.0000000000
70008  30.908  -34.011  60.125 0.0000000000
68658  33.612  -34.934  58.399 0.0000000000
82766  30.860  -25.395  55.082 0.0000000000
81404  30.862  -25.686  52.431 0.0000000000
77452  30.570  -29.438  53.057 0.0000000000
100815  52.778  -10.448  36.537 0.0000000000
98397  51.034  -12.412  37.508 0.0000000000
86403  40.998  -21.544  49.624 0.0000000000
84140  37.855  -22.512  47.864 0.0000000000
84110  43.457  -22.146  51.250 0.0000000000
67110  29.687  -35.967  69.345 0.0000000000
68464  31.692  -34.844  68.082 0.0000000000
68515  28.406  -34.184  66.221 0.0000000000
69992  26.360  -33.361  61.620 0.0000000000
70079  25.452  -32.595  58.415 0.0000000000
91376  50.725  -16.541  45.568 0.0000000000
90129  51.037  -17.371  42.975 0.0000000000
92590  50.664  -16.079  41.831 0.0000000000
93709  49.619  -15.744  40.207 0.0000000000
72639  20.338  -31.507  66.700 0.0000000000
71230  17.193  -32.736  66.056 0.0000000000
72584  19.313  -31.615  70.016 0.0000000000
71174  24.602  -32.480  68.324 0.0000000000
90080  47.694  -16.873  45.586 0.0000000000
68518  15.359  -35.247  65.371 0.0000000000
64752  13.830  -38.003  65.027 0.0000000000
62363  11.571  -39.651  65.236 0.0000000000
63493  11.316  -39.172  70.459 0.0000000000
61118  10.398  -40.456  66.616 0.0000000000
54408  1.646  -46.028  70.516 0.0000000000
82736  36.987  -23.287  55.483 0.0000000000
81339  31.969  -26.635  57.902 0.0000000000
81311  33.075  -27.256  61.143 0.0000000000
80023  33.429  -28.983  58.050 0.0000000000
76193  35.441  -31.745  57.512 0.0000000000
71373  37.000  -34.923  56.512 0.0000000000
66101  35.861  -36.843  55.403 0.0000000000
68483  34.389  -34.046  66.240 0.0000000000
68505  36.455  -34.472  64.186 0.0000000000
69955  38.756  -34.696  63.068 0.0000000000
65980  36.106  -35.996  60.275 0.0000000000
67271  34.727  -35.757  57.582 0.0000000000
81401  34.197  -23.894  51.806 0.0000000000
80120  31.346  -26.223  49.062 0.0000000000
82757  40.676  -23.291  54.240 0.0000000000
82815  39.307  -23.386  52.636 0.0000000000
82759  38.941  -22.966  54.439 0.0000000000
82786  42.008  -23.447  53.662 0.0000000000
71280  18.008  -32.929  61.448 0.0000000000
69996  17.438  -34.179  61.136 0.0000000000
71256  17.493  -32.949  63.179 0.0000000000
72675  20.726  -31.488  63.710 0.0000000000
72688  21.803  -31.525  62.549 0.0000000000
71267  19.666  -31.821  61.884 0.0000000000
71298  19.134  -32.850  60.326 0.0000000000
88830  41.858  -19.146  46.049 0.0000000000
87639  42.952  -19.773  48.910 0.0000000000
88798  44.116  -19.258  49.352 0.0000000000
88821  42.602  -19.180  47.208 0.0000000000
88820  43.621  -18.425  46.557 0.0000000000
59667  6.833  -41.925  69.810 0.0000000000
59686  7.662  -42.462  68.759 0.0000000000
58397  6.903  -42.445  69.095 0.0000000000
58416  6.005  -43.842  67.586 0.0000000000
58399  5.416  -43.719  68.257 0.0000000000
56975  4.793  -43.942  68.717 0.0000000000
79947  37.197  -29.397  63.947 0.0000000000
78617  38.149  -30.010  62.589 0.0000000000
77329  38.029  -30.945  61.277 0.0000000000
75033  38.785  -31.933  62.383 0.0000000000
68423  35.146  -34.791  70.902 0.0000000000
70029  28.436  -33.376  59.419 0.0000000000
70009  30.036  -33.418  60.885 0.0000000000
70052  29.837  -33.700  57.990 0.0000000000
70051  30.828  -34.151  57.587 0.0000000000
80054  31.289  -27.669  55.413 0.0000000000
80063  30.447  -27.204  53.722 0.0000000000
95905  51.409  -13.784  41.175 0.0000000000
97129  52.649  -12.686  41.057 0.0000000000
98385  52.693  -11.668  39.449 0.0000000000
98395  52.253  -11.554  38.691 0.0000000000
98387  51.111  -12.334  38.561 0.0000000000
84123  41.108  -22.457  50.310 0.0000000000
84138  39.579  -22.330  48.761 0.0000000000
82888  39.205  -23.309  48.972 0.0000000000
81468  35.624  -23.979  49.605 0.0000000000
82875  36.036  -23.377  48.207 0.0000000000
81508  34.609  -24.366  47.406 0.0000000000
82833  42.111  -23.535  51.942 0.0000000000
82857  42.322  -22.756  51.083 0.0000000000
85248  42.048  -21.671  50.500 0.0000000000
65950  15.367  -37.329  61.356 0.0000000000
64787  14.370  -38.767  62.550 0.0000000000
68466  28.165  -34.486  67.981 0.0000000000
67157  28.967  -35.063  67.329 0.0000000000
68516  27.604  -33.662  66.293 0.0000000000
71294  23.592  -31.915  61.006 0.0000000000
69994  24.940  -32.408  61.824 0.0000000000
71311  24.352  -32.199  59.883 0.0000000000
70032  26.085  -32.750  60.026 0.0000000000
71329  23.411  -32.432  58.627 0.0000000000
71346  22.474  -32.538  57.395 0.0000000000
73992  34.952  -33.542  55.426 0.0000000000
90094  50.012  -17.071  44.202 0.0000000000
90093  50.941  -17.115  44.466 0.0000000000
90109  50.384  -17.406  43.377 0.0000000000
91418  50.466  -16.888  41.941 0.0000000000
91430  49.927  -16.617  41.379 0.0000000000
93702  50.275  -15.572  41.244 0.0000000000
72615  22.576  -31.600  68.436 0.0000000000
72617  19.939  -31.871  68.481 0.0000000000
73861  21.450  -31.760  69.750 0.0000000000
72600  23.881  -32.258  69.172 0.0000000000
72628  22.725  -31.576  67.322 0.0000000000
91363  48.765  -16.635  46.730 0.0000000000
91365  47.600  -16.749  46.510 0.0000000000
90114  45.923  -18.264  43.321 0.0000000000
71205  17.093  -32.859  68.136 0.0000000000
71217  16.365  -33.381  66.440 0.0000000000
69889  15.828  -34.129  67.916 0.0000000000
64708  13.257  -37.242  68.109 0.0000000000
65890  14.103  -37.236  66.691 0.0000000000
64737  13.037  -37.796  66.331 0.0000000000
63560  12.279  -39.301  64.613 0.0000000000
63548  12.168  -39.142  65.977 0.0000000000
62286  10.737  -39.610  70.733 0.0000000000
59713  8.671  -41.893  67.120 0.0000000000
61076  10.351  -40.505  68.408 0.0000000000
61119  9.709  -41.222  66.155 0.0000000000
61142  9.966  -41.655  64.702 0.0000000000
83981  31.876  -24.286  57.466 0.0000000000
79997  34.527  -28.781  61.155 0.0000000000
79986  33.497  -27.863  61.696 0.0000000000
80008  33.647  -28.325  60.255 0.0000000000
80013  33.266  -28.247  59.122 0.0000000000
80012  34.174  -29.279  59.059 0.0000000000
77371  34.199  -30.466  57.316 0.0000000000
77359  35.276  -30.733  58.245 0.0000000000
72754  37.606  -33.432  58.824 0.0000000000
73959  37.038  -33.412  58.046 0.0000000000
68689  36.994  -34.993  57.262 0.0000000000
67333  36.744  -35.766  56.115 0.0000000000
67286  36.189  -35.967  56.971 0.0000000000
68512  30.191  -34.420  66.179 0.0000000000
68463  33.005  -34.633  67.776 0.0000000000
68510  32.609  -33.995  65.672 0.0000000000
68583  34.149  -34.467  62.543 0.0000000000
68537  34.928  -34.359  63.980 0.0000000000
68561  35.557  -34.677  63.119 0.0000000000
68503  37.371  -34.430  63.856 0.0000000000
67193  36.382  -34.953  62.526 0.0000000000
67203  37.211  -35.291  61.855 0.0000000000
67219  35.615  -35.372  61.204 0.0000000000
68674  32.992  -35.195  57.060 0.0000000000
67272  33.986  -35.400  57.986 0.0000000000
82737  35.901  -23.377  55.519 0.0000000000
82792  36.140  -23.639  53.642 0.0000000000
82794  33.693  -23.513  53.682 0.0000000000
78735  29.889  -28.209  50.618 0.0000000000
80104  31.126  -25.758  50.264 0.0000000000
100845  52.532  -10.025  35.056 0.0000000000
81418  40.398  -23.605  51.656 0.0000000000
81464  39.593  -23.928  50.448 0.0000000000
81420  38.805  -24.196  51.402 0.0000000000
81447  37.404  -23.679  50.646 0.0000000000
81423  35.811  -24.023  51.120 0.0000000000
82785  43.079  -23.502  53.746 0.0000000000
82812  42.205  -23.393  52.795 0.0000000000
68626  17.218  -35.456  60.267 0.0000000000
68611  16.105  -36.039  61.691 0.0000000000
67197  15.334  -36.217  62.833 0.0000000000
71215  24.550  -32.395  65.980 0.0000000000
69930  25.386  -32.813  65.347 0.0000000000
71241  23.862  -31.979  63.761 0.0000000000
72687  22.928  -31.543  62.286 0.0000000000
72714  22.160  -31.983  60.196 0.0000000000
71331  21.229  -32.716  58.257 0.0000000000
71315  20.139  -32.642  58.997 0.0000000000
70036  19.002  -34.562  58.953 0.0000000000
88867  48.178  -18.600  41.641 0.0000000000
73835  22.087  -31.452  71.841 0.0000000000
87619  45.200  -19.668  50.095 0.0000000000
88796  45.537  -18.854  49.471 0.0000000000
90051  45.911  -17.919  47.847 0.0000000000
90064  46.206  -17.561  46.841 0.0000000000
90065  45.407  -17.875  46.848 0.0000000000
88828  43.559  -18.253  45.043 0.0000000000
69836  16.039  -34.450  70.881 0.0000000000
68443  15.529  -34.920  69.365 0.0000000000
68428  15.161  -35.671  70.524 0.0000000000
65848  14.850  -36.921  70.208 0.0000000000
64694  12.841  -37.857  69.676 0.0000000000
61010  9.873  -40.317  70.747 0.0000000000
59664  9.046  -41.116  70.318 0.0000000000
59703  8.277  -42.272  68.140 0.0000000000
59714  7.828  -42.547  67.118 0.0000000000
58435  7.037  -43.316  67.044 0.0000000000
79969  36.428  -29.146  63.041 0.0000000000
78629  36.318  -29.712  60.541 0.0000000000
78643  36.366  -30.547  59.272 0.0000000000
77334  37.423  -30.990  60.156 0.0000000000
73923  37.974  -32.577  59.694 0.0000000000
70049  37.960  -34.246  59.290 0.0000000000
68588  29.143  -33.556  63.351 0.0000000000
68566  31.587  -33.893  63.921 0.0000000000
69972  30.945  -33.767  62.469 0.0000000000
69988  31.539  -34.106  61.887 0.0000000000
68620  33.233  -34.384  60.461 0.0000000000
67253  33.981  -34.520  59.993 0.0000000000
68639  32.326  -34.534  58.668 0.0000000000
68660  32.190  -34.539  57.432 0.0000000000
82765  31.851  -24.231  54.722 0.0000000000
82822  32.039  -24.796  53.206 0.0000000000
81383  30.751  -26.011  53.471 0.0000000000
78722  29.867  -28.168  52.090 0.0000000000
99633  53.500  -10.616  38.077 0.0000000000
99635  51.582  -11.640  37.248 0.0000000000
87641  41.093  -20.510  48.235 0.0000000000
87660  39.802  -20.325  46.626 0.0000000000
86440  39.795  -21.064  47.530 0.0000000000
82873  37.895  -23.616  48.921 0.0000000000
82906  36.860  -23.026  47.576 0.0000000000
82809  44.826  -22.859  52.540 0.0000000000
84088  45.198  -22.497  52.311 0.0000000000
85235  44.930  -21.687  51.406 0.0000000000
86389  43.660  -21.172  50.534 0.0000000000
87622  42.531  -20.559  49.509 0.0000000000
67093  31.624  -35.500  70.834 0.0000000000
68438  33.259  -35.244  69.640 0.0000000000
67121  31.130  -35.439  68.842 0.0000000000
67155  29.748  -34.778  67.061 0.0000000000
68543  29.088  -34.381  65.049 0.0000000000
69956  26.039  -33.021  64.343 0.0000000000
68571  26.812  -33.407  64.060 0.0000000000
68589  28.203  -33.604  63.213 0.0000000000
70010  27.268  -33.362  60.765 0.0000000000
70055  26.838  -33.162  58.746 0.0000000000
70077  26.892  -33.174  57.506 0.0000000000
91407  52.527  -16.425  43.395 0.0000000000
90130  50.084  -17.627  42.368 0.0000000000
91408  51.532  -16.996  42.782 0.0000000000
92576  51.664  -15.916  42.484 0.0000000000
93700  51.585  -15.299  42.248 0.0000000000
94773  51.277  -14.756  41.579 0.0000000000
95906  50.575  -13.963  40.213 0.0000000000
97141  50.209  -13.491  38.880 0.0000000000
72663  19.238  -31.692  64.767 0.0000000000
71242  18.160  -31.881  64.572 0.0000000000
72640  19.142  -31.773  66.850 0.0000000000
72618  18.881  -32.085  68.609 0.0000000000
72605  17.812  -32.640  69.748 0.0000000000
73837  20.192  -31.531  71.309 0.0000000000
72570  17.474  -33.043  71.249 0.0000000000
71129  17.286  -33.655  72.781 0.0000000000
67078  32.771  -35.494  71.701 0.0000000000
67081  30.168  -35.839  71.100 0.0000000000
68440  28.590  -35.608  69.405 0.0000000000
69866  26.968  -33.825  69.012 0.0000000000
69850  26.393  -33.704  69.621 0.0000000000
69868  25.534  -33.286  67.734 0.0000000000
72636  23.800  -32.135  66.115 0.0000000000
72648  21.833  -31.341  65.465 0.0000000000
91361  50.808  -16.358  46.363 0.0000000000
90078  49.643  -16.806  44.971 0.0000000000
90096  48.225  -17.294  44.314 0.0000000000
90081  46.706  -17.384  45.599 0.0000000000
90097  47.262  -17.487  44.422 0.0000000000
88848  48.017  -18.153  42.507 0.0000000000
69945  16.653  -33.593  64.365 0.0000000000
69946  16.098  -34.384  64.466 0.0000000000
67182  14.917  -36.079  63.758 0.0000000000
68492  14.959  -35.448  67.095 0.0000000000
67171  14.667  -36.126  65.481 0.0000000000
64769  14.407  -37.601  63.906 0.0000000000
63573  13.489  -38.508  64.275 0.0000000000
62386  12.446  -39.697  63.499 0.0000000000
63480  12.624  -38.452  70.849 0.0000000000
63523  11.668  -39.084  68.595 0.0000000000
62318  11.299  -39.812  68.651 0.0000000000
62331  11.452  -39.587  67.853 0.0000000000
62346  10.726  -39.881  65.958 0.0000000000
55663  2.447  -45.407  69.905 0.0000000000
82734  38.870  -23.410  55.339 0.0000000000
84027  33.553  -23.479  56.125 0.0000000000
84028  32.474  -23.790  56.166 0.0000000000
82741  31.474  -25.877  56.576 0.0000000000
80046  31.622  -27.733  56.462 0.0000000000
81333  32.349  -26.842  59.250 0.0000000000
80024  32.610  -27.770  58.036 0.0000000000
80045  32.309  -28.843  56.501 0.0000000000
77403  33.258  -30.780  56.362 0.0000000000
76210  34.381  -31.612  56.582 0.0000000000
73972  35.659  -33.291  56.453 0.0000000000
76175  36.413  -31.739  58.373 0.0000000000
73961  36.365  -33.155  57.547 0.0000000000
72797  36.444  -34.606  56.009 0.0000000000
68713  36.765  -35.766  55.312 0.0000000000
67335  36.279  -37.016  54.672 0.0000000000
75024  39.563  -31.398  64.439 0.0000000000
68451  33.780  -34.781  68.710 0.0000000000
69865  35.614  -34.024  67.920 0.0000000000
69882  36.500  -34.114  67.120 0.0000000000
68539  33.097  -33.473  64.489 0.0000000000
68481  35.711  -34.260  65.336 0.0000000000
69904  37.593  -33.562  66.409 0.0000000000
69926  38.141  -33.379  65.721 0.0000000000
71251  39.150  -32.808  64.255 0.0000000000
72685  38.966  -32.881  62.935 0.0000000000
69986  39.395  -34.391  61.790 0.0000000000
68619  38.763  -35.244  60.631 0.0000000000
66003  36.479  -35.766  59.592 0.0000000000
67233  35.184  -34.864  59.890 0.0000000000
66005  35.903  -35.651  59.479 0.0000000000
66027  35.844  -35.527  58.633 0.0000000000
66073  35.398  -36.529  56.330 0.0000000000
82791  37.191  -23.376  53.644 0.0000000000
81400  35.393  -23.776  51.816 0.0000000000
81450  33.858  -24.518  49.998 0.0000000000
81402  33.075  -24.625  52.039 0.0000000000
81451  32.334  -25.118  49.765 0.0000000000
81470  33.257  -24.893  48.849 0.0000000000
97148  50.451  -12.946  38.264 0.0000000000
84048  40.392  -23.174  54.869 0.0000000000
82758  39.832  -23.068  54.262 0.0000000000
82733  39.716  -23.174  55.126 0.0000000000
84047  41.107  -23.307  55.111 0.0000000000
71269  17.617  -33.244  62.110 0.0000000000
72676  19.585  -31.664  63.784 0.0000000000
72689  20.459  -31.457  62.739 0.0000000000
71279  18.852  -32.410  61.266 0.0000000000
88822  41.866  -19.555  46.826 0.0000000000
87669  41.179  -19.553  46.542 0.0000000000
87657  42.285  -19.455  48.269 0.0000000000
88813  42.768  -18.997  48.367 0.0000000000
59646  6.718  -41.828  70.329 0.0000000000
58384  6.893  -42.088  69.572 0.0000000000
58385  6.373  -42.463  69.698 0.0000000000
58398  6.043  -42.991  68.631 0.0000000000
58386  5.262  -43.332  69.387 0.0000000000
78588  38.509  -29.619  64.533 0.0000000000
78605  38.453  -29.763  63.611 0.0000000000
78604  38.734  -30.101  63.302 0.0000000000
77323  38.462  -30.892  62.245 0.0000000000
76111  39.266  -30.913  62.839 0.0000000000
68411  35.388  -35.052  71.756 0.0000000000
68424  34.511  -35.143  70.717 0.0000000000
70053  28.793  -33.300  58.263 0.0000000000
78684  31.525  -28.737  55.290 0.0000000000
78685  31.134  -28.265  54.784 0.0000000000
97130  51.734  -13.089  40.587 0.0000000000
95904  52.070  -13.339  41.151 0.0000000000
97139  52.077  -12.396  40.027 0.0000000000
98386  51.729  -11.993  39.139 0.0000000000
82870  40.574  -23.084  50.093 0.0000000000
82871  39.715  -23.284  49.584 0.0000000000
82860  40.161  -23.518  50.256 0.0000000000
81488  34.982  -24.080  48.613 0.0000000000
81489  33.926  -24.671  48.127 0.0000000000
81441  41.444  -23.430  51.193 0.0000000000
82848  41.902  -23.311  51.285 0.0000000000
82859  41.076  -23.342  50.687 0.0000000000
84112  41.648  -22.737  50.639 0.0000000000
64802  15.070  -37.866  61.922 0.0000000000
64804  14.518  -39.121  61.950 0.0000000000
64786  14.799  -37.846  62.850 0.0000000000
68489  27.368  -33.759  67.323 0.0000000000
68517  26.779  -33.431  66.404 0.0000000000
71293  24.295  -32.038  60.976 0.0000000000
71330  22.241  -32.406  58.431 0.0000000000
72799  35.381  -34.232  55.050 0.0000000000
92591  49.632  -16.300  40.835 0.0000000000
73868  22.536  -31.688  68.983 0.0000000000
73869  21.847  -31.748  69.030 0.0000000000
73849  22.037  -31.590  70.407 0.0000000000
73859  23.433  -31.968  69.955 0.0000000000
90049  47.704  -17.171  47.851 0.0000000000
90062  47.505  -16.767  47.058 0.0000000000
90063  46.969  -16.912  46.859 0.0000000000
71192  17.108  -33.045  69.108 0.0000000000
71206  16.213  -33.267  67.479 0.0000000000
71193  16.293  -33.410  68.485 0.0000000000
64723  12.845  -37.773  67.470 0.0000000000
64722  13.502  -37.438  67.072 0.0000000000
63547  12.441  -38.347  66.694 0.0000000000
62263  10.582  -39.773  71.937 0.0000000000
59725  8.294  -42.693  66.161 0.0000000000
61120  9.216  -41.587  66.655 0.0000000000
59724  9.056  -42.157  65.891 0.0000000000
59723  9.615  -42.129  65.161 0.0000000000
80006  35.310  -29.528  60.351 0.0000000000
80007  34.593  -29.150  60.040 0.0000000000
78636  34.809  -29.460  59.474 0.0000000000
78656  34.912  -30.142  58.295 0.0000000000
78645  34.990  -29.607  58.953 0.0000000000
70070  37.297  -34.197  58.777 0.0000000000
70071  36.860  -34.412  58.074 0.0000000000
67305  37.011  -35.140  57.985 0.0000000000
67306  36.848  -35.447  57.133 0.0000000000
67285  36.550  -35.622  57.786 0.0000000000
68511  31.431  -34.257  65.947 0.0000000000
68541  30.932  -34.158  65.030 0.0000000000
67208  34.875  -34.590  62.497 0.0000000000
67196  35.028  -34.613  62.942 0.0000000000
67195  35.359  -34.639  62.763 0.0000000000
67194  35.869  -34.759  62.782 0.0000000000
67207  35.361  -34.667  62.022 0.0000000000
67206  35.849  -35.062  61.739 0.0000000000
67220  35.123  -35.144  61.053 0.0000000000
82763  34.802  -23.561  54.655 0.0000000000
81398  40.748  -23.453  52.160 0.0000000000
81419  39.597  -24.117  51.405 0.0000000000
82836  39.386  -23.841  51.923 0.0000000000
82816  38.408  -23.355  52.765 0.0000000000
82837  38.592  -23.778  52.047 0.0000000000
81422  36.944  -23.737  51.373 0.0000000000
81448  36.284  -23.853  50.484 0.0000000000
82754  44.061  -23.444  54.792 0.0000000000
82787  41.011  -23.176  53.447 0.0000000000
82813  41.279  -23.322  52.637 0.0000000000
82834  41.572  -23.516  52.188 0.0000000000
69977  16.756  -34.205  62.361 0.0000000000
68610  16.393  -35.311  61.327 0.0000000000
68592  16.323  -34.955  62.105 0.0000000000
68593  15.925  -35.463  62.336 0.0000000000
72646  23.949  -32.201  65.265 0.0000000000
72659  24.095  -32.287  64.772 0.0000000000
72660  23.368  -31.818  64.334 0.0000000000
72702  20.666  -31.632  61.803 0.0000000000
72701  21.668  -31.591  61.580 0.0000000000
72700  22.446  -31.700  61.236 0.0000000000
72715  21.390  -31.837  60.591 0.0000000000
71296  21.084  -32.137  59.656 0.0000000000
71297  20.188  -32.272  60.095 0.0000000000
69995  18.293  -33.471  60.610 0.0000000000
70015  18.638  -33.922  59.714 0.0000000000
87599  44.901  -20.557  50.410 0.0000000000
87620  44.328  -19.907  49.874 0.0000000000
88812  43.766  -18.638  48.476 0.0000000000
88811  44.971  -18.598  48.648 0.0000000000
88810  45.764  -18.365  48.623 0.0000000000
90052  45.247  -18.203  47.880 0.0000000000
90066  44.575  -18.200  47.248 0.0000000000
88829  42.688  -18.696  45.662 0.0000000000
69825  16.327  -34.613  71.916 0.0000000000
68427  15.682  -35.097  70.267 0.0000000000
68414  15.653  -35.164  71.269 0.0000000000
67098  14.659  -36.366  70.573 0.0000000000
65849  14.437  -37.124  70.388 0.0000000000
65853  14.011  -37.009  69.419 0.0000000000
64681  13.637  -37.497  70.044 0.0000000000
61012  8.994  -40.870  71.565 0.0000000000
61036  9.133  -40.984  70.801 0.0000000000
59685  8.375  -41.778  69.220 0.0000000000
59715  7.455  -42.861  67.261 0.0000000000
58434  7.472  -42.950  66.971 0.0000000000
56987  5.769  -44.396  67.442 0.0000000000
57004  5.952  -44.679  66.967 0.0000000000
56976  4.372  -45.147  68.645 0.0000000000
56965  3.458  -44.946  69.427 0.0000000000
79968  37.374  -29.599  62.896 0.0000000000
79983  36.357  -29.622  62.169 0.0000000000
79995  36.597  -29.904  61.442 0.0000000000
78633  36.998  -30.755  60.230 0.0000000000
78628  37.158  -30.478  60.964 0.0000000000
75058  38.255  -32.362  60.843 0.0000000000
75059  37.862  -32.190  60.267 0.0000000000
73922  38.322  -32.871  60.049 0.0000000000
73938  38.202  -33.194  59.487 0.0000000000
71310  38.642  -33.993  60.332 0.0000000000
68605  29.626  -33.442  62.479 0.0000000000
68587  30.200  -33.600  63.240 0.0000000000
69990  30.041  -33.469  61.772 0.0000000000
69989  30.808  -33.673  61.488 0.0000000000
70007  31.583  -34.057  60.940 0.0000000000
68604  32.364  -34.217  61.234 0.0000000000
68621  32.207  -34.297  59.962 0.0000000000
68622  31.666  -33.949  59.138 0.0000000000
68661  31.501  -34.304  57.597 0.0000000000
84051  31.503  -24.602  55.525 0.0000000000
82796  31.441  -25.072  53.911 0.0000000000
82797  30.804  -25.786  54.283 0.0000000000
78708  30.290  -28.019  53.146 0.0000000000
98396  51.692  -11.811  38.188 0.0000000000
99634  52.432  -11.059  37.955 0.0000000000
99648  51.336  -11.901  36.332 0.0000000000
99636  51.243  -12.173  36.885 0.0000000000
86418  40.648  -21.281  48.779 0.0000000000
86439  40.530  -20.767  47.964 0.0000000000
86419  39.902  -21.553  48.366 0.0000000000
84139  39.100  -22.725  48.560 0.0000000000
85265  38.562  -22.170  47.944 0.0000000000
84154  37.599  -22.346  47.072 0.0000000000
81465  38.743  -23.844  50.316 0.0000000000
81485  38.307  -23.684  49.674 0.0000000000
81486  37.329  -23.568  49.369 0.0000000000
82892  35.568  -23.697  47.302 0.0000000000
82891  36.490  -23.238  47.836 0.0000000000
82907  36.304  -23.344  46.933 0.0000000000
82784  44.188  -23.334  53.640 0.0000000000
82783  45.365  -23.018  53.496 0.0000000000
82810  44.110  -23.172  52.644 0.0000000000
82846  43.527  -22.791  51.521 0.0000000000
82830  44.604  -22.711  52.188 0.0000000000
84101  43.986  -22.497  51.604 0.0000000000
85226  45.108  -21.909  51.699 0.0000000000
84109  44.216  -21.993  51.500 0.0000000000
86388  44.523  -21.232  50.739 0.0000000000
85236  43.976  -21.688  51.055 0.0000000000
85249  41.258  -21.770  50.164 0.0000000000
86402  41.664  -21.151  49.603 0.0000000000
86417  41.329  -20.828  48.872 0.0000000000
67109  30.352  -35.619  69.651 0.0000000000
67108  31.303  -35.319  70.004 0.0000000000
67122  30.004  -35.645  68.720 0.0000000000
67169  28.815  -34.501  67.007 0.0000000000
67156  29.219  -35.033  67.257 0.0000000000
67167  29.246  -34.581  66.569 0.0000000000
67166  29.569  -34.518  66.423 0.0000000000
68544  28.362  -34.193  65.125 0.0000000000
69944  24.940  -32.434  64.033 0.0000000000
69943  25.442  -32.786  64.532 0.0000000000
69957  25.400  -32.662  63.721 0.0000000000
69993  25.706  -33.052  62.084 0.0000000000
69974  25.889  -33.070  63.317 0.0000000000
68591  26.472  -33.366  62.838 0.0000000000
68590  27.288  -33.556  63.093 0.0000000000
68608  26.791  -33.704  62.185 0.0000000000
68607  27.700  -33.586  61.888 0.0000000000
69991  26.898  -33.647  61.422 0.0000000000
70056  26.136  -32.795  59.024 0.0000000000
70078  26.017  -32.682  57.739 0.0000000000
70034  20.383  -33.180  58.257 0.0000000000
70058  20.568  -33.451  57.444 0.0000000000
70059  19.825  -34.037  57.609 0.0000000000
90061  51.503  -16.513  45.970 0.0000000000
90108  51.425  -17.274  43.945 0.0000000000
90107  52.168  -17.034  44.363 0.0000000000
90128  51.917  -17.037  43.593 0.0000000000
90127  52.509  -16.773  44.078 0.0000000000
88865  49.332  -18.165  41.510 0.0000000000
92577  51.107  -16.318  42.300 0.0000000000
91417  51.652  -16.492  42.601 0.0000000000
92589  51.232  -15.692  42.150 0.0000000000
94774  50.768  -15.196  41.370 0.0000000000
94781  50.358  -14.893  40.725 0.0000000000
94780  50.818  -14.291  41.047 0.0000000000
95907  49.953  -14.517  39.992 0.0000000000
72649  20.467  -31.330  65.646 0.0000000000
72650  19.229  -31.568  65.856 0.0000000000
72603  19.649  -31.794  69.201 0.0000000000
72631  19.024  -31.948  67.783 0.0000000000
72619  17.943  -32.506  68.816 0.0000000000
72604  18.690  -32.174  69.446 0.0000000000
73836  21.269  -31.527  71.459 0.0000000000
72551  19.223  -31.876  72.157 0.0000000000
72569  18.089  -32.577  71.511 0.0000000000
71143  17.631  -32.999  72.338 0.0000000000
71144  17.154  -33.444  71.845 0.0000000000
67079  31.807  -35.477  71.574 0.0000000000
68456  27.592  -34.571  69.345 0.0000000000
71173  25.258  -32.683  68.835 0.0000000000
71189  25.503  -33.261  68.631 0.0000000000
69867  25.906  -33.587  68.480 0.0000000000
71190  25.342  -32.866  68.165 0.0000000000
71204  24.461  -32.520  66.804 0.0000000000
71191  24.528  -32.493  67.622 0.0000000000
72638  21.633  -31.436  66.509 0.0000000000
86456  39.330  -20.800  46.488 0.0000000000
91379  48.397  -16.632  46.018 0.0000000000
91378  49.240  -16.590  45.810 0.0000000000
90079  48.730  -16.782  45.089 0.0000000000
90113  46.831  -18.014  43.427 0.0000000000
90112  47.686  -17.704  43.362 0.0000000000
88849  47.227  -18.279  42.515 0.0000000000
72651  18.239  -32.240  65.915 0.0000000000
71243  17.232  -32.622  64.653 0.0000000000
69932  15.789  -34.199  65.819 0.0000000000
68547  15.347  -35.376  64.346 0.0000000000
67170  14.933  -35.837  64.686 0.0000000000
68458  15.052  -35.428  69.024 0.0000000000
68469  15.033  -35.438  68.072 0.0000000000
67144  14.493  -35.932  67.710 0.0000000000
65905  14.033  -37.330  65.752 0.0000000000
65889  14.357  -36.792  66.122 0.0000000000
65904  14.240  -37.093  64.832 0.0000000000
64751  14.186  -37.770  64.395 0.0000000000
64770  14.175  -38.256  63.765 0.0000000000
63575  12.407  -39.587  63.906 0.0000000000
62387  11.928  -40.049  63.708 0.0000000000
62388  10.961  -40.760  62.876 0.0000000000
63481  11.944  -38.838  71.114 0.0000000000
63492  11.900  -38.664  70.292 0.0000000000
63508  12.000  -38.602  69.582 0.0000000000
63509  11.443  -39.163  69.468 0.0000000000
61055  10.084  -40.560  68.935 0.0000000000
61096  10.280  -40.555  67.507 0.0000000000
62319  10.723  -40.262  68.153 0.0000000000
62332  10.927  -40.183  67.401 0.0000000000
62345  11.474  -39.600  66.654 0.0000000000
56952  2.766  -44.691  70.091 0.0000000000
56937  2.868  -44.439  70.846 0.0000000000
55645  1.704  -45.654  70.843 0.0000000000
55644  1.946  -45.370  70.596 0.0000000000
82716  36.963  -23.182  56.406 0.0000000000
84003  33.697  -23.154  56.880 0.0000000000
84004  32.650  -23.675  56.865 0.0000000000
82697  31.780  -25.250  58.278 0.0000000000
82698  31.714  -25.373  57.373 0.0000000000
81340  31.782  -26.072  57.215 0.0000000000
81349  31.613  -26.725  56.947 0.0000000000
81325  32.543  -26.329  60.339 0.0000000000
80032  32.901  -29.186  57.132 0.0000000000
80033  32.188  -28.067  57.257 0.0000000000
78676  32.770  -29.644  56.298 0.0000000000
78675  33.072  -29.887  56.847 0.0000000000
76194  34.833  -31.214  57.141 0.0000000000
77387  34.441  -30.888  57.040 0.0000000000
76209  35.189  -32.042  56.766 0.0000000000
75116  34.937  -32.435  56.475 0.0000000000
75115  35.549  -32.731  56.930 0.0000000000
76157  36.742  -31.326  58.867 0.0000000000
77357  36.412  -31.148  58.831 0.0000000000
76174  37.105  -31.866  58.376 0.0000000000
72778  36.801  -34.003  56.951 0.0000000000
73960  36.788  -33.287  57.778 0.0000000000
73970  36.684  -33.870  57.124 0.0000000000
72779  36.657  -34.230  56.762 0.0000000000
72796  36.805  -34.703  56.479 0.0000000000
70113  36.909  -35.306  55.945 0.0000000000
67308  36.263  -36.375  55.894 0.0000000000
67334  36.557  -36.311  55.274 0.0000000000
68452  32.599  -34.846  68.958 0.0000000000
68484  33.374  -34.343  66.532 0.0000000000
68462  34.277  -34.465  67.432 0.0000000000
69885  34.801  -33.976  67.315 0.0000000000
69864  36.055  -33.864  67.940 0.0000000000
69907  35.538  -34.166  66.408 0.0000000000
68506  35.935  -34.492  64.372 0.0000000000
68507  35.330  -34.344  64.630 0.0000000000
68480  36.238  -34.156  65.017 0.0000000000
69906  36.144  -34.238  66.125 0.0000000000
69905  36.799  -33.865  65.757 0.0000000000
69927  37.445  -33.885  64.759 0.0000000000
68531  38.237  -34.768  63.158 0.0000000000
69940  38.127  -34.061  64.028 0.0000000000
69954  38.690  -33.736  63.805 0.0000000000
72671  39.252  -32.714  63.716 0.0000000000
69969  39.259  -34.240  62.880 0.0000000000
72698  39.264  -33.270  62.234 0.0000000000
69970  39.264  -35.061  62.221 0.0000000000
65943  36.435  -35.482  61.281 0.0000000000
67216  37.754  -35.405  61.217 0.0000000000
65959  36.805  -35.600  60.655 0.0000000000
67231  37.655  -35.476  60.336 0.0000000000
65979  36.449  -35.869  60.206 0.0000000000
68638  33.353  -34.666  59.149 0.0000000000
67252  34.375  -34.794  59.200 0.0000000000
67251  34.950  -35.251  58.719 0.0000000000
66028  35.407  -35.546  58.330 0.0000000000
66050  35.562  -35.861  57.462 0.0000000000
66051  35.076  -36.006  57.034 0.0000000000
82735  37.958  -23.445  55.455 0.0000000000
82760  38.035  -23.353  54.514 0.0000000000
82761  37.048  -23.388  54.562 0.0000000000
82819  35.168  -23.680  52.706 0.0000000000
81424  34.684  -24.402  51.019 0.0000000000
81425  33.257  -24.458  50.927 0.0000000000
81382  31.401  -25.323  53.068 0.0000000000
81403  31.774  -24.878  52.358 0.0000000000
81427  31.089  -25.335  51.771 0.0000000000
81471  32.212  -25.724  48.361 0.0000000000
100825  53.378  -9.872  35.692 0.0000000000
100844  53.443  -9.615  34.708 0.0000000000
101990  53.992  -9.247  34.552 0.0000000000
97149  49.979  -13.837  37.968 0.0000000000
82788  40.045  -23.214  53.396 0.0000000000
82789  39.126  -22.985  53.499 0.0000000000
82817  37.474  -23.471  52.822 0.0000000000
82756  41.602  -23.445  54.467 0.0000000000
72661  21.965  -31.490  64.467 0.0000000000
72674  21.912  -31.617  63.514 0.0000000000
71278  19.757  -31.893  60.987 0.0000000000
87638  43.707  -19.559  49.367 0.0000000000
68387  16.038  -35.182  73.566 0.0000000000
68402  15.757  -35.339  72.425 0.0000000000
68388  15.173  -35.473  73.221 0.0000000000
58415  6.845  -42.925  68.141 0.0000000000
58417  5.533  -44.021  67.811 0.0000000000
56963  4.807  -43.697  69.227 0.0000000000
79967  38.075  -29.579  63.178 0.0000000000
78618  37.521  -29.964  62.406 0.0000000000
78623  37.754  -30.619  61.722 0.0000000000
77324  38.164  -30.707  62.087 0.0000000000
76120  38.266  -31.323  61.604 0.0000000000
73911  38.717  -32.782  61.194 0.0000000000
68641  29.242  -33.425  60.747 0.0000000000
70028  29.591  -33.578  59.574 0.0000000000
70027  30.817  -33.725  58.749 0.0000000000
70074  29.857  -34.276  56.788 0.0000000000
81368  30.654  -26.603  55.082 0.0000000000
81369  30.584  -26.506  54.305 0.0000000000
80055  30.709  -27.464  54.592 0.0000000000
78696  30.760  -28.424  54.005 0.0000000000
95897  51.864  -14.273  41.705 0.0000000000
95896  52.417  -13.754  41.734 0.0000000000
99624  52.662  -11.341  38.710 0.0000000000
85250  40.577  -21.905  49.648 0.0000000000
85263  39.922  -21.900  48.942 0.0000000000
84124  40.041  -22.652  49.361 0.0000000000
84125  39.576  -23.076  49.064 0.0000000000
82889  38.418  -23.259  48.622 0.0000000000
81467  36.785  -23.708  49.863 0.0000000000
81487  36.131  -23.618  48.953 0.0000000000
81507  35.373  -23.681  48.133 0.0000000000
82847  42.776  -22.896  51.382 0.0000000000
84102  43.224  -22.557  51.353 0.0000000000
85237  43.028  -21.720  50.790 0.0000000000
84111  42.297  -22.400  50.935 0.0000000000
84122  41.653  -22.092  50.524 0.0000000000
65969  15.779  -37.640  60.381 0.0000000000
63622  14.146  -39.621  61.888 0.0000000000
63596  13.370  -39.617  62.702 0.0000000000
67125  28.662  -35.463  68.394 0.0000000000
67123  29.354  -35.922  68.569 0.0000000000
67143  28.632  -34.866  67.848 0.0000000000
68488  28.413  -34.146  67.201 0.0000000000
71277  23.720  -31.933  61.720 0.0000000000
69975  25.063  -32.551  62.744 0.0000000000
71276  24.329  -32.212  61.989 0.0000000000
70013  25.165  -32.342  61.013 0.0000000000
70012  25.861  -32.901  60.950 0.0000000000
70033  25.322  -32.441  60.004 0.0000000000
71328  24.658  -32.420  58.709 0.0000000000
71344  24.783  -32.738  57.318 0.0000000000
71345  23.610  -32.585  57.435 0.0000000000
75131  34.396  -32.698  55.827 0.0000000000
90077  50.495  -16.727  45.006 0.0000000000
90076  51.335  -16.663  45.367 0.0000000000
90143  49.651  -17.623  41.474 0.0000000000
91419  49.590  -17.370  41.037 0.0000000000
72629  21.442  -31.509  67.532 0.0000000000
72630  20.164  -31.684  67.669 0.0000000000
72616  21.116  -31.619  68.406 0.0000000000
72602  20.736  -31.811  69.105 0.0000000000
73862  20.377  -31.626  69.829 0.0000000000
72614  23.756  -31.996  67.977 0.0000000000
91354  48.308  -16.763  47.468 0.0000000000
91364  47.998  -16.671  46.849 0.0000000000
91380  47.924  -16.694  46.223 0.0000000000
90099  45.321  -17.889  44.387 0.0000000000
71216  17.077  -32.706  67.141 0.0000000000
69913  15.841  -34.161  66.919 0.0000000000
68491  15.484  -34.986  66.491 0.0000000000
65863  14.159  -36.516  68.469 0.0000000000
65876  14.327  -36.638  67.233 0.0000000000
65877  13.825  -36.937  67.685 0.0000000000
64753  13.373  -37.944  65.665 0.0000000000
63559  12.950  -38.458  65.220 0.0000000000
63482  11.231  -39.402  71.425 0.0000000000
59702  9.076  -41.520  68.464 0.0000000000
61077  9.817  -40.871  68.318 0.0000000000
61097  9.453  -41.238  67.387 0.0000000000
83980  32.755  -23.577  58.040 0.0000000000
83962  32.718  -23.689  59.080 0.0000000000
79985  34.237  -28.382  62.254 0.0000000000
81296  34.014  -27.901  62.845 0.0000000000
79998  33.684  -28.062  61.106 0.0000000000
81332  33.195  -27.674  59.678 0.0000000000
78665  33.613  -29.931  57.456 0.0000000000
78657  34.107  -29.787  58.006 0.0000000000
77370  34.873  -30.799  57.648 0.0000000000
77369  35.404  -31.177  58.067 0.0000000000
75092  37.566  -32.529  58.839 0.0000000000
73951  37.208  -32.764  58.117 0.0000000000
72765  37.019  -33.628  58.176 0.0000000000
71356  36.783  -33.894  57.801 0.0000000000
70091  36.879  -34.616  57.386 0.0000000000
68712  36.988  -35.253  56.298 0.0000000000
67307  36.532  -35.929  56.515 0.0000000000
68486  30.870  -34.653  67.113 0.0000000000
68485  32.154  -34.423  66.868 0.0000000000
68584  33.292  -34.285  62.606 0.0000000000
68564  33.661  -33.960  63.401 0.0000000000
68563  34.570  -34.441  63.263 0.0000000000
68562  35.209  -34.599  63.278 0.0000000000
68535  36.224  -34.659  63.664 0.0000000000
68504  36.986  -34.389  64.144 0.0000000000
68534  36.691  -34.695  63.537 0.0000000000
67179  36.765  -35.061  63.057 0.0000000000
68560  37.443  -35.164  63.017 0.0000000000
68581  38.620  -35.292  62.481 0.0000000000
67191  37.279  -35.280  62.466 0.0000000000
65944  36.184  -35.417  61.408 0.0000000000
65962  35.811  -35.570  61.092 0.0000000000
68659  33.192  -34.835  57.966 0.0000000000
67273  33.510  -35.246  57.389 0.0000000000
67289  33.519  -35.905  56.858 0.0000000000
67288  34.217  -36.094  56.886 0.0000000000
67287  34.661  -36.287  56.761 0.0000000000
67310  33.909  -36.577  56.145 0.0000000000
82762  36.004  -23.569  54.584 0.0000000000
82793  34.999  -23.651  53.660 0.0000000000
82820  33.936  -23.686  52.732 0.0000000000
80089  30.541  -26.308  51.271 0.0000000000
80088  30.978  -25.556  50.857 0.0000000000
80105  30.560  -26.998  49.811 0.0000000000
100826  52.657  -10.280  35.963 0.0000000000
81443  40.603  -23.642  51.229 0.0000000000
81444  40.011  -24.082  51.030 0.0000000000
81445  39.178  -24.308  50.846 0.0000000000
81446  38.371  -23.807  50.759 0.0000000000
81421  38.052  -23.513  51.348 0.0000000000
81449  35.195  -24.411  50.265 0.0000000000
81417  41.183  -23.533  51.642 0.0000000000
67223  16.556  -36.177  60.414 0.0000000000
67224  15.864  -36.504  60.927 0.0000000000
67209  15.685  -36.503  61.951 0.0000000000
65934  15.123  -37.174  62.429 0.0000000000
69912  25.596  -32.895  66.268 0.0000000000
69929  26.048  -33.250  65.838 0.0000000000
71229  24.610  -32.565  65.166 0.0000000000
71240  24.339  -32.317  64.332 0.0000000000
71253  24.377  -32.148  63.567 0.0000000000
72673  23.115  -31.608  63.256 0.0000000000
71266  23.601  -31.626  62.884 0.0000000000
71265  24.107  -31.933  62.644 0.0000000000
72686  23.317  -31.720  61.785 0.0000000000
72713  22.874  -32.037  60.369 0.0000000000
72728  22.450  -32.142  59.844 0.0000000000
71313  21.961  -32.180  59.179 0.0000000000
71314  21.050  -32.449  58.910 0.0000000000
70014  19.338  -33.221  59.356 0.0000000000
88847  48.741  -17.936  42.448 0.0000000000
88846  49.478  -17.799  42.423 0.0000000000
74986  22.691  -31.423  70.998 0.0000000000
73834  23.115  -31.568  71.831 0.0000000000
87618  46.134  -19.602  49.989 0.0000000000
88797  44.661  -19.120  49.380 0.0000000000
88795  46.524  -18.642  49.225 0.0000000000
88809  46.255  -18.218  48.472 0.0000000000
90083  44.595  -17.731  45.708 0.0000000000
90100  44.361  -18.179  44.213 0.0000000000
71159  16.469  -33.772  70.452 0.0000000000
69869  15.851  -34.186  68.904 0.0000000000
69851  16.057  -34.405  69.872 0.0000000000
68444  15.242  -35.460  69.773 0.0000000000
67113  14.751  -35.886  69.741 0.0000000000
68415  15.096  -35.761  71.490 0.0000000000
65852  14.535  -36.596  69.678 0.0000000000
64693  13.389  -37.378  69.124 0.0000000000
64709  12.792  -37.782  68.615 0.0000000000
61011  9.458  -40.641  71.246 0.0000000000
61035  9.393  -40.750  70.244 0.0000000000
59684  9.043  -41.295  69.677 0.0000000000
58448  7.118  -44.168  65.765 0.0000000000
58436  6.505  -44.234  66.470 0.0000000000
79970  35.554  -28.538  63.089 0.0000000000
79984  35.448  -29.003  62.153 0.0000000000
79996  35.504  -29.621  61.083 0.0000000000
78630  35.749  -29.504  60.402 0.0000000000
78634  36.564  -30.331  59.832 0.0000000000
77335  36.944  -30.930  59.867 0.0000000000
76134  37.343  -31.358  59.693 0.0000000000
77333  37.776  -31.136  60.553 0.0000000000
76133  37.552  -31.599  59.905 0.0000000000
76155  37.443  -31.875  59.324 0.0000000000
73939  37.897  -32.924  59.195 0.0000000000
71341  37.713  -33.827  59.032 0.0000000000
68657  37.506  -34.920  59.092 0.0000000000
68568  29.571  -33.919  64.236 0.0000000000
68567  30.561  -33.803  64.201 0.0000000000
68586  31.175  -33.845  63.198 0.0000000000
69971  31.480  -33.978  62.551 0.0000000000
68585  32.171  -34.145  62.587 0.0000000000
68603  33.298  -34.366  61.611 0.0000000000
67222  33.972  -34.481  61.512 0.0000000000
67234  34.632  -34.668  60.407 0.0000000000
67235  34.010  -34.433  60.909 0.0000000000
68640  31.552  -34.236  58.213 0.0000000000
82795  32.457  -24.056  53.772 0.0000000000
80077  30.405  -26.871  52.680 0.0000000000
99646  53.026  -10.550  37.135 0.0000000000
87659  40.559  -20.161  47.272 0.0000000000
85264  39.247  -21.869  48.094 0.0000000000
85281  39.074  -21.504  47.345 0.0000000000
82861  39.469  -23.561  49.969 0.0000000000
82872  38.883  -23.557  49.375 0.0000000000
82874  36.877  -23.319  48.632 0.0000000000
82890  37.374  -23.121  48.205 0.0000000000
84141  37.250  -22.834  47.693 0.0000000000
84155  36.960  -22.691  46.990 0.0000000000
86387  45.376  -21.125  50.923 0.0000000000
87600  44.179  -20.663  50.350 0.0000000000
86401  42.712  -21.101  50.220 0.0000000000
87640  41.906  -20.276  48.755 0.0000000000
67092  32.648  -35.563  71.027 0.0000000000
67106  33.448  -35.443  70.459 0.0000000000
67107  32.439  -35.306  70.215 0.0000000000
67120  31.939  -34.884  69.548 0.0000000000
67138  31.061  -35.197  68.137 0.0000000000
67140  29.596  -35.497  67.841 0.0000000000
67139  30.450  -35.260  67.806 0.0000000000
68465  31.008  -35.045  67.774 0.0000000000
68487  30.187  -34.650  66.877 0.0000000000
68546  26.683  -33.358  65.316 0.0000000000
68545  27.576  -33.838  65.199 0.0000000000
68570  27.854  -33.560  64.210 0.0000000000
68569  28.664  -33.953  64.212 0.0000000000
68606  28.738  -33.369  62.347 0.0000000000
68625  27.986  -33.418  60.692 0.0000000000
70011  26.598  -33.079  60.828 0.0000000000
70030  27.589  -33.377  59.739 0.0000000000
70054  27.741  -33.333  58.493 0.0000000000
71347  21.408  -32.794  57.358 0.0000000000
77427  31.956  -30.307  55.417 0.0000000000
91406  53.075  -16.044  43.643 0.0000000000
90142  50.445  -17.324  42.302 0.0000000000
91409  50.907  -17.149  42.527 0.0000000000
91416  52.182  -16.214  42.783 0.0000000000
92575  52.469  -15.850  42.978 0.0000000000
93691  52.239  -15.332  42.713 0.0000000000
94772  52.179  -14.621  42.327 0.0000000000
93701  51.025  -15.473  41.751 0.0000000000
97131  51.203  -13.460  40.389 0.0000000000
95915  50.355  -13.676  39.440 0.0000000000
71255  18.353  -32.077  63.880 0.0000000000
72664  18.298  -31.822  65.155 0.0000000000
72641  18.144  -32.353  66.935 0.0000000000
72632  18.053  -32.442  67.896 0.0000000000
74988  21.663  -31.542  70.995 0.0000000000
73850  21.021  -31.738  70.615 0.0000000000
73851  20.007  -31.416  70.531 0.0000000000
73818  20.421  -31.546  72.048 0.0000000000
72568  19.202  -31.887  70.983 0.0000000000
72585  18.470  -32.311  70.388 0.0000000000
72586  17.640  -32.812  70.662 0.0000000000
71175  17.028  -33.134  70.080 0.0000000000
71158  17.063  -33.364  70.949 0.0000000000
69824  16.677  -34.025  71.936 0.0000000000
69812  16.789  -34.164  72.482 0.0000000000
69800  16.818  -34.260  73.288 0.0000000000
69801  16.456  -34.727  73.616 0.0000000000
67089  34.858  -35.329  71.597 0.0000000000
67091  33.538  -35.506  71.191 0.0000000000
67094  30.644  -35.595  70.563 0.0000000000
67095  29.981  -35.745  70.160 0.0000000000
67096  29.632  -35.872  69.776 0.0000000000
67112  28.705  -36.108  68.904 0.0000000000
68455  28.359  -34.898  68.859 0.0000000000
68467  27.526  -34.247  68.416 0.0000000000
69886  26.719  -33.771  68.002 0.0000000000
69887  25.973  -33.682  67.506 0.0000000000
69888  25.628  -33.067  67.080 0.0000000000
71214  25.121  -32.618  66.607 0.0000000000
72627  23.676  -32.180  67.034 0.0000000000
72637  22.893  -31.552  66.312 0.0000000000
72662  20.637  -31.505  64.616 0.0000000000
87670  40.391  -19.953  45.984 0.0000000000
91362  49.657  -16.496  46.630 0.0000000000
91377  50.125  -16.585  45.689 0.0000000000
90095  49.087  -16.978  44.121 0.0000000000
90111  48.513  -17.428  43.268 0.0000000000
90098  46.306  -17.730  44.431 0.0000000000
69959  16.699  -33.728  63.677 0.0000000000
71231  16.493  -33.456  65.341 0.0000000000
69960  16.072  -34.563  63.074 0.0000000000
68572  15.517  -35.304  63.438 0.0000000000
65920  15.084  -36.786  63.190 0.0000000000
68468  15.537  -34.923  67.473 0.0000000000
68519  14.956  -35.541  66.218 0.0000000000
67159  14.492  -36.012  66.634 0.0000000000
67183  14.622  -36.417  64.479 0.0000000000
65921  14.633  -36.987  63.687 0.0000000000
63595  13.764  -39.016  63.167 0.0000000000
63574  12.867  -39.212  63.720 0.0000000000
62415  12.556  -39.958  62.619 0.0000000000
64682  13.147  -37.976  70.527 0.0000000000
63522  12.351  -38.352  69.071 0.0000000000
62272  10.217  -39.947  71.290 0.0000000000
62287  10.458  -40.082  70.222 0.0000000000
62303  10.997  -39.712  69.762 0.0000000000
62304  10.685  -40.323  69.132 0.0000000000
63524  11.488  -39.419  68.921 0.0000000000
63537  11.886  -39.024  67.302 0.0000000000
62364  10.983  -40.344  64.493 0.0000000000
61141  10.277  -40.715  65.280 0.0000000000
56951  3.511  -43.844  70.274 0.0000000000
56966  2.791  -45.155  69.660 0.0000000000
55643  2.304  -45.056  70.430 0.0000000000
82738  34.606  -23.453  55.708 0.0000000000
82739  33.692  -23.515  55.570 0.0000000000
84049  33.101  -23.601  55.628 0.0000000000
84050  32.261  -23.875  55.494 0.0000000000
84029  31.641  -24.468  56.173 0.0000000000
84005  31.789  -24.387  56.797 0.0000000000
82740  31.283  -25.475  56.133 0.0000000000
81359  31.173  -26.530  55.984 0.0000000000
80053  31.720  -28.502  55.918 0.0000000000
82671  32.179  -24.907  59.400 0.0000000000
80014  32.438  -27.458  58.580 0.0000000000
81348  31.982  -27.351  57.586 0.0000000000
78683  32.075  -29.424  55.812 0.0000000000
77404  32.844  -30.326  55.847 0.0000000000
77388  33.708  -30.613  56.809 0.0000000000
76211  33.625  -31.120  56.455 0.0000000000
76218  33.806  -32.117  55.940 0.0000000000
75130  35.208  -33.058  56.161 0.0000000000
73991  35.687  -33.735  55.871 0.0000000000
78644  35.820  -30.208  58.968 0.0000000000
76176  35.698  -31.506  58.224 0.0000000000
76192  35.916  -32.300  58.080 0.0000000000
75102  37.078  -32.560  58.007 0.0000000000
75103  36.486  -32.614  57.909 0.0000000000
75104  35.844  -32.535  57.631 0.0000000000
73971  36.249  -33.605  56.802 0.0000000000
73990  36.107  -34.097  55.991 0.0000000000
71393  36.810  -35.239  55.704 0.0000000000
70132  36.747  -35.630  55.103 0.0000000000
68714  36.594  -36.346  54.587 0.0000000000
76106  39.495  -31.021  64.185 0.0000000000
68437  34.358  -34.927  69.921 0.0000000000
68436  35.489  -34.327  69.625 0.0000000000
68450  34.951  -34.330  68.432 0.0000000000
68449  35.785  -34.011  68.639 0.0000000000
69881  37.122  -33.768  67.309 0.0000000000
68540  32.050  -34.097  64.761 0.0000000000
68509  33.711  -33.665  65.381 0.0000000000
68538  34.137  -33.777  64.204 0.0000000000
68508  34.622  -33.973  64.990 0.0000000000
68482  35.105  -34.118  65.693 0.0000000000
69903  38.180  -33.212  67.081 0.0000000000
71213  38.506  -32.953  66.655 0.0000000000
69941  37.665  -34.297  63.960 0.0000000000
69939  38.422  -33.302  64.984 0.0000000000
72658  39.117  -32.435  65.053 0.0000000000
73888  39.505  -32.018  64.208 0.0000000000
73889  39.506  -31.775  63.905 0.0000000000
76110  39.456  -31.087  63.325 0.0000000000
75032  39.257  -31.769  62.934 0.0000000000
73901  39.021  -32.651  62.226 0.0000000000
71291  39.122  -33.966  61.073 0.0000000000
68600  38.563  -35.412  61.562 0.0000000000
69987  39.227  -35.051  61.206 0.0000000000
70025  38.807  -34.339  60.421 0.0000000000
68635  38.607  -35.115  59.887 0.0000000000
67249  37.636  -35.410  59.497 0.0000000000
66024  37.054  -35.615  59.089 0.0000000000
65981  35.824  -35.835  60.342 0.0000000000
66006  35.534  -35.360  59.591 0.0000000000
66004  36.033  -35.844  59.615 0.0000000000
66026  36.051  -35.524  59.016 0.0000000000
66048  36.278  -35.615  58.461 0.0000000000
66049  35.910  -35.720  57.841 0.0000000000
66072  35.858  -36.174  56.640 0.0000000000
66074  34.902  -36.855  56.179 0.0000000000
66102  35.329  -37.208  55.101 0.0000000000
82790  38.188  -23.158  53.620 0.0000000000
82818  36.360  -23.589  52.652 0.0000000000
81399  36.280  -23.693  51.807 0.0000000000
82821  32.979  -24.527  53.003 0.0000000000
81426  31.596  -24.944  51.105 0.0000000000
97156  50.248  -13.371  36.954 0.0000000000
61095  10.563  -40.402  67.210 0.0000000000
62271  10.625  -39.665  71.342 0.0000000000
62317  11.445  -39.542  68.383 0.0000000000
62333  10.664  -40.314  67.719 0.0000000000
63491  12.499  -38.306  70.146 0.0000000000
63507  12.434  -38.286  69.681 0.0000000000
63558  13.452  -38.343  64.853 0.0000000000
64673  13.856  -37.630  70.957 0.0000000000
64736  13.650  -37.577  66.078 0.0000000000
65864  13.732  -36.987  68.592 0.0000000000
65935  15.013  -37.250  63.079 0.0000000000
65945  35.877  -35.266  61.520 0.0000000000
65960  36.498  -35.650  60.870 0.0000000000
65961  36.127  -35.747  60.954 0.0000000000
65963  35.550  -35.486  60.962 0.0000000000
65977  37.350  -35.595  59.799 0.0000000000
65978  37.052  -35.656  60.064 0.0000000000
65982  35.549  -35.464  60.491 0.0000000000
66001  37.319  -35.588  59.535 0.0000000000
66002  37.009  -35.690  59.493 0.0000000000
66025  36.572  -35.599  59.020 0.0000000000
67080  30.870  -35.576  71.389 0.0000000000
67085  14.536  -36.768  70.900 0.0000000000
67097  29.056  -36.073  69.637 0.0000000000
67099  14.702  -36.879  70.445 0.0000000000
67105  34.089  -35.337  70.722 0.0000000000
67111  29.241  -36.279  69.063 0.0000000000
67124  28.926  -36.044  68.332 0.0000000000
67126  28.523  -34.893  68.299 0.0000000000
67141  29.115  -35.603  67.835 0.0000000000
67142  28.846  -35.424  67.801 0.0000000000
67154  30.246  -34.831  67.206 0.0000000000
67158  28.792  -34.823  67.424 0.0000000000
67168  28.977  -34.571  66.750 0.0000000000
67178  37.088  -35.222  62.933 0.0000000000
67180  36.372  -34.840  63.159 0.0000000000
67181  36.044  -34.737  63.298 0.0000000000
67190  37.633  -35.416  62.242 0.0000000000
67192  36.788  -35.140  62.472 0.0000000000
67202  37.625  -35.421  61.793 0.0000000000
67204  36.728  -35.209  61.806 0.0000000000
67205  36.327  -35.093  61.880 0.0000000000
67215  38.214  -35.330  60.788 0.0000000000
67217  37.106  -35.399  61.259 0.0000000000
67218  36.921  -35.359  61.395 0.0000000000
67230  38.261  -35.354  60.121 0.0000000000
67232  37.238  -35.487  60.745 0.0000000000
67248  38.203  -35.251  59.754 0.0000000000
67250  37.224  -35.581  59.291 0.0000000000
67268  37.216  -35.206  58.816 0.0000000000
67269  36.995  -35.523  58.767 0.0000000000
67270  36.553  -35.601  58.533 0.0000000000
67284  36.868  -35.181  58.081 0.0000000000
68439  32.599  -35.135  69.624 0.0000000000
68453  31.821  -34.925  68.913 0.0000000000
68454  28.550  -35.611  68.868 0.0000000000
68457  15.467  -34.861  68.432 0.0000000000
68461  34.860  -34.235  67.666 0.0000000000
68479  36.657  -34.139  64.717 0.0000000000
68490  26.705  -33.578  66.918 0.0000000000
68513  29.423  -34.427  65.874 0.0000000000
68514  28.891  -34.415  65.932 0.0000000000
68532  37.692  -34.666  63.365 0.0000000000
68533  37.141  -34.803  63.355 0.0000000000
68536  35.657  -34.633  63.632 0.0000000000
68558  38.465  -35.097  62.893 0.0000000000
68559  37.965  -35.243  62.755 0.0000000000
68582  38.095  -35.511  62.141 0.0000000000
68601  38.006  -35.517  61.720 0.0000000000
68602  33.864  -34.541  61.970 0.0000000000
68609  26.336  -33.400  62.196 0.0000000000
68623  29.366  -33.391  61.608 0.0000000000
68636  38.076  -35.102  59.523 0.0000000000
68637  33.860  -34.921  58.644 0.0000000000
68642  28.665  -33.346  60.310 0.0000000000
68643  28.167  -33.418  60.056 0.0000000000
68656  38.097  -34.728  59.464 0.0000000000
68672  37.531  -34.505  59.071 0.0000000000
68673  37.018  -34.686  58.430 0.0000000000
68690  36.927  -35.468  56.392 0.0000000000
69880  37.765  -33.494  67.694 0.0000000000
69883  35.919  -34.306  67.171 0.0000000000
69884  35.284  -33.968  67.414 0.0000000000
69908  34.984  -33.690  66.698 0.0000000000
69909  34.617  -33.982  66.969 0.0000000000
69910  26.560  -33.659  67.277 0.0000000000
69928  36.942  -33.955  64.769 0.0000000000
69931  24.947  -32.634  64.677 0.0000000000
69942  25.888  -33.124  65.062 0.0000000000
69973  30.334  -33.562  62.317 0.0000000000
69976  24.680  -32.287  62.851 0.0000000000
70005  39.099  -34.547  60.769 0.0000000000
70006  39.020  -34.961  60.434 0.0000000000
70026  38.620  -34.498  59.982 0.0000000000
70031  26.761  -33.100  59.882 0.0000000000
70057  25.555  -32.571  59.255 0.0000000000
70112  37.035  -34.946  56.744 0.0000000000
71145  16.597  -33.938  71.351 0.0000000000
71203  25.159  -32.737  67.389 0.0000000000
71228  25.124  -32.509  65.869 0.0000000000
71238  39.103  -32.620  64.660 0.0000000000
71239  38.817  -32.857  64.726 0.0000000000
71244  16.592  -33.521  64.694 0.0000000000
71252  39.007  -33.321  63.559 0.0000000000
71254  23.916  -31.768  63.262 0.0000000000
71263  39.273  -33.611  62.616 0.0000000000
71264  24.586  -32.259  62.595 0.0000000000
71275  39.365  -33.751  61.848 0.0000000000
71292  38.829  -33.746  60.729 0.0000000000
71295  21.680  -32.125  59.485 0.0000000000
71309  38.903  -34.244  60.642 0.0000000000
71327  38.276  -33.934  59.544 0.0000000000
71342  37.125  -33.874  58.502 0.0000000000
71372  36.903  -34.397  57.013 0.0000000000
72601  22.988  -31.670  69.016 0.0000000000
72657  39.321  -32.360  64.645 0.0000000000
72672  38.990  -33.149  63.177 0.0000000000
72684  39.229  -32.542  63.399 0.0000000000
72690  19.852  -31.544  63.197 0.0000000000
72699  23.059  -31.771  61.023 0.0000000000
72711  39.198  -33.377  61.641 0.0000000000
72712  38.955  -33.426  61.084 0.0000000000
72729  22.091  -32.091  59.656 0.0000000000
72741  38.345  -33.502  59.720 0.0000000000
72742  38.039  -33.338  59.245 0.0000000000
72753  38.025  -33.600  59.235 0.0000000000
72766  36.856  -33.737  57.799 0.0000000000
72777  36.807  -33.911  57.544 0.0000000000
73895  39.368  -32.374  63.650 0.0000000000
73896  39.330  -32.189  63.348 0.0000000000
73902  38.726  -32.361  61.876 0.0000000000
73910  39.048  -33.068  61.506 0.0000000000
73950  37.372  -33.026  58.393 0.0000000000
74970  22.552  -31.449  71.310 0.0000000000
74971  21.891  -31.480  71.305 0.0000000000
74972  21.592  -31.562  71.255 0.0000000000
74987  22.319  -31.437  70.942 0.0000000000
75030  39.484  -31.523  63.673 0.0000000000
75041  38.402  -32.023  61.675 0.0000000000
75042  38.042  -31.890  61.063 0.0000000000
75079  37.640  -32.280  59.443 0.0000000000
75080  37.458  -32.095  58.970 0.0000000000
75093  37.335  -32.267  58.387 0.0000000000
75094  37.048  -32.094  58.037 0.0000000000
75114  36.020  -32.987  57.445 0.0000000000
76103  39.844  -30.928  65.010 0.0000000000
76114  39.192  -31.353  62.739 0.0000000000
76115  38.725  -31.277  62.380 0.0000000000
76121  37.904  -31.475  60.771 0.0000000000
77313  39.301  -30.666  63.907 0.0000000000
77318  39.292  -30.664  63.282 0.0000000000
77319  38.906  -30.556  62.852 0.0000000000
77320  38.473  -30.473  62.545 0.0000000000
77328  38.263  -30.964  61.803 0.0000000000
77330  37.688  -30.860  60.792 0.0000000000
77345  37.145  -31.201  59.628 0.0000000000
77346  36.704  -31.003  59.318 0.0000000000
77347  36.264  -30.743  58.978 0.0000000000
77358  35.810  -31.003  58.583 0.0000000000
77389  33.146  -30.234  56.413 0.0000000000
78616  38.608  -30.234  62.816 0.0000000000
78624  37.399  -30.332  61.995 0.0000000000
78627  37.689  -30.769  61.179 0.0000000000
78655  35.456  -30.513  58.529 0.0000000000
78664  34.325  -30.226  57.743 0.0000000000
79946  37.949  -29.565  63.826 0.0000000000
79994  37.029  -30.231  61.673 0.0000000000
80022  34.252  -29.658  58.524 0.0000000000
80034  31.740  -27.532  56.931 0.0000000000
80044  32.767  -29.390  56.689 0.0000000000
81324  33.194  -27.380  60.245 0.0000000000
81350  31.517  -26.235  56.689 0.0000000000
81360  31.393  -26.155  56.488 0.0000000000
81397  41.033  -23.519  52.049 0.0000000000
81416  41.533  -23.465  51.424 0.0000000000
81442  41.058  -23.522  51.160 0.0000000000
81463  40.488  -23.672  50.807 0.0000000000
81484  38.997  -23.654  50.012 0.0000000000
82719  31.587  -25.542  56.756 0.0000000000
82720  31.581  -26.025  56.767 0.0000000000
82767  30.575  -26.034  54.695 0.0000000000
82835  39.890  -23.658  51.772 0.0000000000
82838  37.744  -23.603  52.074 0.0000000000
82849  41.283  -23.445  51.006 0.0000000000
82858  41.920  -22.968  50.880 0.0000000000
82869  41.291  -22.980  50.458 0.0000000000
84026  34.373  -23.239  56.289 0.0000000000
84089  44.508  -22.561  51.975 0.0000000000
84100  44.885  -22.122  51.859 0.0000000000
