#!ascii label  , from subject 3051 vox2ras=TkReg
1639
53230  9.686  -49.264  71.148 0.0000000000
81523  46.178  -26.970  45.889 0.0000000000
63657  29.965  -40.823  60.745 0.0000000000
63568  41.111  -41.260  65.138 0.0000000000
63663  21.300  -41.331  60.115 0.0000000000
58381  17.590  -44.524  70.950 0.0000000000
91429  57.335  -18.985  39.748 0.0000000000
87614  56.828  -21.915  48.484 0.0000000000
72775  42.699  -33.734  54.895 0.0000000000
97201  54.807  -13.218  31.635 0.0000000000
61114  26.385  -42.980  66.520 0.0000000000
55661  13.710  -46.929  71.573 0.0000000000
87689  58.252  -22.242  43.407 0.0000000000
85331  52.988  -24.405  43.209 0.0000000000
78734  46.965  -29.568  50.025 0.0000000000
80102  51.101  -27.589  51.018 0.0000000000
76312  42.536  -31.475  49.791 0.0000000000
62491  39.271  -42.479  58.841 0.0000000000
62400  35.598  -42.355  62.619 0.0000000000
64719  22.632  -41.104  67.127 0.0000000000
63478  20.867  -41.148  71.502 0.0000000000
61117  19.111  -43.247  65.832 0.0000000000
57040  14.813  -46.169  65.194 0.0000000000
64815  24.221  -41.138  60.842 0.0000000000
95882  59.691  -15.121  40.614 0.0000000000
92541  61.781  -17.937  44.366 0.0000000000
85261  51.242  -24.932  46.668 0.0000000000
76170  43.968  -31.239  56.740 0.0000000000
65999  44.285  -39.253  59.478 0.0000000000
94808  55.723  -16.544  35.873 0.0000000000
97161  59.912  -13.796  34.961 0.0000000000
98485  61.966  -13.450  31.188 0.0000000000
62283  25.985  -42.565  69.790 0.0000000000
54453  11.288  -48.342  70.948 0.0000000000
55605  12.696  -47.250  75.158 0.0000000000
54380  10.815  -48.370  74.716 0.0000000000
85393  53.516  -23.766  40.442 0.0000000000
77417  47.834  -30.096  53.257 0.0000000000
78692  49.183  -29.159  53.303 0.0000000000
50736  4.235  -50.665  73.518 0.0000000000
77515  42.197  -30.116  47.204 0.0000000000
64882  31.530  -40.362  58.539 0.0000000000
62496  34.058  -41.553  59.540 0.0000000000
62458  33.062  -41.278  61.665 0.0000000000
64784  21.860  -40.701  63.502 0.0000000000
62361  21.083  -41.532  66.009 0.0000000000
61170  20.631  -42.278  62.713 0.0000000000
65986  22.562  -40.279  60.149 0.0000000000
64766  23.387  -40.412  63.590 0.0000000000
61033  19.184  -43.175  71.041 0.0000000000
93699  58.319  -17.212  40.080 0.0000000000
94737  60.867  -16.406  42.425 0.0000000000
92563  59.178  -18.252  41.989 0.0000000000
86451  57.392  -22.245  45.909 0.0000000000
88817  59.413  -20.276  46.182 0.0000000000
84186  46.704  -25.016  44.267 0.0000000000
84183  48.948  -24.788  44.383 0.0000000000
84136  49.130  -25.701  46.387 0.0000000000
74005  39.417  -32.226  52.819 0.0000000000
77402  40.227  -30.461  53.881 0.0000000000
75091  41.931  -32.071  56.850 0.0000000000
61188  40.844  -42.690  61.922 0.0000000000
62488  42.028  -41.325  59.045 0.0000000000
63609  43.079  -41.400  62.568 0.0000000000
92606  54.900  -18.504  37.158 0.0000000000
93736  53.455  -16.768  36.089 0.0000000000
93717  56.140  -17.499  37.493 0.0000000000
94789  57.639  -16.072  37.942 0.0000000000
96040  59.569  -14.500  29.529 0.0000000000
95998  58.214  -14.706  31.356 0.0000000000
97182  61.229  -13.342  33.110 0.0000000000
95960  57.737  -14.827  33.125 0.0000000000
62379  28.428  -42.349  64.329 0.0000000000
62376  31.442  -41.809  64.235 0.0000000000
61089  29.576  -43.293  67.497 0.0000000000
55659  15.405  -46.227  71.472 0.0000000000
58308  17.364  -44.850  75.329 0.0000000000
56893  15.088  -45.888  75.159 0.0000000000
87737  55.213  -21.174  38.866 0.0000000000
88882  57.506  -20.854  41.120 0.0000000000
86497  56.301  -22.775  41.009 0.0000000000
85328  55.658  -23.947  42.985 0.0000000000
86454  54.645  -23.502  45.347 0.0000000000
78770  46.978  -28.478  47.645 0.0000000000
81483  49.217  -27.180  48.008 0.0000000000
78731  49.627  -28.414  50.849 0.0000000000
68728  42.381  -36.713  54.157 0.0000000000
64743  43.822  -39.755  65.580 0.0000000000
52004  7.608  -49.665  71.269 0.0000000000
53193  8.287  -49.597  75.007 0.0000000000
51976  5.985  -49.913  74.149 0.0000000000
80187  44.131  -27.486  45.561 0.0000000000
77513  44.048  -29.125  47.458 0.0000000000
77481  44.628  -30.831  49.816 0.0000000000
77419  45.411  -31.024  53.383 0.0000000000
62528  35.893  -41.959  57.363 0.0000000000
61223  37.911  -42.904  60.672 0.0000000000
61148  38.549  -43.028  64.621 0.0000000000
61129  34.321  -42.465  65.331 0.0000000000
61104  36.935  -42.779  66.538 0.0000000000
64677  23.674  -41.264  70.084 0.0000000000
64661  23.233  -40.783  71.558 0.0000000000
64707  21.816  -41.315  68.655 0.0000000000
62316  20.395  -42.139  68.779 0.0000000000
59710  18.222  -43.991  67.722 0.0000000000
59749  18.381  -43.819  62.789 0.0000000000
59731  16.981  -44.818  65.980 0.0000000000
58414  16.239  -45.597  67.872 0.0000000000
55704  14.275  -47.172  68.115 0.0000000000
54494  12.495  -48.090  68.545 0.0000000000
53310  9.958  -48.862  68.011 0.0000000000
64885  28.757  -40.189  57.683 0.0000000000
66031  26.167  -40.216  57.585 0.0000000000
63660  26.969  -40.785  60.741 0.0000000000
62410  25.894  -42.458  63.606 0.0000000000
63533  24.020  -41.889  66.786 0.0000000000
90123  61.626  -19.192  42.602 0.0000000000
90104  59.844  -19.644  43.925 0.0000000000
85356  49.313  -24.008  42.301 0.0000000000
85297  52.409  -24.209  44.921 0.0000000000
86415  54.187  -23.574  47.320 0.0000000000
82867  51.804  -25.961  48.395 0.0000000000
85221  54.025  -24.888  49.540 0.0000000000
76315  39.696  -31.394  49.636 0.0000000000
77444  43.014  -30.465  52.999 0.0000000000
75099  45.148  -32.124  55.419 0.0000000000
66047  42.663  -38.864  56.828 0.0000000000
68671  44.445  -36.452  57.109 0.0000000000
67189  45.559  -38.686  62.805 0.0000000000
68617  45.922  -36.675  60.023 0.0000000000
71326  44.731  -34.670  58.514 0.0000000000
75055  45.058  -32.038  59.124 0.0000000000
72749  46.259  -33.858  57.573 0.0000000000
95963  54.966  -15.029  33.717 0.0000000000
94818  57.102  -15.398  35.363 0.0000000000
95912  59.223  -14.359  37.475 0.0000000000
62268  26.338  -43.062  71.120 0.0000000000
54454  10.794  -48.844  71.208 0.0000000000
54406  11.320  -48.247  72.728 0.0000000000
53209  10.383  -48.956  72.916 0.0000000000
77368  47.289  -30.671  55.224 0.0000000000
77379  47.914  -30.213  55.029 0.0000000000
49515  3.455  -51.884  71.661 0.0000000000
64843  31.021  -40.642  59.848 0.0000000000
63676  31.788  -40.907  59.938 0.0000000000
63636  31.824  -41.003  61.630 0.0000000000
64817  21.658  -40.617  61.887 0.0000000000
63620  21.465  -41.123  62.779 0.0000000000
62459  20.720  -42.068  60.936 0.0000000000
64851  22.174  -40.054  58.764 0.0000000000
65987  22.148  -40.439  60.460 0.0000000000
65948  22.280  -40.301  62.311 0.0000000000
59643  18.163  -44.120  71.304 0.0000000000
59621  18.194  -44.029  72.433 0.0000000000
92587  57.745  -17.878  39.729 0.0000000000
93678  58.450  -17.791  40.974 0.0000000000
91414  58.055  -19.084  40.637 0.0000000000
86434  57.013  -22.207  46.444 0.0000000000
88819  58.270  -21.195  47.292 0.0000000000
82924  45.864  -25.857  45.085 0.0000000000
84170  47.360  -25.465  45.106 0.0000000000
82903  47.637  -26.270  46.072 0.0000000000
71408  41.394  -33.708  52.867 0.0000000000
73987  41.277  -32.968  54.089 0.0000000000
75112  41.082  -31.741  54.952 0.0000000000
73957  42.449  -33.024  55.947 0.0000000000
62430  41.097  -42.489  62.630 0.0000000000
62429  42.171  -41.912  62.220 0.0000000000
63585  42.698  -41.150  63.762 0.0000000000
91437  55.970  -19.402  38.243 0.0000000000
92605  55.568  -18.041  37.272 0.0000000000
91443  56.189  -18.279  38.097 0.0000000000
93708  57.352  -17.314  38.732 0.0000000000
96024  56.982  -14.428  30.736 0.0000000000
95999  57.084  -14.557  31.401 0.0000000000
95977  57.891  -14.835  32.195 0.0000000000
95979  56.016  -14.477  32.413 0.0000000000
61153  27.562  -42.868  64.831 0.0000000000
61134  29.091  -42.680  65.750 0.0000000000
61112  28.384  -43.267  66.470 0.0000000000
55660  14.762  -46.492  71.106 0.0000000000
56919  15.121  -46.251  73.237 0.0000000000
55619  14.500  -46.497  73.292 0.0000000000
55586  12.079  -47.154  76.867 0.0000000000
56882  13.685  -46.542  77.482 0.0000000000
87738  54.315  -21.846  38.893 0.0000000000
87722  55.688  -21.849  39.764 0.0000000000
86506  54.861  -22.872  39.999 0.0000000000
84209  53.468  -24.430  41.865 0.0000000000
85350  55.044  -24.024  42.137 0.0000000000
85329  54.756  -24.235  43.093 0.0000000000
86466  55.586  -23.577  44.642 0.0000000000
85295  54.063  -24.102  44.749 0.0000000000
78746  46.744  -29.695  48.936 0.0000000000
78756  48.289  -28.741  48.679 0.0000000000
78733  47.698  -28.994  50.303 0.0000000000
88918  54.519  -20.671  38.132 0.0000000000
51996  7.476  -49.693  72.204 0.0000000000
51998  5.853  -50.173  72.376 0.0000000000
80189  42.445  -27.701  44.959 0.0000000000
78790  44.045  -28.292  46.563 0.0000000000
78813  42.715  -28.292  45.677 0.0000000000
76344  41.939  -30.966  48.062 0.0000000000
77505  43.256  -30.509  48.354 0.0000000000
76311  43.475  -31.116  49.843 0.0000000000
76255  45.163  -31.440  51.917 0.0000000000
76256  44.171  -31.485  52.236 0.0000000000
63718  34.246  -41.290  56.403 0.0000000000
62455  35.256  -42.257  61.040 0.0000000000
61225  36.437  -42.652  60.574 0.0000000000
61210  36.654  -42.783  61.431 0.0000000000
61191  37.873  -43.245  62.468 0.0000000000
61167  37.125  -43.092  63.437 0.0000000000
61131  32.065  -42.566  65.772 0.0000000000
62354  32.730  -42.279  64.905 0.0000000000
61107  33.546  -42.672  66.555 0.0000000000
61083  36.199  -42.606  67.460 0.0000000000
62340  38.341  -42.419  66.939 0.0000000000
64704  22.954  -41.461  67.977 0.0000000000
64690  22.519  -40.924  69.323 0.0000000000
64720  22.332  -41.168  67.407 0.0000000000
62362  20.443  -42.066  65.632 0.0000000000
62344  20.611  -41.936  66.594 0.0000000000
61116  19.894  -42.483  66.577 0.0000000000
61075  19.078  -43.297  68.479 0.0000000000
59720  18.365  -43.929  66.338 0.0000000000
59789  18.339  -43.805  60.659 0.0000000000
58471  15.543  -45.380  64.217 0.0000000000
59751  16.658  -44.705  63.431 0.0000000000
58456  16.255  -45.157  65.528 0.0000000000
58445  16.541  -45.189  66.486 0.0000000000
57020  15.585  -45.935  66.553 0.0000000000
55702  15.336  -46.367  68.469 0.0000000000
55741  14.659  -46.441  66.590 0.0000000000
54495  11.584  -48.510  68.769 0.0000000000
66075  29.558  -39.820  56.479 0.0000000000
66077  28.237  -39.175  56.177 0.0000000000
65983  23.891  -40.408  59.136 0.0000000000
64849  25.527  -40.616  58.930 0.0000000000
64848  26.551  -40.590  59.056 0.0000000000
63661  26.051  -41.187  60.683 0.0000000000
63617  26.726  -41.614  62.124 0.0000000000
63618  25.348  -42.010  62.535 0.0000000000
64748  22.915  -40.332  65.147 0.0000000000
64731  23.547  -41.398  65.238 0.0000000000
64717  23.455  -41.548  66.287 0.0000000000
63519  24.069  -41.972  67.908 0.0000000000
64672  21.823  -40.540  71.529 0.0000000000
53181  7.679  -49.743  76.250 0.0000000000
54368  8.935  -48.970  76.749 0.0000000000
95880  60.762  -14.937  41.071 0.0000000000
93654  61.658  -17.346  43.663 0.0000000000
92551  61.839  -17.489  42.950 0.0000000000
91382  61.771  -18.481  43.750 0.0000000000
88834  61.823  -20.176  44.010 0.0000000000
88864  58.157  -20.833  41.940 0.0000000000
90125  59.173  -19.879  42.776 0.0000000000
88845  59.241  -20.596  43.559 0.0000000000
90057  60.601  -20.046  46.062 0.0000000000
85279  50.309  -24.816  45.887 0.0000000000
85299  50.561  -24.763  45.105 0.0000000000
85278  51.427  -24.626  45.898 0.0000000000
86438  53.051  -23.934  46.234 0.0000000000
85259  53.450  -23.967  47.260 0.0000000000
81461  50.366  -27.436  49.047 0.0000000000
81481  50.680  -26.846  48.669 0.0000000000
81460  51.172  -27.177  49.458 0.0000000000
76317  37.880  -31.038  49.530 0.0000000000
76206  41.944  -30.750  55.482 0.0000000000
77423  41.607  -30.249  53.477 0.0000000000
76205  42.884  -30.583  55.577 0.0000000000
77383  44.104  -31.021  54.562 0.0000000000
76169  44.490  -31.672  56.288 0.0000000000
62525  38.402  -41.769  57.315 0.0000000000
63687  39.652  -41.393  57.573 0.0000000000
64841  43.560  -40.265  59.548 0.0000000000
64860  42.496  -39.704  58.061 0.0000000000
66022  43.486  -39.082  58.315 0.0000000000
67282  43.467  -37.972  56.552 0.0000000000
66021  44.620  -38.348  58.551 0.0000000000
64762  44.607  -39.641  64.391 0.0000000000
71289  45.856  -35.101  60.435 0.0000000000
71325  45.228  -35.287  58.783 0.0000000000
72709  45.326  -34.063  60.222 0.0000000000
73909  44.391  -32.960  59.449 0.0000000000
73907  45.883  -33.128  60.137 0.0000000000
94809  54.475  -16.511  35.466 0.0000000000
94831  54.916  -15.520  34.356 0.0000000000
94829  56.211  -15.558  34.537 0.0000000000
94820  55.774  -16.036  35.053 0.0000000000
95903  58.657  -15.096  38.997 0.0000000000
95913  58.392  -15.098  37.852 0.0000000000
95902  59.299  -14.467  38.659 0.0000000000
97136  61.049  -13.500  38.537 0.0000000000
96020  60.853  -14.219  30.621 0.0000000000
97168  59.937  -13.875  34.029 0.0000000000
98407  61.835  -12.846  35.569 0.0000000000
98402  61.347  -13.140  36.478 0.0000000000
62314  26.119  -43.089  68.307 0.0000000000
61073  26.984  -43.391  68.317 0.0000000000
61031  26.935  -43.187  69.767 0.0000000000
55674  12.787  -47.510  70.821 0.0000000000
55642  12.888  -47.160  73.302 0.0000000000
54405  12.236  -47.849  72.952 0.0000000000
54379  11.810  -47.779  74.939 0.0000000000
55587  11.349  -47.342  77.151 0.0000000000
85395  51.246  -23.992  40.353 0.0000000000
85376  51.918  -24.331  41.292 0.0000000000
77463  47.215  -29.940  51.359 0.0000000000
78707  48.243  -29.407  52.307 0.0000000000
77416  48.525  -29.609  53.792 0.0000000000
78674  49.329  -29.492  54.747 0.0000000000
51999  4.991  -50.478  72.608 0.0000000000
50746  4.505  -51.018  71.825 0.0000000000
50742  3.636  -51.508  72.522 0.0000000000
78793  41.508  -28.975  46.002 0.0000000000
76346  40.170  -31.023  47.497 0.0000000000
63689  33.631  -41.332  58.482 0.0000000000
63690  32.982  -40.842  58.688 0.0000000000
62473  34.070  -41.661  60.598 0.0000000000
62433  34.395  -41.891  62.236 0.0000000000
64749  22.347  -40.372  65.288 0.0000000000
64735  21.914  -41.076  66.602 0.0000000000
63572  21.401  -41.074  65.045 0.0000000000
62385  20.332  -42.199  64.549 0.0000000000
61156  19.815  -42.825  64.131 0.0000000000
57041  14.225  -46.602  65.425 0.0000000000
57089  13.515  -46.139  63.097 0.0000000000
66009  23.102  -39.621  58.834 0.0000000000
64816  23.382  -40.695  60.847 0.0000000000
64798  23.669  -41.170  62.031 0.0000000000
65931  23.058  -40.039  62.264 0.0000000000
65918  22.732  -39.975  63.699 0.0000000000
62284  19.783  -42.210  70.902 0.0000000000
93706  58.407  -16.244  39.624 0.0000000000
94758  59.986  -15.303  41.341 0.0000000000
94748  59.086  -16.956  41.061 0.0000000000
94739  59.752  -16.985  42.233 0.0000000000
93657  60.181  -17.992  42.977 0.0000000000
86472  58.194  -22.154  44.669 0.0000000000
88836  59.116  -20.948  44.639 0.0000000000
88827  58.838  -20.861  45.685 0.0000000000
88806  59.502  -20.721  47.088 0.0000000000
85336  47.916  -24.127  43.170 0.0000000000
84185  47.624  -24.962  44.358 0.0000000000
84151  49.406  -25.131  45.842 0.0000000000
84135  50.170  -25.376  46.652 0.0000000000
81438  52.709  -26.406  50.996 0.0000000000
76261  38.408  -31.497  51.618 0.0000000000
77469  38.775  -31.149  51.283 0.0000000000
76239  39.462  -31.349  52.931 0.0000000000
76207  40.718  -30.909  55.084 0.0000000000
76172  42.332  -31.542  57.004 0.0000000000
61221  39.899  -42.818  60.181 0.0000000000
62490  40.304  -42.441  59.175 0.0000000000
62469  41.247  -42.470  60.135 0.0000000000
63653  43.138  -41.250  60.181 0.0000000000
64822  44.029  -40.188  61.010 0.0000000000
92616  53.152  -17.772  36.594 0.0000000000
93737  52.531  -16.594  36.265 0.0000000000
92615  54.286  -18.006  36.737 0.0000000000
93725  54.385  -17.364  36.345 0.0000000000
94798  56.253  -16.806  36.569 0.0000000000
94797  56.824  -16.427  36.777 0.0000000000
94790  57.011  -16.599  37.467 0.0000000000
94779  57.729  -16.225  38.751 0.0000000000
96042  57.681  -14.219  29.592 0.0000000000
96022  58.933  -14.629  30.595 0.0000000000
95995  60.325  -14.225  31.164 0.0000000000
97196  61.355  -13.571  32.238 0.0000000000
97184  59.968  -14.012  32.282 0.0000000000
95945  59.274  -14.343  33.507 0.0000000000
95946  58.496  -14.680  33.829 0.0000000000
63590  29.061  -41.262  62.820 0.0000000000
63588  30.691  -41.253  62.875 0.0000000000
62378  29.481  -41.984  64.298 0.0000000000
61133  30.050  -42.765  65.734 0.0000000000
61088  30.563  -43.205  67.561 0.0000000000
56947  16.440  -45.545  71.247 0.0000000000
58355  17.354  -45.010  72.673 0.0000000000
56917  16.718  -45.488  73.287 0.0000000000
56892  15.999  -45.369  75.252 0.0000000000
55604  13.522  -46.779  74.754 0.0000000000
56881  14.632  -46.114  77.145 0.0000000000
90157  56.399  -20.230  39.417 0.0000000000
91415  57.397  -19.496  40.304 0.0000000000
88900  56.288  -20.766  39.921 0.0000000000
87711  56.690  -21.784  40.808 0.0000000000
86496  56.954  -22.656  41.726 0.0000000000
85391  55.066  -23.395  40.649 0.0000000000
85349  56.014  -23.667  42.162 0.0000000000
86474  57.169  -23.269  43.496 0.0000000000
86465  56.755  -23.069  44.654 0.0000000000
86452  56.788  -22.597  45.736 0.0000000000
86435  56.078  -22.658  46.668 0.0000000000
80166  46.326  -27.470  46.534 0.0000000000
81506  47.454  -27.264  46.948 0.0000000000
80135  48.251  -28.255  48.109 0.0000000000
80119  49.451  -28.305  49.347 0.0000000000
80103  50.429  -27.953  50.653 0.0000000000
78719  48.752  -28.782  51.607 0.0000000000
80076  50.323  -28.259  52.271 0.0000000000
80086  51.016  -27.885  51.887 0.0000000000
70130  43.083  -35.536  54.095 0.0000000000
63552  42.736  -40.413  65.455 0.0000000000
91454  51.937  -18.513  36.504 0.0000000000
91445  54.140  -18.891  36.981 0.0000000000
90175  55.529  -19.658  38.094 0.0000000000
98469  54.243  -12.382  30.957 0.0000000000
98470  53.666  -12.162  31.433 0.0000000000
52003  8.377  -49.575  70.980 0.0000000000
53211  8.970  -49.535  72.563 0.0000000000
51985  8.102  -49.740  72.912 0.0000000000
51961  7.325  -49.639  74.650 0.0000000000
53182  6.628  -49.374  76.372 0.0000000000
51988  5.424  -50.111  73.392 0.0000000000
82925  45.268  -26.135  44.969 0.0000000000
81567  43.361  -26.615  44.351 0.0000000000
81524  45.386  -27.146  45.786 0.0000000000
80152  45.303  -28.136  46.780 0.0000000000
78772  45.498  -28.570  47.377 0.0000000000
77493  46.024  -29.665  49.090 0.0000000000
77514  43.471  -29.577  47.470 0.0000000000
77504  44.439  -29.614  48.017 0.0000000000
76290  46.030  -30.403  50.461 0.0000000000
77443  46.722  -30.633  51.862 0.0000000000
77418  46.683  -30.781  53.055 0.0000000000
77381  46.076  -30.816  54.508 0.0000000000
62510  37.618  -42.209  58.084 0.0000000000
62512  35.620  -41.981  58.405 0.0000000000
62493  37.407  -42.649  59.045 0.0000000000
61241  38.158  -42.783  59.772 0.0000000000
61207  39.499  -42.865  61.382 0.0000000000
61164  40.225  -42.779  63.198 0.0000000000
62371  40.080  -42.307  64.719 0.0000000000
62404  32.073  -41.520  63.423 0.0000000000
62402  33.948  -41.969  63.183 0.0000000000
62372  34.975  -42.332  63.768 0.0000000000
61106  34.706  -42.712  66.484 0.0000000000
61128  35.506  -42.708  65.434 0.0000000000
61150  36.345  -42.714  64.422 0.0000000000
61126  37.750  -43.022  65.615 0.0000000000
61124  39.604  -42.421  65.654 0.0000000000
62337  40.347  -41.379  66.163 0.0000000000
63475  24.527  -40.893  70.948 0.0000000000
64669  23.571  -40.807  70.997 0.0000000000
64679  22.197  -40.735  70.331 0.0000000000
63505  21.480  -41.050  69.777 0.0000000000
63546  21.473  -41.357  66.862 0.0000000000
63521  20.874  -41.695  68.469 0.0000000000
63506  20.781  -41.470  69.581 0.0000000000
61053  19.618  -42.555  70.058 0.0000000000
61054  19.123  -43.300  69.860 0.0000000000
59682  17.855  -44.217  69.605 0.0000000000
61213  19.912  -42.917  60.610 0.0000000000
61172  19.144  -43.419  62.402 0.0000000000
59738  18.335  -43.803  63.912 0.0000000000
59769  16.662  -44.498  62.264 0.0000000000
59739  17.506  -44.297  64.327 0.0000000000
59729  18.315  -43.800  65.100 0.0000000000
59721  17.592  -44.397  66.686 0.0000000000
58412  17.390  -44.843  68.123 0.0000000000
58395  16.883  -45.214  69.333 0.0000000000
56961  15.976  -46.137  69.832 0.0000000000
56962  15.286  -46.535  69.515 0.0000000000
55687  14.037  -47.194  69.218 0.0000000000
55722  13.486  -47.295  67.059 0.0000000000
55705  13.408  -47.664  68.300 0.0000000000
55688  13.184  -47.660  69.521 0.0000000000
54473  12.307  -48.115  69.722 0.0000000000
54496  10.802  -48.879  69.171 0.0000000000
53270  10.142  -48.940  69.749 0.0000000000
53272  8.664  -49.349  69.272 0.0000000000
52030  7.931  -49.675  69.364 0.0000000000
64903  31.046  -39.837  56.835 0.0000000000
64884  29.895  -39.951  57.533 0.0000000000
64845  29.331  -40.431  59.399 0.0000000000
66030  27.638  -39.639  57.637 0.0000000000
64846  28.404  -40.231  59.323 0.0000000000
64813  29.054  -40.795  60.721 0.0000000000
62438  27.958  -41.541  62.499 0.0000000000
62409  26.874  -42.195  63.506 0.0000000000
62359  26.009  -42.747  65.130 0.0000000000
63570  24.289  -41.368  64.053 0.0000000000
63555  24.573  -42.198  65.093 0.0000000000
62341  25.775  -42.678  66.829 0.0000000000
63518  24.791  -42.343  68.105 0.0000000000
63486  24.593  -41.341  69.976 0.0000000000
54381  9.946  -48.724  74.508 0.0000000000
54366  10.143  -47.787  76.876 0.0000000000
94744  61.260  -16.024  41.935 0.0000000000
91405  58.509  -19.064  41.654 0.0000000000
91395  59.480  -19.119  42.844 0.0000000000
91384  60.981  -18.836  44.191 0.0000000000
88826  59.552  -20.268  45.177 0.0000000000
91370  60.846  -19.449  44.636 0.0000000000
90069  61.567  -19.726  44.859 0.0000000000
85378  49.703  -24.275  41.291 0.0000000000
85333  51.017  -24.414  43.271 0.0000000000
85335  48.931  -24.346  43.165 0.0000000000
85317  50.730  -24.733  44.171 0.0000000000
85315  52.660  -24.471  44.108 0.0000000000
86455  53.758  -23.871  45.378 0.0000000000
86436  54.911  -23.098  46.398 0.0000000000
86398  55.774  -22.750  48.014 0.0000000000
81504  49.032  -26.835  47.302 0.0000000000
82884  50.458  -26.014  47.509 0.0000000000
84121  51.842  -25.429  47.695 0.0000000000
82854  52.792  -25.957  49.708 0.0000000000
84108  52.881  -25.595  49.077 0.0000000000
84119  53.442  -24.816  48.671 0.0000000000
85244  54.332  -23.740  48.257 0.0000000000
86382  55.056  -23.184  48.977 0.0000000000
76347  39.255  -31.238  47.527 0.0000000000
76314  40.583  -31.686  49.433 0.0000000000
77467  40.139  -30.896  51.227 0.0000000000
76278  41.069  -30.984  50.932 0.0000000000
76276  42.721  -31.193  51.694 0.0000000000
76237  43.880  -30.919  52.910 0.0000000000
77382  45.125  -31.000  54.470 0.0000000000
75098  46.427  -31.663  55.087 0.0000000000
62506  41.145  -41.408  57.998 0.0000000000
67330  42.741  -37.483  55.270 0.0000000000
68709  43.999  -36.492  55.580 0.0000000000
71370  43.828  -35.230  55.395 0.0000000000
63584  43.565  -40.428  64.106 0.0000000000
64797  44.538  -40.119  62.840 0.0000000000
65957  45.086  -39.207  61.524 0.0000000000
67214  45.687  -37.912  61.007 0.0000000000
67229  45.450  -37.774  59.974 0.0000000000
68634  45.157  -36.740  58.919 0.0000000000
70069  44.660  -35.642  57.752 0.0000000000
72762  43.466  -33.943  56.370 0.0000000000
73936  43.415  -33.243  58.059 0.0000000000
75057  43.562  -32.236  58.369 0.0000000000
75076  44.495  -31.709  58.315 0.0000000000
75037  46.119  -32.804  59.923 0.0000000000
75074  46.153  -32.225  59.148 0.0000000000
73935  45.492  -32.374  57.718 0.0000000000
73947  45.391  -32.871  56.898 0.0000000000
97187  53.896  -13.834  32.557 0.0000000000
95980  55.071  -14.468  32.906 0.0000000000
95962  55.896  -14.953  33.471 0.0000000000
95947  57.655  -15.058  34.109 0.0000000000
95935  58.451  -14.727  34.831 0.0000000000
95922  58.001  -15.365  36.791 0.0000000000
95921  58.527  -14.784  36.773 0.0000000000
95920  59.210  -14.276  36.414 0.0000000000
97146  60.742  -13.374  37.333 0.0000000000
63461  25.535  -41.786  71.542 0.0000000000
62243  25.767  -42.388  71.858 0.0000000000
53250  10.261  -49.034  70.713 0.0000000000
53229  10.280  -49.114  71.570 0.0000000000
53218  9.718  -49.329  72.070 0.0000000000
77367  48.092  -30.501  55.618 0.0000000000
64825  30.387  -40.847  60.154 0.0000000000
63677  31.279  -40.827  60.295 0.0000000000
63637  31.021  -40.946  61.519 0.0000000000
63645  21.319  -41.225  61.479 0.0000000000
64832  21.674  -40.632  60.805 0.0000000000
58368  17.712  -44.403  71.716 0.0000000000
92588  57.155  -18.400  39.238 0.0000000000
91428  57.814  -18.478  40.191 0.0000000000
87636  56.786  -21.839  47.745 0.0000000000
87635  57.396  -21.546  48.057 0.0000000000
82905  46.213  -26.297  45.493 0.0000000000
82922  47.213  -25.944  45.586 0.0000000000
82904  46.824  -26.406  45.756 0.0000000000
72793  42.311  -33.713  54.268 0.0000000000
72794  41.778  -33.383  53.941 0.0000000000
72776  42.151  -33.167  54.825 0.0000000000
72764  42.464  -33.190  55.468 0.0000000000
62369  41.587  -41.473  64.249 0.0000000000
62397  41.698  -41.812  63.556 0.0000000000
63586  41.909  -41.316  64.049 0.0000000000
91436  56.546  -18.946  38.687 0.0000000000
97200  55.994  -13.906  31.364 0.0000000000
96000  56.516  -14.419  31.893 0.0000000000
97185  55.719  -14.163  31.950 0.0000000000
61136  27.051  -43.020  65.612 0.0000000000
61135  28.164  -42.982  65.431 0.0000000000
61113  27.363  -43.314  66.432 0.0000000000
55640  14.519  -46.647  72.262 0.0000000000
55641  13.661  -46.845  72.728 0.0000000000
87723  54.783  -22.284  39.563 0.0000000000
86517  54.332  -22.642  39.440 0.0000000000
85352  53.417  -24.443  42.342 0.0000000000
85351  54.206  -24.341  42.418 0.0000000000
85330  53.869  -24.289  43.177 0.0000000000
85313  54.388  -24.222  43.928 0.0000000000
85314  53.524  -24.315  44.024 0.0000000000
78745  47.709  -29.298  49.243 0.0000000000
52006  6.209  -49.875  71.411 0.0000000000
80209  41.850  -27.375  44.342 0.0000000000
80190  41.556  -27.901  44.826 0.0000000000
78814  41.953  -28.381  45.525 0.0000000000
76327  42.362  -31.238  48.777 0.0000000000
76326  43.042  -31.042  49.186 0.0000000000
76293  43.908  -31.488  50.641 0.0000000000
76294  42.830  -31.563  50.808 0.0000000000
62432  35.288  -42.216  61.955 0.0000000000
61211  35.923  -42.446  61.252 0.0000000000
61193  36.057  -42.560  62.149 0.0000000000
61192  36.871  -42.903  62.378 0.0000000000
61108  32.407  -42.740  66.653 0.0000000000
64705  22.590  -41.271  68.297 0.0000000000
61139  19.725  -42.606  65.218 0.0000000000
61094  19.148  -43.318  67.157 0.0000000000
58458  15.133  -45.816  64.463 0.0000000000
58457  15.566  -45.534  65.146 0.0000000000
58446  15.963  -45.570  66.065 0.0000000000
57039  15.401  -45.899  65.803 0.0000000000
57003  15.130  -46.128  66.941 0.0000000000
57021  14.990  -46.183  66.170 0.0000000000
64831  24.547  -40.772  59.597 0.0000000000
64850  24.688  -40.439  58.714 0.0000000000
64830  25.536  -41.236  59.951 0.0000000000
64814  25.077  -41.467  60.656 0.0000000000
63643  25.126  -41.546  61.333 0.0000000000
64733  22.501  -41.176  65.945 0.0000000000
64732  23.004  -41.193  65.617 0.0000000000
64718  23.025  -41.195  66.767 0.0000000000
64703  23.497  -41.540  67.441 0.0000000000
63477  21.504  -40.719  71.337 0.0000000000
53168  7.125  -49.296  77.017 0.0000000000
53167  8.091  -49.716  76.997 0.0000000000
95891  60.058  -14.538  40.306 0.0000000000
97106  60.910  -14.572  40.623 0.0000000000
95881  60.131  -14.890  40.917 0.0000000000
92540  61.581  -17.817  43.940 0.0000000000
90103  61.736  -19.308  43.446 0.0000000000
91368  61.931  -18.775  44.502 0.0000000000
87698  58.363  -21.785  42.698 0.0000000000
88863  58.801  -20.735  42.664 0.0000000000
87697  58.841  -21.251  43.175 0.0000000000
85260  52.622  -24.334  46.774 0.0000000000
80117  50.846  -27.564  50.252 0.0000000000
81440  51.431  -27.188  50.346 0.0000000000
76318  36.755  -30.894  49.297 0.0000000000
76189  42.528  -30.956  56.274 0.0000000000
77385  42.417  -30.371  54.942 0.0000000000
76188  43.392  -30.950  56.140 0.0000000000
76204  43.669  -30.910  55.327 0.0000000000
62509  38.608  -42.016  57.894 0.0000000000
63688  39.127  -41.703  57.683 0.0000000000
62508  39.578  -41.990  58.223 0.0000000000
66000  43.494  -39.562  59.090 0.0000000000
66045  44.028  -38.209  57.791 0.0000000000
71274  46.405  -35.366  61.068 0.0000000000
72708  45.671  -34.498  60.457 0.0000000000
73900  45.511  -33.696  60.279 0.0000000000
73899  45.754  -33.668  60.453 0.0000000000
94821  54.725  -16.124  34.894 0.0000000000
95893  58.826  -15.366  39.544 0.0000000000
95892  59.558  -14.867  39.908 0.0000000000
97115  60.034  -14.308  40.020 0.0000000000
97217  61.433  -13.776  31.159 0.0000000000
96019  61.417  -14.089  30.475 0.0000000000
98497  62.045  -13.728  30.797 0.0000000000
98484  62.278  -13.447  30.955 0.0000000000
97167  60.682  -13.279  34.502 0.0000000000
97160  60.483  -13.261  35.385 0.0000000000
98408  61.039  -12.888  35.558 0.0000000000
62301  25.731  -42.629  69.102 0.0000000000
62300  26.455  -43.079  69.284 0.0000000000
62282  26.448  -42.924  70.291 0.0000000000
54452  11.948  -48.048  70.641 0.0000000000
54428  11.858  -47.862  71.719 0.0000000000
54390  10.592  -48.697  73.547 0.0000000000
54389  11.497  -48.041  73.805 0.0000000000
54372  11.585  -47.699  75.697 0.0000000000
54373  10.794  -47.973  75.904 0.0000000000
85377  50.794  -24.322  41.297 0.0000000000
77442  47.582  -30.180  52.145 0.0000000000
50751  4.597  -51.115  70.303 0.0000000000
50743  2.994  -51.859  72.827 0.0000000000
64902  31.524  -40.264  57.661 0.0000000000
63708  32.188  -40.661  58.059 0.0000000000
63691  32.192  -40.700  59.047 0.0000000000
63654  32.466  -41.018  60.931 0.0000000000
62474  33.329  -41.420  60.759 0.0000000000
62457  33.841  -41.645  61.487 0.0000000000
62434  33.476  -41.662  62.382 0.0000000000
64767  22.042  -40.183  64.715 0.0000000000
64768  21.744  -40.565  64.470 0.0000000000
62413  20.921  -41.941  63.607 0.0000000000
62414  20.314  -42.460  63.833 0.0000000000
61171  19.976  -42.681  62.967 0.0000000000
66010  22.533  -39.891  58.914 0.0000000000
65985  22.888  -39.810  59.862 0.0000000000
65984  23.265  -40.059  59.495 0.0000000000
65965  23.091  -40.302  60.386 0.0000000000
65946  22.966  -40.534  61.304 0.0000000000
65966  22.694  -40.422  60.752 0.0000000000
64800  22.152  -40.425  63.142 0.0000000000
65932  22.707  -39.820  62.763 0.0000000000
65933  22.369  -40.076  63.337 0.0000000000
65919  22.391  -40.185  64.175 0.0000000000
62285  19.441  -42.665  71.033 0.0000000000
62270  19.364  -42.616  71.614 0.0000000000
93698  58.562  -16.598  40.094 0.0000000000
94760  59.095  -16.458  40.764 0.0000000000
93687  58.616  -16.992  40.740 0.0000000000
92564  58.506  -18.247  41.230 0.0000000000
93677  58.875  -17.458  41.295 0.0000000000
93676  59.474  -17.402  42.055 0.0000000000
93668  60.003  -17.476  42.624 0.0000000000
92562  59.575  -17.824  42.398 0.0000000000
86464  57.736  -22.330  45.178 0.0000000000
87678  58.366  -21.767  45.184 0.0000000000
87668  57.887  -21.961  45.881 0.0000000000
88807  58.686  -20.979  47.633 0.0000000000
85322  46.308  -24.591  43.849 0.0000000000
85321  46.932  -24.454  43.838 0.0000000000
84152  48.314  -25.667  45.838 0.0000000000
84169  48.408  -25.162  45.073 0.0000000000
75160  38.188  -31.894  52.024 0.0000000000
75149  38.645  -31.842  52.157 0.0000000000
76240  38.960  -31.564  52.135 0.0000000000
75147  39.619  -31.734  53.293 0.0000000000
75111  41.538  -32.110  55.441 0.0000000000
75101  41.418  -31.687  55.633 0.0000000000
76173  41.877  -31.752  56.561 0.0000000000
76190  41.731  -31.388  55.956 0.0000000000
61206  40.552  -42.747  61.127 0.0000000000
61220  40.586  -42.727  60.347 0.0000000000
62454  41.433  -42.511  61.476 0.0000000000
63634  43.075  -41.481  61.420 0.0000000000
63652  43.562  -40.882  60.943 0.0000000000
63633  43.725  -40.852  61.818 0.0000000000
91452  53.656  -18.272  36.721 0.0000000000
92614  55.022  -17.716  36.688 0.0000000000
93724  55.681  -17.244  36.650 0.0000000000
93723  56.577  -16.862  37.082 0.0000000000
93716  56.906  -17.035  37.995 0.0000000000
92595  57.510  -17.486  39.093 0.0000000000
93707  57.883  -16.838  39.154 0.0000000000
96023  57.660  -14.418  30.453 0.0000000000
95997  59.001  -14.640  31.434 0.0000000000
95996  59.630  -14.490  31.225 0.0000000000
97198  59.976  -14.145  31.666 0.0000000000
95975  59.438  -14.362  31.890 0.0000000000
95959  58.581  -14.626  32.901 0.0000000000
63589  29.859  -41.310  62.833 0.0000000000
62407  29.175  -41.660  63.523 0.0000000000
61111  29.329  -43.047  66.600 0.0000000000
61110  30.309  -42.979  66.636 0.0000000000
56934  16.544  -45.488  72.270 0.0000000000
56935  15.832  -45.909  71.826 0.0000000000
56906  15.185  -46.146  73.893 0.0000000000
56886  15.911  -45.559  76.109 0.0000000000
56880  15.510  -45.690  77.028 0.0000000000
55621  12.832  -47.013  74.243 0.0000000000
55620  13.604  -46.745  73.776 0.0000000000
88901  55.911  -20.781  39.175 0.0000000000
87712  56.157  -22.374  40.445 0.0000000000
85392  54.362  -23.594  40.497 0.0000000000
85348  56.677  -23.338  42.155 0.0000000000
85327  56.556  -23.635  42.847 0.0000000000
85311  56.223  -23.731  43.767 0.0000000000
86453  55.776  -23.046  45.573 0.0000000000
80150  46.791  -27.753  47.122 0.0000000000
78744  48.627  -28.737  49.517 0.0000000000
78743  49.349  -28.541  50.004 0.0000000000
80118  50.193  -28.002  49.792 0.0000000000
78693  48.569  -29.466  53.032 0.0000000000
78706  49.010  -29.000  52.476 0.0000000000
80062  50.298  -28.289  53.004 0.0000000000
80075  50.926  -27.985  52.722 0.0000000000
80074  51.534  -27.687  53.231 0.0000000000
70131  42.427  -35.737  53.636 0.0000000000
70152  42.568  -35.154  53.579 0.0000000000
91446  52.874  -19.119  36.791 0.0000000000
90177  53.715  -19.754  37.147 0.0000000000
90170  55.273  -20.111  38.213 0.0000000000
88917  55.455  -20.569  38.540 0.0000000000
90169  56.040  -19.942  38.671 0.0000000000
52017  7.726  -49.671  70.303 0.0000000000
51995  8.277  -49.621  71.929 0.0000000000
51986  7.224  -49.894  73.108 0.0000000000
51975  6.870  -49.803  73.990 0.0000000000
53194  7.098  -49.534  75.465 0.0000000000
51962  6.513  -49.663  74.835 0.0000000000
51989  4.495  -50.411  73.704 0.0000000000
82943  44.702  -25.862  44.471 0.0000000000
81545  43.137  -27.283  44.695 0.0000000000
81544  43.866  -27.157  44.891 0.0000000000
81543  44.733  -26.819  45.225 0.0000000000
80167  45.650  -27.582  46.349 0.0000000000
80168  44.717  -27.748  46.186 0.0000000000
78774  43.731  -28.824  47.023 0.0000000000
78773  44.623  -28.700  47.117 0.0000000000
78760  45.110  -29.097  47.723 0.0000000000
78759  45.726  -29.108  48.061 0.0000000000
77503  45.178  -29.406  48.152 0.0000000000
77532  41.822  -29.433  46.480 0.0000000000
77495  44.285  -30.555  49.197 0.0000000000
77480  45.144  -30.516  49.723 0.0000000000
76291  45.569  -30.670  50.371 0.0000000000
76272  45.955  -30.764  50.802 0.0000000000
76235  45.840  -31.098  52.438 0.0000000000
77395  46.855  -30.488  54.041 0.0000000000
77396  45.830  -30.791  53.982 0.0000000000
62527  36.854  -41.938  57.298 0.0000000000
62511  36.619  -42.311  58.259 0.0000000000
62513  34.533  -41.746  58.443 0.0000000000
62495  35.220  -41.968  59.438 0.0000000000
61224  37.115  -42.863  60.725 0.0000000000
62494  36.369  -42.557  59.505 0.0000000000
61242  37.313  -42.775  59.979 0.0000000000
61222  38.841  -42.867  60.520 0.0000000000
61208  38.449  -42.959  61.517 0.0000000000
61166  38.276  -43.275  63.541 0.0000000000
61190  38.985  -43.064  62.496 0.0000000000
61165  39.544  -42.962  63.629 0.0000000000
62399  39.919  -42.685  64.213 0.0000000000
62405  31.158  -41.435  63.369 0.0000000000
62437  31.393  -41.210  62.878 0.0000000000
62353  33.696  -42.297  64.794 0.0000000000
62374  33.336  -42.214  64.028 0.0000000000
62373  34.375  -42.259  64.065 0.0000000000
61152  34.525  -42.423  64.599 0.0000000000
61105  35.836  -42.843  66.497 0.0000000000
61127  36.648  -42.860  65.515 0.0000000000
61149  37.465  -42.994  64.529 0.0000000000
61102  39.128  -42.475  66.277 0.0000000000
61101  39.560  -42.310  66.161 0.0000000000
64691  21.962  -40.970  69.514 0.0000000000
64680  21.852  -40.820  70.069 0.0000000000
64692  21.703  -41.177  69.271 0.0000000000
63557  21.584  -41.105  65.995 0.0000000000
62330  20.563  -41.884  67.641 0.0000000000
63535  20.858  -41.729  67.997 0.0000000000
62302  20.063  -42.006  69.851 0.0000000000
61074  19.726  -42.678  69.157 0.0000000000
59699  18.276  -43.755  69.048 0.0000000000
59681  18.349  -43.796  69.914 0.0000000000
59767  18.483  -43.871  61.713 0.0000000000
61196  19.113  -43.573  61.756 0.0000000000
61157  19.093  -43.257  63.471 0.0000000000
59791  16.633  -44.026  61.327 0.0000000000
59740  16.589  -44.798  64.732 0.0000000000
59730  17.511  -44.259  65.536 0.0000000000
58432  16.743  -45.208  67.388 0.0000000000
59712  17.157  -44.918  67.364 0.0000000000
58413  16.962  -45.177  68.403 0.0000000000
59701  17.224  -44.882  68.981 0.0000000000
58383  16.465  -45.534  69.771 0.0000000000
58396  16.184  -45.618  68.919 0.0000000000
55703  14.921  -46.465  68.077 0.0000000000
56974  15.243  -46.556  69.031 0.0000000000
55686  14.824  -46.798  68.948 0.0000000000
55672  14.699  -46.819  69.929 0.0000000000
55762  13.608  -47.137  65.098 0.0000000000
55742  13.956  -46.746  66.180 0.0000000000
54517  12.634  -47.920  67.376 0.0000000000
54519  10.438  -48.723  67.757 0.0000000000
53290  9.897  -48.912  68.610 0.0000000000
53291  8.994  -49.027  68.490 0.0000000000
53292  8.047  -49.442  68.326 0.0000000000
66053  29.144  -40.162  56.915 0.0000000000
66052  29.704  -40.051  56.834 0.0000000000
64863  30.109  -40.201  58.669 0.0000000000
64864  29.112  -40.250  58.504 0.0000000000
66056  26.519  -39.716  56.949 0.0000000000
66055  27.512  -39.465  56.952 0.0000000000
64888  26.540  -39.937  57.611 0.0000000000
64829  26.746  -40.716  59.968 0.0000000000
64847  27.510  -40.305  59.189 0.0000000000
64828  27.672  -40.473  60.032 0.0000000000
64827  28.610  -40.669  60.184 0.0000000000
63659  27.808  -40.890  60.631 0.0000000000
63640  28.396  -41.079  61.132 0.0000000000
63641  27.319  -41.124  61.347 0.0000000000
62440  26.325  -42.153  62.871 0.0000000000
62381  26.209  -42.699  64.485 0.0000000000
64781  23.687  -41.035  62.987 0.0000000000
63592  24.318  -41.477  63.272 0.0000000000
64765  23.814  -40.958  63.859 0.0000000000
63545  24.095  -41.708  65.742 0.0000000000
63556  24.093  -41.664  64.785 0.0000000000
63544  24.621  -42.241  66.116 0.0000000000
62342  25.322  -42.537  66.462 0.0000000000
63532  24.699  -42.189  67.133 0.0000000000
62328  25.368  -42.445  67.366 0.0000000000
64688  23.763  -41.375  68.796 0.0000000000
63503  24.510  -41.917  69.001 0.0000000000
58321  17.109  -45.010  74.434 0.0000000000
59578  17.608  -44.467  73.999 0.0000000000
59559  17.567  -44.390  74.710 0.0000000000
53204  8.738  -49.579  73.654 0.0000000000
53203  9.348  -49.234  74.260 0.0000000000
54357  9.393  -48.043  77.574 0.0000000000
54367  9.488  -48.559  76.528 0.0000000000
54356  10.031  -47.698  77.424 0.0000000000
55574  9.620  -47.649  78.483 0.0000000000
94746  60.298  -15.864  41.689 0.0000000000
94745  60.975  -15.877  41.934 0.0000000000
94736  61.338  -16.388  42.462 0.0000000000
91393  61.768  -18.340  42.889 0.0000000000
90141  57.390  -19.980  40.711 0.0000000000
90140  57.950  -19.915  41.435 0.0000000000
90105  59.504  -19.703  43.398 0.0000000000
91394  59.885  -19.054  43.396 0.0000000000
91385  60.467  -19.180  44.009 0.0000000000
90071  61.040  -19.701  45.115 0.0000000000
90055  61.290  -19.957  45.245 0.0000000000
90087  61.300  -18.956  45.055 0.0000000000
88825  61.605  -20.198  44.770 0.0000000000
85379  48.646  -24.002  41.276 0.0000000000
85355  50.360  -24.271  42.308 0.0000000000
85319  48.589  -24.643  43.834 0.0000000000
85318  49.596  -24.698  44.268 0.0000000000
85298  51.549  -24.603  45.039 0.0000000000
85316  51.734  -24.626  44.155 0.0000000000
85296  53.200  -24.026  44.799 0.0000000000
85276  53.091  -23.941  45.559 0.0000000000
86416  53.450  -23.904  46.782 0.0000000000
86437  53.849  -23.641  46.168 0.0000000000
86414  55.318  -23.054  47.358 0.0000000000
86399  54.923  -23.335  48.265 0.0000000000
80148  48.578  -27.536  47.739 0.0000000000
81505  48.182  -27.021  47.011 0.0000000000
82856  51.286  -26.495  48.789 0.0000000000
81502  50.365  -26.590  48.098 0.0000000000
82868  50.908  -26.177  48.279 0.0000000000
82883  51.204  -25.757  47.836 0.0000000000
84097  53.971  -25.013  50.175 0.0000000000
82853  53.207  -25.600  49.726 0.0000000000
84107  53.444  -25.311  49.343 0.0000000000
84120  52.716  -25.209  48.438 0.0000000000
85245  53.517  -24.125  48.059 0.0000000000
85232  54.028  -24.654  48.961 0.0000000000
76331  38.763  -31.515  48.620 0.0000000000
75204  39.433  -31.602  48.751 0.0000000000
75203  39.838  -31.625  48.603 0.0000000000
75191  39.875  -31.727  49.011 0.0000000000
77448  39.711  -30.838  52.022 0.0000000000
77468  39.371  -31.049  51.362 0.0000000000
77447  40.427  -30.518  52.287 0.0000000000
77422  42.538  -30.447  53.534 0.0000000000
77446  41.442  -30.473  52.438 0.0000000000
76259  41.766  -30.669  51.965 0.0000000000
76277  41.852  -31.073  51.487 0.0000000000
76258  42.229  -30.720  52.109 0.0000000000
76257  43.172  -30.892  52.416 0.0000000000
77421  43.422  -30.603  53.437 0.0000000000
76203  44.465  -31.263  54.937 0.0000000000
76186  44.830  -31.542  55.188 0.0000000000
76202  45.473  -31.139  54.767 0.0000000000
75109  45.982  -32.320  54.713 0.0000000000
62489  41.423  -41.663  58.820 0.0000000000
63673  41.980  -41.166  58.658 0.0000000000
66023  42.818  -39.186  57.470 0.0000000000
64879  41.947  -39.468  57.050 0.0000000000
66070  42.097  -38.485  56.205 0.0000000000
66069  42.935  -38.351  56.502 0.0000000000
67281  44.069  -37.490  57.042 0.0000000000
67302  43.779  -37.538  56.222 0.0000000000
68687  44.200  -36.757  56.070 0.0000000000
70110  44.202  -35.918  55.565 0.0000000000
70090  44.322  -35.685  56.655 0.0000000000
64744  43.118  -40.197  65.608 0.0000000000
63566  43.000  -40.475  64.893 0.0000000000
63565  43.516  -40.244  64.579 0.0000000000
65930  45.416  -39.037  63.427 0.0000000000
64796  44.898  -39.655  63.158 0.0000000000
64810  44.852  -39.651  62.413 0.0000000000
65942  45.268  -39.127  62.580 0.0000000000
68598  46.194  -36.919  60.637 0.0000000000
67213  46.155  -37.400  61.228 0.0000000000
68599  45.748  -37.225  60.266 0.0000000000
67247  45.281  -37.547  59.218 0.0000000000
68618  45.530  -36.879  59.643 0.0000000000
70048  44.894  -35.367  58.372 0.0000000000
71340  44.187  -34.751  57.367 0.0000000000
72751  43.623  -34.029  57.092 0.0000000000
72752  43.156  -33.397  56.898 0.0000000000
72739  43.854  -33.833  58.089 0.0000000000
75040  44.830  -32.489  59.515 0.0000000000
73920  43.673  -32.901  58.584 0.0000000000
75056  44.217  -32.219  58.865 0.0000000000
75077  43.669  -31.789  58.189 0.0000000000
73905  47.224  -33.544  60.299 0.0000000000
73933  46.795  -33.579  58.796 0.0000000000
73934  46.172  -32.987  58.362 0.0000000000
75075  45.401  -31.947  58.401 0.0000000000
72750  45.732  -33.546  56.954 0.0000000000
98451  53.191  -12.371  32.072 0.0000000000
94811  52.561  -16.175  35.876 0.0000000000
95981  54.411  -14.599  33.129 0.0000000000
95937  56.980  -15.366  35.047 0.0000000000
95948  56.705  -15.380  34.346 0.0000000000
95936  57.575  -15.157  35.229 0.0000000000
94796  57.471  -15.880  36.760 0.0000000000
97147  59.957  -13.805  36.937 0.0000000000
97137  60.104  -13.937  38.076 0.0000000000
97135  61.655  -13.725  38.422 0.0000000000
96057  58.860  -14.428  28.862 0.0000000000
97235  60.366  -14.304  29.012 0.0000000000
98450  61.755  -13.097  32.713 0.0000000000
62257  25.969  -42.668  71.539 0.0000000000
54429  10.922  -48.256  71.834 0.0000000000
54430  10.667  -48.860  71.911 0.0000000000
54407  10.749  -48.716  72.559 0.0000000000
77394  47.784  -30.127  54.284 0.0000000000
64862  30.927  -40.180  59.034 0.0000000000
64842  31.412  -40.736  59.677 0.0000000000
63635  32.415  -41.120  61.864 0.0000000000
64801  21.918  -40.592  62.622 0.0000000000
62442  20.954  -41.849  62.257 0.0000000000
61194  20.496  -42.562  61.955 0.0000000000
66011  22.363  -40.331  59.700 0.0000000000
65967  22.327  -40.299  61.180 0.0000000000
65968  21.927  -40.316  61.476 0.0000000000
65949  21.950  -40.434  62.080 0.0000000000
59661  18.604  -43.706  70.687 0.0000000000
61009  18.933  -43.064  71.870 0.0000000000
59620  18.710  -43.470  72.145 0.0000000000
60989  18.509  -43.648  73.270 0.0000000000
60971  18.460  -43.763  74.008 0.0000000000
93688  58.366  -17.545  40.615 0.0000000000
92574  58.213  -18.137  40.558 0.0000000000
86433  57.490  -21.996  46.286 0.0000000000
87653  58.202  -21.347  46.609 0.0000000000
87654  57.683  -21.599  46.922 0.0000000000
88808  58.050  -21.280  47.826 0.0000000000
84171  46.327  -25.483  44.694 0.0000000000
84153  47.638  -25.822  45.646 0.0000000000
82902  48.256  -26.069  46.305 0.0000000000
74003  40.629  -32.642  53.198 0.0000000000
73988  40.837  -32.571  53.869 0.0000000000
75128  40.631  -31.949  54.326 0.0000000000
73968  41.483  -32.570  54.657 0.0000000000
73958  41.930  -32.694  55.755 0.0000000000
73948  42.522  -32.686  56.607 0.0000000000
62396  42.476  -41.671  63.060 0.0000000000
91444  55.498  -18.962  37.747 0.0000000000
92604  56.300  -17.683  37.988 0.0000000000
92596  56.986  -17.879  38.695 0.0000000000
97199  56.664  -14.264  30.940 0.0000000000
95976  58.743  -14.615  32.072 0.0000000000
95978  57.009  -14.674  32.392 0.0000000000
61090  28.623  -43.485  67.420 0.0000000000
55639  15.274  -46.369  72.071 0.0000000000
55618  15.033  -46.348  72.768 0.0000000000
55603  14.366  -46.464  74.353 0.0000000000
55593  12.503  -47.189  76.132 0.0000000000
55592  13.406  -46.630  75.801 0.0000000000
86505  55.699  -22.892  40.428 0.0000000000
85375  53.169  -24.291  41.400 0.0000000000
84215  54.175  -24.115  41.406 0.0000000000
84208  53.800  -24.420  41.932 0.0000000000
85312  55.265  -24.036  43.848 0.0000000000
86467  54.797  -23.914  44.529 0.0000000000
78758  46.551  -29.075  48.135 0.0000000000
78757  47.502  -28.874  48.251 0.0000000000
78732  48.615  -28.745  50.615 0.0000000000
78691  49.949  -28.758  53.629 0.0000000000
52018  6.799  -49.770  70.556 0.0000000000
52005  6.945  -49.685  71.571 0.0000000000
51997  6.667  -49.833  72.327 0.0000000000
51987  6.335  -49.970  73.230 0.0000000000
80188  43.394  -27.809  45.402 0.0000000000
80169  43.896  -27.895  46.057 0.0000000000
78791  43.301  -28.430  46.306 0.0000000000
77506  42.456  -30.728  48.087 0.0000000000
77496  43.549  -30.873  49.118 0.0000000000
76310  44.207  -30.984  50.007 0.0000000000
76273  45.365  -31.163  51.036 0.0000000000
76274  44.510  -31.540  51.316 0.0000000000
76236  44.820  -31.273  52.800 0.0000000000
62529  34.880  -41.776  57.398 0.0000000000
62472  34.821  -41.982  60.370 0.0000000000
62471  35.678  -42.339  60.357 0.0000000000
61209  37.493  -42.965  61.531 0.0000000000
62355  31.741  -42.230  64.992 0.0000000000
61130  33.130  -42.478  65.673 0.0000000000
61064  36.723  -42.487  68.276 0.0000000000
61103  38.086  -42.646  66.699 0.0000000000
64689  23.059  -41.025  69.093 0.0000000000
64706  22.276  -41.207  68.511 0.0000000000
61093  19.661  -42.456  67.953 0.0000000000
59768  17.594  -44.219  62.026 0.0000000000
58492  15.180  -45.342  63.183 0.0000000000
59752  15.928  -45.050  63.725 0.0000000000
59741  15.983  -45.041  64.393 0.0000000000
58433  16.143  -45.559  66.967 0.0000000000
56985  15.704  -46.167  68.146 0.0000000000
57002  15.713  -45.971  67.330 0.0000000000
55720  14.892  -46.384  67.276 0.0000000000
55721  14.408  -46.801  67.193 0.0000000000
54518  11.673  -48.349  67.550 0.0000000000
54539  10.774  -48.103  66.574 0.0000000000
66076  29.000  -39.622  56.302 0.0000000000
66054  28.320  -39.612  57.201 0.0000000000
64869  24.707  -40.110  58.082 0.0000000000
64868  25.473  -40.485  57.984 0.0000000000
64867  26.400  -40.256  58.168 0.0000000000
63642  26.279  -41.328  61.464 0.0000000000
64747  23.349  -40.699  64.610 0.0000000000
64746  23.750  -41.229  64.480 0.0000000000
53180  8.734  -49.305  76.361 0.0000000000
53166  8.480  -49.387  76.917 0.0000000000
54358  8.544  -49.013  77.268 0.0000000000
93666  61.365  -16.985  42.929 0.0000000000
93665  61.612  -16.987  42.875 0.0000000000
88842  61.561  -20.102  43.141 0.0000000000
88844  59.533  -20.025  43.801 0.0000000000
90047  60.041  -20.383  46.965 0.0000000000
90058  59.965  -20.119  46.540 0.0000000000
85300  49.855  -24.754  45.189 0.0000000000
85277  52.377  -24.284  45.758 0.0000000000
80133  49.789  -27.790  49.034 0.0000000000
81482  49.895  -27.216  48.435 0.0000000000
82855  51.958  -26.402  49.187 0.0000000000
85220  54.393  -24.471  49.694 0.0000000000
76332  37.563  -31.381  48.434 0.0000000000
76316  38.895  -31.348  49.611 0.0000000000
77401  40.900  -30.231  54.318 0.0000000000
77424  40.681  -30.293  53.269 0.0000000000
77386  41.538  -30.495  54.864 0.0000000000
77400  41.961  -30.358  54.253 0.0000000000
77399  42.914  -30.498  54.219 0.0000000000
77398  43.804  -30.703  54.120 0.0000000000
77384  43.320  -30.496  54.867 0.0000000000
76187  44.056  -31.316  55.759 0.0000000000
63672  42.483  -40.790  59.042 0.0000000000
63684  42.408  -40.237  58.463 0.0000000000
64859  42.862  -39.829  58.863 0.0000000000
66046  43.395  -38.510  57.177 0.0000000000
67267  44.617  -37.561  57.878 0.0000000000
65900  44.364  -39.409  65.343 0.0000000000
65899  44.989  -39.127  65.084 0.0000000000
65915  45.018  -39.334  64.415 0.0000000000
65914  45.626  -38.666  63.850 0.0000000000
70003  46.083  -35.947  59.993 0.0000000000
70004  45.780  -36.344  59.730 0.0000000000
70023  45.678  -35.467  59.723 0.0000000000
71307  45.422  -34.803  59.571 0.0000000000
71308  44.787  -34.314  59.261 0.0000000000
72726  44.335  -33.751  59.140 0.0000000000
72710  44.790  -33.591  59.715 0.0000000000
73908  45.255  -33.225  59.915 0.0000000000
75039  45.449  -32.470  59.730 0.0000000000
93735  54.428  -16.927  35.944 0.0000000000
94810  53.475  -16.321  35.619 0.0000000000
94841  54.279  -15.377  33.974 0.0000000000
94840  54.477  -15.267  33.851 0.0000000000
95949  55.814  -15.394  34.116 0.0000000000
94830  55.774  -15.667  34.546 0.0000000000
94819  56.559  -15.603  35.124 0.0000000000
94788  58.205  -15.494  38.518 0.0000000000
95914  57.940  -15.638  37.349 0.0000000000
97126  60.145  -13.962  39.386 0.0000000000
96039  60.579  -14.531  29.799 0.0000000000
96038  61.261  -14.360  30.030 0.0000000000
97233  61.789  -14.101  30.043 0.0000000000
97174  60.614  -13.596  33.580 0.0000000000
97173  61.193  -13.234  33.966 0.0000000000
98417  62.363  -12.751  34.468 0.0000000000
61092  26.708  -43.233  67.397 0.0000000000
61052  27.251  -43.532  69.203 0.0000000000
62281  26.936  -43.286  70.835 0.0000000000
55662  12.817  -47.268  72.174 0.0000000000
54388  12.263  -47.496  73.963 0.0000000000
54378  12.419  -47.397  74.570 0.0000000000
55606  12.055  -47.491  75.644 0.0000000000
55594  11.611  -47.481  76.296 0.0000000000
85394  52.428  -23.862  40.223 0.0000000000
85353  52.480  -24.473  42.301 0.0000000000
78720  47.788  -29.199  51.351 0.0000000000
77393  48.647  -29.812  54.553 0.0000000000
78682  49.216  -29.250  54.118 0.0000000000
52007  5.412  -50.550  71.237 0.0000000000
50741  4.318  -50.831  73.031 0.0000000000
50747  3.952  -51.639  71.176 0.0000000000
50737  3.861  -50.879  73.810 0.0000000000
77516  40.804  -30.389  46.944 0.0000000000
76345  41.154  -30.931  47.800 0.0000000000
76328  41.382  -31.512  48.627 0.0000000000
63675  33.053  -40.994  59.778 0.0000000000
62497  33.582  -41.539  60.144 0.0000000000
62456  34.635  -41.922  61.283 0.0000000000
64734  22.212  -40.979  66.292 0.0000000000
64750  21.848  -40.614  65.502 0.0000000000
63594  21.553  -41.218  64.061 0.0000000000
62412  21.272  -41.533  64.344 0.0000000000
62384  21.017  -41.651  64.838 0.0000000000
61140  19.082  -43.277  64.617 0.0000000000
58472  14.903  -45.757  63.656 0.0000000000
57061  14.078  -46.715  64.398 0.0000000000
66008  23.606  -39.962  58.625 0.0000000000
65964  23.685  -40.519  60.064 0.0000000000
63644  24.278  -41.405  61.631 0.0000000000
64799  23.358  -40.666  61.690 0.0000000000
64782  23.361  -40.325  62.650 0.0000000000
65917  23.128  -39.822  63.193 0.0000000000
65947  22.655  -40.273  61.785 0.0000000000
65901  23.009  -40.173  64.139 0.0000000000
94770  59.013  -15.809  40.047 0.0000000000
94759  59.639  -15.621  40.987 0.0000000000
94747  59.522  -16.645  41.614 0.0000000000
94738  60.138  -16.658  42.357 0.0000000000
93667  60.721  -17.132  42.842 0.0000000000
93655  61.097  -17.696  43.451 0.0000000000
92542  60.959  -18.320  43.693 0.0000000000
87688  58.618  -21.720  43.912 0.0000000000
88818  58.606  -21.005  46.713 0.0000000000
85337  47.116  -24.050  43.338 0.0000000000
85320  47.765  -24.541  43.791 0.0000000000
84184  48.430  -24.857  44.392 0.0000000000
84168  49.181  -24.829  44.987 0.0000000000
85280  49.686  -24.870  45.504 0.0000000000
85262  50.430  -25.004  46.370 0.0000000000
80101  51.620  -27.450  51.636 0.0000000000
81439  51.948  -26.802  51.045 0.0000000000
76281  37.568  -31.329  51.103 0.0000000000
76280  38.269  -31.152  51.194 0.0000000000
77450  38.821  -31.322  51.541 0.0000000000
77426  39.456  -31.141  52.388 0.0000000000
77425  39.835  -30.668  53.037 0.0000000000
75113  40.539  -31.433  54.590 0.0000000000
76208  40.260  -31.193  54.475 0.0000000000
76216  40.357  -30.611  54.401 0.0000000000
76171  43.206  -31.361  56.884 0.0000000000
61239  39.647  -42.691  59.432 0.0000000000
62468  42.157  -41.656  59.648 0.0000000000
62453  42.302  -42.022  60.823 0.0000000000
64823  43.828  -40.629  60.302 0.0000000000
64840  44.237  -40.107  60.108 0.0000000000
93726  53.374  -17.267  36.394 0.0000000000
93734  55.103  -16.833  35.959 0.0000000000
93715  57.546  -16.509  38.482 0.0000000000
94778  58.152  -15.790  39.167 0.0000000000
96059  57.599  -13.929  29.117 0.0000000000
96041  58.451  -14.413  29.672 0.0000000000
97219  57.274  -14.195  29.924 0.0000000000
96021  60.012  -14.563  30.501 0.0000000000
98467  61.948  -13.147  31.936 0.0000000000
97197  60.676  -13.993  31.774 0.0000000000
97183  60.677  -13.835  32.699 0.0000000000
95958  59.347  -14.362  32.637 0.0000000000
97175  59.997  -14.062  33.132 0.0000000000
95934  59.230  -14.313  34.445 0.0000000000
63614  29.581  -40.881  62.178 0.0000000000
63613  30.453  -40.959  62.233 0.0000000000
62406  30.152  -41.700  63.470 0.0000000000
62377  30.473  -41.942  64.226 0.0000000000
62357  29.779  -42.210  65.058 0.0000000000
62356  30.756  -42.144  65.067 0.0000000000
61132  31.045  -42.656  65.783 0.0000000000
61109  31.332  -42.873  66.669 0.0000000000
61091  27.639  -43.536  67.371 0.0000000000
59698  29.318  -43.689  68.870 0.0000000000
61070  29.808  -43.463  68.338 0.0000000000
62475  20.511  -41.783  59.637 0.0000000000
58369  17.181  -44.938  71.637 0.0000000000
56904  16.829  -45.292  73.912 0.0000000000
56918  15.743  -45.962  72.961 0.0000000000
56905  16.173  -45.572  74.269 0.0000000000
58322  16.595  -45.169  75.012 0.0000000000
58303  16.458  -45.390  76.117 0.0000000000
55591  14.142  -46.403  75.186 0.0000000000
56894  14.278  -46.194  75.822 0.0000000000
56887  14.908  -45.978  76.338 0.0000000000
90168  56.682  -19.625  39.299 0.0000000000
90156  56.945  -19.990  39.971 0.0000000000
88883  56.838  -20.755  40.488 0.0000000000
87721  56.376  -21.277  40.249 0.0000000000
87710  57.640  -21.770  41.695 0.0000000000
86495  57.690  -22.461  42.293 0.0000000000
86507  53.979  -23.198  39.857 0.0000000000
85373  54.642  -23.845  41.259 0.0000000000
85372  55.637  -23.487  41.275 0.0000000000
85371  56.389  -23.279  41.606 0.0000000000
86482  57.215  -23.085  42.569 0.0000000000
86481  57.834  -22.645  43.060 0.0000000000
86473  57.845  -22.555  44.054 0.0000000000
87655  56.640  -22.107  47.096 0.0000000000
87656  56.211  -22.388  47.197 0.0000000000
81522  46.985  -26.974  46.428 0.0000000000
80149  47.696  -27.911  47.504 0.0000000000
80134  49.071  -28.044  48.545 0.0000000000
78705  49.712  -28.634  52.763 0.0000000000
78718  49.601  -28.486  51.899 0.0000000000
80087  50.363  -28.132  51.413 0.0000000000
80085  51.603  -27.561  52.384 0.0000000000
71407  42.000  -34.211  52.989 0.0000000000
71391  42.662  -34.426  53.924 0.0000000000
63554  41.175  -40.963  65.508 0.0000000000
63567  41.797  -41.091  64.751 0.0000000000
64745  42.582  -40.329  66.150 0.0000000000
91453  53.007  -18.365  36.685 0.0000000000
88927  54.169  -20.177  37.566 0.0000000000
90176  54.737  -19.749  37.689 0.0000000000
53231  9.051  -49.386  70.674 0.0000000000
53219  9.034  -49.465  71.567 0.0000000000
51974  7.789  -49.821  73.911 0.0000000000
53195  6.115  -49.621  75.722 0.0000000000
53169  6.190  -48.999  77.112 0.0000000000
84187  45.520  -24.968  44.018 0.0000000000
84172  45.799  -25.531  44.575 0.0000000000
81542  45.619  -26.542  45.383 0.0000000000
81566  44.103  -26.493  44.569 0.0000000000
80151  45.956  -27.957  46.993 0.0000000000
78771  46.246  -28.482  47.554 0.0000000000
78747  46.057  -29.361  48.666 0.0000000000
78792  42.345  -28.924  46.347 0.0000000000
78775  43.018  -29.172  46.874 0.0000000000
77494  45.382  -29.774  48.838 0.0000000000
77479  46.002  -29.948  49.841 0.0000000000
77464  46.589  -30.280  50.785 0.0000000000
76254  45.996  -30.997  51.469 0.0000000000
77380  46.885  -30.556  54.775 0.0000000000
76184  47.238  -31.002  55.531 0.0000000000
62526  37.866  -41.816  57.091 0.0000000000
62492  38.357  -42.510  58.869 0.0000000000
63706  33.816  -41.565  57.448 0.0000000000
61240  39.042  -42.713  59.601 0.0000000000
61189  40.178  -42.807  62.425 0.0000000000
62431  40.530  -42.672  62.994 0.0000000000
62398  40.545  -42.500  63.718 0.0000000000
62370  40.962  -41.739  64.660 0.0000000000
63612  31.308  -41.097  62.392 0.0000000000
63611  32.063  -41.126  62.239 0.0000000000
62435  32.551  -41.329  62.491 0.0000000000
62375  32.387  -41.982  64.147 0.0000000000
62403  32.950  -41.883  63.244 0.0000000000
62401  35.021  -42.144  63.100 0.0000000000
61169  35.302  -42.355  63.610 0.0000000000
61151  35.176  -42.463  64.315 0.0000000000
61168  35.980  -42.486  63.263 0.0000000000
61125  38.772  -42.831  65.624 0.0000000000
61147  39.426  -42.765  64.751 0.0000000000
62351  40.223  -41.955  65.438 0.0000000000
62350  40.604  -41.422  65.676 0.0000000000
63462  25.196  -40.979  71.713 0.0000000000
64678  22.912  -40.911  70.174 0.0000000000
64670  22.765  -40.698  71.060 0.0000000000
63487  21.956  -40.630  70.782 0.0000000000
63488  21.685  -40.753  70.467 0.0000000000
63489  21.128  -41.073  70.546 0.0000000000
64721  21.910  -41.292  67.648 0.0000000000
62343  20.950  -41.623  67.083 0.0000000000
63534  21.228  -41.610  67.872 0.0000000000
63520  21.365  -41.432  68.970 0.0000000000
63490  20.446  -41.536  70.659 0.0000000000
61032  19.445  -42.769  70.573 0.0000000000
59662  18.044  -44.176  70.429 0.0000000000
59663  17.596  -44.573  70.169 0.0000000000
61212  20.267  -42.687  61.165 0.0000000000
61195  19.688  -43.178  61.577 0.0000000000
59750  17.575  -44.319  63.135 0.0000000000
59722  17.083  -44.822  66.917 0.0000000000
59711  17.500  -44.622  67.587 0.0000000000
59700  17.577  -44.471  68.651 0.0000000000
59683  17.382  -44.758  69.501 0.0000000000
58382  17.040  -45.163  70.377 0.0000000000
56960  16.315  -45.665  70.436 0.0000000000
56948  15.691  -46.026  70.898 0.0000000000
56973  15.599  -46.290  68.948 0.0000000000
56949  15.292  -46.422  70.280 0.0000000000
55673  13.825  -47.027  70.364 0.0000000000
57022  14.449  -46.353  65.919 0.0000000000
54474  11.548  -48.565  69.936 0.0000000000
54475  10.902  -48.927  70.285 0.0000000000
53251  9.600  -49.131  70.284 0.0000000000
53271  9.384  -49.054  69.403 0.0000000000
53252  9.032  -49.248  69.955 0.0000000000
52016  8.472  -49.482  70.097 0.0000000000
52031  7.119  -49.815  69.491 0.0000000000
64904  30.106  -39.752  56.578 0.0000000000
64883  30.892  -39.931  58.080 0.0000000000
64844  30.232  -40.611  59.491 0.0000000000
64826  29.536  -40.869  60.227 0.0000000000
66029  27.954  -39.738  57.889 0.0000000000
64866  27.322  -39.885  58.328 0.0000000000
64865  28.179  -40.005  58.406 0.0000000000
64812  29.332  -40.842  60.745 0.0000000000
63639  29.340  -40.785  61.262 0.0000000000
63615  28.600  -41.143  62.183 0.0000000000
62408  28.112  -41.812  63.200 0.0000000000
62439  27.294  -41.757  62.699 0.0000000000
62380  27.339  -42.552  64.142 0.0000000000
61154  26.755  -42.811  64.941 0.0000000000
63619  24.343  -41.536  62.315 0.0000000000
63591  24.695  -41.803  63.533 0.0000000000
63569  24.616  -41.946  64.201 0.0000000000
62382  25.234  -42.464  64.355 0.0000000000
62360  25.416  -42.642  65.401 0.0000000000
61115  25.846  -42.768  66.291 0.0000000000
62327  25.935  -42.855  67.435 0.0000000000
62315  25.516  -42.578  68.208 0.0000000000
63502  25.099  -42.405  68.911 0.0000000000
63485  25.337  -42.080  69.905 0.0000000000
63474  25.315  -41.288  70.860 0.0000000000
59599  17.676  -44.478  73.148 0.0000000000
59598  17.897  -44.231  73.547 0.0000000000
53210  9.789  -49.245  73.167 0.0000000000
54391  9.900  -48.922  73.862 0.0000000000
53192  9.247  -48.988  75.256 0.0000000000
54374  9.943  -48.557  75.475 0.0000000000
55595  10.888  -47.594  76.704 0.0000000000
55580  10.878  -47.152  77.869 0.0000000000
95868  60.576  -15.330  41.445 0.0000000000
95867  61.035  -15.427  41.501 0.0000000000
90126  58.628  -19.927  42.098 0.0000000000
91404  59.106  -19.154  42.259 0.0000000000
92553  59.388  -18.684  42.470 0.0000000000
92552  59.747  -18.319  42.775 0.0000000000
92543  60.267  -18.402  43.383 0.0000000000
88835  59.585  -20.200  44.295 0.0000000000
90089  59.998  -19.698  44.635 0.0000000000
90072  60.227  -19.794  45.459 0.0000000000
91371  60.391  -19.591  44.675 0.0000000000
90088  60.982  -19.272  44.839 0.0000000000
91383  61.620  -18.505  44.650 0.0000000000
90086  61.970  -19.676  43.793 0.0000000000
85354  51.419  -24.451  42.293 0.0000000000
85332  52.032  -24.529  43.239 0.0000000000
85334  49.990  -24.211  43.291 0.0000000000
86413  55.914  -22.591  47.383 0.0000000000
87615  56.303  -22.285  48.316 0.0000000000
81521  47.661  -26.770  46.615 0.0000000000
82887  48.074  -26.444  46.555 0.0000000000
82886  48.715  -26.317  46.639 0.0000000000
81503  49.781  -26.679  47.688 0.0000000000
82885  49.571  -26.155  46.988 0.0000000000
84134  51.103  -25.419  47.234 0.0000000000
85247  51.635  -25.139  47.220 0.0000000000
81459  51.953  -26.633  50.041 0.0000000000
82844  53.383  -25.559  50.101 0.0000000000
82866  52.488  -25.870  48.912 0.0000000000
85246  52.280  -24.838  47.453 0.0000000000
86400  54.198  -23.620  48.007 0.0000000000
85231  54.674  -23.898  48.897 0.0000000000
87591  56.415  -22.316  48.840 0.0000000000
76329  40.393  -31.552  48.427 0.0000000000
76313  41.620  -31.653  49.575 0.0000000000
76299  38.435  -30.999  50.628 0.0000000000
76298  39.354  -31.085  50.321 0.0000000000
77482  39.720  -31.040  50.719 0.0000000000
77466  41.061  -30.683  51.697 0.0000000000
76279  40.561  -31.081  50.688 0.0000000000
76296  40.949  -31.443  50.272 0.0000000000
76295  41.797  -31.516  50.512 0.0000000000
76275  43.538  -31.577  51.562 0.0000000000
77420  44.342  -30.895  53.496 0.0000000000
77397  44.774  -30.909  54.035 0.0000000000
76201  46.163  -30.889  54.784 0.0000000000
76185  46.197  -31.161  54.992 0.0000000000
62507  40.453  -41.693  58.213 0.0000000000
63686  40.617  -41.136  57.430 0.0000000000
63685  41.819  -40.733  57.812 0.0000000000
63701  41.419  -40.084  57.055 0.0000000000
68711  42.705  -37.200  54.838 0.0000000000
67303  43.049  -37.754  55.904 0.0000000000
68710  43.418  -36.778  55.225 0.0000000000
68727  43.209  -36.220  54.520 0.0000000000
70111  43.621  -35.720  54.906 0.0000000000
71371  43.351  -34.599  55.098 0.0000000000
63608  43.825  -40.670  62.972 0.0000000000
64763  43.998  -39.881  64.728 0.0000000000
64780  44.315  -40.128  63.652 0.0000000000
64811  44.454  -40.138  61.968 0.0000000000
65958  44.568  -39.794  61.266 0.0000000000
65976  44.590  -39.562  60.595 0.0000000000
67188  45.924  -38.193  63.045 0.0000000000
68557  46.485  -37.165  62.301 0.0000000000
67200  46.086  -37.692  61.868 0.0000000000
67201  45.567  -38.430  62.154 0.0000000000
65975  45.112  -38.717  60.302 0.0000000000
65998  45.099  -38.339  59.358 0.0000000000
66020  45.164  -38.007  58.855 0.0000000000
67266  45.048  -37.513  58.542 0.0000000000
68654  45.012  -36.737  58.068 0.0000000000
70047  44.970  -35.958  58.487 0.0000000000
70068  44.857  -36.145  57.977 0.0000000000
68670  44.736  -36.353  57.661 0.0000000000
71354  43.880  -34.759  56.152 0.0000000000
71355  43.492  -34.154  55.848 0.0000000000
72763  43.061  -33.482  55.851 0.0000000000
73937  43.038  -32.778  57.735 0.0000000000
73921  43.311  -32.438  58.192 0.0000000000
75090  42.567  -32.110  57.324 0.0000000000
76154  42.809  -31.798  57.466 0.0000000000
76153  43.051  -31.538  57.656 0.0000000000
76152  43.841  -31.493  57.576 0.0000000000
73898  46.388  -33.797  60.816 0.0000000000
73906  46.431  -33.002  60.276 0.0000000000
75053  46.124  -32.601  59.676 0.0000000000
73918  47.048  -33.412  59.304 0.0000000000
73919  46.586  -32.840  59.563 0.0000000000
75054  45.760  -32.098  59.416 0.0000000000
76151  44.527  -31.620  57.449 0.0000000000
75089  45.038  -32.024  57.069 0.0000000000
73956  45.352  -32.878  55.711 0.0000000000
72761  45.580  -33.450  56.129 0.0000000000
73967  45.552  -32.908  55.282 0.0000000000
97202  53.922  -12.851  31.678 0.0000000000
97186  55.262  -13.971  32.162 0.0000000000
95961  56.830  -14.976  33.291 0.0000000000
95927  59.204  -14.274  35.417 0.0000000000
94807  56.589  -15.923  35.961 0.0000000000
94806  57.321  -15.474  35.926 0.0000000000
95929  57.996  -15.119  36.125 0.0000000000
95928  58.467  -14.682  35.826 0.0000000000
97155  59.942  -13.844  35.914 0.0000000000
97154  60.572  -13.325  36.282 0.0000000000
98381  61.845  -13.483  37.925 0.0000000000
53179  9.360  -48.845  75.919 0.0000000000
53217  10.308  -49.090  72.370 0.0000000000
55581  10.056  -47.581  77.919 0.0000000000
55588  10.572  -47.535  77.335 0.0000000000
55685  15.180  -46.507  68.690 0.0000000000
56885  16.398  -45.386  76.361 0.0000000000
56986  15.255  -46.235  67.547 0.0000000000
58309  16.562  -45.322  75.669 0.0000000000
58339  17.277  -44.998  73.588 0.0000000000
58354  17.583  -44.521  72.217 0.0000000000
58431  17.186  -45.002  67.759 0.0000000000
58470  15.948  -45.115  64.818 0.0000000000
59577  17.988  -44.061  74.404 0.0000000000
59622  17.670  -44.473  72.618 0.0000000000
59642  18.683  -43.627  71.590 0.0000000000
59766  19.034  -43.702  61.229 0.0000000000
61137  26.162  -42.829  65.610 0.0000000000
61138  25.660  -42.737  65.951 0.0000000000
61155  26.282  -42.771  65.047 0.0000000000
61243  36.827  -42.724  60.194 0.0000000000
62256  26.623  -43.288  71.580 0.0000000000
62329  20.885  -41.689  67.520 0.0000000000
62352  34.231  -42.365  64.699 0.0000000000
62358  28.954  -42.273  65.049 0.0000000000
62383  21.236  -41.474  64.606 0.0000000000
62411  25.168  -42.221  63.534 0.0000000000
62436  31.776  -41.242  62.815 0.0000000000
62441  25.655  -42.285  63.108 0.0000000000
62460  20.282  -42.518  60.709 0.0000000000
62470  40.541  -42.689  59.946 0.0000000000
63476  21.829  -40.615  71.076 0.0000000000
63484  25.891  -42.439  70.246 0.0000000000
63504  21.688  -40.885  69.928 0.0000000000
63543  40.233  -41.368  66.614 0.0000000000
63571  21.269  -41.335  64.810 0.0000000000
63587  31.145  -41.202  62.896 0.0000000000
63593  21.375  -41.271  64.568 0.0000000000
63610  32.365  -41.171  62.201 0.0000000000
63616  27.737  -41.403  61.973 0.0000000000
63638  30.194  -40.793  61.443 0.0000000000
63655  31.539  -40.910  60.820 0.0000000000
63656  30.775  -40.844  60.619 0.0000000000
63658  29.572  -40.844  60.747 0.0000000000
63662  25.452  -41.363  60.657 0.0000000000
63674  33.514  -41.030  59.123 0.0000000000
64729  42.883  -40.305  66.396 0.0000000000
64764  43.368  -40.159  65.083 0.0000000000
64779  44.743  -39.647  63.979 0.0000000000
64783  22.084  -40.321  63.902 0.0000000000
64824  30.766  -40.791  60.186 0.0000000000
64861  31.462  -40.597  59.318 0.0000000000
64886  28.232  -39.852  57.791 0.0000000000
64887  26.989  -39.722  57.646 0.0000000000
65902  22.634  -40.090  64.571 0.0000000000
65903  22.327  -40.106  64.724 0.0000000000
65916  44.584  -39.408  64.920 0.0000000000
65929  45.656  -38.607  63.457 0.0000000000
66032  25.772  -40.128  57.325 0.0000000000
68655  44.634  -36.918  57.504 0.0000000000
68688  43.669  -37.266  55.788 0.0000000000
70024  45.524  -35.910  59.324 0.0000000000
70153  42.089  -35.265  53.214 0.0000000000
71290  45.538  -34.587  60.218 0.0000000000
71306  45.715  -35.316  59.972 0.0000000000
71324  46.695  -34.410  57.958 0.0000000000
71392  42.229  -33.904  53.741 0.0000000000
71406  42.348  -34.762  53.388 0.0000000000
72697  45.638  -33.926  60.474 0.0000000000
72725  44.839  -34.093  59.658 0.0000000000
72740  43.397  -33.445  57.594 0.0000000000
72774  45.623  -33.215  55.433 0.0000000000
72795  41.305  -33.081  53.650 0.0000000000
72807  41.542  -33.471  53.262 0.0000000000
73946  45.847  -33.314  57.473 0.0000000000
73949  41.946  -32.359  56.405 0.0000000000
73966  45.804  -32.984  54.918 0.0000000000
73969  40.981  -32.214  54.478 0.0000000000
73989  40.362  -32.149  53.905 0.0000000000
75038  45.928  -32.650  59.864 0.0000000000
75078  42.979  -32.012  58.025 0.0000000000
75100  41.690  -32.005  56.154 0.0000000000
75110  45.517  -32.612  55.152 0.0000000000
75129  40.111  -31.679  54.053 0.0000000000
75148  38.979  -31.911  52.486 0.0000000000
75192  39.336  -31.552  49.163 0.0000000000
75193  39.011  -31.529  49.094 0.0000000000
75205  39.141  -31.567  48.886 0.0000000000
76191  41.158  -31.366  55.498 0.0000000000
76217  39.869  -31.012  54.045 0.0000000000
76238  43.367  -30.668  52.954 0.0000000000
76241  38.522  -31.712  52.000 0.0000000000
76260  38.863  -31.441  51.753 0.0000000000
76262  37.877  -31.654  51.589 0.0000000000
76292  44.789  -31.096  50.402 0.0000000000
76297  40.139  -31.129  50.302 0.0000000000
76330  39.642  -31.521  48.209 0.0000000000
77445  42.337  -30.475  52.822 0.0000000000
77449  39.188  -31.248  51.760 0.0000000000
77465  41.524  -30.672  51.892 0.0000000000
77483  39.310  -30.989  50.909 0.0000000000
77484  38.961  -30.981  51.049 0.0000000000
78721  47.181  -29.466  50.801 0.0000000000
82923  46.613  -25.856  45.332 0.0000000000
82942  45.434  -25.681  44.618 0.0000000000
84137  48.597  -25.882  46.307 0.0000000000
84150  50.068  -25.023  46.219 0.0000000000
84207  54.300  -24.259  41.767 0.0000000000
84216  53.825  -24.272  41.537 0.0000000000
84217  53.570  -24.353  41.665 0.0000000000
85374  53.945  -24.003  41.081 0.0000000000
86463  58.127  -22.121  45.017 0.0000000000
87637  56.269  -22.309  47.629 0.0000000000
87667  58.275  -21.419  46.170 0.0000000000
87679  58.030  -22.058  45.419 0.0000000000
90045  60.698  -20.380  46.343 0.0000000000
90046  60.457  -20.358  46.688 0.0000000000
90070  61.395  -19.530  44.784 0.0000000000
91369  61.650  -18.747  44.404 0.0000000000
92535  61.877  -17.976  44.499 0.0000000000
92536  61.661  -18.297  44.619 0.0000000000
93656  60.550  -17.788  43.199 0.0000000000
94769  59.491  -15.340  40.418 0.0000000000
95869  60.237  -15.287  41.401 0.0000000000
95950  55.358  -15.408  34.196 0.0000000000
97107  60.636  -14.682  40.723 0.0000000000
97166  61.112  -13.085  34.368 0.0000000000
97218  60.810  -14.000  31.163 0.0000000000
98419  60.850  -12.891  35.013 0.0000000000
