#!ascii label  , from subject 3051 vox2ras=TkReg
1052
63449  25.396  -41.588  71.962 0.0000000000
75097  47.500  -31.668  55.558 0.0000000000
78688  54.116  -28.169  53.979 0.0000000000
64791  50.070  -38.449  61.166 0.0000000000
61086  32.777  -42.951  67.591 0.0000000000
58311  29.932  -44.580  72.430 0.0000000000
78661  51.452  -28.911  56.748 0.0000000000
70085  52.580  -35.502  56.248 0.0000000000
67135  46.126  -38.598  65.755 0.0000000000
61020  37.935  -42.712  69.082 0.0000000000
85274  60.097  -22.426  46.472 0.0000000000
84070  55.603  -24.709  51.473 0.0000000000
72695  46.473  -34.311  61.073 0.0000000000
67264  48.830  -37.490  58.027 0.0000000000
61029  28.651  -43.748  69.918 0.0000000000
60949  26.906  -43.626  72.174 0.0000000000
76168  49.213  -30.903  56.639 0.0000000000
72722  51.963  -32.639  57.342 0.0000000000
72757  50.074  -33.784  56.506 0.0000000000
59737  44.035  -42.880  64.423 0.0000000000
60977  34.092  -43.343  70.816 0.0000000000
61065  35.609  -42.747  68.506 0.0000000000
58364  36.981  -44.654  70.064 0.0000000000
88769  59.184  -21.482  48.425 0.0000000000
82882  58.742  -25.203  46.905 0.0000000000
85218  58.144  -23.466  48.823 0.0000000000
81380  52.927  -26.959  53.596 0.0000000000
82829  53.161  -26.084  51.347 0.0000000000
81376  54.967  -26.171  52.549 0.0000000000
81436  54.887  -26.502  49.957 0.0000000000
80073  53.632  -27.844  51.471 0.0000000000
65913  48.201  -38.158  63.475 0.0000000000
69937  46.956  -36.717  63.000 0.0000000000
71248  48.975  -35.882  62.349 0.0000000000
72723  48.168  -34.549  60.305 0.0000000000
68631  50.382  -37.584  60.324 0.0000000000
66042  50.387  -39.041  57.496 0.0000000000
63671  50.511  -39.677  59.089 0.0000000000
61027  30.967  -43.545  70.859 0.0000000000
80061  50.814  -28.205  53.599 0.0000000000
80018  53.407  -28.267  56.103 0.0000000000
75095  53.637  -31.603  56.364 0.0000000000
71365  53.708  -34.099  55.291 0.0000000000
64687  42.117  -40.956  67.866 0.0000000000
62323  44.811  -41.543  66.656 0.0000000000
62393  46.219  -40.699  64.096 0.0000000000
63605  47.478  -40.244  61.318 0.0000000000
61219  48.708  -41.602  59.461 0.0000000000
62324  39.558  -41.601  67.528 0.0000000000
59672  40.587  -43.083  68.354 0.0000000000
85310  60.027  -23.617  44.287 0.0000000000
86358  56.121  -23.695  50.199 0.0000000000
81410  56.630  -25.332  49.699 0.0000000000
80146  55.515  -27.243  47.477 0.0000000000
68708  47.325  -35.916  55.477 0.0000000000
67327  50.046  -37.907  54.941 0.0000000000
66094  51.763  -37.674  54.650 0.0000000000
60951  25.775  -43.052  72.558 0.0000000000
62229  26.208  -43.040  72.083 0.0000000000
59572  26.290  -43.709  72.410 0.0000000000
76183  48.146  -30.886  56.143 0.0000000000
73932  49.955  -32.067  57.150 0.0000000000
73953  48.872  -33.006  56.037 0.0000000000
59607  35.759  -44.139  70.396 0.0000000000
88792  57.844  -21.404  48.537 0.0000000000
87570  58.935  -22.429  48.804 0.0000000000
87589  57.548  -21.884  49.167 0.0000000000
81355  54.383  -27.148  54.854 0.0000000000
81363  54.431  -26.695  53.882 0.0000000000
80048  54.577  -27.156  54.029 0.0000000000
80071  54.329  -27.077  52.449 0.0000000000
65928  48.860  -38.021  62.560 0.0000000000
68499  48.818  -36.998  63.404 0.0000000000
67186  49.664  -37.484  61.871 0.0000000000
69982  49.692  -36.843  61.385 0.0000000000
67212  50.700  -37.856  61.156 0.0000000000
65973  50.776  -38.536  59.993 0.0000000000
63626  50.478  -39.049  60.447 0.0000000000
59655  29.491  -43.821  70.253 0.0000000000
59633  30.764  -43.845  71.628 0.0000000000
59611  31.621  -44.014  71.581 0.0000000000
78673  49.978  -29.425  55.293 0.0000000000
78691  49.949  -28.758  53.629 0.0000000000
80043  51.248  -28.486  55.125 0.0000000000
80050  52.450  -27.934  55.250 0.0000000000
80020  52.231  -28.607  56.817 0.0000000000
77351  53.422  -29.679  56.392 0.0000000000
77341  52.308  -29.986  57.333 0.0000000000
70043  52.524  -34.643  57.094 0.0000000000
72744  53.454  -33.607  57.091 0.0000000000
68664  53.328  -34.947  56.050 0.0000000000
68745  53.167  -35.608  54.342 0.0000000000
67322  53.014  -36.046  55.077 0.0000000000
59669  42.809  -42.450  67.355 0.0000000000
62290  43.790  -41.751  67.325 0.0000000000
59689  44.243  -42.240  66.487 0.0000000000
61145  44.978  -42.139  64.623 0.0000000000
63582  46.402  -40.107  63.136 0.0000000000
61044  36.589  -42.660  68.997 0.0000000000
61063  37.367  -42.395  67.955 0.0000000000
62296  38.870  -41.909  68.599 0.0000000000
62277  40.057  -42.126  68.575 0.0000000000
61019  39.188  -42.617  68.695 0.0000000000
88804  60.762  -20.723  46.705 0.0000000000
85294  59.923  -23.375  45.242 0.0000000000
81518  58.471  -25.832  46.760 0.0000000000
84071  54.924  -25.052  51.616 0.0000000000
82844  53.383  -25.559  50.101 0.0000000000
84095  54.970  -24.569  50.644 0.0000000000
85219  55.232  -24.103  49.889 0.0000000000
85197  55.957  -24.281  50.767 0.0000000000
85195  56.709  -24.470  50.242 0.0000000000
82803  56.798  -25.037  50.773 0.0000000000
80114  54.077  -27.067  49.320 0.0000000000
81479  54.970  -26.707  48.522 0.0000000000
67137  45.111  -39.175  65.821 0.0000000000
67177  45.573  -38.731  64.611 0.0000000000
71261  47.189  -35.961  61.736 0.0000000000
68580  46.385  -37.039  61.374 0.0000000000
70044  48.585  -36.507  58.917 0.0000000000
72737  47.205  -34.068  59.029 0.0000000000
70046  47.420  -35.864  57.804 0.0000000000
70067  46.567  -35.469  56.430 0.0000000000
67301  47.485  -37.074  56.557 0.0000000000
68706  48.808  -36.566  55.268 0.0000000000
66098  49.041  -38.344  55.981 0.0000000000
64876  51.084  -39.873  57.066 0.0000000000
64916  50.861  -39.247  55.732 0.0000000000
63733  51.603  -39.415  55.149 0.0000000000
63780  52.253  -38.811  54.318 0.0000000000
60963  27.802  -43.841  71.603 0.0000000000
58313  28.332  -44.595  72.628 0.0000000000
55612  28.555  -45.502  71.955 0.0000000000
55599  27.390  -45.238  72.282 0.0000000000
77355  50.423  -30.241  56.695 0.0000000000
76147  51.514  -31.160  57.555 0.0000000000
75071  51.043  -31.701  57.332 0.0000000000
72746  51.254  -33.430  56.970 0.0000000000
71350  51.239  -34.753  56.486 0.0000000000
61047  33.676  -42.980  69.412 0.0000000000
61085  33.947  -42.935  67.524 0.0000000000
61023  35.021  -43.063  69.760 0.0000000000
60996  36.298  -43.320  69.626 0.0000000000
59653  37.431  -43.282  69.355 0.0000000000
59652  38.162  -43.520  68.919 0.0000000000
56968  37.639  -45.122  68.747 0.0000000000
86396  59.723  -22.215  47.541 0.0000000000
85258  59.465  -23.439  47.176 0.0000000000
86397  59.375  -22.798  47.957 0.0000000000
84118  58.265  -24.177  48.043 0.0000000000
81475  57.934  -25.207  48.070 0.0000000000
81415  52.274  -27.129  51.969 0.0000000000
81395  53.121  -26.644  52.447 0.0000000000
82780  54.456  -25.719  52.307 0.0000000000
82778  55.283  -25.469  51.781 0.0000000000
82804  56.250  -25.389  51.218 0.0000000000
80081  54.729  -26.498  51.775 0.0000000000
80097  54.530  -26.925  50.784 0.0000000000
65885  47.586  -38.659  64.883 0.0000000000
68477  46.667  -37.414  64.850 0.0000000000
68475  47.986  -37.144  64.709 0.0000000000
71235  47.977  -35.770  63.314 0.0000000000
72668  48.002  -35.357  62.014 0.0000000000
73897  46.997  -33.759  61.000 0.0000000000
71273  48.787  -35.492  61.337 0.0000000000
70002  48.887  -36.001  60.703 0.0000000000
68650  49.839  -37.140  59.112 0.0000000000
67277  49.620  -38.346  57.640 0.0000000000
67262  50.310  -38.423  58.860 0.0000000000
66017  50.564  -39.317  58.639 0.0000000000
62521  51.018  -40.276  57.889 0.0000000000
61071  28.886  -43.676  68.382 0.0000000000
59697  29.849  -43.653  69.052 0.0000000000
61068  31.985  -43.206  68.620 0.0000000000
61000  32.605  -43.474  70.893 0.0000000000
58351  33.261  -44.374  71.216 0.0000000000
81381  52.189  -27.504  53.761 0.0000000000
81357  53.273  -27.536  55.359 0.0000000000
80027  54.064  -27.813  55.410 0.0000000000
77376  53.604  -29.283  55.657 0.0000000000
76199  53.295  -30.303  55.561 0.0000000000
75126  53.421  -32.273  55.509 0.0000000000
75050  52.571  -31.848  57.664 0.0000000000
73952  53.914  -32.564  56.071 0.0000000000
63541  41.497  -40.627  66.831 0.0000000000
64700  43.064  -40.677  66.971 0.0000000000
64698  44.272  -40.321  66.758 0.0000000000
64713  45.739  -39.994  66.283 0.0000000000
61123  44.934  -42.262  65.326 0.0000000000
62349  45.856  -41.359  64.979 0.0000000000
64727  47.120  -39.609  65.226 0.0000000000
64742  47.173  -39.530  64.500 0.0000000000
64777  47.741  -38.650  62.378 0.0000000000
64793  48.488  -38.818  61.662 0.0000000000
62447  49.662  -39.976  60.206 0.0000000000
62449  48.508  -40.860  60.472 0.0000000000
63516  40.741  -41.033  67.919 0.0000000000
61042  41.636  -42.375  68.339 0.0000000000
58403  41.636  -43.285  67.060 0.0000000000
58406  39.069  -43.843  67.614 0.0000000000
58423  40.613  -44.109  66.717 0.0000000000
86471  60.313  -22.817  43.637 0.0000000000
86380  56.361  -22.484  49.146 0.0000000000
86356  57.455  -23.152  49.544 0.0000000000
84093  57.450  -24.184  49.212 0.0000000000
80127  57.018  -26.355  48.103 0.0000000000
81411  56.231  -25.659  50.200 0.0000000000
80113  56.031  -26.627  48.521 0.0000000000
80162  56.187  -26.943  46.842 0.0000000000
67188  45.924  -38.193  63.045 0.0000000000
72773  46.113  -33.769  55.359 0.0000000000
72771  47.932  -33.730  55.182 0.0000000000
71366  49.105  -34.605  55.520 0.0000000000
70105  50.787  -35.934  55.479 0.0000000000
70104  51.432  -36.195  55.435 0.0000000000
66067  49.799  -38.825  56.546 0.0000000000
67326  51.000  -37.790  54.834 0.0000000000
67324  52.381  -36.743  55.005 0.0000000000
64956  52.904  -38.042  54.000 0.0000000000
62487  49.958  -40.554  59.090 0.0000000000
61265  49.873  -41.111  57.512 0.0000000000
62244  25.412  -42.057  72.104 0.0000000000
60952  25.197  -43.002  72.972 0.0000000000
62231  25.240  -42.332  72.436 0.0000000000
62243  25.767  -42.388  71.858 0.0000000000
62230  25.769  -42.716  72.243 0.0000000000
73945  48.808  -32.036  56.423 0.0000000000
73954  48.133  -32.590  55.673 0.0000000000
88771  58.052  -21.415  48.987 0.0000000000
87613  57.381  -21.717  48.741 0.0000000000
80039  54.449  -27.627  54.800 0.0000000000
81354  54.569  -27.079  54.341 0.0000000000
80049  54.440  -27.586  54.130 0.0000000000
80059  54.298  -27.356  53.317 0.0000000000
64775  49.096  -38.195  61.902 0.0000000000
65927  49.261  -37.970  62.002 0.0000000000
65926  49.761  -37.869  61.652 0.0000000000
67199  49.935  -37.677  61.504 0.0000000000
65940  50.201  -38.187  61.311 0.0000000000
65955  50.852  -38.567  60.570 0.0000000000
64808  50.329  -38.656  60.867 0.0000000000
59568  29.590  -44.272  72.587 0.0000000000
59613  30.120  -43.961  72.000 0.0000000000
59592  30.086  -44.102  72.388 0.0000000000
58310  30.500  -44.811  72.292 0.0000000000
78662  50.855  -29.055  56.441 0.0000000000
78680  50.624  -28.824  54.864 0.0000000000
78671  51.353  -28.687  56.291 0.0000000000
80042  51.850  -28.316  55.770 0.0000000000
80021  51.838  -28.786  56.884 0.0000000000
78651  52.445  -28.885  56.960 0.0000000000
78652  51.737  -29.192  57.174 0.0000000000
70064  52.452  -35.050  56.838 0.0000000000
70042  52.795  -34.689  57.109 0.0000000000
68666  53.041  -35.552  56.021 0.0000000000
68679  53.319  -35.380  55.555 0.0000000000
68681  52.809  -35.840  55.786 0.0000000000
59709  42.840  -42.811  66.479 0.0000000000
59708  43.365  -42.652  66.340 0.0000000000
61043  37.189  -42.407  69.179 0.0000000000
62299  36.942  -42.414  68.745 0.0000000000
62298  37.327  -42.236  68.881 0.0000000000
62311  37.891  -42.187  68.075 0.0000000000
62279  38.076  -42.110  69.175 0.0000000000
62278  38.970  -42.229  68.691 0.0000000000
86431  60.476  -22.002  46.624 0.0000000000
86432  60.286  -22.320  46.213 0.0000000000
86450  60.278  -22.462  45.601 0.0000000000
84083  54.562  -24.788  51.115 0.0000000000
84082  55.323  -24.635  51.160 0.0000000000
85210  55.721  -24.229  50.608 0.0000000000
84069  56.149  -24.650  51.364 0.0000000000
84068  56.605  -24.880  51.207 0.0000000000
80131  53.495  -27.617  48.334 0.0000000000
80130  54.426  -27.141  48.260 0.0000000000
67136  45.554  -38.911  65.914 0.0000000000
67165  45.498  -38.767  65.291 0.0000000000
67152  46.040  -38.324  65.414 0.0000000000
72683  46.447  -35.063  61.215 0.0000000000
71274  46.405  -35.366  61.068 0.0000000000
68652  48.260  -36.941  58.382 0.0000000000
70045  48.004  -36.018  58.749 0.0000000000
68653  47.713  -36.554  57.940 0.0000000000
68668  47.183  -36.709  57.108 0.0000000000
67279  48.283  -37.670  57.224 0.0000000000
67299  48.712  -38.081  56.434 0.0000000000
62519  51.061  -40.149  56.398 0.0000000000
63714  51.050  -39.802  55.918 0.0000000000
62538  51.275  -39.973  55.630 0.0000000000
62565  51.658  -39.630  55.028 0.0000000000
60964  27.090  -43.556  71.775 0.0000000000
62267  26.808  -43.145  71.133 0.0000000000
60948  27.728  -44.024  72.150 0.0000000000
59594  28.436  -44.029  71.912 0.0000000000
59570  28.030  -44.246  72.217 0.0000000000
56898  27.886  -45.117  72.572 0.0000000000
58314  27.180  -44.265  72.841 0.0000000000
77366  48.990  -30.254  56.199 0.0000000000
77378  48.971  -29.998  55.327 0.0000000000
77377  49.575  -29.773  55.919 0.0000000000
77356  49.645  -30.415  56.503 0.0000000000
77344  50.813  -30.597  57.069 0.0000000000
76149  50.195  -31.035  56.797 0.0000000000
72748  49.919  -33.202  56.645 0.0000000000
72747  50.615  -33.305  56.839 0.0000000000
71337  51.060  -33.821  56.934 0.0000000000
71351  50.701  -34.290  56.553 0.0000000000
60999  33.631  -43.127  70.749 0.0000000000
60998  34.426  -43.205  70.286 0.0000000000
59606  36.217  -44.332  70.305 0.0000000000
59631  35.689  -43.650  70.134 0.0000000000
59630  36.720  -43.906  69.834 0.0000000000
59629  37.397  -44.326  69.652 0.0000000000
88790  59.053  -20.963  48.116 0.0000000000
88789  59.543  -21.192  47.590 0.0000000000
88788  60.037  -21.334  47.321 0.0000000000
87611  59.682  -21.947  47.781 0.0000000000
87585  59.482  -22.171  48.154 0.0000000000
86365  58.764  -22.767  48.786 0.0000000000
85228  58.787  -23.317  48.256 0.0000000000
85229  58.429  -23.463  48.488 0.0000000000
82865  58.120  -24.618  48.123 0.0000000000
84106  57.999  -24.018  48.398 0.0000000000
81379  53.848  -26.378  53.208 0.0000000000
81377  54.683  -26.204  52.817 0.0000000000
81378  54.542  -26.098  53.124 0.0000000000
82779  55.033  -25.642  52.310 0.0000000000
82805  55.614  -25.623  51.363 0.0000000000
78715  53.979  -27.408  51.992 0.0000000000
80082  54.477  -26.927  51.533 0.0000000000
80083  54.087  -27.420  51.263 0.0000000000
80098  54.151  -27.102  50.264 0.0000000000
80084  53.673  -27.734  50.830 0.0000000000
65898  48.047  -38.532  64.037 0.0000000000
67149  47.729  -37.810  64.786 0.0000000000
67163  48.140  -38.030  64.245 0.0000000000
69934  49.093  -36.618  63.142 0.0000000000
71223  48.485  -35.974  63.750 0.0000000000
71234  48.603  -35.795  63.155 0.0000000000
72655  48.083  -35.672  62.674 0.0000000000
72654  48.435  -35.674  62.427 0.0000000000
72680  47.951  -34.837  61.589 0.0000000000
71259  49.139  -35.980  61.866 0.0000000000
70000  49.806  -37.123  60.845 0.0000000000
70001  49.511  -36.715  60.579 0.0000000000
68632  49.938  -37.199  59.837 0.0000000000
68633  49.464  -36.913  59.493 0.0000000000
67246  49.969  -37.493  59.282 0.0000000000
67245  50.352  -37.934  59.623 0.0000000000
64839  50.602  -39.148  59.555 0.0000000000
65996  50.549  -38.963  59.172 0.0000000000
64857  50.633  -39.576  58.646 0.0000000000
63699  51.157  -40.133  57.691 0.0000000000
63682  51.000  -39.949  58.285 0.0000000000
61051  28.155  -43.692  69.200 0.0000000000
61072  27.914  -43.579  68.314 0.0000000000
61050  28.841  -43.751  69.161 0.0000000000
59654  30.207  -43.817  70.556 0.0000000000
59676  29.704  -43.742  69.665 0.0000000000
59696  30.310  -43.657  69.407 0.0000000000
61069  30.757  -43.482  68.610 0.0000000000
61049  31.111  -43.536  69.772 0.0000000000
61026  31.974  -43.512  70.494 0.0000000000
80075  50.926  -27.985  52.722 0.0000000000
80074  51.534  -27.687  53.231 0.0000000000
80040  52.803  -27.613  55.970 0.0000000000
81358  52.798  -27.679  55.275 0.0000000000
81346  53.740  -27.840  55.621 0.0000000000
81345  54.144  -27.497  55.357 0.0000000000
80028  54.193  -28.028  55.571 0.0000000000
78670  54.055  -28.370  55.271 0.0000000000
78660  53.677  -28.630  55.762 0.0000000000
76165  53.456  -30.515  56.552 0.0000000000
76182  53.461  -30.491  56.022 0.0000000000
75107  53.272  -31.513  55.566 0.0000000000
75106  53.459  -31.727  55.875 0.0000000000
76132  51.730  -31.636  57.541 0.0000000000
76130  52.291  -31.370  57.564 0.0000000000
73915  52.329  -32.286  57.588 0.0000000000
71349  53.849  -33.987  56.380 0.0000000000
72755  53.964  -33.377  56.465 0.0000000000
72769  53.875  -33.402  55.681 0.0000000000
72791  53.627  -33.562  55.168 0.0000000000
72805  53.572  -33.864  54.780 0.0000000000
64702  41.776  -40.755  67.628 0.0000000000
64730  42.242  -40.357  66.634 0.0000000000
64686  42.499  -40.863  67.704 0.0000000000
62307  44.495  -41.579  66.950 0.0000000000
63512  44.380  -40.871  67.087 0.0000000000
63511  45.030  -40.933  66.886 0.0000000000
64697  44.969  -40.145  66.511 0.0000000000
62322  45.251  -41.220  66.458 0.0000000000
59728  43.871  -42.941  65.205 0.0000000000
59727  44.576  -42.612  65.078 0.0000000000
62367  45.734  -41.365  64.465 0.0000000000
61144  45.299  -41.860  64.908 0.0000000000
62366  46.536  -40.915  64.782 0.0000000000
62348  46.371  -40.903  65.294 0.0000000000
63551  47.032  -40.417  65.030 0.0000000000
63564  46.712  -40.109  64.281 0.0000000000
63606  46.625  -40.270  61.854 0.0000000000
64778  47.011  -39.360  62.301 0.0000000000
64794  47.705  -39.310  61.687 0.0000000000
63604  48.475  -39.789  61.289 0.0000000000
62424  48.011  -40.797  60.801 0.0000000000
61066  34.368  -42.881  68.494 0.0000000000
61084  35.099  -42.801  67.504 0.0000000000
62339  38.754  -42.323  66.870 0.0000000000
61102  39.128  -42.475  66.277 0.0000000000
62338  39.865  -41.871  66.475 0.0000000000
63530  40.771  -41.005  67.250 0.0000000000
63517  40.111  -41.160  67.720 0.0000000000
59650  40.747  -42.640  68.680 0.0000000000
61017  40.938  -42.326  68.805 0.0000000000
59649  41.119  -42.524  68.706 0.0000000000
59692  41.873  -42.899  67.405 0.0000000000
59693  41.286  -43.337  67.869 0.0000000000
58389  38.772  -43.661  68.174 0.0000000000
56992  41.019  -44.347  66.173 0.0000000000
86462  60.353  -22.459  44.611 0.0000000000
85326  60.123  -23.842  43.363 0.0000000000
84132  59.202  -24.399  46.763 0.0000000000
81458  52.521  -26.404  50.463 0.0000000000
82845  53.040  -25.962  50.610 0.0000000000
86370  55.757  -23.336  49.754 0.0000000000
85230  55.286  -23.376  49.316 0.0000000000
86381  55.757  -22.775  48.999 0.0000000000
86369  56.442  -22.809  49.533 0.0000000000
86368  56.940  -22.750  49.527 0.0000000000
86357  56.823  -23.286  49.834 0.0000000000
84081  56.878  -24.410  49.903 0.0000000000
84094  57.002  -24.671  49.541 0.0000000000
81432  57.417  -25.210  48.996 0.0000000000
80095  56.848  -25.696  48.913 0.0000000000
81412  55.279  -26.196  50.794 0.0000000000
81392  55.833  -25.685  50.836 0.0000000000
80129  55.643  -26.884  48.157 0.0000000000
81456  55.464  -26.500  48.904 0.0000000000
80128  56.488  -26.636  47.973 0.0000000000
68501  46.669  -37.165  64.032 0.0000000000
68502  46.408  -37.677  64.372 0.0000000000
68530  46.498  -37.348  63.392 0.0000000000
72707  47.948  -34.199  60.631 0.0000000000
72738  46.688  -33.992  58.421 0.0000000000
68686  46.791  -35.876  55.835 0.0000000000
71353  46.328  -34.689  56.079 0.0000000000
70109  47.039  -35.293  55.332 0.0000000000
72772  47.008  -33.815  54.938 0.0000000000
71368  47.426  -34.580  55.027 0.0000000000
71367  48.267  -34.623  55.109 0.0000000000
70107  48.612  -35.494  55.195 0.0000000000
68705  49.875  -36.751  55.038 0.0000000000
68704  50.834  -36.874  54.957 0.0000000000
66043  49.946  -38.678  57.498 0.0000000000
66066  50.223  -39.026  56.747 0.0000000000
64915  51.389  -39.030  55.300 0.0000000000
66095  51.232  -38.418  55.046 0.0000000000
67325  51.709  -37.292  54.830 0.0000000000
66093  52.606  -36.832  54.775 0.0000000000
64914  52.038  -37.805  54.459 0.0000000000
64958  52.104  -38.864  53.959 0.0000000000
61201  49.326  -40.586  59.935 0.0000000000
62467  49.780  -40.305  59.661 0.0000000000
61218  49.340  -41.026  59.429 0.0000000000
62242  26.369  -43.127  71.858 0.0000000000
59571  27.015  -43.855  72.727 0.0000000000
60950  26.302  -43.368  72.306 0.0000000000
77367  48.092  -30.501  55.618 0.0000000000
76150  49.655  -31.224  56.764 0.0000000000
75088  49.297  -31.598  56.748 0.0000000000
73944  49.483  -32.482  56.615 0.0000000000
72758  49.314  -33.614  56.095 0.0000000000
58350  33.963  -44.505  70.716 0.0000000000
59608  34.784  -43.902  70.467 0.0000000000
58349  35.098  -44.565  70.484 0.0000000000
56926  35.680  -45.143  70.432 0.0000000000
88791  58.408  -21.223  48.364 0.0000000000
87586  59.275  -22.184  48.543 0.0000000000
88770  58.590  -21.455  48.754 0.0000000000
87587  58.735  -21.913  49.075 0.0000000000
87572  58.044  -22.568  49.458 0.0000000000
81364  54.225  -26.651  54.207 0.0000000000
80058  54.469  -27.091  53.454 0.0000000000
80070  54.527  -26.576  52.544 0.0000000000
78714  54.064  -27.371  52.388 0.0000000000
65912  48.485  -38.010  63.033 0.0000000000
67162  48.557  -37.556  63.662 0.0000000000
65911  48.951  -37.777  62.693 0.0000000000
68556  49.326  -37.025  62.634 0.0000000000
69949  49.686  -36.713  62.148 0.0000000000
69966  49.661  -36.227  61.976 0.0000000000
69965  49.790  -36.651  61.929 0.0000000000
68597  49.891  -37.273  61.368 0.0000000000
67228  50.902  -37.973  60.445 0.0000000000
65974  50.675  -38.215  59.915 0.0000000000
67227  50.951  -38.335  60.507 0.0000000000
64821  50.750  -38.893  60.155 0.0000000000
63650  50.551  -39.369  59.973 0.0000000000
61028  29.063  -43.806  70.139 0.0000000000
59635  29.190  -43.839  71.046 0.0000000000
59634  30.230  -43.883  71.367 0.0000000000
61002  30.873  -43.713  71.329 0.0000000000
61001  31.461  -43.722  71.260 0.0000000000
59612  30.960  -43.910  71.871 0.0000000000
78681  49.952  -29.138  54.448 0.0000000000
78690  50.483  -28.640  54.190 0.0000000000
80052  51.078  -28.334  54.430 0.0000000000
80060  51.624  -27.999  53.980 0.0000000000
80051  51.943  -28.217  54.755 0.0000000000
80030  52.461  -28.225  56.327 0.0000000000
80019  52.947  -28.302  56.502 0.0000000000
78649  53.349  -28.848  56.478 0.0000000000
78650  53.010  -28.746  56.717 0.0000000000
77339  53.050  -29.874  56.958 0.0000000000
76144  53.069  -30.498  57.037 0.0000000000
72734  52.153  -33.259  57.248 0.0000000000
72733  52.744  -33.453  57.366 0.0000000000
71319  53.007  -34.208  57.333 0.0000000000
71333  53.482  -34.197  56.727 0.0000000000
70083  53.597  -34.720  55.378 0.0000000000
70103  53.615  -34.741  55.077 0.0000000000
68700  53.387  -35.498  55.073 0.0000000000
68725  53.119  -35.875  54.465 0.0000000000
67355  52.929  -36.837  54.129 0.0000000000
62291  42.882  -41.690  67.814 0.0000000000
63497  42.642  -41.161  67.835 0.0000000000
61061  43.482  -42.317  67.209 0.0000000000
61060  43.864  -42.180  67.078 0.0000000000
61059  44.309  -42.090  66.670 0.0000000000
61146  44.516  -42.473  64.349 0.0000000000
62394  45.786  -41.095  63.337 0.0000000000
63583  46.127  -40.747  62.465 0.0000000000
63607  46.229  -40.940  61.887 0.0000000000
61064  36.723  -42.487  68.276 0.0000000000
61082  37.147  -42.524  67.415 0.0000000000
61081  37.707  -42.386  67.551 0.0000000000
62326  38.249  -42.318  67.262 0.0000000000
62310  38.766  -41.779  68.146 0.0000000000
62309  39.553  -41.547  68.132 0.0000000000
62295  39.910  -41.742  68.399 0.0000000000
61018  40.319  -42.393  68.631 0.0000000000
59651  39.743  -42.837  68.517 0.0000000000
86461  60.575  -21.790  45.207 0.0000000000
82806  54.228  -25.269  51.565 0.0000000000
82828  53.632  -25.351  51.032 0.0000000000
82827  54.060  -24.945  51.202 0.0000000000
84084  54.052  -24.786  50.878 0.0000000000
84096  54.512  -24.597  50.443 0.0000000000
86359  55.772  -23.810  50.128 0.0000000000
85208  56.973  -23.749  49.956 0.0000000000
85196  56.416  -24.280  50.506 0.0000000000
84067  56.733  -24.871  50.579 0.0000000000
82825  56.671  -25.052  50.101 0.0000000000
81437  54.426  -26.758  49.621 0.0000000000
81457  54.666  -26.643  48.977 0.0000000000
65888  44.126  -39.545  65.913 0.0000000000
69952  47.034  -36.558  62.238 0.0000000000
69938  46.800  -36.929  62.611 0.0000000000
69968  46.681  -36.335  61.516 0.0000000000
69985  46.489  -36.075  60.800 0.0000000000
71304  48.272  -35.029  59.695 0.0000000000
71305  47.620  -34.526  59.279 0.0000000000
71322  48.077  -35.340  59.010 0.0000000000
71323  47.379  -34.923  58.484 0.0000000000
71338  47.068  -35.335  57.663 0.0000000000
71339  46.522  -34.863  57.289 0.0000000000
70066  46.864  -35.768  57.146 0.0000000000
68669  46.851  -36.156  56.490 0.0000000000
68685  47.284  -36.675  55.973 0.0000000000
68684  48.060  -36.869  55.595 0.0000000000
67329  48.440  -37.204  55.554 0.0000000000
67328  49.009  -37.694  55.520 0.0000000000
64878  50.712  -39.446  57.459 0.0000000000
64897  50.530  -39.342  56.495 0.0000000000
64896  50.854  -39.630  56.476 0.0000000000
64935  51.977  -38.631  54.529 0.0000000000
63756  51.941  -39.132  54.605 0.0000000000
61030  27.519  -43.446  70.169 0.0000000000
61005  27.538  -43.246  70.802 0.0000000000
61004  28.333  -43.651  70.788 0.0000000000
59615  28.543  -43.842  71.546 0.0000000000
59593  29.217  -43.972  72.335 0.0000000000
58312  29.181  -44.600  72.580 0.0000000000
56896  29.480  -45.166  72.399 0.0000000000
56897  28.655  -45.089  72.530 0.0000000000
55598  28.172  -45.342  72.294 0.0000000000
58315  26.720  -44.281  72.537 0.0000000000
78663  50.277  -29.430  56.066 0.0000000000
78653  51.045  -29.457  56.817 0.0000000000
77353  51.589  -29.831  57.272 0.0000000000
76148  50.833  -31.093  57.335 0.0000000000
73930  51.327  -32.304  57.239 0.0000000000
75072  50.325  -31.644  57.104 0.0000000000
72736  51.004  -32.938  56.861 0.0000000000
72735  51.674  -33.052  57.168 0.0000000000
71321  51.979  -33.651  57.197 0.0000000000
70065  52.037  -34.880  56.868 0.0000000000
70086  51.751  -35.397  56.228 0.0000000000
58451  43.075  -43.329  65.444 0.0000000000
61067  33.208  -43.087  68.539 0.0000000000
61046  34.725  -42.887  69.304 0.0000000000
59632  35.134  -43.543  70.202 0.0000000000
61045  35.592  -42.967  69.212 0.0000000000
61022  35.990  -43.121  69.392 0.0000000000
60995  37.070  -43.092  69.535 0.0000000000
58376  37.631  -44.566  69.224 0.0000000000
87634  60.388  -21.628  47.101 0.0000000000
86411  60.032  -22.132  47.097 0.0000000000
85275  59.830  -23.119  46.259 0.0000000000
85257  59.849  -22.547  46.809 0.0000000000
85243  59.104  -23.393  47.792 0.0000000000
86379  59.149  -22.768  48.423 0.0000000000
84117  58.579  -24.226  47.653 0.0000000000
82864  58.132  -24.993  47.919 0.0000000000
81498  58.143  -25.582  47.548 0.0000000000
80143  57.768  -25.975  47.737 0.0000000000
81414  52.753  -26.591  51.593 0.0000000000
82808  53.183  -26.314  51.844 0.0000000000
82781  53.912  -25.997  52.577 0.0000000000
82807  53.665  -25.916  51.991 0.0000000000
84057  55.035  -25.285  51.831 0.0000000000
84056  55.624  -24.999  51.708 0.0000000000
82777  56.160  -25.174  51.491 0.0000000000
81393  55.303  -25.993  51.583 0.0000000000
81413  54.834  -26.638  50.793 0.0000000000
80115  53.510  -27.428  48.957 0.0000000000
67134  46.534  -38.472  65.486 0.0000000000
67151  46.615  -38.048  65.325 0.0000000000
67150  47.067  -38.298  65.366 0.0000000000
68476  47.338  -37.353  65.094 0.0000000000
69901  47.341  -36.823  64.558 0.0000000000
68500  48.607  -36.955  63.779 0.0000000000
69922  47.818  -36.311  64.209 0.0000000000
69936  47.201  -36.479  63.271 0.0000000000
71249  47.343  -36.036  62.549 0.0000000000
72670  47.364  -35.937  61.926 0.0000000000
72682  46.843  -34.990  61.406 0.0000000000
73893  46.832  -34.229  61.208 0.0000000000
72681  47.416  -34.703  61.446 0.0000000000
72693  48.231  -34.560  61.204 0.0000000000
72706  48.450  -34.739  60.817 0.0000000000
69983  49.240  -36.228  61.424 0.0000000000
69984  48.918  -35.785  61.187 0.0000000000
71303  48.634  -35.612  60.233 0.0000000000
70021  48.801  -36.234  59.691 0.0000000000
68651  49.166  -36.954  58.856 0.0000000000
67278  49.108  -38.161  57.383 0.0000000000
67263  49.719  -37.968  58.506 0.0000000000
66019  50.208  -38.619  58.179 0.0000000000
65997  50.517  -38.546  59.410 0.0000000000
66018  50.461  -38.942  58.471 0.0000000000
64877  51.038  -39.815  57.498 0.0000000000
63698  51.126  -40.058  56.906 0.0000000000
61087  31.625  -43.038  67.626 0.0000000000
59677  29.253  -43.754  69.429 0.0000000000
61088  30.563  -43.205  67.561 0.0000000000
61048  32.520  -43.328  69.530 0.0000000000
61025  33.149  -43.405  70.248 0.0000000000
60979  32.109  -43.842  71.145 0.0000000000
60978  33.134  -43.551  70.997 0.0000000000
59609  33.685  -43.885  71.093 0.0000000000
81396  52.240  -27.187  52.910 0.0000000000
81367  52.152  -27.843  54.256 0.0000000000
81366  52.671  -27.504  54.617 0.0000000000
81365  53.535  -26.890  54.439 0.0000000000
81356  54.061  -27.161  55.094 0.0000000000
78679  54.260  -28.260  54.691 0.0000000000
77411  53.865  -28.658  54.636 0.0000000000
77391  53.748  -29.011  55.117 0.0000000000
76214  53.350  -29.586  55.062 0.0000000000
77364  53.462  -29.538  56.026 0.0000000000
77342  51.784  -30.151  57.414 0.0000000000
76145  52.546  -30.639  57.342 0.0000000000
75068  53.425  -31.744  57.322 0.0000000000
72732  53.197  -32.888  57.412 0.0000000000
73928  53.573  -32.404  57.259 0.0000000000
73942  53.899  -32.430  56.712 0.0000000000
73963  53.681  -32.795  55.574 0.0000000000
63553  42.098  -40.620  65.823 0.0000000000
64728  43.526  -40.007  66.110 0.0000000000
64685  43.104  -40.885  67.206 0.0000000000
65862  43.727  -40.322  66.733 0.0000000000
65875  43.846  -40.080  66.483 0.0000000000
65860  44.690  -39.816  66.367 0.0000000000
65873  45.126  -39.367  66.135 0.0000000000
65872  45.671  -39.388  66.138 0.0000000000
59719  43.659  -42.695  65.804 0.0000000000
59718  44.474  -42.533  65.650 0.0000000000
61100  44.895  -42.157  65.848 0.0000000000
61122  45.139  -41.867  65.417 0.0000000000
61099  45.101  -41.666  66.100 0.0000000000
62335  45.784  -40.820  65.855 0.0000000000
64712  46.308  -39.804  65.995 0.0000000000
65871  46.424  -38.939  65.678 0.0000000000
64726  47.509  -39.067  64.547 0.0000000000
64741  47.707  -38.993  63.994 0.0000000000
64761  47.167  -39.159  63.431 0.0000000000
64760  47.914  -38.232  63.194 0.0000000000
64759  48.382  -38.096  62.857 0.0000000000
64776  48.668  -38.257  62.360 0.0000000000
64792  49.480  -38.549  61.437 0.0000000000
64809  49.834  -38.926  60.817 0.0000000000
63628  49.321  -39.537  60.831 0.0000000000
62448  49.087  -40.450  60.422 0.0000000000
61202  48.639  -41.228  59.962 0.0000000000
61203  48.028  -41.486  60.366 0.0000000000
59777  47.914  -41.876  60.068 0.0000000000
63542  40.636  -41.003  66.335 0.0000000000
63529  41.387  -40.816  67.517 0.0000000000
63515  41.426  -40.998  67.994 0.0000000000
62294  40.722  -41.591  68.579 0.0000000000
62293  41.236  -41.534  68.515 0.0000000000
62292  41.864  -41.696  68.241 0.0000000000
59670  42.358  -42.493  67.572 0.0000000000
58402  42.074  -42.933  66.877 0.0000000000
58421  42.339  -43.149  66.483 0.0000000000
59674  38.605  -43.618  68.450 0.0000000000
59673  39.398  -43.335  68.214 0.0000000000
59695  39.802  -43.505  67.752 0.0000000000
58405  40.153  -43.759  67.340 0.0000000000
58404  41.049  -43.686  67.295 0.0000000000
63450  24.996  -41.388  72.293 0.0000000000
87590  56.875  -22.247  49.024 0.0000000000
87573  57.445  -22.480  49.414 0.0000000000
86367  57.910  -23.039  49.425 0.0000000000
85206  57.474  -23.739  49.381 0.0000000000
82842  57.486  -24.820  49.036 0.0000000000
80125  57.589  -25.542  48.342 0.0000000000
81477  57.141  -26.508  47.595 0.0000000000
82826  56.496  -25.398  50.727 0.0000000000
81455  56.002  -26.475  48.900 0.0000000000
80096  56.537  -26.009  48.981 0.0000000000
80112  56.423  -26.350  48.629 0.0000000000
81478  56.769  -26.658  47.451 0.0000000000
80181  56.193  -26.676  46.208 0.0000000000
75108  46.756  -32.131  55.089 0.0000000000
68478  46.385  -37.938  64.904 0.0000000000
67176  46.053  -38.144  64.032 0.0000000000
72760  46.055  -34.039  56.550 0.0000000000
75109  45.982  -32.320  54.713 0.0000000000
73965  46.762  -32.887  55.004 0.0000000000
73955  47.260  -32.300  55.331 0.0000000000
72759  48.585  -33.372  55.668 0.0000000000
72770  48.649  -33.983  55.469 0.0000000000
71352  49.861  -34.458  56.109 0.0000000000
70106  49.787  -35.467  55.531 0.0000000000
70088  50.274  -34.850  56.115 0.0000000000
70087  50.768  -35.121  56.093 0.0000000000
68683  51.898  -36.148  55.554 0.0000000000
66068  49.264  -38.496  56.529 0.0000000000
66097  49.548  -38.499  55.755 0.0000000000
64917  50.570  -39.295  55.913 0.0000000000
66096  50.388  -38.868  55.652 0.0000000000
68703  51.570  -36.783  55.078 0.0000000000
68702  51.990  -36.596  55.249 0.0000000000
68701  52.501  -36.215  55.406 0.0000000000
67323  52.844  -36.355  55.052 0.0000000000
66120  52.786  -36.618  54.838 0.0000000000
67379  52.985  -37.029  54.003 0.0000000000
64957  52.313  -38.353  54.154 0.0000000000
66144  52.496  -37.944  53.862 0.0000000000
63627  50.097  -39.286  60.412 0.0000000000
63651  50.099  -39.794  59.947 0.0000000000
62466  50.171  -40.022  59.417 0.0000000000
61238  49.676  -41.150  58.829 0.0000000000
61237  50.219  -40.712  58.480 0.0000000000
62486  50.474  -40.211  58.768 0.0000000000
61252  50.406  -40.779  57.774 0.0000000000
54382  28.878  -45.594  71.702 0.0000000000
55596  29.571  -45.737  72.279 0.0000000000
55597  28.939  -45.471  72.241 0.0000000000
55613  27.746  -45.406  71.972 0.0000000000
56889  27.640  -44.628  72.658 0.0000000000
56890  27.262  -44.494  72.732 0.0000000000
56895  30.124  -45.105  72.356 0.0000000000
56899  27.105  -44.934  72.461 0.0000000000
56910  30.666  -45.377  72.093 0.0000000000
56925  36.217  -44.932  70.505 0.0000000000
56991  41.404  -44.015  66.151 0.0000000000
58304  27.763  -44.353  72.562 0.0000000000
58305  27.472  -44.268  72.835 0.0000000000
58329  33.273  -44.773  71.133 0.0000000000
58333  30.549  -44.379  72.295 0.0000000000
58347  36.461  -44.617  70.288 0.0000000000
58348  35.923  -44.626  70.567 0.0000000000
58420  42.821  -42.924  66.265 0.0000000000
58439  42.895  -43.054  66.024 0.0000000000
59553  27.538  -44.068  72.474 0.0000000000
59554  27.420  -44.012  72.739 0.0000000000
59569  29.112  -44.228  72.566 0.0000000000
59656  29.221  -43.797  69.887 0.0000000000
59671  41.471  -42.718  68.281 0.0000000000
59675  30.159  -43.737  69.937 0.0000000000
59690  43.939  -42.328  66.622 0.0000000000
59691  42.953  -42.624  66.991 0.0000000000
59694  40.465  -43.414  67.856 0.0000000000
59707  44.274  -42.332  66.254 0.0000000000
59736  44.558  -42.538  64.720 0.0000000000
59818  49.301  -41.545  58.571 0.0000000000
60976  34.717  -43.427  70.280 0.0000000000
60980  31.501  -43.871  71.488 0.0000000000
60981  28.005  -43.661  71.327 0.0000000000
60982  27.342  -43.517  71.481 0.0000000000
60997  35.331  -43.308  69.959 0.0000000000
61003  28.936  -43.792  70.451 0.0000000000
61015  41.675  -42.140  68.363 0.0000000000
61016  41.336  -42.321  68.578 0.0000000000
61021  37.098  -42.635  69.294 0.0000000000
61024  34.094  -42.995  70.055 0.0000000000
61039  43.721  -42.109  67.263 0.0000000000
61040  43.075  -42.238  67.504 0.0000000000
61041  42.148  -42.206  68.066 0.0000000000
61062  37.635  -42.317  67.872 0.0000000000
61079  45.028  -41.568  66.408 0.0000000000
61080  44.750  -41.777  66.446 0.0000000000
61163  44.273  -42.595  64.004 0.0000000000
62274  41.486  -42.033  68.486 0.0000000000
62275  41.199  -42.001  68.647 0.0000000000
62276  40.817  -42.027  68.742 0.0000000000
62280  37.533  -42.157  69.222 0.0000000000
62289  44.190  -41.641  67.171 0.0000000000
62297  38.052  -41.909  68.823 0.0000000000
62306  44.956  -41.268  66.820 0.0000000000
62308  44.013  -41.879  67.177 0.0000000000
62312  37.184  -42.378  68.439 0.0000000000
62313  36.926  -42.427  68.497 0.0000000000
62321  45.548  -40.986  66.103 0.0000000000
62325  38.828  -41.986  67.407 0.0000000000
62336  45.553  -41.261  65.672 0.0000000000
62504  50.770  -40.381  58.137 0.0000000000
62505  50.953  -40.296  58.119 0.0000000000
62520  50.923  -40.373  57.261 0.0000000000
62587  51.818  -39.348  54.864 0.0000000000
62588  51.693  -39.547  54.781 0.0000000000
63495  44.109  -41.409  67.193 0.0000000000
63496  43.503  -41.215  67.292 0.0000000000
63498  41.883  -41.161  68.061 0.0000000000
63499  41.279  -41.196  68.384 0.0000000000
63500  40.716  -41.206  68.375 0.0000000000
63501  40.162  -41.223  68.126 0.0000000000
63513  43.800  -40.708  67.071 0.0000000000
63514  41.795  -41.020  67.981 0.0000000000
63527  45.814  -40.575  66.097 0.0000000000
63528  45.515  -40.446  66.387 0.0000000000
63531  40.191  -41.315  67.008 0.0000000000
63540  46.476  -40.377  65.602 0.0000000000
63603  48.994  -39.171  61.330 0.0000000000
63629  48.736  -40.321  60.822 0.0000000000
63683  51.008  -40.182  58.317 0.0000000000
63700  51.128  -40.155  58.092 0.0000000000
63781  52.082  -39.045  54.324 0.0000000000
64699  43.692  -40.492  66.942 0.0000000000
64701  42.157  -40.732  67.620 0.0000000000
64714  43.216  -40.377  66.629 0.0000000000
64715  42.558  -40.467  66.983 0.0000000000
64716  41.923  -40.446  67.277 0.0000000000
64795  47.149  -39.691  61.677 0.0000000000
64807  50.668  -38.899  60.423 0.0000000000
64858  50.737  -39.485  58.152 0.0000000000
64895  51.006  -39.822  56.529 0.0000000000
64934  52.506  -37.914  54.105 0.0000000000
65859  45.095  -39.637  66.302 0.0000000000
65861  44.160  -40.085  66.549 0.0000000000
65874  44.653  -39.464  66.154 0.0000000000
65886  46.916  -39.070  65.444 0.0000000000
65887  44.828  -39.178  65.652 0.0000000000
65897  48.367  -38.015  63.604 0.0000000000
65941  49.695  -38.136  61.604 0.0000000000
65956  50.860  -38.368  61.066 0.0000000000
66044  49.552  -38.547  57.133 0.0000000000
66092  53.084  -36.406  55.045 0.0000000000
66121  52.705  -37.142  54.363 0.0000000000
66142  52.821  -37.464  54.045 0.0000000000
66143  52.972  -37.725  53.982 0.0000000000
67148  48.307  -37.434  64.321 0.0000000000
67153  45.325  -38.989  65.801 0.0000000000
67161  48.836  -37.394  63.201 0.0000000000
67164  46.083  -38.309  64.800 0.0000000000
67174  49.052  -37.413  62.864 0.0000000000
67175  48.679  -37.711  63.155 0.0000000000
67187  49.302  -37.414  62.391 0.0000000000
67211  51.076  -38.246  60.813 0.0000000000
67265  48.259  -37.375  57.857 0.0000000000
67280  47.670  -37.290  56.954 0.0000000000
67296  53.161  -35.859  55.551 0.0000000000
67297  53.009  -36.002  55.353 0.0000000000
67298  52.774  -36.150  55.371 0.0000000000
67300  48.054  -37.396  56.194 0.0000000000
67354  52.914  -36.329  54.635 0.0000000000
68474  48.350  -36.934  64.378 0.0000000000
68527  49.049  -37.000  63.046 0.0000000000
68528  48.916  -36.772  63.310 0.0000000000
68529  46.793  -37.070  63.500 0.0000000000
68555  49.586  -36.973  62.259 0.0000000000
68579  49.795  -37.078  61.792 0.0000000000
68615  50.298  -37.471  60.911 0.0000000000
68616  50.001  -37.292  60.550 0.0000000000
68665  53.042  -35.298  56.145 0.0000000000
68667  47.804  -37.171  57.625 0.0000000000
68680  52.926  -35.714  55.775 0.0000000000
68682  52.094  -35.914  55.881 0.0000000000
68707  47.923  -36.217  55.279 0.0000000000
68726  52.984  -36.484  54.051 0.0000000000
69899  48.155  -36.794  64.519 0.0000000000
69900  47.845  -36.747  64.631 0.0000000000
69902  47.001  -36.952  64.194 0.0000000000
69921  48.357  -36.411  64.171 0.0000000000
69923  47.398  -36.522  63.796 0.0000000000
69924  47.037  -36.883  63.604 0.0000000000
69935  48.866  -36.337  63.355 0.0000000000
69950  49.405  -36.424  62.543 0.0000000000
69951  49.203  -35.947  62.972 0.0000000000
69953  46.817  -36.706  62.064 0.0000000000
69967  46.944  -36.327  61.706 0.0000000000
70020  49.446  -36.807  59.909 0.0000000000
70022  48.242  -35.651  59.334 0.0000000000
70041  53.152  -34.587  56.915 0.0000000000
70061  53.559  -34.702  55.816 0.0000000000
70062  53.374  -34.785  56.316 0.0000000000
70063  52.982  -35.203  56.544 0.0000000000
70084  52.864  -35.527  56.162 0.0000000000
70089  46.595  -35.221  55.745 0.0000000000
70108  47.747  -35.377  55.127 0.0000000000
70129  53.803  -35.107  55.063 0.0000000000
70150  53.381  -35.084  54.581 0.0000000000
71224  48.188  -35.873  63.866 0.0000000000
71225  47.759  -35.980  63.753 0.0000000000
71236  47.477  -35.993  63.117 0.0000000000
71237  47.100  -36.166  62.941 0.0000000000
71247  49.474  -36.032  62.209 0.0000000000
71250  47.207  -36.279  62.401 0.0000000000
71260  48.713  -35.533  61.689 0.0000000000
71262  46.767  -35.688  61.378 0.0000000000
71272  48.977  -35.915  61.559 0.0000000000
71287  48.687  -35.248  60.713 0.0000000000
71288  48.420  -34.860  60.408 0.0000000000
71318  53.195  -34.274  57.054 0.0000000000
71320  52.415  -34.112  57.222 0.0000000000
71332  53.692  -34.361  56.190 0.0000000000
71334  53.217  -34.032  57.110 0.0000000000
71335  52.252  -34.607  57.038 0.0000000000
71336  51.649  -34.214  56.955 0.0000000000
71348  53.865  -34.085  55.842 0.0000000000
71369  46.682  -34.590  55.285 0.0000000000
71390  53.601  -34.364  54.876 0.0000000000
72656  47.785  -35.783  62.850 0.0000000000
72667  48.360  -35.483  62.026 0.0000000000
72669  47.637  -35.687  62.154 0.0000000000
72679  48.369  -35.025  61.542 0.0000000000
72692  48.602  -35.028  61.251 0.0000000000
72694  47.637  -34.204  61.064 0.0000000000
72696  46.023  -34.424  60.843 0.0000000000
72705  48.694  -35.080  60.923 0.0000000000
72719  52.953  -32.862  57.454 0.0000000000
72720  52.641  -32.763  57.459 0.0000000000
72721  52.240  -32.728  57.392 0.0000000000
72724  47.662  -34.138  59.816 0.0000000000
72731  53.545  -32.782  57.302 0.0000000000
72743  53.752  -32.953  57.137 0.0000000000
72745  53.121  -33.861  57.298 0.0000000000
72756  53.751  -33.817  56.683 0.0000000000
73894  46.591  -34.265  61.168 0.0000000000
73913  53.295  -32.139  57.530 0.0000000000
73914  52.899  -32.399  57.636 0.0000000000
73916  52.076  -32.061  57.630 0.0000000000
73917  51.789  -32.261  57.417 0.0000000000
73929  53.250  -32.487  57.500 0.0000000000
73931  50.506  -32.373  57.057 0.0000000000
73943  50.109  -32.852  56.904 0.0000000000
73964  47.421  -33.261  55.215 0.0000000000
75048  53.316  -31.898  57.504 0.0000000000
75049  53.109  -31.792  57.596 0.0000000000
75051  52.139  -31.863  57.629 0.0000000000
75052  51.887  -31.888  57.563 0.0000000000
75069  53.195  -31.280  57.273 0.0000000000
75070  51.572  -31.831  57.478 0.0000000000
75073  49.875  -31.464  56.871 0.0000000000
75086  53.732  -31.611  56.913 0.0000000000
75087  49.771  -31.821  57.000 0.0000000000
75096  48.480  -31.570  56.279 0.0000000000
76129  52.789  -31.272  57.413 0.0000000000
76131  51.920  -31.494  57.596 0.0000000000
76143  53.433  -31.021  56.998 0.0000000000
76146  52.045  -30.815  57.560 0.0000000000
76166  53.309  -30.437  56.812 0.0000000000
76167  49.868  -30.693  56.645 0.0000000000
77340  52.799  -29.867  57.096 0.0000000000
77343  51.283  -30.467  57.321 0.0000000000
77352  53.268  -29.710  56.697 0.0000000000
77354  51.192  -29.961  57.057 0.0000000000
77365  49.864  -29.925  56.352 0.0000000000
78639  52.941  -29.257  56.889 0.0000000000
78640  52.617  -29.293  57.053 0.0000000000
78641  51.983  -29.393  57.297 0.0000000000
78642  51.823  -29.579  57.316 0.0000000000
78648  53.553  -29.064  56.270 0.0000000000
78654  50.510  -29.610  56.483 0.0000000000
78672  50.843  -28.809  55.742 0.0000000000
78702  53.918  -27.602  53.150 0.0000000000
80017  53.531  -28.328  55.882 0.0000000000
80029  52.994  -27.982  56.168 0.0000000000
80031  51.864  -28.550  56.538 0.0000000000
80038  54.544  -27.332  54.386 0.0000000000
80041  52.730  -27.893  55.758 0.0000000000
80093  57.271  -25.362  49.013 0.0000000000
80094  57.047  -25.460  49.005 0.0000000000
80109  57.303  -25.428  48.868 0.0000000000
80110  57.094  -25.770  48.654 0.0000000000
80111  56.931  -26.061  48.546 0.0000000000
80126  57.462  -26.005  48.152 0.0000000000
80142  57.767  -25.653  47.935 0.0000000000
80145  56.359  -26.845  47.385 0.0000000000
81337  53.329  -28.061  56.146 0.0000000000
81338  53.210  -28.074  56.251 0.0000000000
81347  53.286  -27.961  55.939 0.0000000000
81362  54.465  -26.721  53.565 0.0000000000
81394  53.691  -26.255  52.557 0.0000000000
81433  56.962  -25.293  49.194 0.0000000000
81434  56.525  -25.700  49.413 0.0000000000
81435  55.936  -26.181  49.486 0.0000000000
81438  52.709  -26.406  50.996 0.0000000000
81454  57.667  -25.175  48.626 0.0000000000
81474  58.148  -25.227  48.021 0.0000000000
81476  57.471  -26.251  47.763 0.0000000000
81480  54.698  -26.801  48.560 0.0000000000
81497  58.043  -25.269  47.818 0.0000000000
82843  56.877  -24.998  49.497 0.0000000000
82852  57.855  -24.792  48.452 0.0000000000
82881  58.452  -24.987  47.496 0.0000000000
84054  56.362  -24.964  51.457 0.0000000000
84055  56.124  -24.946  51.575 0.0000000000
84080  57.287  -24.137  49.525 0.0000000000
84105  58.484  -23.792  47.996 0.0000000000
85198  55.745  -24.456  51.120 0.0000000000
85207  57.180  -23.788  49.788 0.0000000000
85209  55.997  -24.125  50.571 0.0000000000
85217  58.707  -23.141  48.561 0.0000000000
86349  56.221  -23.973  50.336 0.0000000000
86350  56.112  -24.113  50.476 0.0000000000
86355  57.607  -23.318  49.449 0.0000000000
86366  58.169  -23.046  49.273 0.0000000000
86378  59.462  -22.396  48.061 0.0000000000
86412  59.585  -22.704  47.397 0.0000000000
86449  60.618  -21.781  45.913 0.0000000000
87562  57.831  -22.900  49.468 0.0000000000
87563  57.523  -22.839  49.499 0.0000000000
87571  58.694  -22.450  49.033 0.0000000000
87574  56.996  -22.448  49.255 0.0000000000
87588  58.119  -21.813  49.357 0.0000000000
87612  59.532  -21.653  47.911 0.0000000000
88772  57.734  -21.540  48.930 0.0000000000
88807  58.686  -20.979  47.633 0.0000000000
