#!ascii label  , from subject 3023 vox2ras=TkReg
1207
116419  -48.730  25.552  32.849 0.0000000000
127251  -45.507  39.980  22.620 0.0000000000
122330  -43.135  32.862  26.736 0.0000000000
118050  -51.354  26.801  20.165 0.0000000000
127265  -49.270  40.255  21.424 0.0000000000
122443  -49.140  32.969  20.518 0.0000000000
121748  -48.970  32.419  17.205 0.0000000000
118044  -44.429  27.685  19.508 0.0000000000
111968  -48.781  19.493  35.233 0.0000000000
114975  -46.543  24.142  33.609 0.0000000000
129149  -40.483  43.037  18.589 0.0000000000
129171  -46.121  43.804  17.798 0.0000000000
129759  -50.626  44.372  16.628 0.0000000000
119361  -46.242  29.371  28.799 0.0000000000
122417  -43.732  33.588  22.238 0.0000000000
120871  -49.314  31.805  25.377 0.0000000000
118694  -49.008  28.827  27.592 0.0000000000
117987  -45.633  27.234  24.093 0.0000000000
116548  -41.183  25.515  23.638 0.0000000000
116440  -49.118  24.870  32.282 0.0000000000
125923  -48.469  39.327  20.291 0.0000000000
124554  -51.177  36.706  20.167 0.0000000000
123872  -47.771  35.379  19.665 0.0000000000
121745  -45.815  32.240  17.286 0.0000000000
113427  -47.325  22.008  34.086 0.0000000000
114973  -44.769  23.119  32.887 0.0000000000
129133  -37.368  43.595  19.912 0.0000000000
130294  -48.241  44.766  17.393 0.0000000000
117931  -44.047  27.723  29.390 0.0000000000
120856  -45.200  31.549  27.608 0.0000000000
126575  -42.469  39.280  21.936 0.0000000000
124516  -44.825  37.043  22.830 0.0000000000
119486  -49.470  29.888  18.956 0.0000000000
120168  -47.815  30.331  21.889 0.0000000000
119443  -51.956  29.622  22.379 0.0000000000
120866  -51.290  31.263  26.623 0.0000000000
117993  -50.903  27.773  24.127 0.0000000000
117979  -48.129  27.767  25.432 0.0000000000
118017  -47.671  27.548  22.331 0.0000000000
116579  -41.532  25.210  19.380 0.0000000000
127239  -48.190  40.447  23.501 0.0000000000
124519  -47.922  37.302  23.252 0.0000000000
124536  -51.247  35.958  22.497 0.0000000000
122457  -51.182  33.665  19.541 0.0000000000
119522  -49.907  29.779  16.368 0.0000000000
118781  -47.480  28.409  19.083 0.0000000000
119519  -46.577  29.805  15.958 0.0000000000
120201  -43.242  30.564  18.029 0.0000000000
112680  -50.223  20.624  33.939 0.0000000000
114220  -49.182  23.037  34.314 0.0000000000
116388  -48.120  25.145  33.625 0.0000000000
127903  -37.294  41.435  22.245 0.0000000000
127915  -39.766  41.202  20.998 0.0000000000
127930  -42.456  41.365  20.565 0.0000000000
128530  -45.400  42.187  19.987 0.0000000000
129126  -47.535  42.224  19.883 0.0000000000
128552  -49.347  41.858  18.638 0.0000000000
127295  -50.133  40.243  17.323 0.0000000000
127969  -51.320  42.320  15.593 0.0000000000
115716  -44.551  25.232  31.553 0.0000000000
116437  -45.669  26.530  31.612 0.0000000000
117918  -47.268  27.631  30.915 0.0000000000
121644  -42.858  32.457  24.383 0.0000000000
122430  -46.419  33.477  21.437 0.0000000000
121671  -46.351  31.402  23.709 0.0000000000
123100  -46.089  33.838  26.153 0.0000000000
122335  -48.475  33.085  27.421 0.0000000000
120106  -48.644  30.394  27.643 0.0000000000
117190  -48.125  27.124  30.346 0.0000000000
117189  -47.747  26.983  29.529 0.0000000000
117198  -45.862  25.929  28.260 0.0000000000
116494  -44.411  25.149  27.403 0.0000000000
117289  -45.097  25.856  20.435 0.0000000000
116550  -42.839  25.762  23.323 0.0000000000
115774  -41.919  24.266  26.558 0.0000000000
116390  -50.122  25.141  33.823 0.0000000000
116408  -50.377  25.579  33.297 0.0000000000
116420  -49.550  25.132  32.576 0.0000000000
125936  -47.752  39.391  19.456 0.0000000000
125223  -47.851  37.533  20.374 0.0000000000
125242  -47.025  37.363  19.762 0.0000000000
123870  -46.003  35.675  19.176 0.0000000000
121597  -43.594  32.271  27.303 0.0000000000
126576  -43.516  39.188  22.113 0.0000000000
118797  -51.604  28.525  18.989 0.0000000000
119473  -50.879  29.184  20.535 0.0000000000
118759  -52.756  28.333  21.078 0.0000000000
118743  -52.305  28.364  23.101 0.0000000000
118021  -51.853  27.242  22.421 0.0000000000
118005  -49.360  27.579  23.213 0.0000000000
118033  -48.885  27.427  21.356 0.0000000000
127898  -49.264  40.025  23.083 0.0000000000
125893  -49.464  38.011  23.663 0.0000000000
125909  -49.847  38.691  22.660 0.0000000000
123888  -49.767  34.727  18.883 0.0000000000
124581  -52.048  35.711  18.963 0.0000000000
122471  -50.289  33.257  18.475 0.0000000000
120975  -50.312  31.387  17.356 0.0000000000
120994  -49.723  31.031  15.911 0.0000000000
119520  -47.876  29.521  16.174 0.0000000000
120983  -47.414  31.216  16.185 0.0000000000
120979  -44.134  30.723  16.648 0.0000000000
114217  -46.918  23.369  34.071 0.0000000000
114219  -48.241  23.015  34.382 0.0000000000
114959  -47.617  23.770  34.168 0.0000000000
115670  -47.878  24.460  33.896 0.0000000000
115669  -47.136  24.395  33.876 0.0000000000
129134  -38.135  43.469  18.958 0.0000000000
128523  -38.213  42.212  20.279 0.0000000000
128537  -39.497  42.366  19.449 0.0000000000
127929  -41.477  41.489  20.287 0.0000000000
128546  -41.001  42.311  19.045 0.0000000000
129153  -44.908  43.293  18.099 0.0000000000
128542  -44.493  42.393  19.500 0.0000000000
129137  -46.044  42.838  18.887 0.0000000000
129115  -46.697  41.967  20.226 0.0000000000
129156  -47.045  43.164  18.755 0.0000000000
130828  -48.844  45.433  17.148 0.0000000000
142435  -49.297  43.308  17.937 0.0000000000
128554  -50.730  42.409  18.023 0.0000000000
127941  -50.484  41.590  17.891 0.0000000000
127943  -51.799  42.278  17.563 0.0000000000
127314  -51.722  41.357  16.289 0.0000000000
129176  -51.339  43.727  15.994 0.0000000000
117165  -40.292  26.381  30.233 0.0000000000
115712  -40.565  24.474  31.281 0.0000000000
116433  -41.739  25.195  31.083 0.0000000000
115714  -42.648  24.510  31.538 0.0000000000
116453  -43.026  25.907  30.528 0.0000000000
118685  -44.921  28.646  29.341 0.0000000000
117170  -44.939  27.191  30.393 0.0000000000
117916  -45.821  27.832  30.439 0.0000000000
117889  -46.566  27.158  31.794 0.0000000000
118657  -46.416  28.323  30.309 0.0000000000
122416  -42.645  33.549  22.412 0.0000000000
121667  -42.400  32.496  23.417 0.0000000000
121668  -43.548  32.367  23.321 0.0000000000
123136  -49.131  35.152  22.132 0.0000000000
123842  -47.522  35.127  21.872 0.0000000000
122431  -47.584  33.493  21.283 0.0000000000
120898  -48.557  30.547  24.107 0.0000000000
120910  -47.001  30.535  22.515 0.0000000000
121649  -47.560  31.809  24.928 0.0000000000
122386  -46.380  32.402  25.053 0.0000000000
122366  -47.567  33.320  25.727 0.0000000000
123071  -47.461  33.834  27.278 0.0000000000
123090  -49.841  34.183  26.775 0.0000000000
119385  -50.197  30.071  26.910 0.0000000000
120862  -50.407  31.316  27.889 0.0000000000
119374  -49.232  29.870  27.555 0.0000000000
118686  -48.683  28.762  29.024 0.0000000000
117945  -48.456  28.184  28.548 0.0000000000
117955  -48.365  28.075  27.649 0.0000000000
117977  -46.144  27.488  24.951 0.0000000000
117213  -46.534  26.862  27.229 0.0000000000
117227  -45.375  26.887  26.279 0.0000000000
116495  -45.164  25.567  27.854 0.0000000000
117235  -44.454  26.437  25.392 0.0000000000
118059  -45.922  27.758  19.504 0.0000000000
117305  -46.128  27.520  19.767 0.0000000000
117315  -45.197  25.860  18.285 0.0000000000
116563  -41.203  25.214  21.638 0.0000000000
116564  -42.067  25.207  21.395 0.0000000000
116549  -42.066  25.518  23.478 0.0000000000
116524  -43.042  25.263  25.476 0.0000000000
116522  -41.288  25.004  25.399 0.0000000000
115773  -41.239  23.961  26.531 0.0000000000
114963  -51.411  23.879  34.550 0.0000000000
115718  -48.424  24.043  31.952 0.0000000000
126597  -49.086  39.765  20.421 0.0000000000
125211  -49.594  38.041  21.370 0.0000000000
125224  -49.142  37.737  20.935 0.0000000000
123858  -49.320  35.862  20.044 0.0000000000
123188  -48.555  34.196  18.680 0.0000000000
122486  -47.503  33.082  17.594 0.0000000000
123186  -46.606  34.329  18.965 0.0000000000
112677  -48.098  20.637  35.091 0.0000000000
113426  -46.815  21.477  33.879 0.0000000000
114974  -45.758  23.733  33.030 0.0000000000
129749  -38.946  45.028  17.743 0.0000000000
130293  -47.362  45.061  17.356 0.0000000000
142445  -48.965  47.599  17.259 0.0000000000
130303  -50.173  45.976  15.939 0.0000000000
117187  -42.586  26.960  29.614 0.0000000000
119370  -44.602  29.548  27.774 0.0000000000
119371  -45.565  29.735  27.977 0.0000000000
123824  -44.708  35.500  22.282 0.0000000000
120932  -49.412  31.788  19.629 0.0000000000
121704  -48.484  31.865  20.329 0.0000000000
120182  -48.614  30.395  20.257 0.0000000000
120158  -49.803  29.878  22.713 0.0000000000
120900  -50.165  30.584  24.977 0.0000000000
122388  -51.127  32.484  25.110 0.0000000000
120134  -51.224  30.363  24.978 0.0000000000
118724  -51.693  29.305  25.136 0.0000000000
118722  -50.626  28.788  25.637 0.0000000000
117969  -48.327  28.078  26.712 0.0000000000
118732  -48.970  27.856  24.540 0.0000000000
118003  -47.521  27.599  23.297 0.0000000000
118002  -46.597  27.618  23.265 0.0000000000
117301  -42.614  26.167  18.775 0.0000000000
122347  -41.420  32.506  26.270 0.0000000000
127237  -46.733  40.003  23.413 0.0000000000
125173  -46.816  38.394  23.915 0.0000000000
125875  -48.303  38.566  23.795 0.0000000000
124521  -49.555  36.993  23.233 0.0000000000
123154  -50.864  34.740  22.166 0.0000000000
125214  -51.918  36.955  21.318 0.0000000000
123156  -52.380  34.780  21.161 0.0000000000
122445  -50.871  33.738  20.335 0.0000000000
120950  -50.608  31.969  18.804 0.0000000000
120211  -50.183  30.391  17.827 0.0000000000
118795  -50.144  28.670  18.558 0.0000000000
118783  -49.136  27.709  19.350 0.0000000000
118802  -48.644  28.791  18.050 0.0000000000
119497  -47.291  29.102  18.118 0.0000000000
119483  -45.109  29.516  18.678 0.0000000000
120981  -45.696  31.028  16.173 0.0000000000
119506  -44.665  29.845  16.356 0.0000000000
112664  -48.686  21.497  34.813 0.0000000000
113430  -49.862  22.256  34.277 0.0000000000
114222  -51.026  22.948  34.298 0.0000000000
114962  -50.422  23.877  34.594 0.0000000000
115672  -49.780  24.582  34.265 0.0000000000
116406  -48.528  25.503  33.362 0.0000000000
127246  -38.047  40.595  22.271 0.0000000000
127914  -38.423  41.505  21.216 0.0000000000
126586  -39.863  40.252  21.744 0.0000000000
127261  -41.155  40.399  21.459 0.0000000000
127918  -42.844  40.948  21.221 0.0000000000
127264  -44.196  40.721  21.612 0.0000000000
129150  -41.849  43.222  18.329 0.0000000000
128548  -42.650  42.699  18.923 0.0000000000
128529  -44.380  41.755  20.436 0.0000000000
127921  -45.321  41.109  21.548 0.0000000000
128502  -46.698  41.059  21.982 0.0000000000
128504  -47.327  41.110  21.509 0.0000000000
128517  -48.118  41.480  20.676 0.0000000000
129734  -47.978  42.842  18.594 0.0000000000
129127  -48.207  42.409  19.138 0.0000000000
127933  -48.891  41.076  19.944 0.0000000000
127278  -48.774  40.592  19.609 0.0000000000
126617  -48.747  40.210  17.951 0.0000000000
125984  -49.854  39.024  16.007 0.0000000000
127338  -50.082  40.548  15.423 0.0000000000
129775  -51.306  44.596  15.190 0.0000000000
114990  -44.729  23.841  32.472 0.0000000000
114991  -45.447  24.401  32.616 0.0000000000
116454  -44.080  26.141  30.457 0.0000000000
116436  -45.002  25.945  31.263 0.0000000000
116403  -46.276  25.460  33.001 0.0000000000
117129  -46.504  26.189  32.950 0.0000000000
117140  -46.927  26.760  32.796 0.0000000000
117892  -47.588  26.508  32.381 0.0000000000
122361  -42.757  33.213  25.601 0.0000000000
124517  -45.863  37.231  22.938 0.0000000000
123825  -45.629  35.620  22.222 0.0000000000
122429  -45.531  33.631  21.608 0.0000000000
120919  -47.235  31.171  21.293 0.0000000000
121697  -46.552  32.260  21.604 0.0000000000
121685  -44.471  32.798  22.402 0.0000000000
121646  -44.969  32.308  24.486 0.0000000000
122363  -44.643  33.188  25.471 0.0000000000
123085  -44.741  33.591  26.425 0.0000000000
122332  -44.951  32.949  27.204 0.0000000000
121600  -46.631  32.244  27.385 0.0000000000
120858  -47.253  31.376  27.612 0.0000000000
122320  -51.056  33.296  28.529 0.0000000000
120860  -49.183  31.278  27.555 0.0000000000
120094  -47.424  29.843  28.399 0.0000000000
118674  -47.920  28.525  30.054 0.0000000000
117919  -47.895  27.497  30.778 0.0000000000
117154  -47.776  26.136  31.717 0.0000000000
116458  -47.685  26.066  31.264 0.0000000000
117172  -47.740  26.475  30.466 0.0000000000
116469  -47.332  26.046  29.693 0.0000000000
117214  -47.387  27.235  27.483 0.0000000000
117199  -46.556  26.357  28.143 0.0000000000
116468  -46.499  25.262  29.776 0.0000000000
116467  -45.713  24.652  29.428 0.0000000000
115745  -45.060  24.278  28.714 0.0000000000
118047  -48.065  27.831  20.392 0.0000000000
118030  -46.038  27.340  21.263 0.0000000000
117265  -45.114  27.016  22.237 0.0000000000
116580  -42.587  24.714  19.405 0.0000000000
117274  -43.949  25.910  21.342 0.0000000000
117254  -44.311  26.518  23.259 0.0000000000
116525  -43.830  25.841  25.470 0.0000000000
116509  -43.229  24.989  26.418 0.0000000000
116407  -49.409  25.433  33.356 0.0000000000
126616  -47.695  39.306  18.494 0.0000000000
125935  -47.342  38.480  19.326 0.0000000000
125253  -46.709  37.880  18.761 0.0000000000
120854  -43.170  31.421  27.394 0.0000000000
126577  -44.546  39.176  22.583 0.0000000000
126565  -45.056  39.059  22.819 0.0000000000
118064  -51.290  27.420  19.379 0.0000000000
118066  -52.178  28.155  19.843 0.0000000000
118051  -52.096  27.140  19.895 0.0000000000
118036  -52.310  27.005  21.597 0.0000000000
118035  -51.362  26.830  21.251 0.0000000000
118034  -50.038  27.202  21.343 0.0000000000
118049  -50.336  27.081  20.407 0.0000000000
127266  -49.250  40.096  21.916 0.0000000000
127254  -49.925  39.642  22.995 0.0000000000
126591  -49.604  39.041  21.997 0.0000000000
123205  -49.400  33.667  17.980 0.0000000000
123190  -50.073  34.066  18.505 0.0000000000
123206  -49.848  33.357  18.016 0.0000000000
122489  -49.973  32.664  17.801 0.0000000000
120984  -48.332  31.220  16.281 0.0000000000
121756  -48.627  31.766  16.797 0.0000000000
111969  -49.698  19.407  35.181 0.0000000000
114958  -46.963  23.704  34.069 0.0000000000
129148  -39.121  43.811  18.232 0.0000000000
129135  -39.273  42.914  18.898 0.0000000000
129136  -39.917  42.598  19.070 0.0000000000
128538  -40.407  42.109  19.386 0.0000000000
129756  -45.865  44.548  17.307 0.0000000000
129755  -44.848  44.713  17.057 0.0000000000
129170  -45.322  43.918  17.612 0.0000000000
128551  -45.368  42.885  18.637 0.0000000000
129154  -45.748  43.329  18.259 0.0000000000
129138  -46.728  42.832  19.120 0.0000000000
129155  -46.558  43.346  18.429 0.0000000000
129173  -50.038  44.216  17.222 0.0000000000
129160  -50.833  43.163  17.643 0.0000000000
128555  -51.497  42.620  17.803 0.0000000000
129161  -51.457  43.087  17.536 0.0000000000
128557  -51.718  42.749  17.297 0.0000000000
129174  -51.150  43.517  16.928 0.0000000000
117185  -40.617  26.947  29.688 0.0000000000
117166  -41.244  26.346  30.142 0.0000000000
116451  -40.960  25.771  30.627 0.0000000000
116452  -41.967  25.782  30.569 0.0000000000
116434  -42.814  25.292  31.088 0.0000000000
119345  -45.463  28.880  29.432 0.0000000000
118671  -45.382  28.557  29.748 0.0000000000
118656  -45.921  28.436  30.129 0.0000000000
119347  -46.601  29.107  29.571 0.0000000000
123131  -43.225  34.418  22.257 0.0000000000
121684  -43.112  32.767  22.622 0.0000000000
123153  -49.743  34.777  21.772 0.0000000000
123152  -48.427  34.769  21.745 0.0000000000
122432  -48.969  33.574  20.981 0.0000000000
120883  -48.915  31.064  24.981 0.0000000000
120882  -47.966  31.009  24.650 0.0000000000
121650  -48.414  31.737  25.284 0.0000000000
121627  -48.041  32.611  25.298 0.0000000000
121628  -48.933  32.453  25.668 0.0000000000
123103  -49.159  33.894  26.205 0.0000000000
122368  -49.502  33.259  25.642 0.0000000000
118708  -49.768  29.244  26.531 0.0000000000
119384  -49.641  29.843  27.121 0.0000000000
118695  -49.360  29.482  27.189 0.0000000000
117966  -45.818  27.219  25.571 0.0000000000
117976  -45.523  27.142  24.782 0.0000000000
117236  -45.059  26.848  25.089 0.0000000000
118779  -45.360  28.644  19.358 0.0000000000
118058  -45.033  27.370  19.226 0.0000000000
118057  -44.180  26.966  19.014 0.0000000000
116556  -41.157  25.454  22.647 0.0000000000
116536  -42.133  25.385  24.468 0.0000000000
116535  -41.247  25.341  24.584 0.0000000000
116534  -40.530  25.117  24.754 0.0000000000
115674  -51.835  24.756  34.340 0.0000000000
115719  -49.498  24.268  32.092 0.0000000000
125916  -49.378  38.678  21.246 0.0000000000
124569  -47.962  36.548  20.261 0.0000000000
124552  -48.553  36.606  20.462 0.0000000000
123857  -48.348  35.846  20.127 0.0000000000
123873  -48.895  35.077  19.395 0.0000000000
123174  -47.989  34.738  19.191 0.0000000000
123187  -47.547  34.233  18.788 0.0000000000
123173  -47.169  34.858  19.318 0.0000000000
123185  -45.715  34.797  19.042 0.0000000000
112675  -45.709  21.200  33.791 0.0000000000
114234  -45.618  22.809  33.293 0.0000000000
130281  -37.897  45.569  18.336 0.0000000000
131312  -48.338  47.576  17.532 0.0000000000
142448  -49.298  47.684  16.701 0.0000000000
132641  -48.805  48.563  16.616 0.0000000000
120101  -43.833  30.485  27.471 0.0000000000
120102  -44.885  30.605  27.577 0.0000000000
126574  -41.509  39.119  22.141 0.0000000000
124529  -44.271  36.214  22.556 0.0000000000
120196  -49.636  30.910  18.988 0.0000000000
120195  -49.190  30.573  19.360 0.0000000000
119471  -49.378  29.797  19.753 0.0000000000
119458  -51.889  29.402  21.523 0.0000000000
119456  -50.244  29.456  21.105 0.0000000000
120159  -50.653  29.889  22.705 0.0000000000
119427  -51.160  29.781  22.989 0.0000000000
120133  -50.761  29.960  24.499 0.0000000000
119428  -51.592  29.439  23.277 0.0000000000
118008  -52.112  27.829  23.347 0.0000000000
118736  -51.788  28.696  24.322 0.0000000000
118735  -51.198  28.441  24.755 0.0000000000
118734  -50.369  28.157  24.835 0.0000000000
118733  -49.518  27.967  24.707 0.0000000000
117992  -49.952  27.706  24.067 0.0000000000
118018  -48.630  27.484  22.317 0.0000000000
118004  -48.431  27.573  23.256 0.0000000000
118016  -46.756  27.634  22.303 0.0000000000
127238  -47.510  40.431  23.553 0.0000000000
127227  -47.479  39.919  24.121 0.0000000000
127228  -48.173  40.067  24.162 0.0000000000
125198  -49.693  37.585  23.351 0.0000000000
125197  -49.169  37.733  23.740 0.0000000000
123816  -50.507  36.246  22.983 0.0000000000
123845  -50.523  35.159  22.503 0.0000000000
123830  -50.839  35.504  22.746 0.0000000000
125225  -50.538  36.957  21.024 0.0000000000
125212  -50.142  37.722  21.786 0.0000000000
125226  -51.615  37.123  20.765 0.0000000000
123192  -52.097  34.793  19.130 0.0000000000
123860  -52.947  35.291  19.835 0.0000000000
122447  -52.339  33.903  20.059 0.0000000000
122435  -51.861  34.249  21.159 0.0000000000
122456  -50.505  33.141  19.561 0.0000000000
120951  -50.638  32.259  18.693 0.0000000000
120221  -50.355  30.745  16.681 0.0000000000
120212  -50.379  30.773  17.383 0.0000000000
119511  -50.122  29.960  17.186 0.0000000000
118804  -49.659  29.395  17.817 0.0000000000
118803  -49.271  28.961  17.894 0.0000000000
119510  -49.531  29.262  17.010 0.0000000000
119528  -47.624  30.067  15.717 0.0000000000
119508  -46.973  29.575  17.021 0.0000000000
119496  -45.995  29.710  17.891 0.0000000000
122485  -46.427  33.009  17.712 0.0000000000
121746  -46.963  32.080  17.034 0.0000000000
120974  -46.081  31.611  16.733 0.0000000000
120215  -43.905  30.590  16.736 0.0000000000
120216  -44.223  30.225  16.017 0.0000000000
112663  -47.990  21.371  34.876 0.0000000000
112678  -48.728  20.726  35.183 0.0000000000
113429  -49.039  22.046  34.346 0.0000000000
114221  -50.081  23.070  34.409 0.0000000000
114961  -49.431  23.874  34.538 0.0000000000
115671  -48.768  24.577  34.213 0.0000000000
116389  -49.112  25.169  33.895 0.0000000000
117117  -47.837  25.499  33.476 0.0000000000
128499  -36.687  42.398  22.423 0.0000000000
127902  -36.670  41.866  22.808 0.0000000000
127245  -37.437  40.661  22.631 0.0000000000
127904  -38.066  41.100  21.898 0.0000000000
129723  -36.942  44.541  20.467 0.0000000000
127927  -39.354  41.687  20.463 0.0000000000
127926  -38.747  41.862  20.482 0.0000000000
127259  -39.294  40.638  21.621 0.0000000000
127260  -40.220  40.577  21.412 0.0000000000
127916  -40.823  41.030  20.902 0.0000000000
128527  -42.074  41.754  20.037 0.0000000000
127917  -41.849  40.834  20.962 0.0000000000
127263  -43.390  40.458  21.607 0.0000000000
127931  -43.422  41.418  20.781 0.0000000000
129151  -42.942  43.241  18.162 0.0000000000
128512  -44.969  41.488  20.853 0.0000000000
128513  -45.778  41.445  20.978 0.0000000000
128501  -46.241  41.102  21.865 0.0000000000
129125  -47.358  42.434  19.688 0.0000000000
128515  -47.161  41.326  20.905 0.0000000000
129117  -47.351  41.706  20.414 0.0000000000
127909  -47.905  41.013  21.908 0.0000000000
128531  -47.945  41.930  20.096 0.0000000000
129758  -47.748  44.000  17.780 0.0000000000
142441  -48.478  43.779  17.867 0.0000000000
129158  -49.478  42.352  18.358 0.0000000000
129142  -48.930  42.731  18.473 0.0000000000
129141  -49.046  42.251  18.823 0.0000000000
128532  -48.436  41.654  19.855 0.0000000000
128544  -48.950  41.641  19.247 0.0000000000
127937  -48.986  41.245  18.932 0.0000000000
127285  -50.033  40.874  17.641 0.0000000000
127284  -48.978  40.819  18.325 0.0000000000
127294  -49.558  40.348  17.626 0.0000000000
126634  -49.735  39.619  17.049 0.0000000000
126635  -50.488  40.036  16.945 0.0000000000
127340  -51.501  41.658  15.703 0.0000000000
127339  -51.017  40.775  15.766 0.0000000000
127968  -51.044  41.798  15.497 0.0000000000
127967  -50.442  41.475  15.486 0.0000000000
127978  -50.666  42.294  15.487 0.0000000000
130304  -50.756  45.481  15.366 0.0000000000
115696  -42.918  23.793  32.006 0.0000000000
115715  -43.752  24.832  31.501 0.0000000000
115697  -43.764  24.092  31.964 0.0000000000
115698  -44.765  24.674  32.058 0.0000000000
117188  -43.431  27.081  29.580 0.0000000000
117168  -43.246  26.564  30.033 0.0000000000
117169  -44.192  26.981  30.007 0.0000000000
117152  -45.369  26.732  30.904 0.0000000000
116418  -45.770  25.976  32.303 0.0000000000
116404  -46.765  25.624  33.375 0.0000000000
117903  -46.812  27.353  31.457 0.0000000000
117890  -46.860  27.137  32.112 0.0000000000
117141  -47.517  26.463  32.867 0.0000000000
117891  -47.317  26.817  32.302 0.0000000000
121622  -42.129  32.666  25.059 0.0000000000
125195  -47.503  37.963  23.800 0.0000000000
125194  -46.487  38.077  23.687 0.0000000000
124518  -46.888  37.237  23.260 0.0000000000
123151  -47.178  34.378  21.571 0.0000000000
123826  -46.686  35.480  22.096 0.0000000000
123150  -46.252  34.455  21.638 0.0000000000
123134  -45.795  34.949  21.936 0.0000000000
120930  -48.114  31.322  20.511 0.0000000000
121698  -48.022  32.392  20.754 0.0000000000
120909  -46.426  31.008  22.867 0.0000000000
120918  -46.588  31.285  22.117 0.0000000000
121687  -46.045  31.556  22.658 0.0000000000
121686  -45.516  32.283  22.558 0.0000000000
121669  -44.656  32.238  23.361 0.0000000000
121670  -45.550  31.857  23.524 0.0000000000
122365  -46.483  33.150  25.658 0.0000000000
122385  -45.721  32.669  25.071 0.0000000000
122364  -45.518  33.275  25.615 0.0000000000
123098  -44.195  33.677  25.935 0.0000000000
123068  -44.405  33.298  26.733 0.0000000000
123086  -45.740  33.723  26.564 0.0000000000
122334  -47.140  33.022  27.008 0.0000000000
120857  -46.218  31.479  27.629 0.0000000000
121601  -47.781  32.178  27.368 0.0000000000
122371  -51.757  32.467  25.810 0.0000000000
123093  -51.805  33.312  26.542 0.0000000000
121605  -51.583  32.595  27.243 0.0000000000
120107  -49.497  30.655  27.571 0.0000000000
120861  -49.850  31.238  27.984 0.0000000000
120105  -47.766  30.543  27.875 0.0000000000
120095  -48.074  29.829  28.160 0.0000000000
119348  -47.333  29.074  29.605 0.0000000000
119363  -47.953  29.330  29.021 0.0000000000
117935  -48.387  27.851  29.701 0.0000000000
117905  -47.650  26.677  31.733 0.0000000000
117173  -47.816  26.725  31.033 0.0000000000
116457  -47.402  25.416  30.824 0.0000000000
117954  -47.824  27.598  27.132 0.0000000000
117968  -47.547  27.573  26.157 0.0000000000
116478  -46.516  25.922  28.952 0.0000000000
115738  -46.184  24.366  30.009 0.0000000000
116477  -45.555  25.310  28.838 0.0000000000
117211  -44.670  25.789  27.153 0.0000000000
115760  -44.893  24.900  28.088 0.0000000000
115744  -44.421  23.755  28.428 0.0000000000
115759  -44.151  24.295  27.729 0.0000000000
118782  -48.411  28.091  19.141 0.0000000000
118769  -48.627  27.731  19.770 0.0000000000
118061  -47.918  28.070  19.629 0.0000000000
117290  -45.745  26.380  20.062 0.0000000000
118045  -46.232  27.323  20.584 0.0000000000
117276  -45.394  26.756  21.226 0.0000000000
117275  -44.726  26.317  21.331 0.0000000000
117300  -41.647  25.733  18.884 0.0000000000
115831  -42.032  24.374  19.528 0.0000000000
116558  -42.837  25.706  22.340 0.0000000000
116565  -43.005  25.518  21.293 0.0000000000
117263  -43.680  26.059  22.310 0.0000000000
117253  -43.563  26.117  23.257 0.0000000000
116538  -43.833  26.082  24.705 0.0000000000
117243  -43.505  26.038  23.996 0.0000000000
115792  -42.671  24.933  26.074 0.0000000000
115775  -42.968  24.195  26.901 0.0000000000
115758  -43.512  23.858  27.620 0.0000000000
116391  -51.150  25.625  34.008 0.0000000000
117893  -51.494  26.593  32.872 0.0000000000
125937  -48.092  40.100  19.008 0.0000000000
125922  -47.868  38.498  20.317 0.0000000000
125222  -47.474  37.630  20.041 0.0000000000
124568  -47.460  36.285  20.070 0.0000000000
123871  -46.831  35.617  19.566 0.0000000000
124567  -46.474  36.488  19.428 0.0000000000
120855  -44.191  31.509  27.507 0.0000000000
125907  -43.740  38.596  22.521 0.0000000000
125193  -45.409  37.864  23.049 0.0000000000
119501  -50.742  29.189  19.063 0.0000000000
119488  -50.774  29.152  19.717 0.0000000000
118771  -51.338  28.802  20.009 0.0000000000
119475  -52.282  28.853  20.925 0.0000000000
119459  -52.356  28.919  21.760 0.0000000000
119444  -52.127  28.891  22.674 0.0000000000
118750  -52.721  28.289  22.066 0.0000000000
118022  -52.514  27.663  22.338 0.0000000000
118007  -51.374  27.535  23.315 0.0000000000
118006  -50.375  27.502  23.262 0.0000000000
118020  -50.811  27.252  22.339 0.0000000000
118019  -49.677  27.405  22.311 0.0000000000
127240  -48.626  40.157  23.257 0.0000000000
127229  -48.594  39.795  23.562 0.0000000000
126560  -49.158  39.116  23.203 0.0000000000
125894  -49.668  38.422  23.296 0.0000000000
125209  -50.089  37.645  22.837 0.0000000000
124571  -50.724  36.159  19.663 0.0000000000
124572  -51.719  36.142  19.274 0.0000000000
123889  -50.664  35.035  18.764 0.0000000000
123191  -51.059  34.214  19.216 0.0000000000
122472  -50.643  33.110  18.869 0.0000000000
121733  -50.532  32.557  18.632 0.0000000000
121732  -50.467  32.329  18.129 0.0000000000
120986  -49.970  31.230  16.554 0.0000000000
120230  -50.147  30.623  15.949 0.0000000000
119521  -49.060  29.434  16.236 0.0000000000
120229  -49.317  30.527  15.714 0.0000000000
120228  -48.326  30.605  15.892 0.0000000000
119527  -47.004  30.236  15.745 0.0000000000
120973  -45.259  31.489  16.869 0.0000000000
112679  -49.541  20.936  34.652 0.0000000000
113448  -46.890  22.764  33.946 0.0000000000
113428  -48.050  22.196  34.564 0.0000000000
114218  -47.222  23.046  34.242 0.0000000000
114960  -48.487  23.822  34.300 0.0000000000
116387  -47.307  25.177  33.588 0.0000000000
128509  -36.752  42.789  21.932 0.0000000000
128535  -37.828  42.802  19.694 0.0000000000
128536  -38.635  42.596  19.506 0.0000000000
128525  -39.741  41.943  19.887 0.0000000000
127928  -40.440  41.616  20.219 0.0000000000
127935  -40.833  41.769  19.769 0.0000000000
128539  -41.404  41.927  19.650 0.0000000000
129169  -44.349  43.930  17.436 0.0000000000
128549  -43.687  42.670  18.792 0.0000000000
128550  -44.647  42.730  18.692 0.0000000000
128543  -45.365  42.569  19.244 0.0000000000
129123  -46.116  42.529  19.537 0.0000000000
129114  -46.170  42.136  20.047 0.0000000000
129124  -46.785  42.480  19.647 0.0000000000
129139  -47.355  42.798  19.258 0.0000000000
142442  -48.872  44.407  17.583 0.0000000000
129172  -49.360  44.129  17.641 0.0000000000
129159  -49.650  43.053  17.996 0.0000000000
128553  -49.858  42.136  18.092 0.0000000000
127940  -49.550  41.453  18.156 0.0000000000
126619  -51.028  40.662  17.394 0.0000000000
126636  -51.005  40.446  17.071 0.0000000000
127297  -51.725  41.229  16.938 0.0000000000
127949  -51.857  42.200  16.036 0.0000000000
128573  -51.421  42.975  15.818 0.0000000000
117184  -39.701  26.973  29.749 0.0000000000
116450  -40.017  25.847  30.730 0.0000000000
116432  -40.753  25.159  30.975 0.0000000000
116435  -43.901  25.474  31.007 0.0000000000
118670  -44.675  28.320  29.444 0.0000000000
117914  -44.610  27.612  30.026 0.0000000000
117932  -44.838  28.061  29.866 0.0000000000
117171  -45.454  27.320  30.620 0.0000000000
117153  -45.855  27.070  31.181 0.0000000000
117139  -46.309  26.797  32.077 0.0000000000
117902  -46.330  27.287  31.298 0.0000000000
117917  -46.630  27.715  30.761 0.0000000000
121683  -42.011  32.887  22.786 0.0000000000
124533  -48.368  36.465  22.814 0.0000000000
123827  -47.802  35.726  22.350 0.0000000000
123843  -48.127  35.309  22.078 0.0000000000
120157  -48.643  29.838  22.506 0.0000000000
120143  -47.778  30.108  23.336 0.0000000000
120896  -46.852  30.858  23.413 0.0000000000
121647  -45.899  31.922  24.495 0.0000000000
121648  -46.739  31.834  24.641 0.0000000000
121626  -47.121  32.486  25.294 0.0000000000
123101  -47.102  33.986  26.209 0.0000000000
123087  -46.714  34.082  26.796 0.0000000000
123102  -48.168  34.121  26.166 0.0000000000
123089  -48.820  34.297  26.941 0.0000000000
123073  -49.572  34.131  27.566 0.0000000000
120113  -51.078  30.667  26.855 0.0000000000
120863  -50.936  31.462  27.410 0.0000000000
120112  -50.593  30.459  27.122 0.0000000000
119375  -49.725  30.286  27.348 0.0000000000
119373  -48.561  29.455  28.146 0.0000000000
117934  -47.906  27.639  28.887 0.0000000000
117944  -47.928  27.625  28.033 0.0000000000
117978  -47.021  27.688  25.150 0.0000000000
117967  -46.655  27.404  25.823 0.0000000000
117228  -46.283  27.173  26.345 0.0000000000
117212  -45.468  26.349  27.417 0.0000000000
117226  -44.546  26.226  26.420 0.0000000000
118780  -46.505  28.449  19.145 0.0000000000
118060  -47.007  27.950  19.656 0.0000000000
117304  -45.592  26.493  18.972 0.0000000000
116582  -44.766  25.027  18.921 0.0000000000
116570  -41.489  25.173  20.377 0.0000000000
115830  -41.833  24.628  19.805 0.0000000000
116557  -41.996  25.479  22.461 0.0000000000
116537  -43.070  25.656  24.396 0.0000000000
116523  -42.088  25.138  25.342 0.0000000000
115791  -42.029  24.728  26.083 0.0000000000
115790  -41.215  24.492  26.016 0.0000000000
114223  -51.800  23.153  34.191 0.0000000000
126590  -49.399  39.547  21.491 0.0000000000
125917  -49.737  38.765  21.931 0.0000000000
124553  -49.990  36.355  20.438 0.0000000000
123874  -50.099  35.563  19.473 0.0000000000
123887  -49.198  34.452  18.945 0.0000000000
123204  -48.891  33.910  18.084 0.0000000000
122487  -48.604  33.296  17.681 0.0000000000
122469  -47.937  33.816  18.085 0.0000000000
122468  -47.020  33.568  18.391 0.0000000000
123172  -46.356  35.065  19.276 0.0000000000
122467  -45.944  33.810  18.448 0.0000000000
111976  -48.106  20.088  34.975 0.0000000000
112662  -47.448  20.882  34.594 0.0000000000
112676  -46.192  21.513  33.640 0.0000000000
113447  -46.464  22.271  33.537 0.0000000000
114235  -46.581  23.245  33.794 0.0000000000
129730  -37.373  44.511  19.325 0.0000000000
129731  -37.952  44.297  18.657 0.0000000000
129740  -38.388  44.686  18.127 0.0000000000
129164  -39.454  44.265  17.825 0.0000000000
129757  -46.849  44.114  17.754 0.0000000000
130815  -48.214  46.513  17.258 0.0000000000
142447  -48.792  46.158  17.114 0.0000000000
142443  -49.093  46.418  17.086 0.0000000000
130299  -49.828  45.639  16.467 0.0000000000
129766  -50.345  44.941  16.394 0.0000000000
130830  -49.442  46.931  16.389 0.0000000000
119358  -43.823  28.729  28.008 0.0000000000
118684  -44.538  28.527  28.938 0.0000000000
119360  -45.183  29.018  28.929 0.0000000000
119372  -46.342  29.927  28.063 0.0000000000
123823  -43.754  35.337  22.337 0.0000000000
123132  -44.291  34.532  22.107 0.0000000000
122444  -49.815  33.176  20.195 0.0000000000
121699  -48.772  32.821  20.626 0.0000000000
121705  -49.029  32.339  20.207 0.0000000000
120169  -48.578  29.983  21.332 0.0000000000
119472  -50.141  29.453  20.190 0.0000000000
119440  -49.509  29.660  21.742 0.0000000000
120145  -49.138  30.031  23.556 0.0000000000
120899  -49.449  30.496  24.533 0.0000000000
120884  -49.843  31.398  25.207 0.0000000000
121630  -50.386  32.714  25.107 0.0000000000
120885  -50.518  31.299  25.115 0.0000000000
121654  -51.360  31.544  25.134 0.0000000000
120121  -51.479  30.446  25.476 0.0000000000
119429  -51.883  29.035  23.753 0.0000000000
119416  -51.606  29.553  24.843 0.0000000000
119401  -51.622  29.840  25.681 0.0000000000
118710  -51.205  29.600  26.153 0.0000000000
118709  -50.733  29.505  26.232 0.0000000000
118707  -48.983  28.473  26.160 0.0000000000
118721  -49.731  28.442  25.526 0.0000000000
118720  -48.939  28.104  25.104 0.0000000000
117991  -49.093  27.687  24.029 0.0000000000
117990  -48.348  27.691  24.292 0.0000000000
117989  -47.338  27.637  24.279 0.0000000000
117988  -46.410  27.542  24.172 0.0000000000
118001  -45.734  27.392  23.222 0.0000000000
118056  -43.411  26.741  19.135 0.0000000000
118042  -42.767  27.081  19.924 0.0000000000
117287  -41.951  26.436  19.477 0.0000000000
117286  -41.473  26.058  20.090 0.0000000000
117285  -40.969  25.808  20.758 0.0000000000
116569  -40.757  25.462  21.146 0.0000000000
116562  -40.305  25.420  21.907 0.0000000000
116555  -40.349  25.414  22.853 0.0000000000
127236  -46.090  39.596  23.123 0.0000000000
126567  -46.361  39.175  23.516 0.0000000000
126555  -46.893  39.426  23.886 0.0000000000
125874  -47.680  38.670  23.934 0.0000000000
125196  -48.361  37.965  23.723 0.0000000000
125876  -49.024  38.515  23.762 0.0000000000
125176  -48.676  38.137  23.816 0.0000000000
124520  -48.833  37.173  23.316 0.0000000000
124534  -49.302  36.311  22.937 0.0000000000
123844  -50.324  35.063  22.278 0.0000000000
122433  -50.300  33.982  21.171 0.0000000000
124539  -50.800  36.826  21.846 0.0000000000
124540  -51.508  36.298  21.855 0.0000000000
124555  -52.164  36.813  20.037 0.0000000000
124541  -52.343  36.243  21.182 0.0000000000
123831  -51.591  35.419  22.295 0.0000000000
123155  -51.897  34.574  21.868 0.0000000000
122434  -51.338  34.176  21.230 0.0000000000
122455  -50.130  32.776  19.635 0.0000000000
120949  -50.031  31.573  19.097 0.0000000000
120204  -50.005  30.668  18.467 0.0000000000
120963  -50.576  31.656  18.157 0.0000000000
120205  -50.406  30.967  18.022 0.0000000000
119500  -49.916  29.566  18.421 0.0000000000
118072  -50.399  27.800  18.930 0.0000000000
118062  -49.682  27.467  19.798 0.0000000000
118794  -49.256  28.156  18.592 0.0000000000
118793  -48.100  28.591  18.508 0.0000000000
119509  -48.363  29.043  17.212 0.0000000000
119498  -48.102  28.817  17.934 0.0000000000
119485  -46.979  28.766  18.742 0.0000000000
119484  -46.238  29.193  18.769 0.0000000000
118778  -44.651  29.291  19.247 0.0000000000
121755  -47.775  31.756  16.604 0.0000000000
120982  -46.644  31.385  16.300 0.0000000000
120218  -45.864  30.114  15.786 0.0000000000
120980  -44.777  30.776  16.406 0.0000000000
120217  -45.163  30.289  15.886 0.0000000000
119507  -45.652  29.788  16.747 0.0000000000
111985  -48.565  20.368  35.230 0.0000000000
113449  -49.851  21.487  34.286 0.0000000000
113431  -50.516  22.338  34.119 0.0000000000
115673  -50.775  24.730  34.426 0.0000000000
127913  -37.409  41.959  21.448 0.0000000000
128522  -37.410  42.783  20.424 0.0000000000
128511  -37.645  42.174  20.887 0.0000000000
127258  -38.534  40.857  21.844 0.0000000000
127247  -38.774  40.339  22.051 0.0000000000
126572  -39.505  39.775  22.119 0.0000000000
126587  -40.439  40.033  21.840 0.0000000000
126588  -41.307  39.778  21.908 0.0000000000
126589  -41.886  39.571  21.904 0.0000000000
127262  -42.285  40.105  21.648 0.0000000000
127248  -42.616  39.727  21.788 0.0000000000
127249  -43.088  39.779  21.800 0.0000000000
127250  -44.181  40.014  22.035 0.0000000000
127905  -44.947  40.720  21.887 0.0000000000
128547  -41.630  42.605  19.049 0.0000000000
128540  -42.372  42.220  19.597 0.0000000000
128541  -43.441  42.272  19.582 0.0000000000
128528  -43.032  41.796  20.155 0.0000000000
127932  -44.068  41.396  20.930 0.0000000000
127252  -46.330  40.617  22.658 0.0000000000
127894  -46.920  40.845  22.815 0.0000000000
128492  -47.057  40.981  22.548 0.0000000000
128514  -46.773  41.355  20.977 0.0000000000
128503  -46.988  41.101  21.721 0.0000000000
127895  -47.514  40.865  22.763 0.0000000000
127910  -48.644  40.499  22.365 0.0000000000
127923  -48.627  40.797  21.268 0.0000000000
129743  -47.348  43.461  18.306 0.0000000000
129157  -47.453  43.039  18.761 0.0000000000
129733  -47.649  42.732  19.037 0.0000000000
130274  -48.741  43.338  18.054 0.0000000000
129726  -48.214  42.827  18.567 0.0000000000
127272  -49.142  40.351  20.705 0.0000000000
126606  -48.527  40.271  19.305 0.0000000000
125954  -48.252  39.827  18.063 0.0000000000
126675  -50.691  40.039  15.984 0.0000000000
126674  -50.294  39.912  15.671 0.0000000000
129767  -50.832  44.744  16.012 0.0000000000
129768  -51.161  44.369  15.780 0.0000000000
129181  -51.201  43.815  15.330 0.0000000000
114972  -44.104  22.737  32.957 0.0000000000
114989  -43.678  23.249  32.533 0.0000000000
115686  -46.112  24.652  33.052 0.0000000000
116455  -44.775  26.570  30.565 0.0000000000
116417  -45.190  25.382  31.954 0.0000000000
115699  -45.657  25.101  32.496 0.0000000000
115687  -46.718  24.934  33.431 0.0000000000
117130  -47.181  26.075  33.397 0.0000000000
117116  -47.611  25.541  33.454 0.0000000000
117131  -47.873  25.827  33.220 0.0000000000
117132  -48.325  25.792  33.035 0.0000000000
122360  -41.750  32.853  25.734 0.0000000000
122348  -42.501  33.099  26.252 0.0000000000
123083  -43.054  33.639  26.152 0.0000000000
125889  -45.892  38.574  23.276 0.0000000000
124532  -47.342  36.533  22.626 0.0000000000
124531  -46.278  36.481  22.529 0.0000000000
124530  -45.255  36.379  22.525 0.0000000000
123133  -45.095  34.883  22.010 0.0000000000
123148  -44.852  34.361  21.899 0.0000000000
122428  -44.721  33.731  21.890 0.0000000000
121696  -45.569  32.822  21.789 0.0000000000
121695  -45.038  33.200  21.863 0.0000000000
121645  -43.945  32.335  24.195 0.0000000000
121625  -44.737  32.743  25.020 0.0000000000
121624  -44.235  32.727  24.900 0.0000000000
122362  -43.670  33.206  25.399 0.0000000000
123084  -43.783  33.549  26.334 0.0000000000
123067  -43.699  33.239  26.600 0.0000000000
122331  -44.049  32.875  27.023 0.0000000000
121599  -45.558  32.322  27.491 0.0000000000
123070  -46.379  33.630  26.980 0.0000000000
122333  -45.963  32.992  27.156 0.0000000000
120093  -46.833  29.827  28.482 0.0000000000
123105  -51.034  33.703  25.893 0.0000000000
123074  -50.539  34.131  27.373 0.0000000000
122318  -49.393  33.129  28.252 0.0000000000
120845  -50.651  31.968  27.950 0.0000000000
121582  -49.816  32.533  28.370 0.0000000000
121602  -48.812  32.087  27.520 0.0000000000
120859  -48.259  31.303  27.558 0.0000000000
119362  -47.107  29.500  29.089 0.0000000000
118673  -46.927  28.726  30.053 0.0000000000
118658  -47.167  28.206  30.507 0.0000000000
118659  -47.645  28.014  30.615 0.0000000000
117904  -47.305  27.134  31.553 0.0000000000
117142  -47.938  26.000  32.505 0.0000000000
116439  -48.398  25.204  32.011 0.0000000000
116438  -47.821  24.614  31.488 0.0000000000
117200  -47.358  27.016  28.323 0.0000000000
117953  -47.077  27.251  26.689 0.0000000000
116479  -47.143  26.472  28.931 0.0000000000
116456  -46.777  24.730  30.475 0.0000000000
115727  -46.608  24.014  30.569 0.0000000000
115737  -45.642  23.862  29.453 0.0000000000
118048  -49.231  27.430  20.402 0.0000000000
118032  -47.836  27.664  21.377 0.0000000000
118046  -46.839  27.800  20.437 0.0000000000
118031  -46.868  27.680  21.391 0.0000000000
118015  -45.858  27.476  22.232 0.0000000000
117255  -45.013  26.960  23.223 0.0000000000
117302  -43.724  26.234  18.460 0.0000000000
116571  -42.284  24.883  20.243 0.0000000000
116572  -43.453  25.319  20.180 0.0000000000
117288  -44.389  25.710  20.604 0.0000000000
117264  -44.439  26.514  22.287 0.0000000000
117245  -45.003  26.794  24.133 0.0000000000
117244  -44.246  26.423  24.272 0.0000000000
116510  -43.901  25.469  26.493 0.0000000000
115776  -43.699  24.861  27.035 0.0000000000
111977  -48.848  20.072  35.226 0.0000000000
111984  -48.363  20.259  35.153 0.0000000000
112684  -48.333  20.499  35.207 0.0000000000
112685  -48.544  20.631  35.329 0.0000000000
114236  -46.870  23.055  34.059 0.0000000000
115836  -41.733  24.550  19.306 0.0000000000
115837  -42.125  24.172  19.014 0.0000000000
115842  -41.982  24.424  18.823 0.0000000000
115843  -42.166  24.436  18.739 0.0000000000
116405  -48.079  25.494  33.421 0.0000000000
116574  -45.201  25.497  19.563 0.0000000000
116581  -43.675  24.886  19.174 0.0000000000
116583  -45.411  25.621  18.903 0.0000000000
116589  -41.793  24.885  18.750 0.0000000000
116592  -44.945  25.434  18.359 0.0000000000
116593  -45.376  25.780  18.452 0.0000000000
117277  -51.705  26.713  21.011 0.0000000000
117278  -51.992  26.718  21.028 0.0000000000
117279  -52.493  26.900  20.985 0.0000000000
117291  -46.016  27.140  19.927 0.0000000000
117292  -51.724  26.727  20.779 0.0000000000
117293  -52.093  26.806  20.538 0.0000000000
117294  -52.540  27.131  20.549 0.0000000000
117303  -44.713  26.388  18.522 0.0000000000
117313  -43.212  25.526  18.345 0.0000000000
117314  -44.330  25.704  18.091 0.0000000000
117316  -45.512  25.859  18.509 0.0000000000
117915  -45.142  27.735  30.234 0.0000000000
117933  -45.260  28.094  30.085 0.0000000000
117994  -51.631  27.955  24.062 0.0000000000
118037  -52.806  27.506  21.279 0.0000000000
118052  -52.468  27.756  20.316 0.0000000000
118063  -50.484  27.324  19.609 0.0000000000
118065  -51.959  27.859  19.363 0.0000000000
118071  -49.804  27.697  19.242 0.0000000000
118073  -51.202  28.058  18.806 0.0000000000
118074  -51.651  28.314  18.965 0.0000000000
118669  -44.281  28.178  29.071 0.0000000000
118672  -46.147  28.755  29.947 0.0000000000
118723  -51.449  29.197  25.581 0.0000000000
118768  -44.808  28.089  19.535 0.0000000000
118770  -49.147  27.551  19.813 0.0000000000
118772  -51.918  28.606  20.251 0.0000000000
118773  -52.348  28.347  20.376 0.0000000000
118784  -51.264  28.940  19.342 0.0000000000
118785  -51.728  28.472  19.444 0.0000000000
118786  -52.064  28.364  19.961 0.0000000000
118792  -47.454  28.721  18.623 0.0000000000
118796  -51.162  28.740  18.830 0.0000000000
119346  -45.810  28.980  29.488 0.0000000000
119359  -44.261  28.840  28.246 0.0000000000
119386  -50.960  30.027  26.540 0.0000000000
119387  -51.409  30.146  26.303 0.0000000000
119400  -51.427  29.735  26.102 0.0000000000
119414  -50.920  29.693  23.822 0.0000000000
119415  -51.245  29.503  24.245 0.0000000000
119441  -50.474  29.723  21.954 0.0000000000
119442  -51.310  29.865  22.104 0.0000000000
119455  -49.372  29.706  20.729 0.0000000000
119457  -51.113  29.446  21.349 0.0000000000
119474  -51.611  29.031  20.787 0.0000000000
119487  -50.091  29.458  19.318 0.0000000000
119499  -49.672  30.132  18.546 0.0000000000
119512  -50.347  30.415  16.846 0.0000000000
119517  -44.771  29.937  15.910 0.0000000000
119518  -45.374  29.824  15.954 0.0000000000
119523  -50.299  30.239  16.428 0.0000000000
119529  -48.662  29.914  15.672 0.0000000000
119530  -49.653  29.964  15.811 0.0000000000
119531  -50.173  30.079  16.008 0.0000000000
120103  -45.864  30.647  27.687 0.0000000000
120104  -46.839  30.519  27.928 0.0000000000
120108  -50.157  30.663  27.601 0.0000000000
120109  -50.656  30.864  27.488 0.0000000000
120114  -51.471  30.579  26.142 0.0000000000
120132  -50.595  29.777  24.097 0.0000000000
120144  -48.218  30.061  23.393 0.0000000000
120146  -50.265  29.917  23.894 0.0000000000
120147  -50.527  30.353  24.783 0.0000000000
120156  -47.733  30.045  22.861 0.0000000000
120181  -47.929  30.566  20.976 0.0000000000
120203  -49.589  30.429  18.832 0.0000000000
120219  -47.528  31.000  16.072 0.0000000000
120220  -47.795  30.931  16.144 0.0000000000
120225  -45.888  30.530  15.861 0.0000000000
120226  -46.535  30.464  15.780 0.0000000000
120227  -47.365  30.738  15.898 0.0000000000
120844  -50.149  31.886  28.236 0.0000000000
120846  -50.936  32.008  27.678 0.0000000000
120867  -51.446  31.193  25.906 0.0000000000
120872  -49.766  31.950  25.209 0.0000000000
120873  -51.355  31.124  25.328 0.0000000000
120886  -50.930  30.916  24.993 0.0000000000
120887  -51.228  31.039  25.131 0.0000000000
120897  -47.589  30.476  23.626 0.0000000000
120901  -50.564  30.796  25.046 0.0000000000
120931  -48.827  31.386  19.878 0.0000000000
120948  -49.407  31.259  19.365 0.0000000000
120962  -50.378  31.376  18.474 0.0000000000
120964  -50.627  32.256  18.502 0.0000000000
120985  -49.226  31.303  16.365 0.0000000000
120990  -46.310  30.928  15.906 0.0000000000
120991  -46.908  31.035  15.884 0.0000000000
120992  -47.222  31.030  15.967 0.0000000000
120993  -49.021  31.022  15.878 0.0000000000
120995  -50.084  31.025  15.982 0.0000000000
121581  -49.192  32.662  27.982 0.0000000000
121583  -50.554  32.514  28.455 0.0000000000
121584  -51.277  32.440  28.017 0.0000000000
121585  -51.822  32.720  27.794 0.0000000000
121598  -44.567  32.325  27.461 0.0000000000
121603  -49.559  31.948  27.948 0.0000000000
121604  -51.182  32.063  27.293 0.0000000000
121613  -51.203  31.705  26.961 0.0000000000
121614  -51.446  32.040  26.448 0.0000000000
121623  -42.677  32.853  25.016 0.0000000000
121629  -49.839  32.469  25.260 0.0000000000
121631  -51.497  32.253  25.301 0.0000000000
121632  -51.496  31.802  25.580 0.0000000000
121651  -49.991  32.023  25.118 0.0000000000
121652  -50.450  32.149  25.071 0.0000000000
121653  -50.996  31.814  25.067 0.0000000000
121672  -47.192  31.268  24.142 0.0000000000
121706  -49.788  32.363  19.632 0.0000000000
121719  -50.350  32.422  19.245 0.0000000000
121720  -50.695  32.690  19.072 0.0000000000
121721  -50.625  32.734  18.931 0.0000000000
121747  -48.077  32.518  16.967 0.0000000000
121749  -49.639  32.232  17.289 0.0000000000
121750  -50.101  31.917  17.307 0.0000000000
121754  -47.201  31.621  16.509 0.0000000000
121757  -49.394  31.701  16.931 0.0000000000
121758  -49.820  31.716  17.030 0.0000000000
122317  -48.960  33.115  28.061 0.0000000000
122319  -50.104  33.185  28.399 0.0000000000
122321  -51.867  33.009  28.259 0.0000000000
122336  -51.570  33.564  27.938 0.0000000000
122337  -51.939  33.202  27.414 0.0000000000
122349  -43.235  33.358  26.415 0.0000000000
122350  -51.817  33.273  26.107 0.0000000000
122351  -52.044  32.983  26.450 0.0000000000
122367  -48.552  33.305  25.757 0.0000000000
122369  -50.467  33.235  25.412 0.0000000000
122370  -51.543  33.155  25.590 0.0000000000
122383  -43.535  32.710  24.783 0.0000000000
122384  -45.115  32.821  25.158 0.0000000000
122387  -50.834  32.827  25.121 0.0000000000
122446  -51.915  33.934  20.464 0.0000000000
122458  -51.999  33.861  19.910 0.0000000000
122470  -48.499  33.852  18.075 0.0000000000
122488  -49.428  32.961  17.624 0.0000000000
123057  -48.899  33.482  28.094 0.0000000000
123058  -49.451  33.697  28.113 0.0000000000
123059  -50.300  33.796  28.051 0.0000000000
123060  -51.073  34.006  27.981 0.0000000000
123069  -45.354  33.391  26.833 0.0000000000
123072  -48.543  34.079  27.749 0.0000000000
123075  -51.517  33.984  27.218 0.0000000000
123076  -51.758  33.395  26.806 0.0000000000
123088  -47.766  34.134  26.933 0.0000000000
123091  -50.834  34.171  26.545 0.0000000000
123092  -51.549  33.513  26.350 0.0000000000
123097  -43.435  33.676  25.886 0.0000000000
123099  -45.128  33.748  26.017 0.0000000000
123104  -50.132  33.920  25.967 0.0000000000
123106  -51.403  33.495  25.930 0.0000000000
123135  -48.781  35.170  22.090 0.0000000000
123137  -51.059  35.015  22.552 0.0000000000
123138  -51.309  34.983  22.440 0.0000000000
123149  -45.353  34.334  21.748 0.0000000000
123162  -52.171  34.354  21.014 0.0000000000
123163  -52.668  34.394  20.363 0.0000000000
123164  -52.716  34.672  19.701 0.0000000000
123171  -45.996  35.177  19.226 0.0000000000
123175  -51.521  34.008  19.477 0.0000000000
123176  -52.100  34.202  19.610 0.0000000000
123177  -52.516  34.799  19.397 0.0000000000
123189  -49.350  34.111  18.521 0.0000000000
123193  -52.481  34.964  19.124 0.0000000000
123815  -50.099  36.160  23.139 0.0000000000
123828  -48.746  35.534  22.382 0.0000000000
123829  -49.885  35.460  22.523 0.0000000000
123841  -46.905  34.853  21.795 0.0000000000
123846  -52.174  35.430  21.615 0.0000000000
123847  -52.702  35.382  20.811 0.0000000000
123859  -49.886  36.024  19.894 0.0000000000
123861  -52.779  34.948  19.529 0.0000000000
123875  -51.075  35.709  19.136 0.0000000000
123876  -51.484  35.793  19.013 0.0000000000
123877  -52.657  35.543  19.324 0.0000000000
123878  -52.713  35.118  19.319 0.0000000000
123890  -51.608  35.363  18.962 0.0000000000
123891  -52.354  35.314  19.073 0.0000000000
123892  -52.563  35.193  19.132 0.0000000000
124522  -50.151  36.850  23.093 0.0000000000
124535  -50.649  36.582  22.482 0.0000000000
124551  -48.082  36.326  20.254 0.0000000000
124556  -52.752  36.230  20.383 0.0000000000
124570  -50.170  36.084  19.822 0.0000000000
124573  -52.597  36.099  19.561 0.0000000000
124582  -52.353  35.831  19.113 0.0000000000
125174  -47.060  38.349  23.995 0.0000000000
125175  -48.355  37.978  24.038 0.0000000000
125213  -51.079  36.955  21.382 0.0000000000
125227  -52.327  36.867  20.765 0.0000000000
125241  -46.513  36.985  19.401 0.0000000000
125243  -47.754  36.886  20.219 0.0000000000
125873  -46.866  38.752  23.944 0.0000000000
125877  -49.294  38.898  23.392 0.0000000000
125878  -49.392  39.121  23.213 0.0000000000
125890  -46.412  38.644  23.644 0.0000000000
125891  -47.956  38.264  23.737 0.0000000000
125892  -48.197  38.430  23.777 0.0000000000
125895  -49.483  38.746  23.070 0.0000000000
125908  -44.303  38.598  22.677 0.0000000000
125910  -49.702  38.842  23.029 0.0000000000
125921  -47.492  37.928  20.016 0.0000000000
125953  -47.862  39.670  18.620 0.0000000000
125997  -49.864  39.330  15.733 0.0000000000
126556  -47.357  39.351  24.065 0.0000000000
126557  -47.922  39.371  24.085 0.0000000000
126558  -48.394  39.234  23.791 0.0000000000
126559  -48.850  39.157  23.534 0.0000000000
126566  -45.587  39.179  22.994 0.0000000000
126568  -49.963  39.223  23.053 0.0000000000
126578  -45.180  39.352  22.755 0.0000000000
126579  -49.397  39.258  22.931 0.0000000000
126580  -49.644  39.276  22.976 0.0000000000
126604  -47.534  39.191  18.970 0.0000000000
126605  -47.671  39.493  18.918 0.0000000000
126615  -47.487  38.858  18.468 0.0000000000
126618  -50.638  40.501  17.352 0.0000000000
126633  -47.683  39.104  18.176 0.0000000000
126654  -49.816  39.226  16.352 0.0000000000
126655  -50.286  39.586  16.255 0.0000000000
126656  -50.844  40.213  16.444 0.0000000000
127226  -47.134  39.706  23.966 0.0000000000
127230  -48.943  39.683  23.235 0.0000000000
127231  -49.382  39.719  22.979 0.0000000000
127241  -49.505  40.111  23.038 0.0000000000
127242  -49.914  39.972  23.148 0.0000000000
127253  -49.529  39.913  22.917 0.0000000000
127286  -50.919  40.975  17.660 0.0000000000
127296  -51.395  40.963  17.312 0.0000000000
127313  -51.380  40.735  16.642 0.0000000000
127885  -48.866  39.919  23.217 0.0000000000
127886  -49.175  40.133  23.355 0.0000000000
127896  -48.324  40.577  22.858 0.0000000000
127897  -48.827  40.165  22.926 0.0000000000
127906  -45.831  40.902  22.011 0.0000000000
127907  -46.444  40.961  22.308 0.0000000000
127908  -47.306  40.989  22.097 0.0000000000
127911  -49.109  40.147  22.642 0.0000000000
127919  -43.759  41.084  21.275 0.0000000000
127920  -44.685  41.248  21.206 0.0000000000
127922  -48.081  41.228  21.165 0.0000000000
127924  -48.961  40.409  22.204 0.0000000000
127936  -41.049  41.668  19.971 0.0000000000
127942  -51.465  41.733  17.740 0.0000000000
127946  -51.703  41.427  17.296 0.0000000000
127947  -51.912  41.958  17.008 0.0000000000
127979  -51.035  42.317  15.480 0.0000000000
128493  -47.068  40.979  22.299 0.0000000000
128500  -36.966  42.237  21.839 0.0000000000
128510  -37.051  42.717  21.301 0.0000000000
128516  -47.615  41.465  20.794 0.0000000000
128524  -39.039  42.142  20.033 0.0000000000
128526  -41.660  41.729  19.998 0.0000000000
128559  -51.630  42.853  16.539 0.0000000000
129112  -36.670  42.982  22.247 0.0000000000
129116  -47.140  41.852  20.293 0.0000000000
129128  -48.559  42.768  18.532 0.0000000000
129140  -47.569  42.912  18.892 0.0000000000
129147  -38.376  44.045  18.460 0.0000000000
129724  -47.521  42.699  19.686 0.0000000000
129725  -47.739  42.770  19.327 0.0000000000
129727  -48.952  43.092  18.183 0.0000000000
129732  -47.612  42.761  19.564 0.0000000000
129739  -37.702  44.896  18.622 0.0000000000
129741  -39.083  44.496  17.850 0.0000000000
129742  -46.934  43.514  18.284 0.0000000000
129744  -47.826  43.145  18.424 0.0000000000
129760  -51.104  44.127  16.295 0.0000000000
129774  -51.144  44.860  15.481 0.0000000000
130273  -48.300  43.130  18.279 0.0000000000
130284  -38.526  45.601  17.841 0.0000000000
130300  -50.412  45.343  16.077 0.0000000000
130305  -51.274  45.219  15.012 0.0000000000
130816  -48.547  46.612  17.228 0.0000000000
132626  -49.216  48.117  16.801 0.0000000000
132640  -48.412  49.001  16.949 0.0000000000
133316  -48.473  49.160  16.306 0.0000000000
142436  -49.102  43.467  17.923 0.0000000000
142437  -49.326  43.586  17.808 0.0000000000
142438  -50.055  44.836  16.712 0.0000000000
142439  -49.062  43.841  17.853 0.0000000000
142440  -49.498  45.250  16.826 0.0000000000
142444  -48.457  47.927  17.665 0.0000000000
142446  -49.325  47.753  16.954 0.0000000000
