#!ascii label  , from subject 3023 vox2ras=TkReg
887
69818  -39.950  -19.801  61.133 0.0000000000
61399  -21.984  -26.423  60.492 0.0000000000
67486  -30.057  -21.297  60.201 0.0000000000
87834  -45.861  -4.132  38.189 0.0000000000
94508  -50.534  1.453  31.764 0.0000000000
60117  -13.570  -25.998  65.255 0.0000000000
85587  -43.946  -4.865  41.330 0.0000000000
74796  -38.912  -15.588  61.244 0.0000000000
65066  -35.089  -23.187  61.013 0.0000000000
61359  -17.730  -26.810  62.234 0.0000000000
58961  -16.280  -28.931  66.016 0.0000000000
70931  -37.478  -18.476  62.653 0.0000000000
74793  -35.890  -16.473  62.050 0.0000000000
66311  -26.465  -23.035  60.799 0.0000000000
69800  -32.986  -19.266  61.648 0.0000000000
77509  -36.728  -13.768  44.750 0.0000000000
80944  -41.225  -10.654  41.450 0.0000000000
83247  -46.322  -8.477  39.173 0.0000000000
54163  -9.562  -32.600  67.580 0.0000000000
50691  -6.796  -35.025  70.260 0.0000000000
74828  -33.729  -15.532  58.513 0.0000000000
72210  -32.243  -17.432  53.988 0.0000000000
73639  -33.887  -17.068  48.575 0.0000000000
55454  -12.845  -31.375  65.498 0.0000000000
60167  -21.489  -28.333  64.384 0.0000000000
61343  -23.950  -27.149  63.375 0.0000000000
67472  -37.536  -21.949  61.426 0.0000000000
65042  -21.114  -23.277  61.478 0.0000000000
61380  -20.421  -26.632  61.180 0.0000000000
59010  -18.935  -28.496  63.619 0.0000000000
70909  -36.600  -17.590  64.652 0.0000000000
69803  -35.075  -19.572  62.308 0.0000000000
80905  -37.139  -10.072  43.592 0.0000000000
79821  -38.749  -11.383  42.737 0.0000000000
83197  -38.966  -8.441  42.284 0.0000000000
84431  -43.979  -7.074  38.894 0.0000000000
85616  -45.872  -6.705  37.837 0.0000000000
84462  -48.338  -7.380  37.922 0.0000000000
87849  -47.361  -4.626  36.320 0.0000000000
90054  -48.460  -2.996  35.611 0.0000000000
77295  -33.666  -14.227  62.068 0.0000000000
76101  -34.469  -15.321  60.728 0.0000000000
76119  -32.294  -14.472  60.148 0.0000000000
74900  -30.861  -15.484  54.753 0.0000000000
74924  -31.225  -15.380  52.023 0.0000000000
72262  -32.670  -17.902  50.789 0.0000000000
76233  -32.576  -14.593  49.309 0.0000000000
77495  -34.408  -13.635  47.071 0.0000000000
68654  -27.523  -21.509  60.758 0.0000000000
58959  -11.474  -29.149  66.538 0.0000000000
58976  -13.053  -28.904  64.973 0.0000000000
47420  -7.580  -38.693  70.477 0.0000000000
46278  -6.181  -39.342  71.320 0.0000000000
85561  -41.457  -5.914  42.737 0.0000000000
76125  -38.263  -14.788  59.789 0.0000000000
66292  -32.217  -22.356  60.746 0.0000000000
61340  -15.383  -26.459  63.777 0.0000000000
58993  -15.205  -28.465  64.260 0.0000000000
58995  -17.345  -28.375  63.980 0.0000000000
94511  -53.052  1.438  30.907 0.0000000000
69806  -38.391  -19.203  61.577 0.0000000000
73471  -38.055  -17.359  61.209 0.0000000000
73455  -37.496  -17.291  62.150 0.0000000000
65061  -22.986  -23.453  59.977 0.0000000000
63830  -25.136  -25.392  60.538 0.0000000000
67482  -24.470  -21.592  60.126 0.0000000000
69836  -25.523  -20.001  59.268 0.0000000000
69853  -28.530  -18.988  58.826 0.0000000000
70939  -30.321  -17.698  61.173 0.0000000000
69842  -31.811  -19.810  59.628 0.0000000000
68660  -34.353  -20.831  60.428 0.0000000000
68639  -36.081  -20.778  61.265 0.0000000000
74969  -37.832  -16.169  46.894 0.0000000000
84419  -41.733  -7.522  40.239 0.0000000000
82033  -43.500  -9.554  40.304 0.0000000000
91041  -49.642  -2.024  34.648 0.0000000000
51864  -8.340  -34.662  68.679 0.0000000000
48514  -9.483  -36.926  69.779 0.0000000000
74795  -37.728  -16.129  60.765 0.0000000000
76123  -36.183  -15.219  59.706 0.0000000000
74830  -35.944  -15.337  58.361 0.0000000000
74851  -31.081  -14.936  57.852 0.0000000000
74875  -33.398  -16.007  56.959 0.0000000000
73539  -36.120  -16.470  56.296 0.0000000000
72213  -35.216  -17.912  54.196 0.0000000000
71009  -35.824  -18.660  51.645 0.0000000000
72310  -36.289  -17.787  49.287 0.0000000000
74985  -35.413  -15.302  46.215 0.0000000000
79779  -34.931  -11.223  45.504 0.0000000000
62539  -25.824  -25.868  63.462 0.0000000000
56563  -9.952  -30.330  67.975 0.0000000000
54165  -11.530  -32.671  66.741 0.0000000000
56579  -14.831  -30.361  66.029 0.0000000000
47393  -5.091  -39.108  71.668 0.0000000000
60202  -22.016  -27.727  62.320 0.0000000000
60168  -22.560  -27.907  64.401 0.0000000000
61383  -23.254  -27.052  61.286 0.0000000000
68642  -39.559  -20.748  61.585 0.0000000000
63826  -21.055  -24.612  60.221 0.0000000000
63825  -20.408  -24.689  60.766 0.0000000000
61381  -21.341  -26.657  60.976 0.0000000000
60201  -21.028  -27.787  62.373 0.0000000000
83167  -37.814  -8.922  43.795 0.0000000000
81981  -38.010  -9.666  43.023 0.0000000000
83181  -39.016  -8.057  43.524 0.0000000000
86732  -45.661  -4.858  38.681 0.0000000000
85615  -45.281  -6.216  38.272 0.0000000000
86739  -45.910  -5.343  37.651 0.0000000000
85632  -47.040  -6.228  36.865 0.0000000000
87840  -46.421  -4.547  36.986 0.0000000000
88976  -46.990  -3.326  36.649 0.0000000000
76082  -33.118  -14.541  61.480 0.0000000000
76207  -31.557  -13.855  52.559 0.0000000000
74927  -31.821  -15.619  50.482 0.0000000000
77434  -32.502  -13.700  50.323 0.0000000000
77468  -33.816  -12.995  48.812 0.0000000000
68655  -28.463  -20.963  60.513 0.0000000000
68633  -27.979  -21.473  62.025 0.0000000000
68635  -29.197  -21.281  61.360 0.0000000000
60139  -12.375  -28.179  65.732 0.0000000000
60140  -12.963  -27.935  65.288 0.0000000000
93320  -50.565  0.239  32.417 0.0000000000
47408  -7.224  -39.275  71.075 0.0000000000
74779  -39.557  -15.776  61.874 0.0000000000
76105  -38.793  -14.719  60.526 0.0000000000
66294  -33.757  -22.998  61.381 0.0000000000
65029  -34.222  -23.366  61.954 0.0000000000
63803  -18.648  -24.357  62.059 0.0000000000
63801  -17.205  -25.319  62.880 0.0000000000
63787  -16.481  -24.850  63.985 0.0000000000
62537  -16.738  -25.771  63.039 0.0000000000
60180  -16.379  -27.467  63.255 0.0000000000
60181  -17.404  -27.709  62.914 0.0000000000
58981  -19.616  -28.708  65.411 0.0000000000
58980  -18.649  -28.675  65.274 0.0000000000
69805  -37.356  -19.380  61.970 0.0000000000
70932  -38.184  -18.615  61.909 0.0000000000
70922  -37.761  -18.116  62.614 0.0000000000
66288  -23.132  -22.059  60.956 0.0000000000
66289  -23.994  -21.956  60.493 0.0000000000
67464  -23.951  -21.301  61.007 0.0000000000
70949  -24.828  -17.807  60.024 0.0000000000
72163  -26.839  -17.405  59.550 0.0000000000
70961  -27.401  -18.498  58.820 0.0000000000
72164  -28.002  -17.599  59.504 0.0000000000
70918  -32.627  -18.152  62.853 0.0000000000
70941  -31.944  -18.522  61.141 0.0000000000
70951  -31.112  -18.571  60.163 0.0000000000
69813  -32.364  -19.169  60.684 0.0000000000
68658  -32.800  -20.220  60.171 0.0000000000
69815  -33.302  -19.639  61.131 0.0000000000
69804  -36.015  -19.555  62.361 0.0000000000
68625  -35.598  -20.010  61.624 0.0000000000
68626  -36.436  -20.101  61.683 0.0000000000
69816  -37.942  -20.274  61.385 0.0000000000
76278  -37.288  -15.138  45.694 0.0000000000
76279  -38.293  -15.179  45.917 0.0000000000
77524  -38.388  -13.553  44.283 0.0000000000
80928  -40.483  -10.861  41.832 0.0000000000
78704  -40.571  -12.565  43.229 0.0000000000
85575  -42.337  -5.546  42.206 0.0000000000
84409  -41.002  -6.936  40.900 0.0000000000
85595  -42.099  -6.711  40.249 0.0000000000
83246  -45.374  -8.336  39.006 0.0000000000
83228  -43.669  -8.531  39.451 0.0000000000
82035  -45.454  -9.209  40.183 0.0000000000
82022  -45.667  -9.605  41.067 0.0000000000
90064  -48.922  -2.520  35.207 0.0000000000
91055  -48.473  -0.984  34.254 0.0000000000
92159  -49.086  -0.375  33.698 0.0000000000
54144  -8.981  -32.375  68.476 0.0000000000
54123  -8.573  -32.315  69.476 0.0000000000
52988  -9.127  -33.571  67.846 0.0000000000
49587  -9.915  -36.267  69.633 0.0000000000
48503  -9.493  -37.813  71.260 0.0000000000
73486  -37.281  -17.025  61.047 0.0000000000
74794  -36.621  -16.630  61.168 0.0000000000
76121  -33.978  -15.246  59.992 0.0000000000
76102  -35.661  -15.662  60.671 0.0000000000
76145  -35.514  -15.014  59.071 0.0000000000
76146  -36.585  -14.940  59.012 0.0000000000
74829  -34.850  -15.387  58.405 0.0000000000
77357  -31.071  -13.247  56.468 0.0000000000
73573  -31.189  -16.563  54.490 0.0000000000
74891  -31.647  -16.377  56.371 0.0000000000
73556  -33.024  -16.962  55.581 0.0000000000
73537  -33.826  -16.620  56.311 0.0000000000
73557  -34.230  -17.114  55.424 0.0000000000
72197  -35.910  -17.371  54.927 0.0000000000
72212  -34.012  -17.749  54.340 0.0000000000
72284  -32.874  -17.319  49.623 0.0000000000
72263  -34.117  -18.186  50.961 0.0000000000
72286  -34.756  -17.775  50.058 0.0000000000
72287  -35.740  -17.887  50.113 0.0000000000
72327  -35.024  -17.296  48.474 0.0000000000
73678  -36.130  -16.608  47.355 0.0000000000
73676  -34.607  -16.361  47.427 0.0000000000
78663  -34.771  -12.085  47.185 0.0000000000
77496  -34.746  -13.225  46.782 0.0000000000
79763  -34.050  -10.620  46.195 0.0000000000
65063  -25.439  -24.162  59.962 0.0000000000
62565  -25.185  -25.727  61.436 0.0000000000
65045  -25.980  -24.187  61.305 0.0000000000
56577  -11.650  -30.893  65.706 0.0000000000
56571  -11.090  -30.699  66.437 0.0000000000
54183  -11.793  -32.203  66.153 0.0000000000
58977  -15.870  -28.834  65.070 0.0000000000
57787  -14.587  -29.761  64.960 0.0000000000
57772  -15.336  -29.854  66.558 0.0000000000
58999  -20.928  -28.568  64.970 0.0000000000
60143  -22.135  -28.232  65.385 0.0000000000
60144  -22.963  -27.895  65.408 0.0000000000
60145  -24.045  -27.536  65.582 0.0000000000
66297  -36.577  -22.834  61.195 0.0000000000
65031  -35.784  -23.536  62.527 0.0000000000
65041  -20.254  -23.668  61.512 0.0000000000
63815  -19.060  -24.896  61.574 0.0000000000
61360  -18.699  -26.704  61.759 0.0000000000
60198  -18.144  -27.468  62.315 0.0000000000
60200  -20.110  -27.792  62.272 0.0000000000
60184  -20.424  -28.246  63.228 0.0000000000
69792  -37.005  -18.481  63.375 0.0000000000
70921  -37.417  -17.921  63.718 0.0000000000
70919  -33.532  -18.615  63.072 0.0000000000
69802  -34.284  -19.536  62.169 0.0000000000
69791  -36.268  -18.736  63.135 0.0000000000
79800  -37.035  -11.475  43.864 0.0000000000
78689  -37.894  -12.831  43.818 0.0000000000
79820  -37.732  -11.477  43.318 0.0000000000
79841  -39.052  -10.627  42.296 0.0000000000
80942  -39.862  -9.791  41.455 0.0000000000
85604  -43.670  -6.257  39.497 0.0000000000
85605  -44.448  -5.913  39.278 0.0000000000
84446  -45.135  -6.740  38.368 0.0000000000
84433  -45.937  -7.876  38.516 0.0000000000
84435  -47.798  -8.200  38.955 0.0000000000
84461  -47.482  -7.241  37.637 0.0000000000
85633  -47.769  -6.390  36.761 0.0000000000
86749  -49.512  -5.587  36.445 0.0000000000
88982  -47.996  -3.614  35.816 0.0000000000
90053  -47.751  -2.371  35.747 0.0000000000
51888  -10.824  -34.150  67.870 0.0000000000
51877  -10.071  -34.628  68.141 0.0000000000
50734  -11.098  -34.890  69.262 0.0000000000
76070  -34.955  -14.965  62.357 0.0000000000
76085  -35.208  -16.115  61.889 0.0000000000
76083  -33.976  -14.891  61.463 0.0000000000
76100  -33.558  -14.962  60.751 0.0000000000
76143  -33.252  -15.437  59.298 0.0000000000
76196  -30.880  -14.328  55.058 0.0000000000
76202  -30.994  -14.271  53.885 0.0000000000
74909  -30.991  -15.504  53.703 0.0000000000
73603  -31.564  -17.121  52.733 0.0000000000
72243  -32.327  -17.792  52.270 0.0000000000
73618  -31.616  -16.722  51.409 0.0000000000
73627  -32.230  -16.700  50.142 0.0000000000
74934  -32.919  -15.589  48.852 0.0000000000
74965  -33.816  -15.130  47.523 0.0000000000
77467  -33.530  -13.801  48.344 0.0000000000
68653  -26.888  -21.556  60.296 0.0000000000
66290  -27.326  -22.984  61.492 0.0000000000
67485  -27.262  -21.982  61.075 0.0000000000
57777  -12.038  -29.243  65.586 0.0000000000
56583  -13.149  -30.677  65.039 0.0000000000
49570  -7.253  -36.703  69.540 0.0000000000
50690  -6.544  -35.644  70.721 0.0000000000
48506  -6.390  -37.484  70.509 0.0000000000
48501  -5.957  -37.401  71.126 0.0000000000
48494  -5.275  -37.713  72.084 0.0000000000
76148  -38.726  -14.938  59.144 0.0000000000
67468  -31.002  -22.106  60.995 0.0000000000
67467  -30.084  -21.616  60.983 0.0000000000
62525  -15.578  -25.304  64.488 0.0000000000
61326  -14.906  -26.035  64.219 0.0000000000
60163  -14.507  -27.277  64.180 0.0000000000
60179  -15.533  -27.488  63.698 0.0000000000
59007  -15.903  -28.041  63.760 0.0000000000
58978  -16.737  -28.586  65.107 0.0000000000
60165  -17.968  -28.240  63.672 0.0000000000
58979  -17.696  -28.517  65.151 0.0000000000
58962  -17.121  -28.762  66.122 0.0000000000
95647  -51.383  2.415  31.450 0.0000000000
69817  -38.799  -19.836  61.200 0.0000000000
72143  -39.530  -18.350  61.292 0.0000000000
72142  -38.791  -18.272  61.449 0.0000000000
72130  -38.135  -17.849  61.917 0.0000000000
73470  -37.122  -16.823  62.123 0.0000000000
73454  -37.141  -16.612  63.160 0.0000000000
74765  -36.981  -15.769  63.151 0.0000000000
76072  -36.227  -15.355  62.961 0.0000000000
77285  -35.675  -13.842  62.712 0.0000000000
62577  -22.533  -25.710  60.021 0.0000000000
62578  -23.595  -25.863  60.081 0.0000000000
65062  -24.139  -24.024  59.623 0.0000000000
66309  -24.311  -22.696  59.811 0.0000000000
67483  -25.455  -21.766  59.946 0.0000000000
69811  -24.242  -19.214  60.892 0.0000000000
69835  -25.132  -20.401  59.568 0.0000000000
67501  -25.900  -21.339  59.772 0.0000000000
69837  -26.869  -19.833  58.770 0.0000000000
69838  -27.969  -19.984  58.788 0.0000000000
68674  -29.650  -20.408  59.163 0.0000000000
72154  -28.745  -17.349  60.351 0.0000000000
72155  -29.593  -17.769  60.048 0.0000000000
69854  -30.324  -19.654  59.016 0.0000000000
68675  -30.576  -20.523  59.263 0.0000000000
67504  -31.662  -21.290  59.540 0.0000000000
67506  -33.145  -21.811  59.920 0.0000000000
67491  -34.475  -21.803  60.296 0.0000000000
68624  -34.750  -19.771  61.511 0.0000000000
68638  -35.201  -20.411  60.806 0.0000000000
67493  -36.080  -22.523  60.759 0.0000000000
68641  -38.361  -20.991  61.453 0.0000000000
65060  -21.611  -23.629  60.356 0.0000000000
78690  -38.974  -12.946  43.849 0.0000000000
84396  -40.104  -7.024  42.474 0.0000000000
83210  -40.664  -8.746  40.728 0.0000000000
83211  -41.189  -9.308  40.587 0.0000000000
84420  -42.610  -7.469  39.689 0.0000000000
83227  -42.487  -8.701  39.811 0.0000000000
82032  -42.431  -9.668  40.475 0.0000000000
82021  -44.478  -9.886  41.270 0.0000000000
92161  -50.774  -1.513  33.618 0.0000000000
92166  -49.799  -0.279  33.215 0.0000000000
94501  -49.509  1.458  32.634 0.0000000000
54122  -8.091  -32.607  69.920 0.0000000000
51863  -7.718  -34.829  69.227 0.0000000000
51865  -9.335  -35.060  68.513 0.0000000000
50717  -8.259  -35.628  69.076 0.0000000000
49585  -8.086  -36.551  69.246 0.0000000000
48508  -8.588  -38.265  70.264 0.0000000000
72131  -39.073  -17.714  61.427 0.0000000000
73487  -38.418  -16.512  61.119 0.0000000000
76103  -36.912  -15.476  60.114 0.0000000000
76104  -37.788  -14.933  60.299 0.0000000000
76124  -37.238  -14.995  59.664 0.0000000000
76147  -37.644  -14.936  59.053 0.0000000000
74857  -37.426  -15.693  57.676 0.0000000000
76142  -31.830  -14.790  59.126 0.0000000000
74827  -32.595  -15.514  58.644 0.0000000000
74890  -31.015  -15.743  56.046 0.0000000000
74874  -32.018  -16.128  57.046 0.0000000000
74853  -32.971  -15.716  57.832 0.0000000000
74876  -34.569  -16.050  56.938 0.0000000000
74877  -35.698  -16.005  56.918 0.0000000000
72229  -34.409  -18.297  53.265 0.0000000000
72230  -35.769  -18.464  53.285 0.0000000000
73679  -37.149  -16.636  47.413 0.0000000000
74986  -36.506  -15.601  46.160 0.0000000000
76277  -36.220  -14.865  45.655 0.0000000000
74984  -34.765  -14.915  46.393 0.0000000000
76289  -35.564  -13.699  45.442 0.0000000000
78687  -36.135  -12.364  44.875 0.0000000000
80889  -35.785  -10.412  44.701 0.0000000000
81967  -36.365  -9.694  44.571 0.0000000000
62564  -24.781  -26.328  61.449 0.0000000000
61344  -24.947  -26.606  63.381 0.0000000000
63806  -26.673  -24.560  63.035 0.0000000000
55414  -9.369  -31.311  68.125 0.0000000000
57771  -11.026  -29.643  66.951 0.0000000000
55427  -10.651  -31.633  66.844 0.0000000000
54164  -10.455  -32.710  67.139 0.0000000000
52998  -11.093  -33.536  67.374 0.0000000000
57794  -13.951  -29.020  64.526 0.0000000000
57786  -13.642  -29.631  64.762 0.0000000000
55455  -13.557  -31.233  65.679 0.0000000000
46260  -6.695  -40.587  73.041 0.0000000000
47394  -5.458  -39.041  71.572 0.0000000000
48493  -4.787  -37.969  72.072 0.0000000000
70945  -40.290  -19.000  61.542 0.0000000000
61382  -22.273  -27.135  61.237 0.0000000000
61362  -22.821  -27.534  61.902 0.0000000000
62576  -21.337  -25.743  60.344 0.0000000000
61398  -21.549  -26.295  60.553 0.0000000000
60216  -21.491  -27.437  61.634 0.0000000000
83168  -38.466  -8.402  44.114 0.0000000000
88968  -46.382  -3.530  37.541 0.0000000000
88975  -46.605  -3.876  36.912 0.0000000000
68656  -29.414  -21.064  60.163 0.0000000000
60116  -12.985  -26.683  65.666 0.0000000000
60141  -13.513  -26.994  64.807 0.0000000000
93325  -50.325  0.850  32.077 0.0000000000
92170  -51.279  -0.157  32.167 0.0000000000
93326  -50.989  0.596  31.769 0.0000000000
76087  -39.218  -14.759  61.250 0.0000000000
76086  -38.284  -15.170  60.826 0.0000000000
66295  -34.325  -23.151  61.201 0.0000000000
65048  -34.730  -23.291  61.355 0.0000000000
62549  -18.300  -25.662  61.863 0.0000000000
63802  -17.682  -24.909  62.566 0.0000000000
62548  -17.350  -25.845  62.443 0.0000000000
61342  -16.914  -26.710  62.790 0.0000000000
67463  -23.266  -21.317  61.388 0.0000000000
72152  -26.481  -16.735  60.547 0.0000000000
72162  -25.743  -17.262  59.845 0.0000000000
72153  -27.683  -16.980  60.458 0.0000000000
70930  -32.489  -18.753  61.968 0.0000000000
70929  -31.766  -18.104  62.208 0.0000000000
70942  -32.538  -19.033  61.315 0.0000000000
69814  -32.840  -19.426  60.964 0.0000000000
76291  -37.011  -14.487  45.164 0.0000000000
76292  -38.043  -14.688  45.280 0.0000000000
77510  -37.726  -14.022  44.759 0.0000000000
79843  -40.627  -11.511  42.302 0.0000000000
80945  -41.816  -10.751  41.805 0.0000000000
85586  -43.295  -5.208  41.590 0.0000000000
85585  -42.171  -5.818  40.937 0.0000000000
85596  -42.849  -6.039  39.995 0.0000000000
83229  -44.890  -8.846  39.523 0.0000000000
83230  -45.828  -8.814  39.717 0.0000000000
83212  -46.194  -9.075  40.482 0.0000000000
92158  -48.224  -0.252  34.143 0.0000000000
76144  -34.418  -15.265  59.191 0.0000000000
76122  -35.075  -15.105  59.909 0.0000000000
73574  -32.254  -17.255  54.697 0.0000000000
73575  -33.383  -17.416  54.875 0.0000000000
73576  -33.967  -17.479  54.920 0.0000000000
72211  -32.872  -17.599  54.098 0.0000000000
72307  -33.527  -17.234  49.079 0.0000000000
72285  -33.684  -17.746  49.866 0.0000000000
72308  -34.381  -17.428  48.923 0.0000000000
72309  -35.355  -17.654  49.203 0.0000000000
72326  -34.589  -17.209  48.441 0.0000000000
73655  -34.401  -16.731  48.003 0.0000000000
66310  -25.721  -22.867  60.227 0.0000000000
65064  -25.986  -23.554  60.734 0.0000000000
56582  -12.335  -30.841  65.339 0.0000000000
55441  -12.141  -31.749  65.739 0.0000000000
54184  -12.251  -32.355  66.360 0.0000000000
55442  -13.109  -31.879  66.463 0.0000000000
57779  -15.665  -29.408  65.826 0.0000000000
52965  -6.973  -33.397  70.394 0.0000000000
51839  -6.737  -34.066  70.714 0.0000000000
58983  -21.338  -28.561  65.555 0.0000000000
60187  -23.163  -27.763  63.393 0.0000000000
60169  -23.540  -27.661  64.409 0.0000000000
61327  -24.276  -27.018  64.411 0.0000000000
65050  -36.539  -23.328  62.032 0.0000000000
65025  -21.519  -22.998  62.637 0.0000000000
62562  -20.242  -25.655  60.918 0.0000000000
63816  -19.672  -24.560  61.375 0.0000000000
61379  -19.497  -26.550  61.395 0.0000000000
62561  -19.168  -25.595  61.436 0.0000000000
61361  -19.176  -27.030  61.664 0.0000000000
60214  -19.882  -27.236  61.623 0.0000000000
60185  -21.345  -28.016  63.265 0.0000000000
60166  -20.927  -28.400  63.792 0.0000000000
58998  -20.361  -28.577  64.418 0.0000000000
69779  -37.124  -18.329  64.317 0.0000000000
70920  -34.110  -18.876  63.216 0.0000000000
69778  -36.304  -18.217  64.331 0.0000000000
80890  -36.711  -10.513  43.933 0.0000000000
80891  -37.258  -10.994  43.548 0.0000000000
80906  -37.642  -10.498  43.221 0.0000000000
83196  -38.634  -9.060  42.471 0.0000000000
81998  -38.474  -9.557  42.528 0.0000000000
81999  -38.935  -9.436  42.090 0.0000000000
80927  -39.557  -10.204  41.821 0.0000000000
82016  -39.449  -9.296  41.597 0.0000000000
85606  -45.014  -5.739  38.944 0.0000000000
85623  -45.681  -6.093  37.765 0.0000000000
84447  -45.581  -7.090  38.164 0.0000000000
84448  -46.580  -7.364  37.917 0.0000000000
84460  -46.929  -7.018  37.459 0.0000000000
86747  -47.304  -5.658  36.567 0.0000000000
86748  -48.324  -5.769  36.358 0.0000000000
87850  -48.693  -4.632  36.022 0.0000000000
77296  -34.341  -14.696  62.041 0.0000000000
76099  -32.729  -14.629  60.762 0.0000000000
76120  -32.933  -15.022  60.040 0.0000000000
76210  -31.229  -14.733  52.399 0.0000000000
76206  -31.105  -14.603  53.054 0.0000000000
74918  -31.066  -15.509  52.783 0.0000000000
73588  -31.176  -16.417  53.297 0.0000000000
73602  -31.258  -16.233  52.325 0.0000000000
73617  -31.323  -15.972  51.752 0.0000000000
76232  -32.203  -14.654  50.017 0.0000000000
74933  -32.348  -15.627  49.635 0.0000000000
73637  -32.797  -16.490  49.308 0.0000000000
76248  -33.076  -14.557  48.552 0.0000000000
58975  -12.390  -28.762  65.383 0.0000000000
57785  -12.466  -29.801  65.166 0.0000000000
48507  -7.185  -37.814  69.884 0.0000000000
49569  -6.631  -36.683  70.184 0.0000000000
46279  -6.642  -39.537  71.301 0.0000000000
47407  -6.163  -38.604  71.089 0.0000000000
48495  -5.614  -37.506  71.677 0.0000000000
47395  -5.734  -38.758  71.468 0.0000000000
67488  -31.748  -22.012  60.281 0.0000000000
67469  -31.699  -22.345  61.066 0.0000000000
62536  -16.060  -25.520  63.713 0.0000000000
62526  -16.202  -24.942  64.317 0.0000000000
62535  -15.445  -25.815  63.991 0.0000000000
59008  -16.637  -28.093  63.562 0.0000000000
58994  -16.270  -28.463  64.251 0.0000000000
60182  -18.394  -28.156  63.138 0.0000000000
59009  -18.546  -28.409  63.603 0.0000000000
58963  -18.045  -28.799  66.224 0.0000000000
70943  -38.898  -18.877  61.214 0.0000000000
72120  -37.151  -17.090  63.725 0.0000000000
76063  -36.558  -15.067  63.355 0.0000000000
76062  -36.197  -14.535  63.153 0.0000000000
76071  -35.792  -15.493  62.601 0.0000000000
63828  -23.301  -24.814  59.632 0.0000000000
68652  -24.887  -21.132  59.792 0.0000000000
70960  -25.833  -18.433  59.103 0.0000000000
69823  -24.766  -18.965  59.804 0.0000000000
68670  -25.481  -20.927  59.632 0.0000000000
68671  -26.520  -21.118  59.711 0.0000000000
70973  -28.104  -18.770  58.801 0.0000000000
69851  -27.618  -19.312  58.675 0.0000000000
69852  -28.135  -19.273  58.727 0.0000000000
68673  -28.656  -20.511  59.445 0.0000000000
69839  -28.844  -19.629  58.889 0.0000000000
70940  -30.925  -17.862  61.403 0.0000000000
72129  -30.330  -17.403  62.050 0.0000000000
72140  -29.677  -17.458  61.224 0.0000000000
70950  -30.341  -17.912  60.563 0.0000000000
69824  -31.578  -19.207  59.849 0.0000000000
70965  -30.766  -18.804  59.587 0.0000000000
69841  -30.849  -19.487  59.282 0.0000000000
68690  -30.571  -19.987  59.061 0.0000000000
68676  -31.411  -20.456  59.383 0.0000000000
67503  -31.084  -21.005  59.386 0.0000000000
68659  -33.342  -20.305  60.431 0.0000000000
68678  -33.068  -21.119  59.863 0.0000000000
67490  -33.679  -21.368  60.143 0.0000000000
66314  -33.540  -22.338  60.357 0.0000000000
68623  -34.050  -19.716  61.591 0.0000000000
67470  -35.712  -21.227  60.708 0.0000000000
67471  -36.430  -21.762  60.936 0.0000000000
68640  -37.184  -20.775  61.381 0.0000000000
65043  -22.178  -22.748  61.223 0.0000000000
63827  -22.079  -24.647  59.790 0.0000000000
73680  -38.123  -16.614  47.495 0.0000000000
76293  -39.062  -14.776  45.544 0.0000000000
76280  -39.250  -15.211  46.118 0.0000000000
78702  -38.373  -12.246  43.346 0.0000000000
78703  -39.465  -12.394  43.242 0.0000000000
84383  -40.737  -6.458  43.152 0.0000000000
84397  -40.789  -6.585  42.003 0.0000000000
84418  -40.945  -7.984  40.533 0.0000000000
83226  -41.457  -8.816  40.271 0.0000000000
84421  -43.335  -7.212  39.294 0.0000000000
82034  -44.626  -9.453  40.203 0.0000000000
82020  -43.318  -10.081  41.309 0.0000000000
82003  -45.432  -9.821  42.333 0.0000000000
84450  -48.423  -7.805  38.563 0.0000000000
88983  -49.203  -3.495  35.665 0.0000000000
91042  -50.563  -2.295  34.790 0.0000000000
91057  -50.240  -1.724  34.152 0.0000000000
93314  -48.946  0.599  33.424 0.0000000000
92165  -49.352  0.057  33.330 0.0000000000
93318  -49.361  0.894  32.943 0.0000000000
52975  -8.128  -33.370  69.175 0.0000000000
51853  -7.689  -34.025  69.302 0.0000000000
50719  -10.137  -35.458  69.042 0.0000000000
50718  -9.170  -35.622  69.010 0.0000000000
49586  -8.974  -36.422  69.304 0.0000000000
48512  -7.970  -37.436  69.503 0.0000000000
48513  -8.800  -37.274  69.593 0.0000000000
48502  -8.980  -38.436  71.668 0.0000000000
76084  -34.641  -15.446  61.594 0.0000000000
74810  -36.036  -16.224  61.227 0.0000000000
74812  -37.547  -15.558  60.433 0.0000000000
74831  -37.014  -15.261  58.342 0.0000000000
74856  -36.364  -15.631  57.636 0.0000000000
76168  -31.270  -14.511  58.272 0.0000000000
76141  -31.435  -14.407  58.678 0.0000000000
76169  -31.540  -14.970  58.551 0.0000000000
74826  -32.047  -15.310  58.692 0.0000000000
74852  -31.788  -15.365  58.177 0.0000000000
76189  -30.791  -14.344  56.255 0.0000000000
73535  -32.031  -16.512  56.415 0.0000000000
74854  -34.149  -15.718  57.709 0.0000000000
73538  -34.996  -16.537  56.243 0.0000000000
74878  -36.788  -15.813  56.838 0.0000000000
72228  -33.205  -17.923  53.245 0.0000000000
72244  -33.559  -18.219  52.107 0.0000000000
72245  -34.946  -18.569  52.098 0.0000000000
72246  -35.930  -18.693  52.388 0.0000000000
72288  -36.643  -17.934  50.143 0.0000000000
72329  -36.871  -17.399  48.663 0.0000000000
73658  -37.480  -16.913  48.135 0.0000000000
73657  -36.509  -17.005  48.008 0.0000000000
74967  -35.694  -16.103  46.705 0.0000000000
76263  -33.947  -14.531  47.397 0.0000000000
76275  -34.399  -14.244  46.806 0.0000000000
78674  -35.083  -12.150  46.267 0.0000000000
77507  -35.309  -13.163  45.801 0.0000000000
77508  -35.934  -13.230  45.104 0.0000000000
78675  -35.523  -12.323  45.483 0.0000000000
79799  -36.084  -11.354  44.689 0.0000000000
79798  -35.385  -10.831  45.004 0.0000000000
62579  -24.472  -26.088  60.574 0.0000000000
61384  -24.067  -26.736  61.409 0.0000000000
62580  -24.898  -25.876  60.968 0.0000000000
62552  -25.542  -25.612  62.266 0.0000000000
62551  -24.993  -26.146  62.288 0.0000000000
62538  -25.329  -26.067  62.837 0.0000000000
61328  -25.050  -26.848  64.519 0.0000000000
61345  -25.449  -26.521  63.982 0.0000000000
65028  -26.946  -23.915  62.547 0.0000000000
67453  -29.899  -21.541  62.238 0.0000000000
58946  -11.399  -28.546  67.168 0.0000000000
57763  -10.880  -29.068  67.859 0.0000000000
55428  -11.412  -31.694  66.193 0.0000000000
58992  -14.219  -28.452  64.448 0.0000000000
56585  -14.666  -30.175  65.456 0.0000000000
56584  -14.152  -30.579  65.378 0.0000000000
94510  -52.067  1.424  31.139 0.0000000000
46269  -5.752  -40.428  71.926 0.0000000000
60186  -22.227  -27.903  63.398 0.0000000000
60203  -22.792  -27.752  62.637 0.0000000000
61363  -23.591  -27.420  62.289 0.0000000000
67473  -38.785  -22.031  62.020 0.0000000000
65059  -20.657  -23.879  60.729 0.0000000000
62575  -20.736  -25.182  60.507 0.0000000000
62563  -20.824  -26.200  60.796 0.0000000000
60215  -20.716  -27.360  61.592 0.0000000000
70908  -36.008  -17.494  64.528 0.0000000000
81980  -37.475  -9.592  43.543 0.0000000000
83179  -37.912  -9.250  43.368 0.0000000000
83180  -38.353  -8.868  43.108 0.0000000000
86731  -45.346  -5.350  38.884 0.0000000000
86738  -45.484  -5.575  38.217 0.0000000000
85624  -46.431  -6.451  37.358 0.0000000000
86746  -46.581  -5.602  36.897 0.0000000000
87848  -46.881  -5.127  36.630 0.0000000000
87841  -46.810  -4.101  36.667 0.0000000000
77294  -32.420  -13.756  62.226 0.0000000000
77308  -32.411  -14.207  61.310 0.0000000000
76098  -32.184  -14.144  60.704 0.0000000000
76211  -31.654  -14.317  51.739 0.0000000000
74925  -31.420  -15.419  51.301 0.0000000000
76219  -31.869  -14.470  50.789 0.0000000000
77450  -32.532  -14.019  49.759 0.0000000000
77451  -33.134  -13.269  49.508 0.0000000000
68634  -28.438  -21.201  61.667 0.0000000000
68620  -28.474  -21.215  62.749 0.0000000000
60161  -13.319  -28.410  64.878 0.0000000000
92167  -50.690  -0.665  32.926 0.0000000000
47409  -8.236  -39.009  71.236 0.0000000000
47419  -6.713  -38.403  70.540 0.0000000000
46271  -7.227  -39.873  71.717 0.0000000000
66293  -32.867  -22.571  61.034 0.0000000000
66275  -32.208  -22.483  61.543 0.0000000000
66276  -32.905  -22.738  62.012 0.0000000000
66277  -33.561  -23.187  62.478 0.0000000000
63789  -18.132  -24.051  63.442 0.0000000000
63788  -17.023  -24.731  63.497 0.0000000000
61341  -16.100  -26.569  63.272 0.0000000000
58997  -19.259  -28.638  64.410 0.0000000000
58964  -19.001  -28.804  66.350 0.0000000000
72121  -37.348  -17.562  62.808 0.0000000000
65044  -22.911  -22.733  60.562 0.0000000000
66308  -23.364  -22.705  60.271 0.0000000000
69812  -24.429  -18.420  60.440 0.0000000000
70962  -28.320  -18.318  59.075 0.0000000000
70952  -31.848  -18.946  60.361 0.0000000000
69825  -32.098  -19.467  60.118 0.0000000000
69843  -32.277  -19.882  59.937 0.0000000000
69826  -32.656  -19.839  60.328 0.0000000000
74987  -37.561  -15.747  46.230 0.0000000000
74988  -38.538  -15.730  46.423 0.0000000000
77511  -38.826  -14.086  45.039 0.0000000000
79842  -39.728  -11.113  42.226 0.0000000000
79822  -40.013  -11.844  42.743 0.0000000000
85574  -41.494  -6.126  41.539 0.0000000000
85584  -41.648  -6.599  40.610 0.0000000000
85594  -41.833  -6.967  40.364 0.0000000000
83245  -44.405  -8.077  38.977 0.0000000000
90063  -48.298  -1.926  35.187 0.0000000000
91040  -48.737  -1.674  34.719 0.0000000000
91056  -49.385  -1.286  34.181 0.0000000000
93310  -48.485  0.268  33.846 0.0000000000
52976  -8.572  -33.062  68.626 0.0000000000
52987  -8.486  -33.845  68.368 0.0000000000
48509  -9.477  -37.505  70.308 0.0000000000
76180  -30.916  -14.256  57.305 0.0000000000
73554  -31.033  -16.255  55.317 0.0000000000
73555  -31.778  -16.711  55.737 0.0000000000
73536  -32.675  -16.602  56.406 0.0000000000
73558  -35.452  -16.885  55.532 0.0000000000
72196  -34.850  -17.476  54.933 0.0000000000
72264  -35.324  -18.346  50.949 0.0000000000
71018  -35.911  -18.557  51.142 0.0000000000
72328  -35.931  -17.377  48.576 0.0000000000
73656  -35.520  -16.858  48.013 0.0000000000
73677  -35.098  -16.496  47.357 0.0000000000
77486  -34.566  -12.722  47.473 0.0000000000
80878  -35.066  -10.403  45.285 0.0000000000
63817  -25.668  -25.016  61.260 0.0000000000
63805  -26.176  -24.781  62.417 0.0000000000
57776  -11.622  -29.793  65.921 0.0000000000
57796  -14.847  -29.179  64.667 0.0000000000
57788  -15.254  -29.331  64.979 0.0000000000
57778  -15.070  -29.845  65.606 0.0000000000
58982  -20.515  -28.677  65.554 0.0000000000
58966  -20.925  -28.783  66.518 0.0000000000
58967  -22.043  -28.605  66.548 0.0000000000
60119  -22.552  -28.221  65.999 0.0000000000
66296  -36.030  -23.128  60.974 0.0000000000
65049  -35.685  -23.356  61.449 0.0000000000
63804  -19.653  -23.583  62.279 0.0000000000
65058  -20.177  -24.170  61.018 0.0000000000
62550  -18.778  -25.116  61.682 0.0000000000
60199  -19.130  -27.602  62.042 0.0000000000
60183  -19.445  -28.232  62.949 0.0000000000
59011  -19.687  -28.511  63.703 0.0000000000
69787  -33.163  -19.038  62.387 0.0000000000
69801  -33.651  -19.517  61.842 0.0000000000
69788  -33.848  -19.271  62.667 0.0000000000
69789  -34.550  -19.286  62.971 0.0000000000
69790  -35.364  -19.057  63.130 0.0000000000
78688  -36.894  -12.390  44.158 0.0000000000
77523  -37.322  -13.353  44.252 0.0000000000
78701  -37.549  -12.119  43.622 0.0000000000
80907  -38.406  -10.314  42.585 0.0000000000
80943  -40.361  -10.187  41.359 0.0000000000
85597  -43.898  -5.350  40.425 0.0000000000
85614  -44.881  -6.368  38.631 0.0000000000
84432  -44.883  -7.253  38.547 0.0000000000
83248  -47.195  -8.480  39.407 0.0000000000
84434  -46.910  -8.107  38.658 0.0000000000
84449  -47.592  -7.713  38.260 0.0000000000
85625  -47.298  -6.756  37.185 0.0000000000
85626  -48.161  -6.944  37.290 0.0000000000
52997  -10.154  -33.620  67.502 0.0000000000
50733  -10.701  -34.991  68.944 0.0000000000
76203  -31.313  -13.740  53.171 0.0000000000
73589  -31.713  -17.134  53.770 0.0000000000
72227  -32.248  -17.601  53.363 0.0000000000
72306  -33.126  -16.940  49.123 0.0000000000
73638  -33.402  -16.569  48.521 0.0000000000
73654  -33.774  -16.308  47.976 0.0000000000
74946  -33.535  -15.602  47.941 0.0000000000
76262  -33.554  -14.620  47.880 0.0000000000
77484  -33.762  -14.081  47.799 0.0000000000
77485  -34.177  -13.395  47.716 0.0000000000
79752  -35.067  -11.246  47.868 0.0000000000
67484  -26.631  -22.042  60.535 0.0000000000
66291  -27.814  -22.725  62.151 0.0000000000
67466  -27.632  -22.106  61.962 0.0000000000
58960  -11.919  -28.615  66.159 0.0000000000
57784  -12.001  -30.349  65.492 0.0000000000
58948  -16.631  -28.974  67.025 0.0000000000
50704  -6.860  -35.928  69.983 0.0000000000
49556  -6.228  -36.432  71.026 0.0000000000
47418  -6.204  -38.021  70.762 0.0000000000
49543  -5.818  -36.352  71.806 0.0000000000
49542  -5.305  -36.319  72.518 0.0000000000
74832  -38.077  -15.388  58.439 0.0000000000
67454  -30.732  -21.926  62.017 0.0000000000
65030  -34.947  -23.506  62.230 0.0000000000
62516  -15.555  -24.758  65.454 0.0000000000
61310  -14.829  -25.452  64.909 0.0000000000
60142  -14.159  -26.163  64.621 0.0000000000
59006  -15.536  -28.003  63.891 0.0000000000
60197  -17.735  -27.357  62.438 0.0000000000
60164  -17.777  -28.124  63.421 0.0000000000
58996  -18.341  -28.462  64.098 0.0000000000
95646  -50.804  1.963  31.571 0.0000000000
70944  -39.677  -19.067  61.065 0.0000000000
74778  -36.469  -16.186  62.371 0.0000000000
74777  -36.067  -16.069  62.383 0.0000000000
77284  -34.477  -13.826  62.431 0.0000000000
61400  -22.908  -26.622  60.428 0.0000000000
63829  -24.406  -25.086  59.899 0.0000000000
68632  -23.811  -20.258  61.329 0.0000000000
68651  -24.382  -20.598  60.332 0.0000000000
69822  -24.671  -19.979  59.795 0.0000000000
67502  -26.124  -21.554  59.961 0.0000000000
68672  -27.680  -20.785  59.512 0.0000000000
72139  -28.547  -16.848  61.592 0.0000000000
72165  -28.883  -17.887  59.518 0.0000000000
72166  -29.454  -18.139  59.479 0.0000000000
70964  -30.233  -18.449  59.470 0.0000000000
69840  -29.896  -19.447  58.933 0.0000000000
68657  -30.067  -20.983  59.710 0.0000000000
67487  -30.753  -21.408  60.012 0.0000000000
67489  -32.253  -22.101  60.115 0.0000000000
68677  -32.450  -20.489  59.725 0.0000000000
67505  -32.467  -21.699  59.792 0.0000000000
66313  -32.665  -22.256  60.257 0.0000000000
66315  -34.631  -22.840  60.779 0.0000000000
68622  -33.802  -19.655  61.590 0.0000000000
68637  -34.258  -20.020  60.910 0.0000000000
68661  -35.088  -21.218  60.399 0.0000000000
67492  -35.474  -22.073  60.500 0.0000000000
66316  -35.594  -22.917  60.808 0.0000000000
66317  -36.103  -22.885  60.858 0.0000000000
77525  -39.542  -13.631  44.465 0.0000000000
78691  -40.127  -13.013  43.913 0.0000000000
84395  -39.491  -7.504  42.959 0.0000000000
84407  -39.517  -7.624  41.951 0.0000000000
84408  -40.277  -7.526  41.317 0.0000000000
83209  -39.771  -8.478  41.436 0.0000000000
82017  -40.145  -9.412  41.155 0.0000000000
82018  -41.036  -9.860  40.891 0.0000000000
82031  -41.654  -9.689  40.616 0.0000000000
82019  -42.182  -10.391  41.321 0.0000000000
82001  -43.032  -10.592  41.932 0.0000000000
92160  -49.987  -1.004  33.594 0.0000000000
93316  -50.112  0.059  32.830 0.0000000000
93319  -49.881  0.720  32.554 0.0000000000
95634  -49.744  1.939  32.389 0.0000000000
95629  -49.296  2.301  32.740 0.0000000000
52966  -7.575  -33.191  69.967 0.0000000000
51852  -7.099  -34.243  69.782 0.0000000000
51876  -9.013  -34.455  68.139 0.0000000000
50705  -7.340  -35.556  69.445 0.0000000000
72144  -40.060  -18.516  61.314 0.0000000000
73488  -39.076  -16.138  61.416 0.0000000000
74811  -36.767  -16.027  60.591 0.0000000000
77321  -31.887  -13.543  60.033 0.0000000000
77335  -31.516  -13.231  59.002 0.0000000000
74873  -30.958  -15.319  57.228 0.0000000000
74855  -35.280  -15.667  57.655 0.0000000000
73559  -36.553  -16.882  55.654 0.0000000000
74968  -36.826  -16.214  46.727 0.0000000000
74947  -33.992  -16.117  47.700 0.0000000000
74966  -34.413  -15.674  47.092 0.0000000000
76276  -35.180  -14.232  45.894 0.0000000000
76290  -36.068  -14.084  45.261 0.0000000000
77522  -36.518  -13.076  44.491 0.0000000000
81979  -36.880  -9.757  43.871 0.0000000000
81968  -37.189  -9.210  44.233 0.0000000000
83154  -37.857  -8.683  44.643 0.0000000000
61364  -24.436  -26.793  62.344 0.0000000000
65046  -26.516  -23.636  61.443 0.0000000000
65027  -26.436  -24.155  61.896 0.0000000000
63793  -26.987  -24.418  63.678 0.0000000000
63792  -26.464  -24.984  63.595 0.0000000000
61329  -25.695  -26.376  64.706 0.0000000000
68621  -29.138  -21.187  62.502 0.0000000000
56555  -9.478  -30.586  69.105 0.0000000000
57770  -10.516  -29.802  67.663 0.0000000000
56570  -10.442  -30.501  67.144 0.0000000000
55415  -9.899  -31.078  67.335 0.0000000000
55426  -9.872  -31.887  67.259 0.0000000000
52999  -12.073  -33.428  67.738 0.0000000000
60162  -13.685  -27.993  64.691 0.0000000000
58991  -13.628  -28.762  64.655 0.0000000000
57795  -14.391  -29.097  64.580 0.0000000000
55456  -14.036  -31.035  65.929 0.0000000000
55443  -13.994  -31.344  66.483 0.0000000000
93327  -51.784  0.515  31.302 0.0000000000
46270  -6.447  -40.133  71.578 0.0000000000
46259  -5.912  -40.530  73.004 0.0000000000
47406  -4.706  -38.945  71.346 0.0000000000
48499  -4.396  -37.919  71.563 0.0000000000
48500  -4.729  -38.471  71.698 0.0000000000
48492  -4.484  -37.614  71.906 0.0000000000
60213  -19.426  -27.129  61.656 0.0000000000
61378  -19.027  -26.236  61.488 0.0000000000
61401  -23.712  -26.572  60.653 0.0000000000
62560  -18.781  -26.053  61.580 0.0000000000
65047  -34.248  -23.235  61.462 0.0000000000
65065  -34.800  -23.150  61.011 0.0000000000
66312  -32.209  -22.208  60.349 0.0000000000
66326  -32.828  -22.045  59.898 0.0000000000
66327  -33.059  -22.169  60.044 0.0000000000
67465  -27.287  -22.293  61.188 0.0000000000
68636  -33.739  -19.763  61.257 0.0000000000
68643  -40.198  -20.055  61.574 0.0000000000
68669  -24.877  -20.628  59.742 0.0000000000
68689  -30.238  -20.001  58.939 0.0000000000
69827  -33.046  -19.793  60.699 0.0000000000
69855  -30.483  -19.760  59.057 0.0000000000
70963  -29.084  -18.657  59.067 0.0000000000
70972  -27.806  -18.954  58.684 0.0000000000
70974  -28.491  -18.678  58.942 0.0000000000
72141  -30.315  -17.608  61.461 0.0000000000
72195  -34.270  -17.486  54.932 0.0000000000
77334  -31.311  -13.860  58.510 0.0000000000
79764  -34.353  -11.059  46.510 0.0000000000
79778  -34.018  -10.764  45.881 0.0000000000
79780  -35.704  -11.791  45.211 0.0000000000
80867  -33.978  -10.316  46.105 0.0000000000
80926  -38.858  -10.044  42.220 0.0000000000
83225  -41.018  -8.514  40.494 0.0000000000
83244  -43.807  -7.784  39.103 0.0000000000
84463  -48.876  -7.496  38.194 0.0000000000
93315  -49.571  0.321  33.044 0.0000000000
94502  -49.997  1.484  32.208 0.0000000000
94509  -51.221  1.391  31.393 0.0000000000
