#!ascii label  , from subject 3023 vox2ras=TkReg
754
9042  -43.810  -75.074  11.211 0.0000000000
16605  -54.241  -65.385  7.103 0.0000000000
13787  -43.573  -70.797  9.129 0.0000000000
12854  -46.729  -72.006  4.580 0.0000000000
17646  -49.043  -66.450  8.439 0.0000000000
15607  -51.264  -69.003  11.831 0.0000000000
19717  -44.326  -64.298  15.104 0.0000000000
19633  -41.439  -64.816  20.276 0.0000000000
17622  -43.765  -66.723  10.689 0.0000000000
15649  -44.315  -68.176  7.199 0.0000000000
19773  -45.725  -64.690  10.291 0.0000000000
16537  -48.748  -67.372  13.260 0.0000000000
19681  -47.865  -65.594  16.351 0.0000000000
25047  -40.364  -59.904  20.967 0.0000000000
24019  -39.003  -60.542  19.174 0.0000000000
7343  -45.923  -77.470  9.321 0.0000000000
14771  -50.375  -68.441  4.570 0.0000000000
10932  -49.312  -72.754  3.440 0.0000000000
13833  -51.238  -69.722  2.647 0.0000000000
11837  -44.232  -72.549  9.033 0.0000000000
9998  -44.744  -74.658  6.738 0.0000000000
15682  -46.924  -68.728  5.531 0.0000000000
16587  -52.331  -66.715  7.847 0.0000000000
13760  -47.823  -70.543  10.687 0.0000000000
15580  -45.032  -68.595  12.398 0.0000000000
20836  -40.882  -63.870  13.317 0.0000000000
19647  -46.516  -66.422  18.148 0.0000000000
21910  -43.285  -63.280  17.617 0.0000000000
23030  -40.011  -61.439  16.219 0.0000000000
26253  -40.112  -58.137  14.012 0.0000000000
9133  -48.282  -75.325  6.323 0.0000000000
24216  -58.057  -61.223  9.671 0.0000000000
20929  -57.158  -63.838  7.544 0.0000000000
19924  -55.651  -64.466  2.451 0.0000000000
20874  -42.866  -63.525  11.167 0.0000000000
18707  -43.903  -65.681  10.535 0.0000000000
7341  -44.268  -76.684  9.539 0.0000000000
14755  -52.795  -67.330  5.979 0.0000000000
14786  -51.039  -68.750  3.620 0.0000000000
14775  -53.275  -66.964  5.272 0.0000000000
15693  -53.184  -67.392  3.963 0.0000000000
17661  -54.021  -65.564  5.957 0.0000000000
12831  -44.284  -71.879  8.893 0.0000000000
12829  -43.081  -71.172  7.310 0.0000000000
16581  -46.774  -67.289  8.203 0.0000000000
15667  -46.213  -68.234  6.487 0.0000000000
16597  -48.570  -67.518  6.987 0.0000000000
15653  -49.501  -67.767  6.523 0.0000000000
16584  -49.838  -66.963  7.886 0.0000000000
12778  -48.446  -71.217  10.657 0.0000000000
14711  -49.445  -69.937  10.999 0.0000000000
18688  -47.018  -65.941  14.070 0.0000000000
16550  -46.469  -67.755  12.645 0.0000000000
17605  -45.562  -66.343  13.377 0.0000000000
17603  -43.691  -66.106  13.155 0.0000000000
19715  -42.443  -64.565  14.304 0.0000000000
18592  -43.045  -66.271  19.064 0.0000000000
19654  -44.391  -65.270  17.678 0.0000000000
20743  -42.501  -64.311  19.051 0.0000000000
26209  -38.675  -58.761  17.255 0.0000000000
23008  -39.364  -60.857  17.475 0.0000000000
24101  -38.754  -59.425  16.176 0.0000000000
24112  -39.056  -59.980  14.790 0.0000000000
10926  -45.834  -73.446  5.457 0.0000000000
9999  -45.933  -74.567  6.532 0.0000000000
10928  -47.553  -73.583  4.936 0.0000000000
9149  -50.176  -74.460  4.032 0.0000000000
24231  -56.452  -59.755  8.232 0.0000000000
22080  -58.182  -62.602  8.352 0.0000000000
22128  -56.115  -62.774  4.673 0.0000000000
15619  -43.450  -68.634  10.417 0.0000000000
14735  -42.849  -69.249  8.052 0.0000000000
16570  -43.797  -67.787  8.933 0.0000000000
17630  -45.646  -66.428  9.443 0.0000000000
18723  -46.636  -65.917  9.470 0.0000000000
15585  -49.757  -68.351  12.247 0.0000000000
18675  -48.291  -66.189  14.934 0.0000000000
19701  -46.224  -64.787  15.787 0.0000000000
22951  -39.893  -61.901  21.222 0.0000000000
21863  -39.993  -62.629  19.377 0.0000000000
25070  -39.480  -59.567  19.905 0.0000000000
27290  -39.572  -57.754  18.677 0.0000000000
29613  -40.062  -55.563  17.816 0.0000000000
13822  -48.370  -70.145  3.606 0.0000000000
11882  -48.583  -72.767  4.150 0.0000000000
12867  -49.453  -71.151  3.441 0.0000000000
12872  -50.490  -70.845  2.722 0.0000000000
11913  -50.125  -71.746  2.078 0.0000000000
12888  -51.421  -69.813  1.611 0.0000000000
14803  -52.108  -68.051  2.061 0.0000000000
16656  -52.879  -66.674  1.571 0.0000000000
10848  -43.985  -73.749  10.359 0.0000000000
9097  -43.121  -75.141  8.890 0.0000000000
11863  -43.548  -73.401  5.783 0.0000000000
12862  -45.296  -71.598  4.366 0.0000000000
14754  -43.339  -69.304  5.764 0.0000000000
14779  -44.868  -69.948  4.459 0.0000000000
14781  -47.181  -69.651  3.908 0.0000000000
15684  -48.987  -68.681  5.114 0.0000000000
15672  -51.010  -67.775  6.103 0.0000000000
16589  -53.501  -65.986  7.747 0.0000000000
10850  -45.864  -73.353  10.572 0.0000000000
11840  -45.813  -72.122  9.689 0.0000000000
12775  -45.234  -71.247  10.244 0.0000000000
15604  -48.342  -68.857  11.673 0.0000000000
14690  -46.515  -69.542  11.717 0.0000000000
13741  -44.519  -70.195  10.911 0.0000000000
16547  -43.565  -67.426  12.061 0.0000000000
17611  -42.493  -66.015  12.014 0.0000000000
21987  -41.107  -62.412  12.041 0.0000000000
19665  -46.787  -65.274  17.410 0.0000000000
20774  -44.943  -63.990  17.243 0.0000000000
21936  -43.778  -63.150  16.421 0.0000000000
21884  -41.392  -62.770  18.144 0.0000000000
21908  -41.662  -62.446  17.126 0.0000000000
21934  -42.133  -63.285  16.013 0.0000000000
21932  -40.196  -62.760  14.915 0.0000000000
23081  -39.748  -61.320  13.329 0.0000000000
9100  -45.396  -75.975  8.014 0.0000000000
8250  -46.755  -76.318  7.725 0.0000000000
10003  -49.176  -74.522  5.317 0.0000000000
8286  -49.346  -76.057  5.459 0.0000000000
18730  -52.630  -65.578  9.788 0.0000000000
17625  -54.123  -64.897  9.450 0.0000000000
18720  -55.634  -63.873  9.196 0.0000000000
20915  -57.316  -64.084  9.308 0.0000000000
18736  -55.765  -64.028  8.045 0.0000000000
17665  -54.950  -65.016  5.488 0.0000000000
17710  -55.197  -65.295  3.306 0.0000000000
22013  -42.796  -62.599  11.321 0.0000000000
20894  -43.694  -63.680  10.841 0.0000000000
7307  -43.269  -76.449  10.967 0.0000000000
7325  -43.438  -76.206  10.475 0.0000000000
15659  -53.385  -66.471  6.424 0.0000000000
14756  -52.966  -67.305  5.581 0.0000000000
15675  -53.412  -66.547  5.791 0.0000000000
15689  -53.472  -66.550  5.332 0.0000000000
16611  -54.257  -65.413  6.568 0.0000000000
12815  -43.911  -71.437  8.936 0.0000000000
12830  -43.637  -71.657  8.205 0.0000000000
12814  -43.347  -70.885  8.245 0.0000000000
17645  -47.981  -66.761  8.458 0.0000000000
16596  -47.378  -67.436  7.246 0.0000000000
16583  -48.815  -67.012  7.808 0.0000000000
14695  -51.533  -69.670  11.402 0.0000000000
14713  -50.882  -69.933  11.256 0.0000000000
14712  -50.198  -69.891  11.162 0.0000000000
14693  -49.808  -69.449  11.353 0.0000000000
18672  -45.674  -65.194  14.493 0.0000000000
18687  -46.108  -65.726  13.915 0.0000000000
18671  -44.773  -65.047  14.430 0.0000000000
18685  -44.219  -65.605  13.807 0.0000000000
19716  -43.325  -64.471  14.655 0.0000000000
19621  -40.719  -64.450  21.139 0.0000000000
18566  -41.394  -65.613  20.934 0.0000000000
18575  -41.681  -65.468  20.386 0.0000000000
18591  -42.444  -66.175  19.536 0.0000000000
19643  -42.280  -65.373  19.288 0.0000000000
20744  -42.894  -64.815  18.664 0.0000000000
19642  -41.909  -64.572  19.479 0.0000000000
27310  -38.895  -57.645  16.687 0.0000000000
26220  -38.666  -58.570  16.718 0.0000000000
26239  -38.838  -58.119  15.717 0.0000000000
27327  -39.139  -57.223  15.879 0.0000000000
11879  -46.285  -72.721  5.060 0.0000000000
10927  -46.804  -73.346  5.425 0.0000000000
11880  -47.220  -72.682  4.931 0.0000000000
23199  -58.127  -61.549  6.863 0.0000000000
22129  -56.507  -62.748  5.435 0.0000000000
23228  -56.099  -62.482  5.385 0.0000000000
16562  -43.575  -67.429  11.210 0.0000000000
15627  -43.369  -68.536  9.562 0.0000000000
16566  -43.777  -67.528  10.084 0.0000000000
18708  -44.999  -65.476  10.114 0.0000000000
17629  -44.854  -66.755  9.578 0.0000000000
16572  -46.149  -67.074  8.853 0.0000000000
18709  -45.982  -65.462  9.827 0.0000000000
18651  -47.132  -65.241  15.316 0.0000000000
19702  -47.273  -65.271  15.777 0.0000000000
22930  -40.554  -61.562  22.056 0.0000000000
24000  -39.966  -61.021  21.166 0.0000000000
22950  -39.512  -61.628  20.498 0.0000000000
25046  -39.675  -59.991  20.459 0.0000000000
28440  -39.622  -57.030  18.207 0.0000000000
7356  -46.708  -77.180  8.622 0.0000000000
14784  -49.732  -68.977  4.070 0.0000000000
13823  -49.214  -70.044  3.519 0.0000000000
13824  -49.961  -69.884  3.341 0.0000000000
13826  -51.134  -69.258  3.055 0.0000000000
12869  -50.702  -70.235  2.904 0.0000000000
12873  -50.920  -70.386  2.570 0.0000000000
12879  -51.099  -70.536  2.160 0.0000000000
12886  -50.528  -71.086  1.675 0.0000000000
15699  -53.407  -66.865  3.640 0.0000000000
15698  -52.847  -67.476  3.247 0.0000000000
15708  -52.922  -66.882  2.630 0.0000000000
15719  -52.515  -67.307  1.708 0.0000000000
16642  -53.811  -66.066  3.034 0.0000000000
10891  -43.890  -73.114  9.185 0.0000000000
10890  -43.070  -73.666  8.741 0.0000000000
11877  -44.050  -72.993  5.255 0.0000000000
12860  -43.790  -71.446  4.668 0.0000000000
15648  -43.299  -68.588  7.397 0.0000000000
15664  -43.036  -68.867  6.811 0.0000000000
15665  -43.731  -68.705  6.308 0.0000000000
15681  -45.795  -68.750  5.564 0.0000000000
14767  -46.467  -69.193  4.761 0.0000000000
14780  -45.947  -69.817  4.182 0.0000000000
14768  -47.503  -69.109  4.734 0.0000000000
14782  -48.051  -69.398  4.044 0.0000000000
16600  -51.409  -67.186  7.418 0.0000000000
15654  -50.376  -67.644  6.678 0.0000000000
16601  -51.982  -67.021  7.490 0.0000000000
15638  -52.651  -66.887  7.291 0.0000000000
16588  -53.064  -66.412  7.861 0.0000000000
11805  -46.885  -72.232  10.240 0.0000000000
12800  -46.252  -71.641  10.094 0.0000000000
12799  -45.679  -71.679  9.918 0.0000000000
12776  -46.091  -71.313  10.301 0.0000000000
16553  -49.240  -67.830  12.735 0.0000000000
15584  -48.809  -68.257  12.136 0.0000000000
16552  -48.323  -67.742  12.650 0.0000000000
15581  -46.067  -68.594  12.484 0.0000000000
15602  -46.640  -68.945  12.189 0.0000000000
14673  -45.652  -69.217  12.163 0.0000000000
14689  -45.349  -69.799  11.630 0.0000000000
14672  -44.804  -69.233  11.932 0.0000000000
15579  -44.044  -68.540  11.829 0.0000000000
16548  -44.469  -67.762  12.528 0.0000000000
18683  -42.549  -65.212  13.241 0.0000000000
18695  -42.915  -65.764  12.814 0.0000000000
19740  -41.912  -64.755  12.792 0.0000000000
19755  -41.662  -63.772  11.767 0.0000000000
20852  -41.018  -63.280  12.500 0.0000000000
19656  -46.176  -65.587  17.697 0.0000000000
20760  -44.318  -64.483  17.680 0.0000000000
20761  -45.078  -64.890  17.434 0.0000000000
21912  -44.376  -63.707  17.236 0.0000000000
20782  -44.821  -63.767  16.489 0.0000000000
21919  -43.873  -63.135  16.938 0.0000000000
21882  -39.601  -62.134  19.092 0.0000000000
21864  -40.669  -62.965  19.006 0.0000000000
22981  -39.441  -61.522  18.313 0.0000000000
23029  -39.463  -60.744  16.671 0.0000000000
23010  -40.940  -61.804  16.823 0.0000000000
21916  -41.472  -62.599  16.324 0.0000000000
23031  -40.669  -62.127  15.869 0.0000000000
21933  -41.021  -63.093  15.468 0.0000000000
23050  -40.334  -62.521  15.421 0.0000000000
25152  -39.625  -59.201  14.160 0.0000000000
23080  -39.405  -60.882  13.840 0.0000000000
25165  -39.732  -59.803  13.750 0.0000000000
24144  -40.297  -60.651  12.981 0.0000000000
9972  -43.624  -74.999  7.861 0.0000000000
9098  -43.826  -75.414  8.517 0.0000000000
9115  -45.022  -75.364  7.488 0.0000000000
9132  -47.373  -75.365  6.468 0.0000000000
9131  -46.507  -75.224  6.842 0.0000000000
9118  -47.881  -75.862  6.965 0.0000000000
8252  -48.273  -76.589  7.219 0.0000000000
9119  -48.576  -75.870  6.704 0.0000000000
11883  -48.990  -72.649  3.760 0.0000000000
10930  -48.741  -73.615  4.100 0.0000000000
10917  -49.045  -74.176  4.461 0.0000000000
9162  -49.724  -75.346  3.218 0.0000000000
9148  -49.955  -75.238  4.184 0.0000000000
18729  -51.640  -65.334  9.801 0.0000000000
18715  -52.254  -65.086  10.175 0.0000000000
18701  -54.882  -64.189  10.150 0.0000000000
18718  -54.868  -64.055  9.517 0.0000000000
19783  -55.659  -64.043  9.655 0.0000000000
20930  -57.660  -63.337  7.944 0.0000000000
20924  -57.951  -63.485  8.846 0.0000000000
20923  -57.255  -64.049  8.363 0.0000000000
19793  -56.453  -64.378  8.677 0.0000000000
19797  -56.498  -64.251  7.897 0.0000000000
18741  -55.446  -64.953  6.453 0.0000000000
18742  -56.275  -64.849  6.593 0.0000000000
19882  -56.369  -64.110  4.128 0.0000000000
18788  -56.196  -64.950  3.822 0.0000000000
18811  -55.699  -65.124  2.949 0.0000000000
18699  -43.093  -65.388  11.095 0.0000000000
19771  -43.767  -64.587  10.685 0.0000000000
20895  -44.613  -63.684  10.699 0.0000000000
26162  -41.061  -58.893  20.550 0.0000000000
26182  -41.462  -58.135  20.118 0.0000000000
8221  -45.311  -76.828  9.000 0.0000000000
15687  -51.566  -67.865  5.561 0.0000000000
14785  -50.503  -68.880  3.778 0.0000000000
14773  -52.297  -67.785  5.243 0.0000000000
13811  -51.642  -68.272  4.036 0.0000000000
13813  -52.701  -67.641  4.467 0.0000000000
13835  -52.048  -68.261  3.228 0.0000000000
14787  -53.000  -67.475  4.416 0.0000000000
15694  -53.520  -66.749  4.625 0.0000000000
16617  -53.886  -65.963  4.875 0.0000000000
11850  -43.902  -72.214  8.516 0.0000000000
12841  -43.012  -71.548  6.223 0.0000000000
16594  -45.419  -67.840  7.588 0.0000000000
15650  -45.278  -68.109  7.056 0.0000000000
16595  -46.325  -67.724  7.394 0.0000000000
16607  -47.035  -67.855  6.699 0.0000000000
15668  -47.434  -68.343  6.126 0.0000000000
15669  -48.444  -68.292  6.017 0.0000000000
16609  -48.480  -67.853  6.420 0.0000000000
16598  -49.631  -67.421  7.237 0.0000000000
16585  -50.773  -66.902  7.946 0.0000000000
13761  -49.030  -70.615  10.850 0.0000000000
14710  -48.628  -70.057  10.927 0.0000000000
17607  -47.431  -66.588  13.562 0.0000000000
16536  -47.861  -67.200  13.117 0.0000000000
16535  -46.956  -67.042  12.938 0.0000000000
17615  -45.991  -67.024  12.911 0.0000000000
17614  -45.003  -67.040  12.969 0.0000000000
17613  -44.062  -66.863  12.756 0.0000000000
17604  -44.598  -66.288  13.345 0.0000000000
18684  -43.329  -65.469  13.594 0.0000000000
19714  -41.927  -64.577  13.963 0.0000000000
18579  -44.508  -67.263  19.154 0.0000000000
18594  -45.001  -66.684  18.528 0.0000000000
19645  -44.625  -65.969  18.058 0.0000000000
19644  -43.572  -65.381  18.421 0.0000000000
19653  -43.821  -64.874  17.813 0.0000000000
20758  -42.436  -63.703  18.556 0.0000000000
26210  -38.953  -58.555  18.019 0.0000000000
24039  -39.024  -60.380  18.041 0.0000000000
25107  -38.780  -59.453  17.550 0.0000000000
24062  -38.751  -59.645  16.889 0.0000000000
23048  -39.343  -60.678  15.626 0.0000000000
24102  -38.858  -59.716  15.646 0.0000000000
25139  -38.954  -59.017  15.088 0.0000000000
27350  -39.854  -57.336  14.507 0.0000000000
10912  -45.314  -74.053  5.996 0.0000000000
10913  -46.386  -73.888  6.064 0.0000000000
10000  -46.924  -74.583  6.345 0.0000000000
10001  -47.814  -74.673  6.043 0.0000000000
10016  -50.040  -73.839  4.182 0.0000000000
24232  -57.243  -60.013  8.090 0.0000000000
24233  -58.132  -60.827  8.634 0.0000000000
23173  -58.348  -61.768  8.975 0.0000000000
23187  -58.213  -61.653  7.911 0.0000000000
22098  -57.796  -62.607  7.262 0.0000000000
20943  -57.207  -63.511  6.597 0.0000000000
19810  -56.811  -64.407  6.428 0.0000000000
20976  -56.383  -63.473  4.513 0.0000000000
20995  -56.287  -63.352  3.726 0.0000000000
13773  -43.383  -70.163  9.505 0.0000000000
13786  -43.022  -70.120  8.599 0.0000000000
14725  -43.032  -69.338  9.115 0.0000000000
15635  -43.294  -68.435  8.458 0.0000000000
16578  -43.746  -67.904  8.314 0.0000000000
16567  -44.461  -66.975  9.699 0.0000000000
16571  -44.811  -67.160  9.105 0.0000000000
16579  -44.503  -67.688  8.063 0.0000000000
16573  -46.810  -67.043  8.697 0.0000000000
17632  -48.094  -66.138  8.816 0.0000000000
15586  -50.753  -68.429  12.383 0.0000000000
17609  -49.147  -67.071  13.883 0.0000000000
17592  -49.528  -66.840  14.485 0.0000000000
17608  -48.304  -66.819  13.717 0.0000000000
17590  -47.886  -66.265  14.216 0.0000000000
18673  -46.554  -65.270  14.732 0.0000000000
19719  -45.989  -64.916  14.988 0.0000000000
20710  -40.603  -63.716  21.630 0.0000000000
20723  -40.420  -63.764  20.516 0.0000000000
20741  -40.351  -63.242  19.650 0.0000000000
21845  -39.803  -62.573  20.356 0.0000000000
21844  -39.439  -62.030  20.058 0.0000000000
26181  -40.557  -58.372  19.955 0.0000000000
26180  -39.885  -58.712  19.760 0.0000000000
25088  -38.994  -59.515  18.640 0.0000000000
27302  -39.096  -57.675  17.707 0.0000000000
29624  -39.693  -56.126  17.148 0.0000000000
12865  -48.039  -71.213  3.793 0.0000000000
12855  -47.662  -71.916  4.499 0.0000000000
12866  -48.809  -71.118  3.666 0.0000000000
12857  -49.075  -71.926  3.983 0.0000000000
11895  -49.526  -72.065  3.394 0.0000000000
10944  -49.551  -72.642  3.223 0.0000000000
10972  -49.839  -72.561  2.085 0.0000000000
13841  -51.771  -68.610  2.597 0.0000000000
14796  -51.817  -68.506  2.235 0.0000000000
13850  -51.266  -69.291  1.287 0.0000000000
14813  -51.973  -68.049  1.357 0.0000000000
15737  -52.314  -67.768  0.603 0.0000000000
9938  -43.703  -74.424  10.754 0.0000000000
9082  -43.208  -75.180  9.672 0.0000000000
9957  -42.906  -74.520  9.147 0.0000000000
9971  -43.086  -74.601  8.081 0.0000000000
9983  -43.202  -74.307  7.480 0.0000000000
10910  -43.382  -73.639  6.284 0.0000000000
10911  -44.105  -73.966  5.973 0.0000000000
10925  -44.890  -73.531  5.463 0.0000000000
11878  -45.261  -72.859  5.066 0.0000000000
12863  -46.133  -71.439  4.105 0.0000000000
13796  -42.704  -70.107  7.475 0.0000000000
13802  -42.784  -70.485  6.371 0.0000000000
15680  -44.704  -68.875  5.539 0.0000000000
14765  -44.429  -69.444  4.976 0.0000000000
13819  -45.303  -70.762  4.070 0.0000000000
13820  -46.547  -70.545  3.809 0.0000000000
12864  -47.144  -71.305  3.974 0.0000000000
13832  -48.067  -70.108  3.583 0.0000000000
14783  -48.891  -69.267  4.199 0.0000000000
15692  -49.595  -68.632  4.698 0.0000000000
15670  -49.312  -68.124  5.864 0.0000000000
15671  -50.152  -67.895  5.944 0.0000000000
15686  -50.739  -68.059  5.326 0.0000000000
15674  -52.351  -67.479  6.137 0.0000000000
15657  -52.783  -67.133  6.633 0.0000000000
16590  -53.843  -65.692  7.377 0.0000000000
9939  -44.221  -73.952  10.828 0.0000000000
10849  -44.808  -73.589  10.629 0.0000000000
10873  -45.265  -73.104  10.005 0.0000000000
10851  -47.031  -73.014  10.612 0.0000000000
10874  -46.082  -72.643  10.082 0.0000000000
11838  -44.925  -72.381  9.368 0.0000000000
11852  -45.017  -72.140  9.367 0.0000000000
12816  -44.603  -71.712  9.370 0.0000000000
12797  -44.257  -71.189  9.679 0.0000000000
15605  -49.322  -68.812  11.646 0.0000000000
14692  -48.904  -69.459  11.251 0.0000000000
14691  -47.804  -69.638  11.257 0.0000000000
15583  -47.863  -68.280  12.188 0.0000000000
15603  -47.359  -68.936  11.895 0.0000000000
13744  -46.965  -70.113  10.981 0.0000000000
13743  -46.026  -70.331  11.202 0.0000000000
13742  -44.986  -70.304  11.068 0.0000000000
13756  -43.728  -70.286  10.034 0.0000000000
14708  -43.538  -69.633  10.265 0.0000000000
15600  -43.522  -68.337  11.111 0.0000000000
17612  -43.263  -66.456  12.395 0.0000000000
17616  -42.780  -65.781  11.544 0.0000000000
19756  -42.059  -64.367  11.699 0.0000000000
20873  -42.090  -63.342  11.474 0.0000000000
20762  -45.644  -65.183  17.517 0.0000000000
20775  -45.900  -64.829  17.220 0.0000000000
19680  -46.708  -64.962  16.787 0.0000000000
20783  -45.666  -64.331  16.498 0.0000000000
20801  -45.312  -64.123  16.080 0.0000000000
20800  -44.201  -63.762  15.823 0.0000000000
20742  -41.365  -63.820  19.285 0.0000000000
20757  -41.901  -63.367  18.508 0.0000000000
21885  -42.432  -63.170  18.095 0.0000000000
22982  -40.505  -62.032  17.730 0.0000000000
22983  -41.157  -62.222  17.457 0.0000000000
21909  -42.416  -62.828  17.415 0.0000000000
21917  -42.359  -62.799  16.633 0.0000000000
21935  -43.154  -63.136  16.187 0.0000000000
20820  -43.636  -64.040  15.267 0.0000000000
20819  -42.671  -64.166  14.967 0.0000000000
20797  -41.292  -63.616  14.891 0.0000000000
21952  -40.649  -63.368  14.311 0.0000000000
23065  -39.320  -60.906  14.590 0.0000000000
21951  -39.833  -62.391  13.965 0.0000000000
21968  -40.416  -62.879  12.988 0.0000000000
21986  -40.524  -61.981  12.406 0.0000000000
24145  -41.010  -60.530  12.685 0.0000000000
8219  -44.003  -76.092  9.412 0.0000000000
8234  -44.497  -76.009  8.768 0.0000000000
8235  -45.079  -76.387  8.491 0.0000000000
9130  -45.677  -75.086  7.072 0.0000000000
9116  -46.056  -75.836  7.473 0.0000000000
8236  -45.990  -76.808  8.186 0.0000000000
8238  -47.662  -76.923  7.754 0.0000000000
11881  -47.971  -72.759  4.510 0.0000000000
10915  -47.911  -74.537  5.062 0.0000000000
10002  -48.713  -74.450  5.970 0.0000000000
9143  -50.063  -74.583  4.759 0.0000000000
9135  -49.554  -74.765  5.276 0.0000000000
9134  -49.289  -75.332  6.145 0.0000000000
22043  -44.669  -63.190  10.871 0.0000000000
18710  -47.046  -65.260  9.811 0.0000000000
18724  -47.506  -65.759  9.320 0.0000000000
18725  -48.415  -65.582  9.271 0.0000000000
17634  -49.604  -66.073  8.955 0.0000000000
17635  -50.451  -66.151  9.068 0.0000000000
17636  -51.326  -66.139  9.216 0.0000000000
17649  -51.891  -66.516  8.596 0.0000000000
19782  -53.730  -64.636  10.813 0.0000000000
18731  -53.407  -65.428  9.700 0.0000000000
17650  -52.705  -66.357  8.550 0.0000000000
17640  -54.277  -64.949  8.819 0.0000000000
17641  -54.737  -64.277  8.695 0.0000000000
17653  -54.786  -64.610  8.004 0.0000000000
22055  -58.051  -62.526  10.141 0.0000000000
20904  -57.301  -63.727  10.237 0.0000000000
19784  -56.364  -64.245  9.646 0.0000000000
18734  -55.649  -63.882  8.710 0.0000000000
17658  -54.822  -64.872  7.308 0.0000000000
18738  -55.147  -64.738  7.050 0.0000000000
17675  -54.463  -65.526  4.720 0.0000000000
17676  -55.520  -65.242  4.560 0.0000000000
17693  -54.658  -65.383  3.749 0.0000000000
17720  -54.158  -65.642  2.022 0.0000000000
7326  -43.783  -76.797  10.150 0.0000000000
7342  -44.681  -77.122  9.510 0.0000000000
7344  -46.685  -77.605  8.672 0.0000000000
8185  -43.255  -75.795  10.989 0.0000000000
8203  -43.370  -75.648  10.307 0.0000000000
8204  -43.586  -76.139  9.999 0.0000000000
8218  -43.527  -75.738  9.724 0.0000000000
8220  -44.650  -76.544  9.123 0.0000000000
8237  -47.126  -76.720  8.196 0.0000000000
8251  -47.471  -76.393  7.505 0.0000000000
9041  -43.360  -75.307  10.810 0.0000000000
9065  -43.271  -75.008  10.439 0.0000000000
9066  -43.470  -74.941  10.872 0.0000000000
9083  -43.515  -75.529  9.237 0.0000000000
9099  -44.690  -75.723  8.176 0.0000000000
9114  -44.180  -75.211  7.736 0.0000000000
9117  -47.031  -75.816  7.190 0.0000000000
9142  -49.614  -75.299  5.120 0.0000000000
9163  -50.141  -74.657  3.380 0.0000000000
9916  -43.995  -74.593  11.118 0.0000000000
9917  -44.506  -74.328  11.223 0.0000000000
9937  -43.199  -74.522  9.963 0.0000000000
9984  -43.689  -74.600  7.246 0.0000000000
9985  -44.383  -74.994  7.269 0.0000000000
9997  -43.971  -74.385  6.595 0.0000000000
10011  -49.495  -74.269  4.635 0.0000000000
10847  -43.410  -74.002  10.112 0.0000000000
10870  -43.086  -74.011  9.548 0.0000000000
10871  -43.583  -73.594  9.651 0.0000000000
10872  -44.372  -73.303  9.897 0.0000000000
10892  -44.704  -72.864  9.511 0.0000000000
10893  -45.405  -72.567  9.684 0.0000000000
10894  -45.801  -72.347  9.763 0.0000000000
10902  -43.554  -74.118  6.623 0.0000000000
10914  -47.368  -73.944  5.812 0.0000000000
10916  -48.655  -74.404  4.782 0.0000000000
10929  -48.224  -73.700  4.455 0.0000000000
10931  -49.217  -73.468  3.723 0.0000000000
10971  -49.955  -73.157  2.074 0.0000000000
10984  -49.932  -72.306  2.019 0.0000000000
11822  -45.654  -71.920  9.700 0.0000000000
11823  -46.127  -72.005  9.834 0.0000000000
11839  -45.453  -72.127  9.565 0.0000000000
11851  -44.559  -72.160  9.098 0.0000000000
11884  -49.128  -72.755  3.588 0.0000000000
11894  -49.355  -71.972  3.719 0.0000000000
11899  -50.026  -71.627  2.763 0.0000000000
11900  -50.511  -71.036  2.558 0.0000000000
11914  -50.724  -71.022  1.979 0.0000000000
12774  -44.684  -71.165  10.124 0.0000000000
12777  -47.063  -71.459  10.283 0.0000000000
12798  -44.955  -71.552  9.836 0.0000000000
12817  -45.232  -71.858  9.601 0.0000000000
12832  -44.853  -71.969  9.306 0.0000000000
12851  -43.899  -72.096  4.813 0.0000000000
12852  -44.784  -72.186  4.760 0.0000000000
12853  -45.760  -72.111  4.683 0.0000000000
12856  -48.456  -71.916  4.256 0.0000000000
12861  -44.504  -71.467  4.464 0.0000000000
12874  -51.345  -69.996  2.428 0.0000000000
12887  -51.074  -70.421  1.581 0.0000000000
13757  -44.360  -70.555  10.484 0.0000000000
13758  -45.564  -70.820  10.670 0.0000000000
13759  -46.617  -70.747  10.602 0.0000000000
13774  -43.822  -70.648  9.784 0.0000000000
13812  -52.328  -67.853  4.388 0.0000000000
13821  -47.613  -70.389  3.645 0.0000000000
13827  -51.804  -68.352  3.544 0.0000000000
13828  -52.397  -67.821  3.980 0.0000000000
13831  -47.833  -70.084  3.601 0.0000000000
13840  -51.488  -69.152  2.008 0.0000000000
13861  -51.021  -69.582  0.769 0.0000000000
14674  -46.226  -69.120  12.210 0.0000000000
14687  -43.562  -69.095  10.916 0.0000000000
14688  -44.237  -69.674  11.153 0.0000000000
14694  -50.665  -69.512  11.424 0.0000000000
14709  -43.983  -70.003  10.678 0.0000000000
14743  -42.797  -69.191  7.234 0.0000000000
14744  -52.988  -67.133  6.306 0.0000000000
14745  -53.106  -67.053  6.091 0.0000000000
14746  -53.189  -66.959  5.834 0.0000000000
14753  -42.816  -69.421  6.455 0.0000000000
14757  -53.168  -67.083  5.466 0.0000000000
14763  -42.968  -69.888  5.702 0.0000000000
14766  -45.368  -69.276  4.839 0.0000000000
14769  -48.311  -69.028  4.720 0.0000000000
14770  -49.929  -68.536  4.616 0.0000000000
14772  -51.212  -68.248  4.577 0.0000000000
14774  -52.949  -67.445  4.979 0.0000000000
14788  -53.264  -67.081  4.941 0.0000000000
14790  -47.624  -69.959  3.638 0.0000000000
14791  -47.885  -69.840  3.671 0.0000000000
14792  -52.616  -67.738  3.657 0.0000000000
14797  -52.332  -68.115  2.813 0.0000000000
14802  -51.630  -68.599  1.630 0.0000000000
14812  -51.504  -68.456  0.770 0.0000000000
15578  -43.610  -67.971  11.584 0.0000000000
15582  -46.964  -68.370  12.345 0.0000000000
15601  -43.768  -68.946  11.301 0.0000000000
15606  -50.268  -68.894  11.764 0.0000000000
15636  -43.730  -68.043  7.845 0.0000000000
15637  -52.301  -66.990  7.368 0.0000000000
15639  -53.101  -66.620  7.186 0.0000000000
15640  -53.387  -66.335  7.069 0.0000000000
15651  -45.819  -67.993  7.153 0.0000000000
15652  -48.875  -67.904  6.347 0.0000000000
15655  -51.243  -67.507  6.799 0.0000000000
15656  -52.110  -67.275  6.928 0.0000000000
15658  -53.139  -66.843  6.609 0.0000000000
15666  -45.000  -68.419  6.339 0.0000000000
15673  -51.772  -67.620  6.233 0.0000000000
15679  -43.949  -69.164  5.513 0.0000000000
15685  -49.892  -68.298  5.168 0.0000000000
15688  -52.056  -67.702  5.809 0.0000000000
15691  -49.328  -68.867  4.525 0.0000000000
15707  -52.519  -67.586  2.527 0.0000000000
15720  -52.692  -66.685  1.997 0.0000000000
16549  -45.484  -67.825  12.711 0.0000000000
16551  -47.403  -67.701  12.608 0.0000000000
16554  -50.153  -67.933  12.868 0.0000000000
16574  -53.922  -65.499  8.255 0.0000000000
16575  -54.391  -65.091  8.231 0.0000000000
16576  -54.593  -64.724  8.219 0.0000000000
16580  -45.677  -67.457  8.224 0.0000000000
16582  -47.781  -67.101  7.891 0.0000000000
16586  -51.579  -66.795  7.951 0.0000000000
16591  -54.453  -65.138  7.824 0.0000000000
16593  -44.873  -67.962  7.488 0.0000000000
16599  -50.568  -67.326  7.351 0.0000000000
16602  -53.453  -66.001  8.029 0.0000000000
16603  -53.660  -65.815  7.974 0.0000000000
16604  -53.699  -65.945  6.504 0.0000000000
16608  -47.898  -67.809  6.499 0.0000000000
16610  -53.743  -65.852  6.050 0.0000000000
16614  -53.783  -65.989  5.373 0.0000000000
16657  -53.206  -66.241  1.979 0.0000000000
16676  -53.197  -66.428  1.376 0.0000000000
17576  -49.007  -66.575  14.965 0.0000000000
17591  -48.684  -66.635  14.381 0.0000000000
17606  -46.518  -66.411  13.420 0.0000000000
17617  -43.181  -66.414  11.438 0.0000000000
17618  -54.432  -64.509  9.858 0.0000000000
17619  -54.668  -64.259  9.676 0.0000000000
17623  -44.552  -66.450  10.002 0.0000000000
17624  -45.268  -65.951  9.811 0.0000000000
17626  -54.555  -64.399  9.283 0.0000000000
17627  -54.786  -64.043  9.151 0.0000000000
17631  -47.011  -66.597  8.982 0.0000000000
17633  -48.874  -65.957  8.954 0.0000000000
17637  -52.239  -66.104  9.273 0.0000000000
17638  -53.057  -65.887  9.151 0.0000000000
17639  -53.771  -65.514  8.997 0.0000000000
17642  -55.033  -63.901  8.446 0.0000000000
17644  -47.242  -66.991  8.519 0.0000000000
17647  -50.133  -66.521  8.486 0.0000000000
17648  -51.034  -66.560  8.583 0.0000000000
17651  -53.370  -65.993  8.454 0.0000000000
17652  -53.653  -65.686  8.382 0.0000000000
17654  -55.141  -64.054  8.009 0.0000000000
17656  -53.589  -65.850  8.203 0.0000000000
17657  -53.792  -65.713  8.158 0.0000000000
17659  -55.286  -64.377  7.618 0.0000000000
17662  -54.666  -65.213  6.357 0.0000000000
17664  -54.240  -65.572  5.474 0.0000000000
17694  -55.515  -65.250  3.678 0.0000000000
17709  -54.858  -65.467  2.814 0.0000000000
18576  -41.943  -66.114  20.236 0.0000000000
18577  -42.741  -66.734  19.855 0.0000000000
18593  -44.057  -66.440  18.709 0.0000000000
18670  -43.818  -64.976  14.293 0.0000000000
18674  -47.466  -65.736  14.805 0.0000000000
18686  -45.167  -65.656  13.848 0.0000000000
18694  -42.234  -65.311  12.365 0.0000000000
18698  -42.543  -65.237  11.611 0.0000000000
18702  -55.286  -64.045  9.798 0.0000000000
18711  -47.968  -65.066  9.653 0.0000000000
18716  -53.024  -65.099  10.243 0.0000000000
18717  -53.857  -64.860  10.221 0.0000000000
18719  -55.161  -63.834  9.250 0.0000000000
18727  -49.928  -65.636  9.314 0.0000000000
18732  -53.818  -65.201  9.597 0.0000000000
18733  -55.241  -63.772  8.850 0.0000000000
18739  -55.827  -64.603  7.380 0.0000000000
18767  -56.255  -64.695  4.735 0.0000000000
18810  -55.179  -65.143  2.585 0.0000000000
18830  -55.331  -64.891  2.361 0.0000000000
19632  -40.904  -64.302  20.528 0.0000000000
19634  -41.909  -65.392  20.092 0.0000000000
19646  -45.595  -66.200  18.034 0.0000000000
19655  -45.272  -65.528  17.684 0.0000000000
19699  -44.542  -64.043  15.494 0.0000000000
19700  -45.004  -64.207  15.553 0.0000000000
19718  -45.349  -64.705  15.060 0.0000000000
19727  -41.578  -64.452  13.422 0.0000000000
19728  -42.214  -64.784  13.636 0.0000000000
19729  -42.930  -64.952  13.999 0.0000000000
19739  -41.317  -64.068  12.382 0.0000000000
19757  -42.961  -64.469  11.133 0.0000000000
19772  -44.726  -64.658  10.416 0.0000000000
19799  -56.722  -64.362  7.140 0.0000000000
19904  -56.203  -64.171  3.084 0.0000000000
20724  -41.030  -64.180  20.149 0.0000000000
20759  -43.422  -64.155  18.196 0.0000000000
20772  -43.728  -63.657  17.706 0.0000000000
20773  -44.166  -63.857  17.612 0.0000000000
20781  -44.232  -63.427  16.493 0.0000000000
20798  -41.908  -63.834  15.332 0.0000000000
20799  -42.990  -63.674  15.607 0.0000000000
20802  -45.737  -64.330  16.118 0.0000000000
20818  -41.598  -64.177  14.379 0.0000000000
20821  -44.073  -64.001  15.391 0.0000000000
20872  -41.446  -63.239  11.857 0.0000000000
20875  -44.919  -63.195  10.881 0.0000000000
20916  -57.809  -63.266  9.752 0.0000000000
20944  -57.415  -63.305  7.355 0.0000000000
20977  -56.457  -63.346  5.093 0.0000000000
21019  -56.145  -63.280  2.824 0.0000000000
21799  -40.541  -62.179  22.226 0.0000000000
21826  -40.239  -62.729  21.718 0.0000000000
21862  -39.589  -62.199  19.696 0.0000000000
21883  -40.190  -62.434  18.553 0.0000000000
21886  -42.917  -63.544  18.129 0.0000000000
21911  -43.980  -63.502  17.325 0.0000000000
21918  -43.194  -62.846  16.867 0.0000000000
21920  -44.397  -63.527  16.918 0.0000000000
21967  -39.989  -62.027  12.941 0.0000000000
22012  -41.925  -62.506  11.535 0.0000000000
22042  -44.331  -63.182  10.857 0.0000000000
22067  -58.211  -62.608  9.326 0.0000000000
22967  -39.263  -61.568  19.609 0.0000000000
23009  -39.969  -61.376  17.206 0.0000000000
23049  -39.722  -61.912  15.154 0.0000000000
23066  -39.470  -61.554  14.168 0.0000000000
23099  -40.409  -61.265  12.659 0.0000000000
23100  -41.258  -61.289  12.180 0.0000000000
23125  -42.598  -61.777  11.596 0.0000000000
23163  -58.169  -61.915  9.845 0.0000000000
23999  -39.433  -60.583  20.336 0.0000000000
24063  -38.994  -60.213  17.152 0.0000000000
24081  -38.730  -59.421  16.540 0.0000000000
24082  -38.847  -60.028  16.377 0.0000000000
24123  -39.332  -60.178  13.991 0.0000000000
24124  -39.881  -60.328  13.462 0.0000000000
24125  -40.696  -60.004  13.174 0.0000000000
25071  -40.226  -59.050  20.272 0.0000000000
25106  -38.635  -59.102  16.885 0.0000000000
25120  -38.666  -58.983  16.419 0.0000000000
25138  -38.726  -58.965  15.887 0.0000000000
25166  -40.256  -59.548  13.565 0.0000000000
25254  -56.474  -59.606  7.696 0.0000000000
26199  -39.378  -58.654  19.100 0.0000000000
26238  -38.695  -58.566  16.262 0.0000000000
26252  -39.330  -58.159  14.667 0.0000000000
27273  -41.816  -57.437  19.759 0.0000000000
27301  -38.755  -58.221  17.171 0.0000000000
27309  -38.735  -58.186  16.736 0.0000000000
28454  -39.361  -56.913  17.367 0.0000000000
29593  -39.989  -56.591  18.414 0.0000000000
29612  -39.691  -56.317  17.993 0.0000000000
