#!ascii label  , from subject 3023 vox2ras=TkReg
1845
80313  41.306  -11.166  36.132 0.0000000000
59694  33.005  -27.719  60.519 0.0000000000
58427  18.960  -29.394  71.649 0.0000000000
50543  15.530  -35.813  75.072 0.0000000000
61980  27.991  -25.526  67.859 0.0000000000
60834  23.423  -27.519  63.264 0.0000000000
70677  36.594  -19.299  40.044 0.0000000000
80310  50.666  -11.442  38.150 0.0000000000
71749  40.980  -17.593  48.755 0.0000000000
67045  33.110  -22.952  51.264 0.0000000000
64603  24.154  -24.852  54.220 0.0000000000
58405  20.857  -28.919  73.307 0.0000000000
55087  17.717  -32.811  74.249 0.0000000000
58381  17.465  -29.855  75.386 0.0000000000
57332  23.860  -28.866  69.444 0.0000000000
71778  45.769  -18.443  47.281 0.0000000000
64476  35.866  -24.033  64.816 0.0000000000
63332  37.998  -24.623  59.844 0.0000000000
67014  37.553  -21.325  55.286 0.0000000000
62137  33.224  -26.143  56.040 0.0000000000
64639  28.954  -24.431  52.184 0.0000000000
62093  28.601  -26.903  57.138 0.0000000000
57407  18.437  -30.588  63.340 0.0000000000
58577  19.178  -28.907  59.551 0.0000000000
139297  46.973  -9.739  36.745 0.0000000000
76840  49.116  -13.000  30.046 0.0000000000
56229  17.039  -31.316  67.984 0.0000000000
52799  17.203  -34.586  71.079 0.0000000000
59602  31.682  -27.637  66.274 0.0000000000
59686  28.336  -27.724  61.778 0.0000000000
58502  26.094  -28.195  66.246 0.0000000000
57365  21.260  -29.367  67.279 0.0000000000
74308  37.552  -15.128  38.248 0.0000000000
57243  13.547  -31.032  76.243 0.0000000000
55109  14.172  -32.689  72.627 0.0000000000
84942  45.400  -8.025  41.843 0.0000000000
79172  44.193  -13.156  40.778 0.0000000000
73064  42.569  -17.527  41.524 0.0000000000
69473  38.943  -19.461  43.608 0.0000000000
71811  35.677  -17.845  45.560 0.0000000000
74159  40.907  -16.732  54.129 0.0000000000
71733  35.903  -18.236  51.054 0.0000000000
69445  31.064  -20.365  47.299 0.0000000000
65928  28.411  -23.170  47.245 0.0000000000
60939  24.315  -26.747  58.103 0.0000000000
61928  19.946  -26.652  73.403 0.0000000000
58395  19.003  -29.456  74.394 0.0000000000
61917  18.084  -27.449  74.419 0.0000000000
60739  22.471  -27.280  71.642 0.0000000000
60830  35.516  -27.112  63.170 0.0000000000
62070  35.608  -26.349  60.676 0.0000000000
64559  35.540  -24.674  58.206 0.0000000000
60912  33.526  -26.945  58.455 0.0000000000
62113  31.158  -26.782  56.253 0.0000000000
60915  30.895  -27.565  58.445 0.0000000000
55184  17.551  -32.460  63.745 0.0000000000
56272  17.810  -31.462  61.643 0.0000000000
81371  43.972  -10.128  35.985 0.0000000000
80349  45.511  -11.347  32.661 0.0000000000
79233  42.302  -11.893  33.354 0.0000000000
58441  17.352  -29.572  69.844 0.0000000000
54064  16.974  -33.409  69.599 0.0000000000
55118  16.633  -32.230  71.151 0.0000000000
52746  16.816  -34.361  75.006 0.0000000000
51611  16.917  -35.557  73.758 0.0000000000
49477  16.924  -37.225  74.486 0.0000000000
49516  15.989  -36.260  72.275 0.0000000000
63236  32.189  -25.326  67.600 0.0000000000
60776  29.755  -25.540  66.717 0.0000000000
58499  29.436  -27.202  65.254 0.0000000000
59582  27.377  -26.845  67.134 0.0000000000
57311  21.304  -29.605  71.312 0.0000000000
57348  23.378  -30.286  68.744 0.0000000000
58462  19.924  -29.121  69.646 0.0000000000
58478  18.244  -29.143  67.637 0.0000000000
71881  36.780  -17.851  38.624 0.0000000000
71898  37.506  -18.577  35.878 0.0000000000
68367  36.270  -21.157  36.676 0.0000000000
56203  11.867  -32.082  72.123 0.0000000000
75506  44.384  -15.417  41.047 0.0000000000
73054  45.824  -16.931  42.785 0.0000000000
71746  43.466  -18.257  48.985 0.0000000000
70602  41.700  -18.672  45.705 0.0000000000
69433  40.314  -19.087  46.933 0.0000000000
69455  38.319  -18.930  44.701 0.0000000000
71782  38.154  -17.805  47.468 0.0000000000
67027  35.037  -22.492  53.210 0.0000000000
69392  36.792  -19.968  52.927 0.0000000000
68247  34.781  -20.837  50.621 0.0000000000
71771  33.381  -18.679  48.858 0.0000000000
68264  32.224  -21.417  48.903 0.0000000000
67110  29.720  -22.192  47.652 0.0000000000
65897  30.166  -23.557  49.438 0.0000000000
65863  26.083  -22.912  51.222 0.0000000000
59669  26.552  -27.550  62.529 0.0000000000
60882  26.332  -27.294  60.477 0.0000000000
60885  23.483  -26.900  60.771 0.0000000000
59724  19.380  -27.723  57.200 0.0000000000
78050  53.417  -13.132  36.954 0.0000000000
139281  50.961  -13.655  35.011 0.0000000000
57287  20.052  -29.440  72.975 0.0000000000
56192  17.911  -31.198  73.371 0.0000000000
56182  18.658  -30.845  74.436 0.0000000000
56162  17.530  -31.902  75.293 0.0000000000
53992  16.305  -33.368  75.845 0.0000000000
63187  25.273  -25.080  68.115 0.0000000000
60767  25.279  -26.547  67.970 0.0000000000
60747  23.543  -27.190  69.851 0.0000000000
58424  22.801  -28.941  71.873 0.0000000000
71820  48.372  -18.030  45.380 0.0000000000
74208  43.990  -15.914  50.378 0.0000000000
65790  37.991  -22.637  57.560 0.0000000000
64582  34.793  -23.775  55.667 0.0000000000
64615  32.943  -24.148  54.068 0.0000000000
64656  30.416  -24.068  51.742 0.0000000000
63393  31.321  -25.803  54.267 0.0000000000
63371  28.763  -25.750  55.020 0.0000000000
63374  25.893  -25.617  55.260 0.0000000000
58554  21.267  -29.035  63.264 0.0000000000
59687  21.148  -28.096  61.585 0.0000000000
58564  19.450  -29.604  61.581 0.0000000000
139288  49.089  -10.572  37.748 0.0000000000
78067  49.652  -11.920  33.741 0.0000000000
79238  48.119  -11.221  32.996 0.0000000000
54028  17.290  -33.797  72.756 0.0000000000
62011  34.157  -26.065  66.067 0.0000000000
59648  32.880  -28.223  63.676 0.0000000000
59696  31.071  -28.064  60.855 0.0000000000
59650  30.649  -28.364  63.661 0.0000000000
59632  28.507  -28.284  64.332 0.0000000000
59619  25.547  -28.170  64.980 0.0000000000
57360  24.897  -28.497  67.543 0.0000000000
57377  23.860  -29.256  67.087 0.0000000000
58526  22.518  -29.053  65.320 0.0000000000
57381  20.344  -29.421  65.873 0.0000000000
57383  17.704  -30.486  65.775 0.0000000000
78046  39.036  -13.109  36.753 0.0000000000
78063  39.782  -14.628  33.866 0.0000000000
75530  38.632  -15.849  35.256 0.0000000000
57249  15.296  -31.091  76.115 0.0000000000
53998  14.982  -33.623  76.219 0.0000000000
55078  13.924  -32.499  74.965 0.0000000000
52782  14.668  -34.204  73.847 0.0000000000
82432  48.887  -8.708  40.218 0.0000000000
83664  46.527  -8.493  39.625 0.0000000000
82461  43.797  -9.527  39.239 0.0000000000
79197  42.611  -12.187  38.869 0.0000000000
76796  41.443  -14.222  39.633 0.0000000000
74294  40.580  -16.615  40.579 0.0000000000
71859  39.623  -18.251  40.816 0.0000000000
70631  44.515  -18.884  44.038 0.0000000000
70652  41.365  -18.300  42.980 0.0000000000
69503  38.526  -19.620  42.245 0.0000000000
68300  36.745  -20.519  42.718 0.0000000000
69477  35.255  -19.927  42.867 0.0000000000
74212  40.745  -16.235  51.407 0.0000000000
69363  39.480  -19.992  55.297 0.0000000000
71706  38.610  -17.547  53.303 0.0000000000
72979  38.423  -16.573  50.557 0.0000000000
73017  35.485  -17.088  47.867 0.0000000000
73036  32.634  -17.861  45.986 0.0000000000
65882  28.752  -23.545  50.027 0.0000000000
60899  28.662  -27.569  59.623 0.0000000000
60937  26.254  -27.198  57.995 0.0000000000
62147  23.522  -26.266  55.723 0.0000000000
60924  21.924  -27.140  59.062 0.0000000000
62122  22.106  -26.527  56.504 0.0000000000
61915  19.587  -27.190  73.646 0.0000000000
63131  19.069  -26.527  73.934 0.0000000000
60861  34.690  -27.837  61.672 0.0000000000
60841  35.999  -26.843  61.856 0.0000000000
60875  34.422  -27.378  60.601 0.0000000000
62077  34.308  -26.243  59.486 0.0000000000
59707  33.522  -27.333  59.665 0.0000000000
60914  31.838  -27.507  58.418 0.0000000000
60876  32.006  -27.643  59.808 0.0000000000
80320  42.604  -10.372  36.177 0.0000000000
81375  43.585  -10.776  34.449 0.0000000000
80322  41.846  -11.475  34.429 0.0000000000
57314  17.623  -29.620  71.317 0.0000000000
56210  16.635  -31.207  70.880 0.0000000000
57300  17.687  -30.262  72.038 0.0000000000
50531  16.338  -35.714  75.748 0.0000000000
50540  17.335  -36.079  75.243 0.0000000000
49478  16.380  -36.845  74.500 0.0000000000
49492  16.210  -36.691  73.588 0.0000000000
50563  15.560  -36.175  73.603 0.0000000000
64424  27.107  -24.178  68.280 0.0000000000
63203  28.726  -24.404  68.031 0.0000000000
63222  29.865  -25.308  68.059 0.0000000000
61993  28.587  -25.523  67.411 0.0000000000
60791  28.554  -26.378  66.335 0.0000000000
60779  27.224  -26.383  67.525 0.0000000000
57312  20.342  -29.475  71.087 0.0000000000
57326  20.661  -29.486  70.055 0.0000000000
58450  19.682  -29.267  70.561 0.0000000000
58452  18.118  -29.210  69.558 0.0000000000
70686  36.550  -19.188  39.178 0.0000000000
70703  36.329  -19.316  37.148 0.0000000000
69536  35.965  -20.204  37.380 0.0000000000
76768  48.312  -14.782  42.432 0.0000000000
75495  47.132  -15.358  42.197 0.0000000000
74272  48.428  -16.626  42.933 0.0000000000
71748  42.005  -17.553  48.740 0.0000000000
70571  41.569  -18.368  47.796 0.0000000000
70572  40.992  -18.441  48.076 0.0000000000
70584  39.902  -18.706  47.261 0.0000000000
71767  40.203  -18.137  48.245 0.0000000000
67036  34.155  -22.746  52.168 0.0000000000
68229  35.436  -21.661  52.289 0.0000000000
67044  33.959  -22.234  50.925 0.0000000000
68258  33.482  -21.370  49.754 0.0000000000
67062  33.252  -22.135  50.266 0.0000000000
67094  31.376  -22.367  48.875 0.0000000000
67064  31.631  -23.220  50.371 0.0000000000
60832  24.435  -27.045  63.018 0.0000000000
60865  25.215  -27.154  61.457 0.0000000000
60848  23.993  -26.991  62.490 0.0000000000
78043  52.081  -13.072  37.350 0.0000000000
79214  51.110  -12.692  36.917 0.0000000000
57276  20.681  -29.086  73.323 0.0000000000
57278  19.135  -29.981  73.848 0.0000000000
57267  19.469  -29.469  74.021 0.0000000000
58380  18.011  -30.154  75.395 0.0000000000
57259  18.253  -30.866  75.338 0.0000000000
57246  17.376  -31.570  75.465 0.0000000000
56149  17.071  -32.203  75.456 0.0000000000
56150  16.818  -32.154  75.686 0.0000000000
64409  23.885  -24.603  69.014 0.0000000000
61972  24.058  -26.311  68.879 0.0000000000
63174  23.169  -26.066  69.600 0.0000000000
59535  21.904  -28.257  72.575 0.0000000000
59544  22.809  -27.999  71.488 0.0000000000
58415  22.104  -28.829  72.786 0.0000000000
57296  22.283  -29.202  72.315 0.0000000000
63311  37.968  -25.221  61.141 0.0000000000
65726  39.051  -23.519  60.988 0.0000000000
64536  39.041  -23.856  59.783 0.0000000000
64555  38.873  -23.203  58.422 0.0000000000
64556  38.217  -23.904  58.721 0.0000000000
62109  34.341  -25.732  57.024 0.0000000000
63353  34.926  -24.826  57.050 0.0000000000
64572  34.449  -24.542  56.104 0.0000000000
64596  33.795  -23.968  54.794 0.0000000000
63391  32.685  -24.908  54.691 0.0000000000
63419  32.041  -24.721  53.823 0.0000000000
63369  32.109  -26.031  54.867 0.0000000000
62091  30.121  -27.159  56.942 0.0000000000
62141  29.597  -26.225  55.313 0.0000000000
62142  28.458  -26.123  55.684 0.0000000000
63373  26.902  -25.573  55.210 0.0000000000
62116  28.029  -26.515  56.458 0.0000000000
57405  19.796  -29.838  63.362 0.0000000000
58559  20.433  -29.105  62.388 0.0000000000
57410  19.118  -30.148  62.076 0.0000000000
139294  47.595  -10.074  36.528 0.0000000000
79237  48.635  -11.042  34.048 0.0000000000
80333  47.429  -10.549  34.399 0.0000000000
79251  45.455  -12.334  31.309 0.0000000000
54096  17.186  -33.090  66.818 0.0000000000
54088  17.085  -33.133  67.714 0.0000000000
55097  17.559  -32.426  73.593 0.0000000000
54035  17.241  -33.113  73.048 0.0000000000
54027  17.479  -33.573  73.429 0.0000000000
49475  17.382  -36.885  73.934 0.0000000000
50561  17.487  -36.520  72.614 0.0000000000
60787  31.957  -26.634  66.984 0.0000000000
62001  33.018  -25.929  66.873 0.0000000000
60811  32.798  -27.555  65.979 0.0000000000
60820  33.889  -27.515  64.918 0.0000000000
59630  32.030  -28.287  64.682 0.0000000000
59649  31.722  -28.346  63.639 0.0000000000
59631  31.007  -28.376  64.509 0.0000000000
58520  28.502  -28.127  65.249 0.0000000000
58540  28.674  -28.294  64.591 0.0000000000
59616  27.481  -28.311  64.908 0.0000000000
59634  26.966  -28.273  64.221 0.0000000000
58522  26.285  -28.275  65.533 0.0000000000
59563  24.256  -27.615  68.924 0.0000000000
58473  25.111  -28.014  67.710 0.0000000000
57346  24.591  -29.116  68.584 0.0000000000
57364  22.234  -29.822  67.525 0.0000000000
57363  23.231  -30.076  67.702 0.0000000000
57378  22.972  -29.372  66.794 0.0000000000
58505  23.747  -28.826  66.235 0.0000000000
57389  22.546  -29.402  66.067 0.0000000000
57391  21.004  -29.691  65.128 0.0000000000
57380  21.221  -29.477  66.202 0.0000000000
57352  17.227  -30.423  67.574 0.0000000000
58492  17.774  -29.853  66.318 0.0000000000
56235  17.200  -31.345  67.043 0.0000000000
139306  38.912  -14.046  38.391 0.0000000000
76801  38.230  -14.191  35.803 0.0000000000
74311  37.712  -16.068  36.199 0.0000000000
70721  38.623  -19.098  35.338 0.0000000000
58358  14.535  -30.875  76.093 0.0000000000
55051  15.256  -32.127  76.327 0.0000000000
55053  14.363  -31.981  76.130 0.0000000000
56193  12.940  -31.682  73.133 0.0000000000
55089  14.164  -32.425  74.151 0.0000000000
54020  14.200  -33.060  74.805 0.0000000000
54029  14.582  -33.513  73.467 0.0000000000
52801  14.929  -34.418  71.963 0.0000000000
54047  14.561  -33.614  71.601 0.0000000000
139251  49.424  -8.999  40.831 0.0000000000
84956  47.185  -7.961  40.658 0.0000000000
84971  46.000  -7.946  40.815 0.0000000000
83688  44.796  -8.894  38.846 0.0000000000
83666  44.574  -8.880  40.340 0.0000000000
80257  44.118  -11.831  41.290 0.0000000000
81328  43.493  -10.939  40.503 0.0000000000
79173  43.545  -12.759  40.249 0.0000000000
78031  42.174  -13.415  39.499 0.0000000000
78030  43.031  -13.591  39.777 0.0000000000
73069  43.432  -16.917  41.218 0.0000000000
74292  42.459  -16.269  40.629 0.0000000000
73071  41.533  -17.334  40.961 0.0000000000
73073  39.632  -17.390  40.590 0.0000000000
71857  41.219  -17.902  41.473 0.0000000000
71790  46.878  -18.514  46.348 0.0000000000
71822  46.810  -18.411  44.925 0.0000000000
71808  45.193  -18.516  45.602 0.0000000000
70603  41.104  -19.110  45.190 0.0000000000
70615  41.678  -18.775  44.543 0.0000000000
69471  40.815  -19.056  43.258 0.0000000000
69502  39.501  -19.319  42.351 0.0000000000
69486  38.667  -19.690  42.890 0.0000000000
68313  37.004  -20.350  42.387 0.0000000000
69474  37.956  -19.719  43.490 0.0000000000
71810  36.634  -18.379  44.982 0.0000000000
70637  36.172  -19.562  43.492 0.0000000000
70619  35.798  -18.859  43.819 0.0000000000
70621  33.876  -18.790  43.783 0.0000000000
75367  40.490  -15.779  53.347 0.0000000000
66998  38.750  -21.374  56.276 0.0000000000
68186  40.250  -20.363  56.104 0.0000000000
68203  38.650  -20.660  55.406 0.0000000000
70531  36.658  -19.507  52.471 0.0000000000
71696  37.890  -19.013  53.522 0.0000000000
72962  37.354  -17.419  52.185 0.0000000000
72961  38.076  -16.624  51.663 0.0000000000
72980  37.314  -16.797  50.968 0.0000000000
73007  37.004  -17.079  48.819 0.0000000000
72998  35.441  -17.365  49.828 0.0000000000
70585  31.771  -19.630  47.646 0.0000000000
71784  32.850  -18.195  47.651 0.0000000000
71800  31.451  -18.657  46.393 0.0000000000
71815  31.178  -18.542  45.318 0.0000000000
70606  30.149  -19.136  45.357 0.0000000000
69447  29.661  -20.705  46.235 0.0000000000
65927  29.029  -22.840  47.027 0.0000000000
67125  28.882  -22.745  46.222 0.0000000000
64638  30.014  -24.711  52.371 0.0000000000
64657  29.627  -24.191  51.405 0.0000000000
64658  28.570  -23.909  51.206 0.0000000000
67082  26.021  -22.568  49.402 0.0000000000
59698  29.283  -27.994  61.233 0.0000000000
60879  29.437  -27.738  60.395 0.0000000000
60880  28.392  -27.607  60.758 0.0000000000
60921  24.984  -27.046  58.893 0.0000000000
60920  25.942  -27.218  58.850 0.0000000000
60938  25.290  -26.919  58.066 0.0000000000
62119  25.059  -26.561  56.480 0.0000000000
62098  23.680  -26.658  57.273 0.0000000000
59701  20.536  -28.394  60.781 0.0000000000
60906  21.671  -27.261  60.086 0.0000000000
59715  20.252  -28.032  59.179 0.0000000000
60953  21.009  -26.975  57.277 0.0000000000
62149  21.638  -26.416  55.727 0.0000000000
78075  49.575  -12.234  32.349 0.0000000000
76830  50.416  -13.282  32.194 0.0000000000
78071  40.936  -14.413  33.107 0.0000000000
60719  20.453  -27.741  73.263 0.0000000000
59514  20.182  -28.799  73.566 0.0000000000
60706  19.282  -28.074  74.112 0.0000000000
60707  18.834  -28.206  74.393 0.0000000000
60694  17.846  -28.700  74.649 0.0000000000
61926  21.373  -26.861  72.492 0.0000000000
63289  35.566  -25.846  64.057 0.0000000000
64499  36.593  -24.425  63.647 0.0000000000
63301  36.518  -25.913  63.030 0.0000000000
62045  37.062  -25.917  61.891 0.0000000000
62068  37.297  -25.266  60.573 0.0000000000
64548  36.664  -24.544  59.209 0.0000000000
62075  35.852  -25.408  59.828 0.0000000000
62088  34.388  -25.966  57.679 0.0000000000
62090  33.361  -26.579  57.364 0.0000000000
62112  32.073  -26.891  56.273 0.0000000000
60950  32.411  -27.058  56.992 0.0000000000
60932  31.242  -27.407  57.642 0.0000000000
60933  30.217  -27.378  57.604 0.0000000000
56254  17.914  -31.107  63.659 0.0000000000
57411  18.521  -30.714  62.363 0.0000000000
55194  17.626  -32.249  62.616 0.0000000000
139300  45.418  -9.645  36.429 0.0000000000
81388  45.830  -10.668  34.240 0.0000000000
81389  44.921  -10.703  34.365 0.0000000000
80351  43.893  -11.637  32.670 0.0000000000
56223  16.866  -31.285  68.937 0.0000000000
55148  16.918  -32.258  68.333 0.0000000000
56216  16.660  -31.211  69.907 0.0000000000
54055  16.647  -33.065  70.531 0.0000000000
54046  16.704  -33.301  71.277 0.0000000000
53996  17.274  -33.633  75.092 0.0000000000
52772  17.290  -34.589  73.896 0.0000000000
51599  17.243  -35.707  74.591 0.0000000000
49463  17.652  -36.753  74.445 0.0000000000
49515  16.345  -36.882  71.705 0.0000000000
62004  30.775  -25.841  66.722 0.0000000000
60802  30.761  -26.803  65.985 0.0000000000
59615  30.314  -27.786  65.194 0.0000000000
59592  29.540  -26.367  65.777 0.0000000000
58484  28.231  -26.968  66.101 0.0000000000
58501  27.349  -27.917  66.010 0.0000000000
57323  22.904  -29.483  70.439 0.0000000000
57333  23.768  -29.533  69.572 0.0000000000
57335  22.440  -30.117  69.551 0.0000000000
57336  21.574  -29.747  69.369 0.0000000000
58475  20.851  -29.197  68.454 0.0000000000
58489  20.157  -29.134  67.496 0.0000000000
58477  19.175  -29.035  68.122 0.0000000000
58453  17.395  -29.546  69.035 0.0000000000
73083  37.252  -17.051  38.990 0.0000000000
73097  36.964  -17.048  36.796 0.0000000000
73092  36.591  -17.803  37.155 0.0000000000
69542  37.052  -20.051  35.876 0.0000000000
56194  12.223  -31.773  72.639 0.0000000000
55100  13.036  -31.949  72.569 0.0000000000
54048  14.037  -32.956  71.350 0.0000000000
55120  12.382  -32.222  70.907 0.0000000000
78020  45.874  -14.047  41.537 0.0000000000
76789  44.400  -14.653  40.931 0.0000000000
75505  45.196  -15.337  41.502 0.0000000000
74289  45.236  -15.836  41.675 0.0000000000
73062  44.288  -17.153  42.021 0.0000000000
71764  44.682  -18.489  48.319 0.0000000000
71793  44.146  -18.381  46.690 0.0000000000
70569  43.044  -18.592  47.779 0.0000000000
69450  41.112  -18.901  46.490 0.0000000000
69452  40.155  -19.317  45.748 0.0000000000
69464  38.444  -19.292  44.212 0.0000000000
69443  39.252  -19.106  45.680 0.0000000000
70593  38.262  -18.564  45.449 0.0000000000
71796  37.108  -17.861  46.239 0.0000000000
68190  36.283  -22.039  54.456 0.0000000000
69366  37.540  -20.687  54.427 0.0000000000
68218  36.317  -21.539  53.277 0.0000000000
69400  36.041  -20.168  51.808 0.0000000000
70550  35.341  -19.625  51.148 0.0000000000
71754  34.346  -18.562  50.000 0.0000000000
70562  34.281  -19.719  49.857 0.0000000000
69425  33.055  -20.400  49.111 0.0000000000
69435  31.460  -20.747  47.805 0.0000000000
68278  30.446  -21.111  47.342 0.0000000000
68266  31.111  -21.906  48.349 0.0000000000
67096  29.975  -22.626  48.276 0.0000000000
65915  29.443  -23.131  48.219 0.0000000000
64622  27.227  -24.334  53.079 0.0000000000
65846  27.169  -23.653  52.058 0.0000000000
64642  26.302  -23.667  52.567 0.0000000000
65864  24.958  -22.854  51.649 0.0000000000
67067  23.891  -22.662  50.350 0.0000000000
59668  27.429  -27.708  62.346 0.0000000000
60881  27.246  -27.396  60.529 0.0000000000
60864  26.094  -27.272  61.273 0.0000000000
60883  25.421  -27.201  60.543 0.0000000000
60904  23.727  -26.923  59.844 0.0000000000
59720  19.475  -27.962  57.815 0.0000000000
59725  18.798  -28.318  57.027 0.0000000000
78041  53.289  -12.539  37.876 0.0000000000
76807  52.375  -13.865  36.266 0.0000000000
139275  51.799  -14.396  34.959 0.0000000000
57298  20.031  -29.432  72.159 0.0000000000
57289  18.077  -30.408  72.754 0.0000000000
57288  18.843  -29.922  73.162 0.0000000000
56191  18.560  -30.699  73.880 0.0000000000
56183  18.063  -31.568  74.151 0.0000000000
57268  18.851  -30.206  74.569 0.0000000000
57269  18.574  -30.907  75.114 0.0000000000
55077  17.620  -32.905  74.836 0.0000000000
53990  17.135  -33.240  75.427 0.0000000000
52747  16.441  -34.178  75.556 0.0000000000
51576  16.001  -34.569  76.012 0.0000000000
63205  26.701  -25.117  68.015 0.0000000000
60766  26.298  -26.364  67.643 0.0000000000
61983  25.278  -26.000  67.889 0.0000000000
60756  24.428  -26.834  68.851 0.0000000000
59552  23.456  -27.785  69.873 0.0000000000
61948  23.062  -27.039  70.821 0.0000000000
59553  23.326  -27.805  70.631 0.0000000000
57308  23.101  -28.795  70.906 0.0000000000
57310  22.169  -29.456  71.390 0.0000000000
57297  21.247  -29.446  72.260 0.0000000000
68347  35.625  -21.076  38.969 0.0000000000
68356  35.689  -21.354  37.749 0.0000000000
68348  35.351  -21.974  38.520 0.0000000000
74267  49.118  -16.439  44.284 0.0000000000
72991  46.245  -17.590  49.078 0.0000000000
72972  45.107  -17.152  49.752 0.0000000000
72974  43.493  -17.085  49.640 0.0000000000
72975  42.742  -16.838  49.611 0.0000000000
65802  39.047  -21.949  57.218 0.0000000000
65813  37.451  -22.216  56.149 0.0000000000
64565  36.646  -23.636  58.053 0.0000000000
65792  36.417  -23.307  57.283 0.0000000000
65814  36.505  -22.605  55.856 0.0000000000
65822  35.037  -23.148  54.689 0.0000000000
65831  34.218  -23.337  53.667 0.0000000000
65843  33.214  -23.477  52.607 0.0000000000
65845  31.680  -23.643  52.015 0.0000000000
64636  31.487  -23.831  52.832 0.0000000000
63438  30.461  -24.792  52.831 0.0000000000
63422  29.846  -25.358  53.380 0.0000000000
62164  31.156  -26.215  54.953 0.0000000000
62166  29.922  -26.072  54.571 0.0000000000
63423  28.888  -25.214  53.659 0.0000000000
63397  27.416  -25.146  54.416 0.0000000000
63398  26.333  -25.091  54.611 0.0000000000
63399  25.341  -25.136  54.693 0.0000000000
59659  22.126  -28.475  63.423 0.0000000000
60850  22.326  -27.646  62.519 0.0000000000
59674  21.451  -28.371  62.630 0.0000000000
59688  20.738  -28.565  61.859 0.0000000000
58571  19.506  -29.123  60.557 0.0000000000
57419  18.406  -30.399  61.349 0.0000000000
58572  18.769  -29.754  60.854 0.0000000000
80319  49.943  -11.396  37.621 0.0000000000
79223  50.210  -12.421  36.300 0.0000000000
79236  49.051  -11.850  35.554 0.0000000000
78068  49.199  -11.681  33.181 0.0000000000
79258  48.183  -12.148  31.113 0.0000000000
80348  46.588  -11.253  32.595 0.0000000000
79249  47.288  -11.688  31.607 0.0000000000
56201  17.377  -31.263  72.536 0.0000000000
54036  16.951  -33.432  72.256 0.0000000000
52789  17.245  -34.417  72.131 0.0000000000
52780  17.383  -34.495  73.350 0.0000000000
51620  17.339  -35.180  72.653 0.0000000000
63262  34.881  -25.323  65.602 0.0000000000
62030  34.561  -26.440  64.826 0.0000000000
59647  34.053  -27.945  63.789 0.0000000000
59662  33.682  -28.193  62.427 0.0000000000
59695  32.074  -27.778  60.627 0.0000000000
59663  32.378  -28.283  62.585 0.0000000000
59664  31.275  -28.312  62.672 0.0000000000
59666  29.440  -28.080  62.775 0.0000000000
58538  30.129  -28.298  64.445 0.0000000000
58551  29.616  -28.301  64.169 0.0000000000
59667  28.495  -28.007  62.698 0.0000000000
59654  26.622  -28.059  63.280 0.0000000000
59655  25.717  -27.693  63.691 0.0000000000
59637  24.250  -27.822  64.391 0.0000000000
59583  26.348  -27.006  67.611 0.0000000000
58472  26.198  -27.454  67.249 0.0000000000
57374  25.403  -28.217  66.897 0.0000000000
57347  24.365  -30.126  68.892 0.0000000000
57376  24.496  -28.878  67.174 0.0000000000
58503  25.300  -28.421  66.300 0.0000000000
58524  24.558  -28.342  65.391 0.0000000000
58543  23.892  -28.292  64.861 0.0000000000
59638  23.387  -27.987  64.277 0.0000000000
58545  22.115  -29.058  64.122 0.0000000000
57398  20.465  -29.811  64.439 0.0000000000
57392  19.734  -29.782  64.960 0.0000000000
58508  18.973  -29.279  66.248 0.0000000000
58531  18.374  -29.644  65.310 0.0000000000
57402  17.725  -30.634  64.531 0.0000000000
55176  17.417  -32.312  64.662 0.0000000000
79208  40.660  -11.896  36.755 0.0000000000
79209  39.932  -12.302  35.517 0.0000000000
139305  38.390  -13.819  36.005 0.0000000000
73112  38.404  -17.753  35.514 0.0000000000
73111  39.032  -17.838  35.221 0.0000000000
67226  36.132  -22.072  36.948 0.0000000000
63144  17.592  -26.616  74.299 0.0000000000
61918  17.372  -27.519  74.480 0.0000000000
59500  17.317  -29.309  75.075 0.0000000000
59487  15.883  -29.961  75.492 0.0000000000
57248  16.239  -31.258  75.882 0.0000000000
56151  16.339  -32.025  76.011 0.0000000000
52739  15.632  -34.040  76.211 0.0000000000
51588  15.314  -34.654  75.896 0.0000000000
56153  13.719  -31.636  76.010 0.0000000000
54010  14.274  -33.189  75.320 0.0000000000
52762  14.612  -34.194  75.211 0.0000000000
51612  14.775  -34.891  74.376 0.0000000000
50579  15.046  -35.452  72.901 0.0000000000
80301  50.696  -10.579  40.067 0.0000000000
139282  49.436  -9.965  39.248 0.0000000000
139280  48.976  -9.420  39.122 0.0000000000
83674  47.979  -9.499  38.578 0.0000000000
83618  48.512  -8.116  41.923 0.0000000000
83663  47.373  -8.527  39.562 0.0000000000
139298  46.352  -9.341  37.574 0.0000000000
82485  44.763  -9.227  37.563 0.0000000000
82493  43.757  -9.540  37.541 0.0000000000
81364  42.513  -10.425  37.501 0.0000000000
82450  43.827  -9.905  40.301 0.0000000000
81353  42.939  -10.700  38.855 0.0000000000
80304  42.052  -11.199  37.868 0.0000000000
79199  41.170  -12.513  37.676 0.0000000000
76800  40.494  -13.992  38.981 0.0000000000
75522  39.810  -14.562  39.425 0.0000000000
75518  43.173  -15.223  40.353 0.0000000000
75520  41.486  -15.034  40.205 0.0000000000
75511  39.661  -15.405  40.261 0.0000000000
73074  38.726  -17.203  40.348 0.0000000000
71868  38.056  -17.848  40.031 0.0000000000
70676  37.549  -19.100  40.567 0.0000000000
73047  47.565  -17.882  43.629 0.0000000000
71842  45.919  -18.257  43.192 0.0000000000
70664  44.096  -18.518  42.760 0.0000000000
70613  43.756  -18.604  44.739 0.0000000000
70650  43.276  -18.780  43.166 0.0000000000
70666  42.366  -18.141  42.705 0.0000000000
70673  40.123  -18.659  41.787 0.0000000000
70675  38.668  -18.909  40.991 0.0000000000
69510  37.165  -19.679  41.176 0.0000000000
69505  36.727  -20.278  41.339 0.0000000000
68323  36.215  -21.050  40.958 0.0000000000
69475  36.863  -20.093  43.324 0.0000000000
68301  35.763  -20.793  42.464 0.0000000000
74210  42.488  -16.084  51.025 0.0000000000
72977  40.798  -16.778  50.035 0.0000000000
71681  40.173  -18.233  54.290 0.0000000000
70508  38.560  -19.781  54.545 0.0000000000
71694  38.992  -18.079  53.976 0.0000000000
74173  39.784  -16.956  53.482 0.0000000000
74190  39.519  -16.652  52.871 0.0000000000
74230  39.988  -16.483  50.937 0.0000000000
72994  39.814  -17.169  49.349 0.0000000000
73005  38.664  -17.492  48.490 0.0000000000
73015  37.419  -17.382  47.972 0.0000000000
71797  36.027  -17.530  46.347 0.0000000000
73010  33.916  -17.643  48.605 0.0000000000
73026  34.054  -17.332  46.882 0.0000000000
71812  34.473  -17.874  45.347 0.0000000000
71828  33.115  -18.305  44.565 0.0000000000
67137  28.944  -22.065  46.043 0.0000000000
65955  28.217  -23.135  45.115 0.0000000000
64674  30.848  -23.834  51.192 0.0000000000
64691  29.759  -23.708  49.790 0.0000000000
65916  28.366  -23.278  48.342 0.0000000000
65884  26.958  -23.086  50.466 0.0000000000
65900  27.349  -23.083  49.647 0.0000000000
60877  31.299  -27.759  59.992 0.0000000000
60916  29.919  -27.504  58.552 0.0000000000
60935  28.266  -27.221  57.915 0.0000000000
60900  27.614  -27.523  59.687 0.0000000000
60918  27.935  -27.501  58.761 0.0000000000
62094  27.633  -26.806  57.238 0.0000000000
62118  26.033  -26.438  56.552 0.0000000000
62145  25.467  -26.173  55.825 0.0000000000
63376  23.974  -25.882  55.037 0.0000000000
60886  22.470  -27.080  60.916 0.0000000000
60905  22.701  -26.981  59.937 0.0000000000
60923  22.990  -26.980  59.001 0.0000000000
60943  20.225  -27.720  58.345 0.0000000000
62100  21.702  -26.776  57.328 0.0000000000
62099  22.687  -26.693  57.298 0.0000000000
62121  23.091  -26.504  56.469 0.0000000000
63377  22.993  -25.820  55.111 0.0000000000
139287  50.410  -13.081  34.857 0.0000000000
76823  51.053  -14.032  33.143 0.0000000000
75547  51.429  -14.645  32.612 0.0000000000
139304  41.087  -12.099  33.679 0.0000000000
59680  33.731  -27.834  61.113 0.0000000000
59693  33.647  -27.487  60.178 0.0000000000
59708  33.128  -27.618  59.773 0.0000000000
59709  32.567  -27.707  59.977 0.0000000000
80312  41.889  -10.910  36.752 0.0000000000
80321  42.092  -10.846  35.290 0.0000000000
57313  18.333  -29.591  71.713 0.0000000000
50541  16.730  -36.304  75.356 0.0000000000
50542  16.024  -36.232  75.389 0.0000000000
50551  15.784  -36.302  74.457 0.0000000000
63204  27.760  -24.891  68.068 0.0000000000
64423  28.138  -23.965  68.685 0.0000000000
63224  28.445  -25.084  67.847 0.0000000000
61994  27.840  -25.922  67.574 0.0000000000
58426  19.535  -29.412  71.729 0.0000000000
58438  19.460  -29.354  71.245 0.0000000000
58439  18.680  -29.268  71.053 0.0000000000
70697  36.265  -19.294  38.133 0.0000000000
69530  35.952  -20.172  38.499 0.0000000000
74281  48.324  -16.000  42.320 0.0000000000
74271  49.013  -16.086  43.405 0.0000000000
70561  41.431  -17.853  48.375 0.0000000000
71750  40.002  -17.638  48.756 0.0000000000
67037  33.357  -23.208  51.966 0.0000000000
67063  32.314  -22.954  50.549 0.0000000000
67046  32.570  -23.157  51.063 0.0000000000
60833  23.908  -27.284  63.158 0.0000000000
80309  51.244  -11.742  38.061 0.0000000000
79206  51.044  -12.045  37.534 0.0000000000
79215  50.550  -12.248  37.039 0.0000000000
57277  19.938  -29.198  73.569 0.0000000000
58406  20.194  -29.012  73.609 0.0000000000
58366  17.590  -30.923  75.550 0.0000000000
57247  16.903  -31.435  75.542 0.0000000000
63189  23.606  -25.806  68.938 0.0000000000
59525  21.420  -28.563  73.032 0.0000000000
58404  21.534  -28.826  73.122 0.0000000000
58416  21.503  -29.007  73.154 0.0000000000
63323  38.037  -24.969  60.508 0.0000000000
64522  38.447  -24.377  61.034 0.0000000000
64537  38.460  -24.319  60.171 0.0000000000
65742  39.176  -23.407  60.257 0.0000000000
64547  38.495  -24.197  59.438 0.0000000000
64546  39.094  -23.712  58.986 0.0000000000
63338  37.992  -24.421  59.279 0.0000000000
63355  33.545  -25.589  56.097 0.0000000000
63354  34.205  -25.063  56.499 0.0000000000
64584  33.393  -24.768  55.352 0.0000000000
63368  32.934  -25.418  55.279 0.0000000000
62092  29.500  -27.104  56.994 0.0000000000
62115  29.047  -26.551  56.352 0.0000000000
57399  19.866  -29.916  63.894 0.0000000000
58556  19.766  -29.791  63.108 0.0000000000
57406  19.245  -30.023  63.096 0.0000000000
55158  17.084  -32.240  67.405 0.0000000000
54018  17.658  -33.872  73.944 0.0000000000
49489  17.790  -37.137  72.693 0.0000000000
60800  32.134  -27.193  66.464 0.0000000000
59613  32.188  -28.140  65.889 0.0000000000
59612  32.932  -27.816  65.562 0.0000000000
59614  30.983  -28.137  65.397 0.0000000000
58521  27.376  -28.218  65.281 0.0000000000
59617  27.071  -28.273  64.899 0.0000000000
58461  24.457  -28.353  68.632 0.0000000000
57379  22.057  -29.570  66.584 0.0000000000
57366  20.586  -29.281  66.676 0.0000000000
75523  38.595  -14.557  38.759 0.0000000000
139307  37.895  -14.326  38.059 0.0000000000
58370  14.443  -30.474  75.852 0.0000000000
57242  14.086  -31.127  76.194 0.0000000000
56145  14.392  -31.543  76.192 0.0000000000
55099  13.761  -32.086  73.098 0.0000000000
56184  13.280  -31.657  73.849 0.0000000000
55098  14.355  -32.808  73.297 0.0000000000
54037  14.549  -33.450  72.568 0.0000000000
54038  14.274  -32.958  72.044 0.0000000000
84928  49.899  -8.560  42.832 0.0000000000
84912  49.718  -8.094  43.390 0.0000000000
84941  45.881  -7.649  42.139 0.0000000000
84957  46.366  -7.731  41.167 0.0000000000
84958  45.658  -7.878  41.286 0.0000000000
83665  45.557  -8.365  40.386 0.0000000000
83648  45.119  -8.532  41.500 0.0000000000
79154  44.643  -12.584  41.305 0.0000000000
79155  43.958  -12.500  40.922 0.0000000000
78023  43.704  -13.750  40.292 0.0000000000
73063  43.378  -17.421  41.771 0.0000000000
73070  42.607  -17.085  40.932 0.0000000000
73065  41.888  -17.585  41.357 0.0000000000
71777  46.655  -18.414  47.103 0.0000000000
71791  45.974  -18.518  46.430 0.0000000000
71792  45.094  -18.460  46.601 0.0000000000
69462  40.064  -19.337  44.722 0.0000000000
70635  40.620  -19.227  43.707 0.0000000000
69472  40.042  -19.362  43.659 0.0000000000
69485  39.690  -19.498  42.881 0.0000000000
71825  36.035  -18.470  44.531 0.0000000000
71826  35.186  -18.368  44.592 0.0000000000
70620  34.870  -18.908  43.868 0.0000000000
75350  40.673  -16.066  53.982 0.0000000000
66999  37.951  -21.693  55.831 0.0000000000
68188  38.776  -20.961  55.928 0.0000000000
67013  38.293  -21.183  55.649 0.0000000000
71720  36.638  -18.508  52.116 0.0000000000
72981  36.630  -17.557  51.470 0.0000000000
72997  36.394  -17.152  50.152 0.0000000000
71752  35.721  -17.606  50.402 0.0000000000
70594  31.633  -19.068  47.008 0.0000000000
70595  31.090  -19.582  46.941 0.0000000000
70605  30.768  -18.966  46.142 0.0000000000
70596  30.352  -19.500  46.412 0.0000000000
69456  29.780  -19.905  46.177 0.0000000000
69446  30.356  -20.412  46.911 0.0000000000
59699  28.800  -27.837  61.433 0.0000000000
62097  24.663  -26.674  57.265 0.0000000000
59711  19.833  -28.575  60.020 0.0000000000
59710  20.334  -28.137  59.726 0.0000000000
78082  49.183  -12.474  30.937 0.0000000000
76839  49.771  -13.380  30.599 0.0000000000
61914  20.082  -27.483  73.424 0.0000000000
60705  19.926  -28.076  73.585 0.0000000000
61916  18.767  -27.505  74.263 0.0000000000
61905  18.610  -28.082  74.457 0.0000000000
60693  18.425  -28.684  74.513 0.0000000000
61906  18.289  -28.047  74.515 0.0000000000
63140  20.836  -26.291  72.771 0.0000000000
63139  21.237  -26.347  72.477 0.0000000000
61927  20.427  -27.001  73.124 0.0000000000
62038  35.545  -26.298  63.640 0.0000000000
63288  36.190  -25.424  63.711 0.0000000000
62037  36.139  -26.399  63.139 0.0000000000
62058  35.761  -26.567  61.193 0.0000000000
62057  36.298  -26.242  61.379 0.0000000000
62056  37.200  -25.578  61.129 0.0000000000
62069  36.332  -25.591  60.413 0.0000000000
62076  35.083  -25.854  59.617 0.0000000000
60911  33.894  -26.677  58.820 0.0000000000
62082  34.145  -26.202  58.776 0.0000000000
62083  33.854  -26.594  58.502 0.0000000000
62089  33.812  -26.484  57.915 0.0000000000
60929  33.405  -26.741  57.827 0.0000000000
60949  32.722  -26.896  57.068 0.0000000000
60930  32.901  -26.963  57.546 0.0000000000
56255  17.737  -31.915  63.353 0.0000000000
55195  17.497  -32.622  62.863 0.0000000000
80339  42.761  -11.424  33.748 0.0000000000
139303  43.667  -11.188  33.782 0.0000000000
80352  43.335  -11.610  33.122 0.0000000000
79241  42.956  -12.009  32.705 0.0000000000
57327  16.916  -30.285  69.478 0.0000000000
52761  16.995  -34.639  74.507 0.0000000000
51584  16.715  -35.138  74.752 0.0000000000
49465  17.278  -37.054  75.178 0.0000000000
49464  17.681  -36.835  74.734 0.0000000000
49476  17.321  -37.121  74.183 0.0000000000
49490  17.093  -37.289  73.777 0.0000000000
48397  17.021  -37.594  73.363 0.0000000000
49491  16.736  -37.261  73.585 0.0000000000
49503  15.965  -36.583  72.757 0.0000000000
49502  16.485  -37.271  72.659 0.0000000000
50594  16.170  -36.115  71.830 0.0000000000
64438  30.493  -24.682  68.779 0.0000000000
61991  30.308  -25.361  67.018 0.0000000000
60789  30.090  -26.023  66.187 0.0000000000
59594  28.096  -26.704  66.485 0.0000000000
58485  27.348  -27.309  66.604 0.0000000000
57324  22.300  -29.843  70.474 0.0000000000
57337  20.832  -29.264  69.172 0.0000000000
57351  20.859  -29.198  68.693 0.0000000000
58476  20.231  -29.062  68.615 0.0000000000
58463  19.094  -28.994  69.136 0.0000000000
73091  36.809  -17.156  37.927 0.0000000000
69543  36.524  -20.189  36.483 0.0000000000
68366  37.126  -21.019  35.812 0.0000000000
55111  12.555  -32.127  71.882 0.0000000000
76787  46.003  -14.664  41.672 0.0000000000
76786  46.716  -14.658  41.982 0.0000000000
74274  46.539  -16.484  42.552 0.0000000000
74288  45.912  -15.662  41.963 0.0000000000
74275  45.790  -16.485  42.440 0.0000000000
74285  44.601  -16.416  41.680 0.0000000000
73061  45.096  -17.166  42.503 0.0000000000
71765  43.767  -18.542  48.413 0.0000000000
70558  43.017  -18.466  48.301 0.0000000000
70582  40.983  -18.928  47.490 0.0000000000
70581  41.373  -18.761  47.235 0.0000000000
69440  40.795  -19.099  46.754 0.0000000000
69451  40.723  -19.012  46.014 0.0000000000
69441  40.395  -19.196  46.535 0.0000000000
69453  39.537  -19.297  45.362 0.0000000000
69442  39.878  -19.132  46.290 0.0000000000
71781  39.084  -18.369  46.979 0.0000000000
71794  39.005  -18.635  46.375 0.0000000000
71795  38.485  -18.310  46.342 0.0000000000
67016  35.838  -22.181  54.035 0.0000000000
68206  36.407  -21.750  54.198 0.0000000000
67026  35.745  -22.060  53.363 0.0000000000
68238  34.972  -21.114  51.214 0.0000000000
69394  35.919  -21.029  52.235 0.0000000000
69401  35.601  -20.549  51.728 0.0000000000
70542  35.795  -19.969  51.593 0.0000000000
69408  35.051  -20.388  50.857 0.0000000000
70551  34.751  -19.675  50.439 0.0000000000
69409  34.639  -20.440  50.227 0.0000000000
68259  32.811  -21.366  49.370 0.0000000000
69418  33.425  -20.592  49.351 0.0000000000
69426  32.678  -20.648  48.930 0.0000000000
69434  31.999  -20.366  48.297 0.0000000000
69427  32.011  -20.954  48.425 0.0000000000
68271  31.329  -21.234  47.993 0.0000000000
68265  31.547  -21.493  48.377 0.0000000000
65896  30.855  -23.033  49.343 0.0000000000
65913  30.759  -22.672  48.839 0.0000000000
65914  30.272  -22.894  48.775 0.0000000000
64641  26.877  -23.845  52.528 0.0000000000
64623  26.122  -24.067  53.149 0.0000000000
65865  24.013  -23.039  51.601 0.0000000000
67048  24.396  -22.723  50.972 0.0000000000
67049  23.680  -22.981  50.934 0.0000000000
60845  26.702  -27.390  61.862 0.0000000000
60846  25.953  -27.232  62.120 0.0000000000
60866  24.264  -26.879  61.609 0.0000000000
60884  24.469  -27.042  60.655 0.0000000000
60903  24.708  -27.089  59.758 0.0000000000
78053  51.382  -13.312  36.310 0.0000000000
78052  51.940  -13.651  36.419 0.0000000000
78056  51.959  -13.979  35.929 0.0000000000
139278  52.022  -14.438  35.251 0.0000000000
76818  51.472  -14.184  34.436 0.0000000000
59515  19.510  -28.755  73.985 0.0000000000
58394  19.744  -29.180  73.780 0.0000000000
56174  18.139  -31.546  74.869 0.0000000000
55064  17.470  -32.663  75.227 0.0000000000
55055  16.770  -32.797  75.740 0.0000000000
53991  16.704  -33.393  75.597 0.0000000000
52737  16.306  -33.707  75.733 0.0000000000
52748  16.155  -34.379  75.839 0.0000000000
52738  16.013  -33.979  75.921 0.0000000000
64408  25.275  -24.219  68.557 0.0000000000
65612  25.830  -23.538  69.707 0.0000000000
64426  25.663  -24.810  68.223 0.0000000000
64425  26.184  -24.547  68.291 0.0000000000
63206  25.774  -25.302  67.924 0.0000000000
63207  25.098  -25.634  67.992 0.0000000000
60757  23.930  -26.716  69.392 0.0000000000
60746  23.968  -27.345  69.434 0.0000000000
61949  22.672  -26.898  71.211 0.0000000000
61961  22.937  -26.668  70.655 0.0000000000
60738  22.793  -27.626  71.371 0.0000000000
58413  23.017  -28.168  71.954 0.0000000000
59543  23.022  -28.163  71.356 0.0000000000
58423  23.070  -28.348  71.666 0.0000000000
58436  23.259  -28.377  70.800 0.0000000000
58437  23.097  -29.020  71.092 0.0000000000
57309  22.776  -29.050  71.302 0.0000000000
57295  22.674  -29.093  71.881 0.0000000000
72992  45.631  -17.692  49.514 0.0000000000
72956  44.074  -16.512  49.947 0.0000000000
72957  43.385  -16.395  49.965 0.0000000000
64498  37.187  -24.352  63.131 0.0000000000
64563  38.367  -23.066  58.117 0.0000000000
65788  39.202  -22.577  57.933 0.0000000000
66967  38.284  -22.394  57.344 0.0000000000
65803  38.473  -22.099  56.971 0.0000000000
65804  37.835  -22.349  56.905 0.0000000000
63340  35.935  -24.815  59.216 0.0000000000
64558  36.155  -24.459  58.637 0.0000000000
64571  34.937  -24.159  56.300 0.0000000000
65806  35.928  -23.315  56.540 0.0000000000
65815  35.487  -23.226  55.473 0.0000000000
67002  35.564  -22.711  54.659 0.0000000000
65824  33.721  -23.781  54.286 0.0000000000
65832  33.248  -23.775  53.683 0.0000000000
65842  33.863  -23.330  52.996 0.0000000000
65833  32.639  -23.780  53.196 0.0000000000
64635  32.104  -23.918  53.215 0.0000000000
63420  31.625  -24.997  53.661 0.0000000000
63421  30.788  -25.159  53.285 0.0000000000
63439  30.238  -25.041  52.926 0.0000000000
62139  31.632  -26.458  55.458 0.0000000000
62140  30.691  -26.446  55.506 0.0000000000
63395  29.384  -25.716  54.338 0.0000000000
63396  28.407  -25.408  54.418 0.0000000000
63424  28.108  -25.026  53.870 0.0000000000
58553  21.826  -28.857  63.497 0.0000000000
59660  21.687  -28.708  63.219 0.0000000000
58563  20.162  -28.997  61.298 0.0000000000
58570  20.060  -28.837  60.777 0.0000000000
57426  18.194  -30.370  60.240 0.0000000000
58578  18.663  -29.557  59.892 0.0000000000
79224  49.638  -11.900  36.667 0.0000000000
80346  48.061  -10.640  33.551 0.0000000000
79247  48.763  -11.647  32.719 0.0000000000
79248  48.086  -11.827  32.170 0.0000000000
80335  45.740  -10.979  33.502 0.0000000000
80334  46.531  -10.754  33.859 0.0000000000
79250  46.471  -11.971  31.153 0.0000000000
55138  16.739  -32.286  69.280 0.0000000000
54076  16.983  -33.216  68.619 0.0000000000
54075  17.463  -33.979  68.810 0.0000000000
50562  17.238  -35.940  72.412 0.0000000000
64437  31.652  -24.720  68.277 0.0000000000
62012  33.488  -26.103  66.364 0.0000000000
63250  33.453  -25.404  66.769 0.0000000000
63249  34.176  -25.382  66.296 0.0000000000
63263  34.446  -25.741  65.894 0.0000000000
62020  34.952  -25.957  65.007 0.0000000000
59628  33.922  -27.714  64.496 0.0000000000
59665  30.329  -28.194  62.717 0.0000000000
59651  29.872  -28.229  63.558 0.0000000000
58519  29.628  -27.783  65.049 0.0000000000
58552  29.168  -28.265  64.355 0.0000000000
59652  28.856  -28.175  63.850 0.0000000000
59653  27.733  -28.179  63.472 0.0000000000
59635  26.073  -28.088  64.279 0.0000000000
59636  25.115  -27.863  64.544 0.0000000000
59572  25.748  -26.793  67.774 0.0000000000
59584  25.645  -27.400  67.601 0.0000000000
58487  25.257  -28.126  67.257 0.0000000000
58486  25.977  -27.900  66.849 0.0000000000
57359  25.331  -28.182  67.045 0.0000000000
57362  24.082  -29.789  67.947 0.0000000000
58504  24.563  -28.623  66.321 0.0000000000
58506  23.054  -29.065  66.008 0.0000000000
58525  23.442  -28.577  65.508 0.0000000000
58544  22.929  -28.398  64.780 0.0000000000
58528  21.301  -29.616  64.735 0.0000000000
58490  19.105  -29.170  67.139 0.0000000000
58509  18.226  -29.635  65.848 0.0000000000
57382  17.850  -29.961  65.673 0.0000000000
57394  17.818  -29.970  65.095 0.0000000000
56246  17.428  -31.419  65.244 0.0000000000
78045  40.291  -12.863  37.657 0.0000000000
75527  38.146  -14.840  35.728 0.0000000000
73105  37.302  -18.227  36.181 0.0000000000
73104  37.615  -17.622  35.997 0.0000000000
71910  38.728  -18.388  35.343 0.0000000000
70720  39.509  -18.812  35.057 0.0000000000
68357  35.514  -22.058  37.927 0.0000000000
66050  36.168  -22.593  37.186 0.0000000000
63143  18.550  -25.912  74.028 0.0000000000
60708  16.803  -28.182  74.450 0.0000000000
60695  17.175  -28.600  74.620 0.0000000000
59501  16.553  -29.355  75.101 0.0000000000
58368  16.060  -30.558  75.724 0.0000000000
56152  15.650  -31.784  76.224 0.0000000000
53988  14.893  -32.544  76.283 0.0000000000
55058  15.173  -32.527  76.350 0.0000000000
53994  15.175  -33.183  76.329 0.0000000000
52749  15.393  -34.335  76.091 0.0000000000
52750  14.944  -34.103  75.929 0.0000000000
55079  13.439  -31.811  75.093 0.0000000000
56163  12.880  -31.353  75.299 0.0000000000
56154  13.402  -31.387  75.888 0.0000000000
55066  13.641  -31.714  75.685 0.0000000000
55059  14.048  -32.059  75.914 0.0000000000
55065  14.035  -32.374  75.530 0.0000000000
54019  14.462  -33.420  74.292 0.0000000000
54009  14.281  -33.664  74.973 0.0000000000
52773  14.538  -34.104  74.582 0.0000000000
50564  14.976  -35.634  73.576 0.0000000000
51621  14.817  -34.939  73.346 0.0000000000
51648  15.173  -34.878  72.004 0.0000000000
80287  51.095  -10.075  41.164 0.0000000000
80311  49.874  -10.721  38.917 0.0000000000
80302  49.887  -9.665  40.390 0.0000000000
139264  49.426  -9.301  40.007 0.0000000000
82449  48.580  -8.924  39.318 0.0000000000
84930  48.705  -7.986  42.594 0.0000000000
84931  47.862  -7.575  42.298 0.0000000000
84969  46.904  -8.328  40.118 0.0000000000
84955  47.745  -8.003  40.737 0.0000000000
83675  46.907  -9.202  38.212 0.0000000000
82459  45.962  -9.095  38.141 0.0000000000
139283  45.668  -9.325  37.243 0.0000000000
82460  45.631  -8.859  38.527 0.0000000000
83689  44.266  -9.162  38.874 0.0000000000
82473  44.519  -9.139  38.292 0.0000000000
82474  43.902  -9.383  38.485 0.0000000000
81369  43.319  -9.835  37.262 0.0000000000
81363  42.911  -10.087  38.117 0.0000000000
82434  44.445  -9.407  41.347 0.0000000000
81327  43.710  -10.487  40.746 0.0000000000
80273  43.236  -11.807  39.980 0.0000000000
81339  43.144  -10.943  39.689 0.0000000000
80288  42.944  -11.640  39.200 0.0000000000
80303  42.509  -11.474  38.556 0.0000000000
79198  41.950  -12.320  38.322 0.0000000000
78032  41.529  -13.582  39.180 0.0000000000
76799  41.076  -13.893  39.171 0.0000000000
76797  40.724  -14.314  39.465 0.0000000000
76790  43.740  -14.563  40.502 0.0000000000
75509  41.441  -15.889  40.541 0.0000000000
75510  40.585  -15.660  40.513 0.0000000000
74295  39.624  -16.411  40.571 0.0000000000
74296  38.589  -16.109  40.352 0.0000000000
71860  38.587  -18.197  40.484 0.0000000000
71861  37.727  -18.432  40.079 0.0000000000
73040  48.822  -17.633  45.046 0.0000000000
73046  48.576  -17.521  44.167 0.0000000000
71836  48.294  -18.054  44.773 0.0000000000
70611  45.357  -18.606  44.585 0.0000000000
71838  46.332  -18.320  44.024 0.0000000000
70648  45.145  -18.674  43.405 0.0000000000
70663  44.735  -18.657  42.861 0.0000000000
70649  44.230  -19.021  43.252 0.0000000000
70588  43.292  -18.156  46.264 0.0000000000
70601  42.920  -18.192  45.532 0.0000000000
70634  41.404  -18.800  43.508 0.0000000000
70633  42.488  -18.509  43.831 0.0000000000
70651  42.350  -18.338  43.199 0.0000000000
70667  41.454  -18.153  42.439 0.0000000000
70668  40.360  -18.579  42.063 0.0000000000
70670  38.611  -19.350  41.617 0.0000000000
70669  39.450  -19.083  41.936 0.0000000000
70671  37.892  -19.398  41.254 0.0000000000
69511  36.468  -19.993  40.594 0.0000000000
68314  36.523  -20.681  41.901 0.0000000000
68315  35.532  -21.067  41.431 0.0000000000
69465  37.628  -19.262  44.023 0.0000000000
70638  35.467  -19.501  43.340 0.0000000000
69476  35.873  -20.272  43.156 0.0000000000
69489  35.426  -20.319  42.687 0.0000000000
68302  34.941  -20.780  41.734 0.0000000000
74188  41.332  -15.860  52.164 0.0000000000
74211  41.680  -16.203  51.382 0.0000000000
72959  41.824  -16.483  50.602 0.0000000000
69351  40.151  -19.976  55.721 0.0000000000
70506  40.122  -19.219  55.011 0.0000000000
70505  40.708  -18.727  54.792 0.0000000000
69380  37.172  -20.347  53.637 0.0000000000
69365  38.082  -20.241  54.520 0.0000000000
69379  37.721  -19.846  53.995 0.0000000000
71707  38.190  -17.891  53.278 0.0000000000
71695  38.215  -18.624  53.656 0.0000000000
71693  39.647  -17.736  53.968 0.0000000000
72941  38.995  -17.276  53.135 0.0000000000
74191  38.938  -16.857  52.655 0.0000000000
74232  38.619  -16.434  51.348 0.0000000000
72978  39.493  -16.768  50.213 0.0000000000
72995  38.840  -17.187  49.213 0.0000000000
73008  35.937  -17.069  48.908 0.0000000000
73016  36.626  -17.259  47.707 0.0000000000
73024  36.093  -17.335  46.957 0.0000000000
71770  34.039  -18.001  49.177 0.0000000000
73027  33.064  -17.764  46.843 0.0000000000
73019  33.528  -17.653  47.807 0.0000000000
73034  33.751  -17.571  46.056 0.0000000000
71813  33.450  -17.886  45.341 0.0000000000
71814  32.343  -18.030  45.676 0.0000000000
71816  30.722  -18.746  44.697 0.0000000000
68273  30.203  -21.546  47.567 0.0000000000
68279  29.758  -21.357  46.887 0.0000000000
67124  29.105  -22.259  46.494 0.0000000000
65941  28.541  -23.199  46.187 0.0000000000
67138  28.755  -22.425  45.714 0.0000000000
64655  31.057  -23.790  51.990 0.0000000000
65860  31.424  -23.636  51.279 0.0000000000
64676  29.412  -23.810  50.363 0.0000000000
65898  29.205  -23.491  49.373 0.0000000000
65899  28.198  -23.349  49.406 0.0000000000
65862  27.321  -23.492  51.388 0.0000000000
65901  26.705  -22.790  49.796 0.0000000000
65918  26.777  -22.792  49.148 0.0000000000
60898  29.674  -27.546  59.469 0.0000000000
60917  28.942  -27.456  58.680 0.0000000000
60901  26.613  -27.375  59.672 0.0000000000
60919  26.915  -27.469  58.807 0.0000000000
60936  27.260  -27.273  57.950 0.0000000000
62095  26.636  -26.766  57.285 0.0000000000
62120  24.074  -26.514  56.467 0.0000000000
62146  24.497  -26.265  55.753 0.0000000000
60869  21.710  -27.714  62.082 0.0000000000
60868  22.360  -27.306  61.866 0.0000000000
60954  20.173  -27.313  57.149 0.0000000000
62123  21.066  -26.657  56.563 0.0000000000
62168  21.353  -26.193  54.964 0.0000000000
62167  22.012  -26.107  55.196 0.0000000000
78049  54.148  -13.024  36.470 0.0000000000
139293  49.997  -12.482  35.610 0.0000000000
139290  50.319  -12.731  35.735 0.0000000000
76824  50.381  -13.017  34.339 0.0000000000
75539  51.632  -14.590  33.332 0.0000000000
79210  39.964  -12.510  34.682 0.0000000000
79219  40.451  -12.504  33.985 0.0000000000
63141  20.231  -26.195  73.276 0.0000000000
63130  19.658  -26.415  73.567 0.0000000000
63132  18.305  -26.778  74.230 0.0000000000
60843  34.728  -27.670  62.812 0.0000000000
60829  36.088  -26.962  62.583 0.0000000000
60842  35.502  -27.388  62.212 0.0000000000
60860  35.415  -27.071  61.188 0.0000000000
60874  34.838  -26.689  60.208 0.0000000000
60893  34.008  -26.884  59.511 0.0000000000
60894  33.317  -27.432  59.145 0.0000000000
60913  32.723  -27.360  58.396 0.0000000000
60895  32.467  -27.615  59.236 0.0000000000
60896  31.534  -27.637  59.196 0.0000000000
80340  41.626  -11.836  33.877 0.0000000000
58440  17.860  -29.310  70.453 0.0000000000
57315  16.941  -30.092  70.530 0.0000000000
57301  17.082  -30.440  71.372 0.0000000000
56202  17.015  -31.283  71.704 0.0000000000
51585  16.681  -35.209  75.204 0.0000000000
50529  16.954  -35.664  75.359 0.0000000000
49466  16.634  -36.938  75.167 0.0000000000
63202  29.379  -24.720  68.244 0.0000000000
64439  29.757  -24.923  68.647 0.0000000000
63223  29.098  -24.964  67.737 0.0000000000
61992  29.462  -25.324  67.219 0.0000000000
60777  29.164  -25.714  66.709 0.0000000000
60790  29.033  -26.103  66.177 0.0000000000
60778  28.186  -26.155  66.908 0.0000000000
57325  21.461  -29.840  70.335 0.0000000000
58451  18.897  -29.114  70.101 0.0000000000
71870  36.624  -18.569  38.669 0.0000000000
55112  11.470  -32.575  71.691 0.0000000000
76769  47.588  -14.798  42.301 0.0000000000
75503  46.932  -15.048  42.074 0.0000000000
75494  47.926  -15.295  42.209 0.0000000000
74282  47.334  -15.897  42.312 0.0000000000
74273  47.459  -16.627  42.621 0.0000000000
71747  42.741  -17.811  48.850 0.0000000000
70559  42.532  -18.140  48.296 0.0000000000
70560  41.870  -17.913  48.226 0.0000000000
70583  40.542  -18.906  47.468 0.0000000000
70573  40.359  -18.591  47.915 0.0000000000
70574  39.970  -18.381  47.879 0.0000000000
71768  39.299  -17.884  48.120 0.0000000000
68219  35.691  -21.986  52.999 0.0000000000
68230  34.811  -22.169  52.070 0.0000000000
68239  34.635  -21.896  51.482 0.0000000000
68248  34.275  -21.330  50.367 0.0000000000
67061  33.847  -21.861  50.405 0.0000000000
67079  32.972  -21.731  49.742 0.0000000000
67080  32.343  -22.137  49.510 0.0000000000
67093  31.887  -21.867  48.900 0.0000000000
67081  31.572  -22.894  49.830 0.0000000000
65880  31.039  -23.620  50.278 0.0000000000
59670  25.954  -27.412  62.958 0.0000000000
60847  25.060  -26.907  62.612 0.0000000000
79204  52.230  -12.514  38.125 0.0000000000
79222  50.735  -13.070  35.888 0.0000000000
59498  18.481  -29.485  74.732 0.0000000000
58379  18.633  -30.091  75.052 0.0000000000
55054  17.133  -32.712  75.502 0.0000000000
55056  16.336  -32.766  75.994 0.0000000000
63188  24.448  -25.388  68.284 0.0000000000
61959  23.532  -26.564  69.626 0.0000000000
60728  22.194  -27.599  72.107 0.0000000000
60727  22.603  -27.826  71.688 0.0000000000
59534  22.592  -28.235  71.893 0.0000000000
58425  22.450  -28.954  72.387 0.0000000000
57285  22.011  -29.113  72.860 0.0000000000
57286  21.266  -29.164  73.036 0.0000000000
64523  37.858  -24.677  61.517 0.0000000000
64510  38.083  -24.160  61.735 0.0000000000
65727  38.387  -23.549  61.572 0.0000000000
65760  39.469  -22.921  59.485 0.0000000000
65777  39.432  -22.961  58.607 0.0000000000
64564  37.603  -23.365  58.156 0.0000000000
63345  34.589  -25.399  57.281 0.0000000000
63344  35.022  -25.020  57.857 0.0000000000
65816  34.715  -23.551  55.230 0.0000000000
64583  34.135  -24.291  55.511 0.0000000000
64597  33.173  -24.407  54.604 0.0000000000
64598  32.615  -24.700  54.377 0.0000000000
64616  32.514  -24.333  53.863 0.0000000000
63392  32.217  -25.134  54.347 0.0000000000
62114  30.115  -26.782  56.325 0.0000000000
63372  27.901  -25.639  55.124 0.0000000000
62143  27.451  -26.109  55.790 0.0000000000
62144  26.450  -26.043  55.873 0.0000000000
58555  20.318  -29.631  63.348 0.0000000000
58560  19.721  -29.704  62.601 0.0000000000
80347  47.394  -10.919  33.271 0.0000000000
80358  45.036  -11.715  32.058 0.0000000000
55107  17.209  -32.277  72.891 0.0000000000
50550  17.161  -36.499  73.746 0.0000000000
62003  31.456  -26.146  67.286 0.0000000000
62002  32.388  -26.023  67.144 0.0000000000
62013  32.662  -26.436  66.610 0.0000000000
60799  33.098  -26.921  66.179 0.0000000000
62022  33.819  -26.603  65.812 0.0000000000
60809  34.128  -26.892  65.167 0.0000000000
60810  33.423  -27.351  65.489 0.0000000000
59629  33.270  -28.111  64.907 0.0000000000
58541  28.147  -28.284  64.924 0.0000000000
59633  27.902  -28.285  64.515 0.0000000000
59618  26.263  -28.260  64.914 0.0000000000
59562  24.637  -27.173  68.547 0.0000000000
59573  25.107  -27.316  68.089 0.0000000000
58460  24.814  -27.920  68.186 0.0000000000
58474  24.729  -28.621  68.194 0.0000000000
57345  24.846  -28.638  68.003 0.0000000000
57349  22.381  -30.106  68.550 0.0000000000
57390  21.866  -29.462  65.696 0.0000000000
58491  18.276  -29.347  66.711 0.0000000000
58479  17.583  -29.654  67.132 0.0000000000
57367  17.445  -30.500  66.656 0.0000000000
56242  17.498  -31.400  66.157 0.0000000000
55166  17.244  -32.244  66.491 0.0000000000
78039  38.488  -13.846  37.962 0.0000000000
75525  37.815  -14.452  36.905 0.0000000000
70722  37.896  -19.218  35.586 0.0000000000
69552  38.387  -19.918  35.470 0.0000000000
56144  14.967  -31.622  76.267 0.0000000000
55052  14.806  -32.076  76.262 0.0000000000
53995  14.621  -32.551  76.117 0.0000000000
56185  12.281  -31.464  73.497 0.0000000000
56175  13.555  -31.841  74.593 0.0000000000
55088  14.471  -33.005  73.823 0.0000000000
52790  14.786  -34.254  72.944 0.0000000000
83616  49.835  -8.996  41.960 0.0000000000
83617  49.026  -8.602  41.810 0.0000000000
84940  46.965  -7.501  41.728 0.0000000000
84970  46.441  -8.140  40.482 0.0000000000
83676  45.880  -8.673  38.999 0.0000000000
83677  45.086  -8.707  39.480 0.0000000000
83678  44.368  -9.111  39.516 0.0000000000
81312  43.735  -11.362  41.003 0.0000000000
80258  43.586  -11.899  40.708 0.0000000000
79185  42.900  -12.596  39.485 0.0000000000
79186  42.300  -12.706  39.052 0.0000000000
76795  42.295  -14.390  39.839 0.0000000000
74291  43.495  -16.195  40.754 0.0000000000
74303  43.157  -15.760  40.503 0.0000000000
74293  41.452  -16.624  40.668 0.0000000000
73072  40.573  -17.466  40.724 0.0000000000
71858  40.482  -18.169  41.237 0.0000000000
71789  47.629  -18.306  46.284 0.0000000000
71821  47.713  -18.256  45.136 0.0000000000
71806  47.215  -18.422  45.673 0.0000000000
71807  46.292  -18.526  45.627 0.0000000000
70612  44.900  -18.620  44.864 0.0000000000
69470  40.996  -18.821  43.342 0.0000000000
69484  40.632  -19.017  42.806 0.0000000000
69501  40.226  -19.010  42.417 0.0000000000
69504  37.427  -19.878  41.872 0.0000000000
69487  37.443  -20.090  42.723 0.0000000000
69488  37.041  -20.376  42.973 0.0000000000
70604  37.485  -18.665  44.821 0.0000000000
70618  36.726  -18.933  43.969 0.0000000000
70654  34.123  -19.578  42.692 0.0000000000
70639  34.584  -19.421  43.100 0.0000000000
75366  40.872  -15.325  52.825 0.0000000000
74189  40.338  -15.965  52.572 0.0000000000
66997  39.284  -21.183  56.586 0.0000000000
68172  39.617  -20.963  56.627 0.0000000000
68187  39.431  -20.657  56.059 0.0000000000
68202  39.119  -20.392  55.458 0.0000000000
69364  38.889  -20.153  54.914 0.0000000000
70520  37.572  -19.430  53.550 0.0000000000
71709  36.921  -18.996  52.658 0.0000000000
71708  37.450  -18.504  52.935 0.0000000000
72943  37.781  -17.685  52.816 0.0000000000
72942  38.300  -17.095  52.702 0.0000000000
72996  37.647  -16.941  49.688 0.0000000000
71772  32.803  -19.334  48.637 0.0000000000
71785  32.424  -18.932  48.140 0.0000000000
71799  32.264  -18.415  46.988 0.0000000000
73028  32.633  -17.901  46.289 0.0000000000
70607  29.688  -19.547  44.463 0.0000000000
68285  28.730  -21.841  45.042 0.0000000000
65940  28.933  -22.805  46.476 0.0000000000
64677  28.713  -23.701  50.515 0.0000000000
67065  25.555  -22.585  50.265 0.0000000000
65885  26.287  -22.718  50.250 0.0000000000
59697  30.121  -28.166  61.017 0.0000000000
60902  25.675  -27.188  59.692 0.0000000000
62096  25.641  -26.716  57.284 0.0000000000
59700  21.058  -28.037  61.044 0.0000000000
60887  21.483  -27.577  61.097 0.0000000000
60907  20.945  -27.808  60.285 0.0000000000
60925  20.823  -27.647  59.201 0.0000000000
60955  19.353  -27.586  56.734 0.0000000000
78074  50.172  -12.502  33.116 0.0000000000
78062  40.067  -14.246  33.640 0.0000000000
76819  40.473  -15.017  33.420 0.0000000000
59526  20.678  -28.356  73.263 0.0000000000
59516  18.925  -28.791  74.341 0.0000000000
59499  17.953  -29.387  74.975 0.0000000000
61937  22.182  -26.827  71.879 0.0000000000
60718  21.200  -27.793  72.846 0.0000000000
64488  35.710  -24.820  64.590 0.0000000000
63275  35.901  -25.041  64.356 0.0000000000
63287  36.734  -24.883  63.286 0.0000000000
63300  37.007  -25.368  62.735 0.0000000000
62046  36.498  -26.288  62.383 0.0000000000
63312  37.422  -25.220  61.736 0.0000000000
62055  37.707  -25.327  60.774 0.0000000000
63324  37.591  -25.012  60.186 0.0000000000
63333  37.333  -24.629  59.548 0.0000000000
63325  37.010  -25.121  60.088 0.0000000000
63335  35.693  -25.198  59.470 0.0000000000
63341  35.346  -25.000  58.830 0.0000000000
62081  34.690  -25.555  58.430 0.0000000000
62110  33.795  -26.110  56.850 0.0000000000
62138  32.533  -26.374  55.699 0.0000000000
62111  32.886  -26.653  56.706 0.0000000000
60951  31.632  -27.185  56.921 0.0000000000
60931  32.137  -27.321  57.631 0.0000000000
60952  30.742  -27.144  56.934 0.0000000000
60934  29.222  -27.257  57.823 0.0000000000
56262  17.998  -31.646  62.727 0.0000000000
55205  17.351  -32.582  62.017 0.0000000000
54151  17.363  -33.201  62.716 0.0000000000
139299  46.491  -9.633  36.619 0.0000000000
139302  46.046  -10.256  35.289 0.0000000000
80336  44.921  -11.163  33.376 0.0000000000
81390  44.245  -11.089  33.801 0.0000000000
80350  44.698  -11.468  32.701 0.0000000000
79252  44.086  -12.111  31.784 0.0000000000
55127  16.643  -32.241  70.241 0.0000000000
52811  17.120  -33.925  70.348 0.0000000000
54008  17.517  -33.765  74.505 0.0000000000
50539  17.598  -36.458  74.507 0.0000000000
48386  17.459  -37.182  73.663 0.0000000000
63221  30.904  -25.595  68.130 0.0000000000
63237  31.454  -25.763  67.732 0.0000000000
60788  31.151  -26.515  66.512 0.0000000000
59603  31.097  -27.602  66.002 0.0000000000
59604  30.124  -26.952  65.229 0.0000000000
59605  29.277  -26.961  65.390 0.0000000000
59593  28.886  -26.616  65.767 0.0000000000
58500  28.555  -27.301  65.566 0.0000000000
57322  23.204  -28.881  70.295 0.0000000000
57334  23.291  -30.080  69.686 0.0000000000
57350  21.421  -29.415  68.409 0.0000000000
58488  20.813  -29.189  68.057 0.0000000000
58464  18.213  -29.131  68.617 0.0000000000
58465  17.460  -29.548  68.086 0.0000000000
57338  17.081  -30.370  68.527 0.0000000000
74306  37.286  -16.235  38.433 0.0000000000
74309  37.308  -16.002  37.431 0.0000000000
73098  36.990  -17.996  36.518 0.0000000000
71882  36.448  -18.362  37.817 0.0000000000
71890  36.617  -18.591  36.860 0.0000000000
70710  37.267  -19.309  35.874 0.0000000000
69553  37.660  -19.965  35.645 0.0000000000
55110  13.608  -32.418  72.113 0.0000000000
55119  13.301  -32.398  71.157 0.0000000000
78021  45.066  -14.005  41.260 0.0000000000
78022  44.373  -13.907  40.768 0.0000000000
76788  45.140  -14.689  41.381 0.0000000000
75504  46.121  -15.217  41.849 0.0000000000
74290  44.352  -16.162  41.258 0.0000000000
73068  44.000  -16.804  41.557 0.0000000000
71763  45.557  -18.317  48.105 0.0000000000
71779  44.861  -18.458  47.454 0.0000000000
71780  43.930  -18.486  47.652 0.0000000000
70579  43.113  -18.289  47.056 0.0000000000
70589  42.345  -18.296  46.423 0.0000000000
70570  42.274  -18.288  47.737 0.0000000000
70590  41.552  -18.704  46.682 0.0000000000
69461  40.544  -19.258  45.242 0.0000000000
69463  39.254  -19.363  44.458 0.0000000000
69454  38.886  -19.229  44.980 0.0000000000
69444  38.802  -18.946  45.268 0.0000000000
70591  39.399  -18.825  46.388 0.0000000000
70592  38.909  -18.800  45.870 0.0000000000
72915  41.362  -17.340  54.412 0.0000000000
67000  36.978  -21.716  55.396 0.0000000000
68205  37.010  -21.209  54.502 0.0000000000
68217  36.802  -21.011  53.663 0.0000000000
69381  36.668  -20.864  53.266 0.0000000000
68228  36.086  -21.242  52.527 0.0000000000
69393  36.400  -20.515  52.503 0.0000000000
70541  36.097  -19.478  51.688 0.0000000000
70549  35.570  -19.000  51.263 0.0000000000
71753  35.155  -17.944  50.428 0.0000000000
71735  34.800  -19.142  50.679 0.0000000000
71755  33.901  -19.203  49.553 0.0000000000
69417  34.120  -20.509  49.734 0.0000000000
70563  33.704  -19.784  49.389 0.0000000000
70575  33.060  -19.903  48.989 0.0000000000
70576  32.408  -19.805  48.478 0.0000000000
69436  30.905  -20.850  47.399 0.0000000000
68272  30.908  -21.449  47.875 0.0000000000
67109  30.303  -21.813  47.927 0.0000000000
67095  30.541  -22.237  48.354 0.0000000000
64621  28.289  -24.621  53.112 0.0000000000
64640  27.809  -23.995  52.143 0.0000000000
65847  26.572  -23.457  52.057 0.0000000000
65848  25.597  -23.403  52.438 0.0000000000
67047  25.151  -22.617  50.907 0.0000000000
60862  27.603  -27.461  61.393 0.0000000000
60863  26.878  -27.328  61.205 0.0000000000
60922  24.005  -26.950  58.948 0.0000000000
58582  19.050  -28.758  59.030 0.0000000000
59716  19.615  -28.302  58.953 0.0000000000
59721  18.913  -28.613  58.185 0.0000000000
78042  52.755  -12.966  37.750 0.0000000000
78051  52.587  -13.470  36.811 0.0000000000
76806  52.962  -14.033  36.139 0.0000000000
139262  52.462  -14.669  35.015 0.0000000000
75534  52.134  -14.923  33.809 0.0000000000
76854  48.700  -13.874  29.544 0.0000000000
57299  18.757  -29.665  72.260 0.0000000000
57258  18.637  -30.383  75.087 0.0000000000
56173  18.698  -30.920  74.730 0.0000000000
53997  16.875  -33.723  75.339 0.0000000000
51586  16.287  -34.959  75.737 0.0000000000
51587  15.747  -35.052  76.039 0.0000000000
61981  27.141  -25.748  67.759 0.0000000000
61982  26.073  -25.839  67.710 0.0000000000
61971  24.672  -26.148  68.296 0.0000000000
60768  24.871  -26.422  68.186 0.0000000000
60755  24.831  -26.948  68.362 0.0000000000
58448  23.576  -28.276  69.692 0.0000000000
63175  22.895  -26.237  70.180 0.0000000000
61960  23.156  -26.629  70.218 0.0000000000
61947  23.301  -26.998  70.302 0.0000000000
60737  23.219  -27.517  70.757 0.0000000000
58435  23.337  -28.131  70.146 0.0000000000
69519  36.093  -20.091  39.561 0.0000000000
67213  35.390  -22.609  38.009 0.0000000000
73023  48.529  -17.646  46.397 0.0000000000
71760  47.994  -18.137  47.377 0.0000000000
71761  47.325  -18.099  47.601 0.0000000000
71762  46.481  -18.103  47.926 0.0000000000
72990  46.915  -17.158  48.713 0.0000000000
71743  46.103  -18.058  48.570 0.0000000000
71744  45.434  -18.195  48.972 0.0000000000
71727  45.056  -18.064  49.594 0.0000000000
71728  44.302  -18.051  49.761 0.0000000000
72955  44.604  -16.570  49.834 0.0000000000
72973  44.187  -17.262  49.816 0.0000000000
71729  43.481  -17.781  49.557 0.0000000000
71730  42.780  -17.439  49.321 0.0000000000
71731  42.021  -17.201  49.254 0.0000000000
66981  39.624  -21.396  57.061 0.0000000000
65811  38.745  -21.757  56.726 0.0000000000
65812  38.264  -21.953  56.432 0.0000000000
63339  37.720  -24.341  59.051 0.0000000000
64557  37.199  -24.121  58.794 0.0000000000
64566  35.657  -24.153  57.505 0.0000000000
65791  37.203  -22.946  57.475 0.0000000000
65805  36.870  -22.740  56.708 0.0000000000
67001  36.226  -22.371  54.915 0.0000000000
67017  35.249  -22.707  54.133 0.0000000000
65823  34.322  -23.560  54.620 0.0000000000
65830  34.780  -23.058  54.056 0.0000000000
67028  34.330  -22.988  53.000 0.0000000000
65858  32.853  -23.397  51.929 0.0000000000
65859  32.253  -23.415  51.408 0.0000000000
65844  32.297  -23.638  52.469 0.0000000000
64617  31.833  -24.374  53.437 0.0000000000
64618  31.269  -24.472  53.237 0.0000000000
64637  30.735  -24.297  52.688 0.0000000000
64619  29.892  -25.042  52.877 0.0000000000
64620  29.351  -24.852  52.962 0.0000000000
63370  31.572  -26.155  54.859 0.0000000000
62165  30.499  -26.165  54.741 0.0000000000
63394  30.303  -25.812  54.035 0.0000000000
64599  27.556  -24.740  53.686 0.0000000000
64600  26.727  -24.657  53.847 0.0000000000
64601  25.737  -24.603  54.043 0.0000000000
59658  22.895  -27.841  63.445 0.0000000000
59672  22.645  -27.719  62.900 0.0000000000
59673  22.218  -27.983  62.944 0.0000000000
60851  21.918  -27.907  62.560 0.0000000000
58558  21.005  -28.791  62.690 0.0000000000
59702  19.982  -28.739  60.528 0.0000000000
57418  18.957  -30.014  61.590 0.0000000000
80318  50.310  -11.755  37.419 0.0000000000
79257  48.775  -12.069  31.844 0.0000000000
79239  47.521  -11.360  32.489 0.0000000000
80357  45.956  -11.653  31.876 0.0000000000
80356  46.598  -11.606  31.770 0.0000000000
54087  17.464  -33.923  67.984 0.0000000000
55108  16.782  -32.284  72.059 0.0000000000
51645  17.357  -35.089  71.589 0.0000000000
51619  17.205  -35.351  73.131 0.0000000000
52781  17.364  -34.432  72.780 0.0000000000
51629  17.355  -35.104  72.141 0.0000000000
63235  32.905  -25.476  67.169 0.0000000000
64464  34.905  -24.430  65.866 0.0000000000
64477  35.475  -24.476  65.069 0.0000000000
63276  35.425  -25.373  64.559 0.0000000000
62029  35.106  -26.291  64.336 0.0000000000
60818  35.150  -26.907  63.859 0.0000000000
60819  34.469  -27.162  64.377 0.0000000000
60831  34.801  -27.388  63.599 0.0000000000
59681  32.795  -28.042  61.474 0.0000000000
59682  31.738  -28.155  61.658 0.0000000000
59683  30.733  -28.256  61.783 0.0000000000
59684  29.822  -28.268  61.887 0.0000000000
59685  29.045  -28.042  61.954 0.0000000000
58518  30.438  -28.130  64.957 0.0000000000
58550  30.080  -28.476  63.975 0.0000000000
58539  29.326  -28.255  64.670 0.0000000000
59671  25.444  -27.263  63.287 0.0000000000
59656  24.738  -27.380  63.613 0.0000000000
59657  23.765  -27.576  63.738 0.0000000000
58471  26.839  -27.182  67.193 0.0000000000
57361  24.575  -29.230  67.912 0.0000000000
57375  24.979  -28.448  66.999 0.0000000000
58523  25.445  -28.326  65.581 0.0000000000
58542  24.483  -28.126  64.832 0.0000000000
59639  22.689  -28.373  64.017 0.0000000000
58527  21.677  -29.453  64.868 0.0000000000
58546  21.127  -29.623  64.221 0.0000000000
58547  20.471  -29.825  63.973 0.0000000000
57400  18.949  -29.909  64.020 0.0000000000
58507  19.800  -29.219  66.542 0.0000000000
58529  19.560  -29.374  65.813 0.0000000000
58530  18.906  -29.463  65.481 0.0000000000
57393  18.627  -29.763  64.821 0.0000000000
57401  18.141  -30.360  64.211 0.0000000000
56248  17.790  -30.850  64.148 0.0000000000
56249  17.575  -31.414  64.275 0.0000000000
54129  17.533  -33.177  64.128 0.0000000000
79217  40.861  -11.433  35.671 0.0000000000
76803  38.967  -13.879  34.596 0.0000000000
74314  38.297  -16.914  35.558 0.0000000000
71911  38.103  -18.434  35.582 0.0000000000
74317  38.731  -17.348  35.318 0.0000000000
74316  39.087  -17.364  35.123 0.0000000000
66049  36.606  -22.754  36.810 0.0000000000
63133  17.845  -27.028  74.349 0.0000000000
61907  17.778  -28.042  74.529 0.0000000000
60696  16.384  -28.841  74.690 0.0000000000
59486  16.743  -29.911  75.496 0.0000000000
58367  17.039  -30.602  75.520 0.0000000000
55057  15.716  -32.579  76.293 0.0000000000
53993  15.878  -33.365  76.162 0.0000000000
51601  15.621  -35.553  75.490 0.0000000000
56146  13.798  -31.434  76.105 0.0000000000
53999  14.616  -33.110  75.860 0.0000000000
52763  14.435  -33.686  75.285 0.0000000000
52751  14.583  -33.662  75.539 0.0000000000
51602  15.061  -35.142  75.453 0.0000000000
50552  15.178  -35.748  74.458 0.0000000000
50578  15.496  -35.924  72.807 0.0000000000
51631  15.017  -34.996  72.462 0.0000000000
51630  15.366  -35.485  72.440 0.0000000000
54056  14.483  -33.569  70.701 0.0000000000
80286  51.622  -10.435  40.693 0.0000000000
139292  47.475  -9.676  37.817 0.0000000000
84913  49.042  -7.774  43.373 0.0000000000
83645  48.653  -8.393  41.231 0.0000000000
84939  47.739  -7.799  41.279 0.0000000000
83646  48.215  -8.177  40.710 0.0000000000
83662  48.196  -8.530  39.697 0.0000000000
139296  46.797  -9.587  37.095 0.0000000000
139295  46.349  -9.456  37.130 0.0000000000
139289  45.342  -9.436  36.819 0.0000000000
82491  44.882  -9.453  36.823 0.0000000000
82472  45.259  -9.036  38.202 0.0000000000
82492  44.112  -9.493  37.128 0.0000000000
81370  42.786  -10.197  36.722 0.0000000000
82462  43.407  -10.214  39.461 0.0000000000
82475  43.338  -9.848  38.709 0.0000000000
81354  42.492  -10.730  38.229 0.0000000000
79207  41.486  -11.715  37.520 0.0000000000
78036  41.839  -13.091  38.912 0.0000000000
78037  41.089  -13.368  38.451 0.0000000000
78038  39.597  -13.756  38.342 0.0000000000
76794  43.115  -14.523  40.026 0.0000000000
74304  42.822  -15.674  40.423 0.0000000000
75519  42.376  -15.393  40.290 0.0000000000
75521  40.623  -14.788  40.062 0.0000000000
75512  38.866  -15.257  39.722 0.0000000000
74305  37.815  -15.830  39.374 0.0000000000
73082  37.822  -17.037  39.916 0.0000000000
71869  37.256  -18.124  39.426 0.0000000000
70685  37.111  -18.801  39.886 0.0000000000
74268  48.766  -16.815  43.600 0.0000000000
73051  48.239  -17.299  43.406 0.0000000000
73052  47.509  -17.326  43.070 0.0000000000
71837  47.580  -18.167  44.397 0.0000000000
73048  46.787  -17.952  43.249 0.0000000000
73053  46.393  -17.364  42.924 0.0000000000
71850  44.916  -18.027  42.689 0.0000000000
71851  44.178  -17.850  42.530 0.0000000000
71852  43.333  -17.838  42.365 0.0000000000
71809  44.645  -18.426  46.129 0.0000000000
70600  44.175  -18.413  45.624 0.0000000000
70614  42.664  -18.515  44.673 0.0000000000
70632  43.480  -18.815  43.917 0.0000000000
70665  43.256  -18.253  42.770 0.0000000000
71853  42.460  -17.925  42.158 0.0000000000
71854  41.513  -18.001  41.857 0.0000000000
71855  40.719  -18.300  41.754 0.0000000000
70674  39.500  -18.776  41.405 0.0000000000
68293  36.678  -20.517  43.038 0.0000000000
68294  36.375  -20.581  42.992 0.0000000000
74209  43.233  -15.865  50.551 0.0000000000
72958  42.618  -16.380  50.238 0.0000000000
72976  41.933  -16.770  49.838 0.0000000000
71732  41.457  -17.046  49.421 0.0000000000
71680  41.282  -18.210  54.665 0.0000000000
72916  40.671  -17.417  54.155 0.0000000000
68204  37.857  -20.881  55.006 0.0000000000
70518  38.638  -18.870  54.048 0.0000000000
70507  39.094  -19.325  54.505 0.0000000000
71682  39.634  -18.762  54.390 0.0000000000
72928  39.973  -17.340  53.905 0.0000000000
74172  40.198  -16.549  53.622 0.0000000000
74213  39.734  -16.208  51.837 0.0000000000
74214  38.852  -16.382  52.081 0.0000000000
72993  40.388  -17.259  49.169 0.0000000000
71751  39.473  -17.483  48.850 0.0000000000
71769  38.527  -17.616  48.159 0.0000000000
73006  38.010  -17.381  48.563 0.0000000000
71783  37.330  -17.548  47.331 0.0000000000
72999  34.814  -17.678  49.916 0.0000000000
73009  34.678  -17.282  49.114 0.0000000000
73018  34.417  -17.160  47.844 0.0000000000
73025  35.191  -17.320  46.764 0.0000000000
73033  34.623  -17.558  46.106 0.0000000000
71827  34.164  -18.330  44.568 0.0000000000
71829  32.042  -18.444  44.519 0.0000000000
68284  29.131  -21.497  45.822 0.0000000000
65879  31.727  -23.410  50.772 0.0000000000
64675  30.274  -23.901  50.705 0.0000000000
65881  30.395  -23.762  50.087 0.0000000000
64659  27.938  -23.748  51.483 0.0000000000
65861  27.974  -23.653  51.144 0.0000000000
65883  28.003  -23.467  50.480 0.0000000000
60897  30.629  -27.617  59.309 0.0000000000
60878  30.394  -27.741  60.206 0.0000000000
62117  27.029  -26.420  56.551 0.0000000000
63375  24.921  -25.734  55.214 0.0000000000
63400  24.425  -25.243  54.635 0.0000000000
63401  23.431  -25.144  54.375 0.0000000000
60849  23.097  -27.379  62.690 0.0000000000
60867  23.265  -27.017  61.733 0.0000000000
60940  23.314  -26.782  58.128 0.0000000000
60926  20.229  -27.950  58.903 0.0000000000
60942  21.180  -27.301  58.039 0.0000000000
60941  22.300  -26.993  58.126 0.0000000000
62148  22.535  -26.290  55.660 0.0000000000
76812  51.338  -14.007  34.950 0.0000000000
75546  52.022  -15.158  32.743 0.0000000000
79218  40.817  -11.614  34.619 0.0000000000
80341  40.923  -11.883  33.997 0.0000000000
79242  41.523  -12.493  33.138 0.0000000000
79243  40.506  -13.495  33.466 0.0000000000
78070  41.522  -13.720  32.684 0.0000000000
50530  16.744  -35.677  75.497 0.0000000000
51577  15.855  -34.379  76.087 0.0000000000
51600  17.125  -35.506  75.024 0.0000000000
52740  15.209  -33.890  76.284 0.0000000000
52800  15.233  -34.843  71.774 0.0000000000
53989  14.677  -32.289  76.187 0.0000000000
55060  13.767  -31.697  75.869 0.0000000000
55206  17.311  -33.070  62.460 0.0000000000
56204  11.658  -32.263  72.097 0.0000000000
56263  17.751  -32.137  62.881 0.0000000000
57241  14.594  -31.225  76.206 0.0000000000
57321  23.377  -28.637  69.851 0.0000000000
57395  17.534  -30.725  64.982 0.0000000000
58359  13.988  -30.847  76.086 0.0000000000
58393  20.366  -29.119  73.592 0.0000000000
58414  22.773  -28.472  71.749 0.0000000000
58449  23.279  -28.502  70.169 0.0000000000
58510  17.870  -29.948  65.918 0.0000000000
58565  18.873  -29.922  61.352 0.0000000000
59533  23.118  -28.180  71.822 0.0000000000
59574  24.616  -27.829  68.407 0.0000000000
59675  20.903  -28.697  62.397 0.0000000000
59717  19.008  -28.712  58.749 0.0000000000
60801  31.265  -27.197  66.407 0.0000000000
60844  27.170  -27.451  61.698 0.0000000000
60859  35.841  -26.666  61.436 0.0000000000
60888  21.006  -27.972  60.791 0.0000000000
60892  34.473  -26.371  59.771 0.0000000000
61990  30.862  -25.808  67.319 0.0000000000
62021  34.419  -26.138  65.483 0.0000000000
62067  37.684  -25.175  60.549 0.0000000000
62087  34.656  -25.511  57.770 0.0000000000
63334  36.385  -24.991  59.657 0.0000000000
63367  33.571  -25.016  55.825 0.0000000000
63378  22.413  -25.965  55.125 0.0000000000
64521  38.932  -23.968  60.460 0.0000000000
64549  36.280  -24.688  59.207 0.0000000000
64562  38.804  -22.837  58.074 0.0000000000
64690  30.048  -23.845  50.029 0.0000000000
65789  38.597  -22.465  57.549 0.0000000000
66968  38.122  -22.308  57.144 0.0000000000
66982  39.087  -21.510  56.781 0.0000000000
66983  38.377  -22.245  57.165 0.0000000000
66984  38.256  -22.179  56.957 0.0000000000
67015  37.169  -21.372  55.101 0.0000000000
67035  34.881  -22.277  52.423 0.0000000000
67050  23.360  -23.117  50.900 0.0000000000
67212  35.804  -22.317  37.523 0.0000000000
68189  36.562  -21.792  54.713 0.0000000000
68249  33.746  -21.680  50.180 0.0000000000
68257  33.896  -20.987  49.729 0.0000000000
68299  37.046  -20.386  42.631 0.0000000000
68365  37.792  -21.292  35.664 0.0000000000
68375  38.917  -20.610  35.415 0.0000000000
68376  38.003  -20.765  35.573 0.0000000000
68377  37.449  -20.463  35.704 0.0000000000
69419  33.135  -21.002  49.324 0.0000000000
69430  41.086  -19.000  47.041 0.0000000000
69431  40.876  -19.102  47.112 0.0000000000
69432  40.661  -19.121  47.064 0.0000000000
69439  41.099  -19.005  46.796 0.0000000000
69483  41.078  -18.660  43.170 0.0000000000
69551  39.206  -19.793  35.249 0.0000000000
70495  40.612  -19.594  55.540 0.0000000000
70519  38.195  -19.377  54.094 0.0000000000
70530  37.056  -19.458  53.054 0.0000000000
70580  42.174  -18.334  47.199 0.0000000000
70586  31.350  -20.117  47.410 0.0000000000
70599  44.744  -18.542  45.350 0.0000000000
70616  40.830  -19.237  44.394 0.0000000000
70617  40.343  -19.280  44.021 0.0000000000
70629  45.898  -18.444  44.039 0.0000000000
70630  45.486  -18.566  44.174 0.0000000000
70636  40.320  -19.316  43.768 0.0000000000
70647  45.747  -18.443  43.743 0.0000000000
70653  40.802  -18.529  42.505 0.0000000000
70711  36.788  -19.362  36.401 0.0000000000
71719  37.017  -18.030  52.383 0.0000000000
71734  35.083  -18.702  50.885 0.0000000000
71745  44.471  -18.411  49.092 0.0000000000
71766  40.619  -18.282  48.206 0.0000000000
71775  48.128  -18.130  46.762 0.0000000000
71776  47.456  -18.350  46.932 0.0000000000
71788  48.146  -18.097  46.214 0.0000000000
71798  32.717  -18.096  47.152 0.0000000000
71804  48.387  -17.964  45.892 0.0000000000
71805  47.916  -18.187  45.752 0.0000000000
71823  45.713  -18.538  44.784 0.0000000000
71824  45.264  -18.586  45.073 0.0000000000
71839  45.838  -18.500  44.300 0.0000000000
71843  45.202  -18.327  42.885 0.0000000000
71849  45.607  -17.960  42.820 0.0000000000
71899  37.065  -18.685  36.278 0.0000000000
72929  39.445  -17.288  53.604 0.0000000000
72960  41.274  -16.428  50.887 0.0000000000
72963  36.843  -17.830  52.075 0.0000000000
73004  46.605  -17.687  48.514 0.0000000000
73022  48.756  -17.147  46.752 0.0000000000
73035  32.942  -17.710  46.009 0.0000000000
73045  49.208  -17.083  44.807 0.0000000000
73060  45.558  -17.517  42.751 0.0000000000
74231  39.174  -16.427  51.156 0.0000000000
74280  49.038  -15.911  42.704 0.0000000000
74283  46.377  -15.865  42.206 0.0000000000
74284  45.289  -16.308  42.054 0.0000000000
74313  38.922  -16.888  35.163 0.0000000000
75337  41.054  -16.320  54.221 0.0000000000
75493  48.933  -15.284  42.372 0.0000000000
75496  46.538  -15.370  42.063 0.0000000000
75502  47.390  -15.043  42.170 0.0000000000
75507  43.725  -15.320  40.655 0.0000000000
75508  41.973  -16.043  40.582 0.0000000000
76808  52.117  -13.943  36.119 0.0000000000
78035  53.005  -12.557  38.235 0.0000000000
78044  51.587  -13.033  36.958 0.0000000000
78057  51.674  -14.021  35.420 0.0000000000
79195  52.436  -12.041  38.891 0.0000000000
79216  50.077  -12.038  37.046 0.0000000000
79232  42.668  -11.746  33.265 0.0000000000
80337  44.260  -11.342  33.243 0.0000000000
80338  43.673  -11.415  33.360 0.0000000000
80359  44.438  -11.684  32.274 0.0000000000
81391  43.984  -11.263  33.549 0.0000000000
82451  43.493  -10.502  39.974 0.0000000000
82486  44.087  -9.336  37.820 0.0000000000
82487  43.526  -9.622  37.985 0.0000000000
83615  50.199  -8.728  42.642 0.0000000000
83629  48.235  -7.982  41.512 0.0000000000
83647  47.759  -8.224  40.284 0.0000000000
83649  44.789  -8.618  40.930 0.0000000000
83687  45.344  -8.771  38.801 0.0000000000
139257  49.610  -9.303  40.404 0.0000000000
139258  48.988  -8.707  41.048 0.0000000000
139271  51.913  -14.432  35.090 0.0000000000
139272  52.256  -14.121  35.827 0.0000000000
139286  50.534  -13.197  35.054 0.0000000000
139291  50.338  -12.983  35.239 0.0000000000
139301  46.775  -9.656  36.820 0.0000000000
