#!ascii label  , from subject 3023 vox2ras=TkReg
897
69124  9.670  -20.662  76.984 0.0000000000
65661  4.472  -23.436  66.752 0.0000000000
65548  3.412  -23.359  79.732 0.0000000000
72674  -0.268  -18.028  75.365 0.0000000000
74022  4.578  -16.560  67.497 0.0000000000
67931  6.646  -21.800  81.952 0.0000000000
71426  3.798  -19.554  78.492 0.0000000000
67959  12.815  -21.208  76.129 0.0000000000
64348  9.523  -23.541  77.896 0.0000000000
61885  6.366  -25.142  78.499 0.0000000000
77596  4.133  -14.211  76.308 0.0000000000
75164  1.508  -17.514  71.910 0.0000000000
78810  5.681  -12.507  72.934 0.0000000000
61904  1.987  -26.345  76.368 0.0000000000
65577  1.331  -23.175  74.596 0.0000000000
69119  1.015  -20.502  77.738 0.0000000000
75104  2.707  -15.607  78.119 0.0000000000
67984  1.085  -21.318  70.673 0.0000000000
69186  0.156  -19.951  67.601 0.0000000000
74063  0.149  -16.284  64.013 0.0000000000
80028  5.096  -12.333  65.169 0.0000000000
69094  8.851  -20.927  79.863 0.0000000000
69107  6.207  -20.635  79.199 0.0000000000
69122  11.819  -20.513  77.249 0.0000000000
65556  11.360  -22.113  77.279 0.0000000000
67950  10.806  -21.553  79.324 0.0000000000
65547  8.422  -22.725  80.133 0.0000000000
76361  5.297  -14.030  75.074 0.0000000000
64349  3.054  -23.846  77.511 0.0000000000
65560  2.238  -22.746  77.373 0.0000000000
66724  2.221  -22.426  79.168 0.0000000000
73903  4.928  -17.042  77.600 0.0000000000
72656  3.279  -17.463  78.259 0.0000000000
63105  5.094  -24.234  79.217 0.0000000000
60681  4.881  -26.571  77.250 0.0000000000
61889  4.003  -25.314  77.661 0.0000000000
60685  2.313  -26.910  76.717 0.0000000000
69158  -0.688  -20.447  74.861 0.0000000000
66752  0.581  -22.404  72.902 0.0000000000
69166  -0.500  -20.507  72.893 0.0000000000
75189  2.548  -17.251  70.537 0.0000000000
72742  -0.298  -17.554  70.030 0.0000000000
74015  0.433  -17.458  67.992 0.0000000000
72779  -0.769  -17.636  66.037 0.0000000000
74049  1.970  -16.643  65.593 0.0000000000
65537  5.111  -22.914  80.340 0.0000000000
69092  3.435  -21.548  80.156 0.0000000000
69089  5.186  -20.702  80.272 0.0000000000
71434  4.929  -18.788  77.762 0.0000000000
65575  13.569  -22.423  73.706 0.0000000000
64379  13.543  -23.794  73.125 0.0000000000
64356  12.483  -23.473  75.495 0.0000000000
63126  10.386  -24.249  75.564 0.0000000000
61890  7.983  -24.300  78.254 0.0000000000
63098  6.718  -24.685  81.116 0.0000000000
76355  1.612  -16.057  76.633 0.0000000000
73938  -0.062  -17.163  74.226 0.0000000000
76378  2.909  -15.709  74.597 0.0000000000
75161  3.851  -15.692  72.792 0.0000000000
75200  5.481  -14.811  70.414 0.0000000000
70287  10.051  -20.970  75.026 0.0000000000
67972  15.816  -20.349  71.272 0.0000000000
70305  16.476  -19.137  72.119 0.0000000000
70281  14.059  -20.486  73.452 0.0000000000
70284  12.356  -20.717  74.917 0.0000000000
61925  0.008  -26.882  74.955 0.0000000000
63162  1.301  -26.242  74.043 0.0000000000
64358  1.702  -23.938  75.889 0.0000000000
66735  0.921  -21.887  75.921 0.0000000000
70271  0.325  -19.843  76.870 0.0000000000
71428  2.398  -19.996  78.542 0.0000000000
73902  0.967  -17.937  78.290 0.0000000000
73914  0.549  -16.680  77.698 0.0000000000
76342  3.226  -14.636  77.757 0.0000000000
64394  2.877  -24.710  72.715 0.0000000000
64404  3.642  -24.520  71.176 0.0000000000
66793  3.682  -22.538  69.341 0.0000000000
71499  -0.422  -18.420  71.367 0.0000000000
68008  1.194  -20.534  69.276 0.0000000000
68023  2.014  -21.669  67.376 0.0000000000
69198  0.851  -20.292  65.414 0.0000000000
68094  1.314  -18.961  64.512 0.0000000000
78828  4.538  -11.896  71.175 0.0000000000
77687  4.761  -13.332  68.233 0.0000000000
80014  3.522  -11.672  67.575 0.0000000000
76463  4.906  -14.826  65.570 0.0000000000
77706  2.755  -14.967  63.974 0.0000000000
69104  9.044  -20.651  79.083 0.0000000000
69115  7.186  -20.732  78.208 0.0000000000
69135  7.543  -21.064  76.203 0.0000000000
69123  10.868  -20.370  77.329 0.0000000000
69111  11.568  -20.754  78.181 0.0000000000
69103  10.124  -20.741  79.167 0.0000000000
69093  9.589  -20.979  79.733 0.0000000000
64485  4.171  -24.721  65.776 0.0000000000
65676  4.443  -23.678  65.915 0.0000000000
64345  3.226  -23.623  78.479 0.0000000000
65554  2.517  -22.990  78.505 0.0000000000
66720  2.456  -22.550  79.695 0.0000000000
64400  13.704  -22.221  71.097 0.0000000000
63106  4.491  -24.084  79.054 0.0000000000
63111  4.278  -24.569  78.420 0.0000000000
63112  3.915  -24.395  78.270 0.0000000000
63118  3.592  -24.709  77.510 0.0000000000
70302  -0.647  -19.564  74.948 0.0000000000
69163  -0.885  -20.506  73.887 0.0000000000
71475  -1.169  -19.233  73.976 0.0000000000
73998  4.063  -16.942  69.610 0.0000000000
74000  1.724  -17.323  69.065 0.0000000000
74013  2.654  -17.178  68.322 0.0000000000
72776  1.204  -17.465  67.001 0.0000000000
74035  3.160  -16.787  66.472 0.0000000000
66706  5.485  -22.409  81.863 0.0000000000
67933  5.490  -21.898  81.149 0.0000000000
67932  5.761  -21.503  81.735 0.0000000000
70262  5.142  -19.998  78.039 0.0000000000
72661  5.167  -17.366  77.054 0.0000000000
66733  12.532  -21.805  75.091 0.0000000000
65571  13.030  -22.961  74.739 0.0000000000
66734  12.226  -22.070  75.333 0.0000000000
65557  10.811  -22.642  77.725 0.0000000000
64352  10.667  -23.295  76.190 0.0000000000
63114  9.768  -23.847  76.923 0.0000000000
63108  9.025  -23.725  77.965 0.0000000000
66711  8.062  -22.623  81.275 0.0000000000
64329  7.804  -24.024  80.920 0.0000000000
65540  6.842  -23.273  81.784 0.0000000000
64326  5.871  -23.446  81.194 0.0000000000
76353  2.798  -14.793  76.302 0.0000000000
76366  2.293  -16.288  75.855 0.0000000000
76364  3.123  -14.992  75.414 0.0000000000
77612  5.710  -13.186  74.259 0.0000000000
76390  4.669  -14.792  73.713 0.0000000000
76404  5.149  -14.656  72.863 0.0000000000
75173  4.696  -15.879  71.743 0.0000000000
77646  5.730  -13.376  71.706 0.0000000000
69139  14.219  -20.650  73.338 0.0000000000
61912  1.384  -26.615  75.681 0.0000000000
63138  1.783  -25.463  75.225 0.0000000000
63129  2.269  -25.303  75.948 0.0000000000
66729  1.867  -21.771  77.270 0.0000000000
65561  1.841  -22.311  76.767 0.0000000000
67961  1.280  -21.072  77.144 0.0000000000
69138  0.266  -20.554  76.365 0.0000000000
70264  0.629  -19.817  77.576 0.0000000000
70254  3.842  -20.492  79.139 0.0000000000
70255  3.064  -20.932  79.368 0.0000000000
71427  3.117  -19.938  78.555 0.0000000000
73906  2.980  -16.652  78.178 0.0000000000
72651  1.986  -18.157  78.095 0.0000000000
73907  1.874  -16.917  78.155 0.0000000000
73908  0.697  -17.201  78.151 0.0000000000
75105  1.382  -15.872  78.177 0.0000000000
76344  0.963  -15.275  77.759 0.0000000000
76337  2.881  -14.987  78.148 0.0000000000
64380  12.773  -24.389  72.741 0.0000000000
64392  12.647  -24.133  71.594 0.0000000000
61901  6.797  -26.213  77.013 0.0000000000
60700  6.338  -26.596  76.236 0.0000000000
61902  6.142  -26.468  77.048 0.0000000000
60682  4.122  -26.755  77.168 0.0000000000
60688  4.556  -27.279  76.763 0.0000000000
61903  2.431  -26.182  76.814 0.0000000000
60692  1.348  -27.347  75.998 0.0000000000
64371  1.908  -24.759  74.294 0.0000000000
63161  1.949  -25.644  73.860 0.0000000000
64382  2.157  -23.530  73.814 0.0000000000
66779  0.109  -22.056  71.579 0.0000000000
65607  1.966  -22.809  72.079 0.0000000000
66777  1.895  -22.032  71.051 0.0000000000
65632  3.546  -23.044  70.069 0.0000000000
66795  2.179  -22.049  70.153 0.0000000000
75149  0.908  -17.709  72.631 0.0000000000
72715  -0.344  -17.682  72.166 0.0000000000
73961  0.101  -17.293  71.838 0.0000000000
70346  -0.092  -19.021  68.360 0.0000000000
70343  0.241  -19.038  69.618 0.0000000000
69181  0.651  -19.774  68.761 0.0000000000
68024  1.225  -21.332  67.682 0.0000000000
68041  0.483  -20.895  67.043 0.0000000000
68040  1.425  -21.253  66.494 0.0000000000
69192  -0.014  -20.144  66.283 0.0000000000
74053  -0.793  -16.464  64.884 0.0000000000
70374  0.031  -18.762  64.510 0.0000000000
70388  -0.147  -17.898  63.670 0.0000000000
79982  3.298  -11.555  70.221 0.0000000000
78852  4.495  -12.652  69.388 0.0000000000
78867  3.172  -12.157  68.831 0.0000000000
81120  5.246  -11.497  66.161 0.0000000000
78889  4.257  -12.319  66.356 0.0000000000
77700  4.275  -12.800  66.501 0.0000000000
77703  4.630  -13.804  65.177 0.0000000000
76470  3.577  -15.013  64.556 0.0000000000
77704  4.137  -14.113  64.284 0.0000000000
67945  7.966  -21.322  80.656 0.0000000000
69096  7.030  -20.875  80.178 0.0000000000
69106  7.100  -20.729  79.168 0.0000000000
67960  13.125  -21.114  76.951 0.0000000000
67953  12.586  -21.369  76.778 0.0000000000
67954  12.441  -21.352  77.534 0.0000000000
66721  11.682  -22.456  78.588 0.0000000000
65552  10.121  -22.845  78.640 0.0000000000
64335  8.821  -23.043  78.847 0.0000000000
66717  10.032  -22.316  79.591 0.0000000000
67936  8.951  -22.044  80.540 0.0000000000
78789  5.310  -12.549  76.659 0.0000000000
77604  4.581  -14.163  75.835 0.0000000000
77594  5.330  -13.049  75.802 0.0000000000
78795  5.605  -12.302  74.720 0.0000000000
79942  5.897  -11.670  73.231 0.0000000000
64354  3.095  -24.513  76.817 0.0000000000
64355  2.495  -23.979  76.782 0.0000000000
64350  2.573  -23.412  77.434 0.0000000000
65555  2.307  -22.583  78.158 0.0000000000
67956  1.985  -21.382  78.520 0.0000000000
72648  4.359  -18.039  78.235 0.0000000000
72643  3.200  -18.983  78.322 0.0000000000
73899  4.139  -17.470  78.307 0.0000000000
73905  3.877  -16.838  78.287 0.0000000000
75096  4.233  -15.104  78.292 0.0000000000
76335  4.482  -14.500  78.134 0.0000000000
61879  5.931  -24.631  78.918 0.0000000000
61894  5.210  -26.030  77.823 0.0000000000
61887  4.844  -25.362  78.228 0.0000000000
61888  4.274  -25.180  77.986 0.0000000000
61896  3.885  -26.062  77.498 0.0000000000
60684  2.722  -26.904  76.849 0.0000000000
61897  3.406  -25.924  77.359 0.0000000000
63123  3.217  -25.157  76.805 0.0000000000
66741  -0.281  -22.512  74.743 0.0000000000
65583  0.635  -22.584  73.806 0.0000000000
66746  -0.045  -22.382  73.673 0.0000000000
66753  -0.178  -22.093  72.812 0.0000000000
69170  -0.266  -20.389  71.823 0.0000000000
75176  1.988  -17.342  71.225 0.0000000000
73974  0.042  -17.365  70.745 0.0000000000
75191  0.491  -16.910  69.923 0.0000000000
74002  -0.096  -16.846  68.534 0.0000000000
72766  -0.229  -17.510  67.692 0.0000000000
70350  -0.787  -18.575  66.596 0.0000000000
74027  0.067  -17.294  66.799 0.0000000000
74039  -0.449  -16.370  66.179 0.0000000000
75240  0.294  -15.504  65.431 0.0000000000
80027  5.482  -12.289  64.740 0.0000000000
78894  4.271  -13.659  63.862 0.0000000000
78898  5.595  -12.847  64.018 0.0000000000
65543  3.845  -23.209  80.076 0.0000000000
66715  3.449  -22.641  80.316 0.0000000000
67940  4.384  -22.169  80.216 0.0000000000
69090  4.891  -21.164  80.163 0.0000000000
70247  4.752  -20.299  79.726 0.0000000000
69097  5.845  -20.541  79.877 0.0000000000
70252  5.046  -20.011  79.164 0.0000000000
71424  4.595  -19.531  78.519 0.0000000000
72653  4.817  -17.816  77.639 0.0000000000
65579  13.978  -21.951  72.615 0.0000000000
64390  13.512  -22.946  72.357 0.0000000000
64378  13.624  -23.004  73.319 0.0000000000
64351  11.473  -23.094  75.601 0.0000000000
64357  11.711  -23.905  75.936 0.0000000000
63135  10.745  -24.634  74.979 0.0000000000
61900  7.454  -25.230  77.173 0.0000000000
61884  6.980  -24.715  78.851 0.0000000000
63102  7.975  -23.666  79.046 0.0000000000
61876  7.041  -23.738  79.945 0.0000000000
61878  6.571  -24.399  79.347 0.0000000000
61874  6.240  -24.100  79.551 0.0000000000
64333  5.009  -23.371  79.914 0.0000000000
75117  0.272  -16.847  76.168 0.0000000000
72683  -0.390  -17.935  74.352 0.0000000000
75125  1.413  -16.735  75.548 0.0000000000
75135  1.990  -16.573  74.586 0.0000000000
75147  2.460  -15.994  73.607 0.0000000000
76376  4.249  -14.840  74.505 0.0000000000
75146  3.254  -15.693  73.239 0.0000000000
75162  2.794  -15.827  72.413 0.0000000000
75174  3.550  -16.119  71.618 0.0000000000
73984  4.115  -16.724  70.785 0.0000000000
74011  4.756  -16.373  68.675 0.0000000000
70268  9.857  -20.739  76.312 0.0000000000
66750  14.685  -21.269  71.387 0.0000000000
71480  18.017  -18.160  71.919 0.0000000000
71464  17.089  -18.090  72.580 0.0000000000
70318  17.113  -18.767  71.907 0.0000000000
69161  15.986  -19.898  71.753 0.0000000000
67967  15.098  -20.703  72.140 0.0000000000
66739  14.344  -21.444  72.626 0.0000000000
67965  13.603  -21.355  73.801 0.0000000000
69130  12.921  -21.063  74.795 0.0000000000
70283  12.798  -20.811  74.660 0.0000000000
70273  12.635  -20.791  75.471 0.0000000000
70274  12.358  -20.343  75.862 0.0000000000
70266  11.245  -20.413  76.564 0.0000000000
63137  1.683  -25.229  74.747 0.0000000000
64363  1.687  -24.185  74.894 0.0000000000
65564  1.874  -23.052  76.530 0.0000000000
64359  1.464  -23.183  75.705 0.0000000000
65573  0.576  -23.059  75.092 0.0000000000
67966  0.248  -21.351  75.818 0.0000000000
69147  -0.186  -20.616  75.690 0.0000000000
72665  0.037  -18.099  76.300 0.0000000000
67947  2.465  -21.967  80.023 0.0000000000
69100  2.312  -21.274  79.390 0.0000000000
70260  1.415  -20.057  78.437 0.0000000000
72644  2.564  -19.080  78.246 0.0000000000
72646  1.555  -19.348  78.194 0.0000000000
71435  1.064  -19.267  78.228 0.0000000000
72659  0.603  -18.195  77.812 0.0000000000
72662  0.450  -18.199  77.143 0.0000000000
75113  0.418  -16.987  76.637 0.0000000000
76350  0.890  -15.747  77.146 0.0000000000
76348  2.285  -14.686  76.967 0.0000000000
77591  3.021  -14.455  76.915 0.0000000000
77577  4.600  -13.952  77.729 0.0000000000
77583  4.700  -13.714  77.272 0.0000000000
77589  4.818  -13.547  76.806 0.0000000000
59521  5.819  -27.677  75.160 0.0000000000
60680  5.440  -26.438  77.366 0.0000000000
65594  2.356  -23.479  72.788 0.0000000000
64393  3.218  -24.673  71.963 0.0000000000
66809  4.646  -22.595  68.068 0.0000000000
71474  -0.881  -18.710  73.507 0.0000000000
71489  -0.609  -18.501  72.413 0.0000000000
69176  0.568  -19.936  70.953 0.0000000000
71513  -0.377  -18.349  70.326 0.0000000000
69175  0.619  -19.464  70.312 0.0000000000
67994  1.175  -20.625  70.415 0.0000000000
66812  2.265  -21.866  69.108 0.0000000000
66831  2.560  -21.872  68.133 0.0000000000
66846  3.377  -22.185  66.929 0.0000000000
68038  3.578  -21.921  66.089 0.0000000000
70355  -0.603  -19.438  65.703 0.0000000000
69207  0.986  -19.777  64.815 0.0000000000
79941  6.193  -11.153  72.641 0.0000000000
81070  4.263  -11.055  72.100 0.0000000000
78827  5.190  -12.388  71.283 0.0000000000
77655  5.525  -13.267  70.612 0.0000000000
76440  5.570  -13.877  69.245 0.0000000000
75224  5.259  -15.589  67.686 0.0000000000
78878  3.657  -12.478  67.898 0.0000000000
77695  4.835  -13.548  67.320 0.0000000000
75229  5.150  -15.891  66.453 0.0000000000
75237  3.531  -15.972  64.998 0.0000000000
75248  2.304  -15.991  64.548 0.0000000000
77708  1.725  -15.953  64.172 0.0000000000
77720  2.213  -15.064  63.314 0.0000000000
69113  9.327  -20.525  78.156 0.0000000000
69125  8.465  -20.881  77.166 0.0000000000
69112  10.464  -20.457  78.201 0.0000000000
64474  4.316  -24.377  66.515 0.0000000000
64339  3.465  -23.583  79.038 0.0000000000
64340  3.029  -23.356  79.153 0.0000000000
65549  2.919  -23.188  79.681 0.0000000000
65590  14.379  -21.507  71.467 0.0000000000
65604  13.978  -21.892  71.049 0.0000000000
65605  13.720  -22.249  71.312 0.0000000000
64338  3.882  -23.549  79.430 0.0000000000
63107  3.929  -23.797  78.898 0.0000000000
64344  3.607  -23.858  78.505 0.0000000000
71450  -0.384  -18.879  75.558 0.0000000000
70303  -0.958  -19.568  74.484 0.0000000000
71459  -0.765  -18.882  74.553 0.0000000000
74012  3.767  -16.939  68.484 0.0000000000
74023  3.509  -16.954  67.405 0.0000000000
74024  2.478  -17.114  67.293 0.0000000000
66705  6.313  -22.436  82.139 0.0000000000
67939  6.430  -21.342  81.387 0.0000000000
67958  12.654  -21.329  75.421 0.0000000000
66730  12.471  -21.446  75.689 0.0000000000
65558  10.227  -23.089  78.030 0.0000000000
64347  10.016  -23.422  77.519 0.0000000000
63115  9.373  -23.958  77.429 0.0000000000
66712  7.235  -22.550  81.801 0.0000000000
65539  7.616  -23.358  81.306 0.0000000000
65534  6.062  -23.078  81.728 0.0000000000
77597  3.399  -14.450  76.511 0.0000000000
76352  3.414  -14.592  76.018 0.0000000000
77622  5.836  -13.264  73.411 0.0000000000
76388  5.832  -14.116  73.549 0.0000000000
77634  6.139  -13.762  72.995 0.0000000000
76415  5.723  -14.394  72.021 0.0000000000
77645  6.059  -13.793  72.377 0.0000000000
67957  1.720  -21.113  77.831 0.0000000000
69129  0.656  -20.482  77.065 0.0000000000
75098  3.125  -15.037  78.252 0.0000000000
61892  6.870  -25.406  77.887 0.0000000000
61893  6.080  -26.180  77.715 0.0000000000
60683  3.310  -27.085  76.904 0.0000000000
60689  3.829  -27.500  76.728 0.0000000000
64372  1.987  -23.745  74.253 0.0000000000
66778  0.943  -21.907  71.194 0.0000000000
66762  1.483  -22.398  71.652 0.0000000000
66796  1.556  -21.617  70.468 0.0000000000
70349  -0.794  -19.167  67.018 0.0000000000
75252  -0.332  -16.153  64.458 0.0000000000
71574  -0.600  -17.671  63.983 0.0000000000
72809  -0.496  -17.078  63.700 0.0000000000
79983  2.600  -10.820  70.407 0.0000000000
79995  3.185  -11.474  69.482 0.0000000000
79994  3.230  -11.807  69.652 0.0000000000
80021  4.721  -12.158  65.778 0.0000000000
81121  4.657  -11.739  66.502 0.0000000000
78888  4.344  -12.891  65.753 0.0000000000
78893  4.751  -12.948  64.664 0.0000000000
69095  7.981  -20.916  79.960 0.0000000000
69126  7.334  -20.899  77.217 0.0000000000
69121  12.759  -20.533  76.977 0.0000000000
69110  12.258  -20.865  77.702 0.0000000000
69102  11.067  -20.869  78.952 0.0000000000
67949  11.670  -21.620  78.866 0.0000000000
66722  10.918  -22.404  79.190 0.0000000000
65551  11.028  -22.743  78.641 0.0000000000
65545  9.956  -22.638  79.147 0.0000000000
67943  9.422  -21.679  80.099 0.0000000000
67944  8.655  -21.488  80.394 0.0000000000
67937  8.470  -21.944  81.022 0.0000000000
78792  5.347  -12.554  76.138 0.0000000000
79917  5.453  -11.363  75.241 0.0000000000
79928  5.709  -11.465  74.163 0.0000000000
66725  2.135  -22.196  78.659 0.0000000000
67952  2.034  -21.727  79.075 0.0000000000
72654  4.709  -17.613  77.919 0.0000000000
73904  4.609  -16.861  77.900 0.0000000000
75102  4.676  -15.579  77.931 0.0000000000
75103  3.664  -15.771  78.244 0.0000000000
76341  4.845  -14.767  78.167 0.0000000000
61875  5.539  -24.277  79.218 0.0000000000
61886  5.593  -25.408  78.406 0.0000000000
61880  5.125  -24.669  78.789 0.0000000000
63117  3.832  -25.065  77.580 0.0000000000
67970  -0.377  -21.540  75.223 0.0000000000
67974  -0.542  -21.511  74.283 0.0000000000
70315  -0.977  -19.698  73.477 0.0000000000
67977  -0.456  -21.442  73.272 0.0000000000
67980  -0.378  -21.526  72.152 0.0000000000
75190  1.522  -17.616  70.247 0.0000000000
74014  1.548  -17.667  68.107 0.0000000000
74001  0.580  -16.749  69.159 0.0000000000
74016  0.043  -17.236  67.658 0.0000000000
74037  1.319  -17.008  66.303 0.0000000000
74038  0.386  -16.533  66.350 0.0000000000
75230  0.287  -15.706  66.017 0.0000000000
75231  -0.132  -15.546  66.129 0.0000000000
74061  0.666  -16.162  65.169 0.0000000000
81127  5.704  -11.477  65.252 0.0000000000
80026  6.159  -11.886  64.604 0.0000000000
80033  5.932  -12.371  64.349 0.0000000000
65542  4.639  -23.082  80.128 0.0000000000
66714  4.209  -22.644  80.285 0.0000000000
66709  4.732  -22.455  80.130 0.0000000000
69084  5.362  -21.345  80.835 0.0000000000
69085  5.288  -21.655  80.391 0.0000000000
70248  4.533  -20.631  79.755 0.0000000000
70259  4.920  -19.852  78.586 0.0000000000
71430  4.644  -19.112  78.210 0.0000000000
72647  4.638  -18.315  78.091 0.0000000000
65574  13.920  -21.977  73.026 0.0000000000
65580  13.745  -22.439  72.595 0.0000000000
64369  13.640  -23.674  74.347 0.0000000000
64360  13.275  -23.673  75.189 0.0000000000
66726  11.820  -21.640  76.989 0.0000000000
65562  11.228  -22.371  76.414 0.0000000000
63119  10.776  -23.933  75.674 0.0000000000
63125  11.447  -24.501  75.528 0.0000000000
61921  8.989  -24.677  75.685 0.0000000000
61899  8.120  -24.580  77.436 0.0000000000
61891  7.457  -24.743  78.087 0.0000000000
65546  9.230  -22.730  79.289 0.0000000000
64343  8.456  -23.398  78.797 0.0000000000
64336  8.051  -23.164  79.446 0.0000000000
63097  7.385  -24.713  80.964 0.0000000000
63096  7.159  -24.091  80.457 0.0000000000
61877  6.831  -24.014  80.192 0.0000000000
61873  6.748  -24.439  80.421 0.0000000000
63099  6.488  -23.891  80.285 0.0000000000
64327  5.529  -23.270  80.919 0.0000000000
64332  5.669  -23.467  80.470 0.0000000000
65541  5.183  -23.148  80.294 0.0000000000
64334  4.397  -23.482  79.710 0.0000000000
75116  0.857  -16.532  76.420 0.0000000000
75126  0.478  -16.928  75.308 0.0000000000
76379  2.498  -16.079  75.061 0.0000000000
75134  2.498  -16.116  74.461 0.0000000000
76393  2.821  -15.811  74.034 0.0000000000
77603  5.126  -13.766  75.619 0.0000000000
76363  3.933  -14.659  75.437 0.0000000000
76362  4.739  -14.443  75.222 0.0000000000
76405  4.356  -15.220  73.138 0.0000000000
76391  3.847  -15.381  73.593 0.0000000000
75145  3.626  -15.602  73.234 0.0000000000
75175  2.541  -16.447  71.447 0.0000000000
75186  5.375  -15.024  71.345 0.0000000000
73983  4.671  -16.187  70.976 0.0000000000
75187  5.224  -15.676  70.738 0.0000000000
73997  5.050  -16.340  69.961 0.0000000000
75201  5.420  -15.401  69.905 0.0000000000
70277  9.985  -20.849  75.800 0.0000000000
69143  9.467  -21.011  75.202 0.0000000000
69154  9.541  -20.846  74.704 0.0000000000
67976  15.958  -20.272  70.883 0.0000000000
66759  15.513  -20.635  70.221 0.0000000000
66749  15.385  -20.776  70.980 0.0000000000
66742  15.316  -20.796  71.363 0.0000000000
71481  17.391  -18.352  72.191 0.0000000000
70304  16.601  -19.289  71.718 0.0000000000
66738  14.753  -21.021  72.292 0.0000000000
67968  14.699  -20.894  72.576 0.0000000000
69151  14.087  -20.993  73.435 0.0000000000
69140  13.511  -21.040  73.968 0.0000000000
67962  12.970  -21.350  74.644 0.0000000000
70282  13.229  -20.815  74.208 0.0000000000
71445  12.675  -20.641  74.256 0.0000000000
70286  10.843  -20.799  74.735 0.0000000000
70275  11.526  -20.524  75.761 0.0000000000
70276  10.701  -20.764  75.762 0.0000000000
70267  10.386  -20.587  76.480 0.0000000000
63150  1.487  -26.077  74.612 0.0000000000
66732  1.464  -21.704  76.559 0.0000000000
65565  1.483  -22.414  76.210 0.0000000000
65569  1.077  -22.693  75.629 0.0000000000
66737  0.091  -22.385  75.607 0.0000000000
70280  -0.105  -20.000  76.268 0.0000000000
70289  -0.346  -19.763  75.637 0.0000000000
71442  0.107  -19.113  76.430 0.0000000000
67946  3.052  -22.043  80.373 0.0000000000
69099  2.785  -21.505  80.017 0.0000000000
70256  2.195  -20.549  78.877 0.0000000000
69109  1.950  -20.901  78.849 0.0000000000
70257  1.775  -20.306  78.617 0.0000000000
72649  3.695  -18.165  78.316 0.0000000000
72650  2.875  -18.209  78.209 0.0000000000
73901  1.247  -17.749  78.266 0.0000000000
72652  1.296  -18.658  78.171 0.0000000000
71436  0.780  -19.076  77.922 0.0000000000
72658  0.889  -18.340  78.118 0.0000000000
73909  0.490  -17.685  77.704 0.0000000000
73915  0.477  -17.304  77.144 0.0000000000
75112  0.637  -16.487  77.176 0.0000000000
76345  0.744  -15.881  77.538 0.0000000000
76343  2.392  -14.921  77.722 0.0000000000
76349  1.322  -14.877  77.033 0.0000000000
77585  2.748  -14.607  77.279 0.0000000000
76336  3.456  -14.691  78.007 0.0000000000
64391  13.277  -23.584  72.027 0.0000000000
60714  6.143  -27.240  75.338 0.0000000000
61913  0.485  -27.102  75.348 0.0000000000
60703  -0.283  -27.694  75.216 0.0000000000
63173  2.426  -26.082  72.920 0.0000000000
63172  2.970  -25.648  72.134 0.0000000000
66745  0.654  -22.510  73.512 0.0000000000
65582  1.475  -22.856  73.644 0.0000000000
65595  1.429  -22.692  72.548 0.0000000000
65606  2.950  -23.425  71.753 0.0000000000
63184  3.128  -25.628  71.265 0.0000000000
64420  3.914  -24.380  70.385 0.0000000000
66794  3.145  -22.560  69.874 0.0000000000
65631  3.939  -23.267  69.689 0.0000000000
65642  4.927  -23.117  68.313 0.0000000000
66810  4.239  -22.483  68.678 0.0000000000
72699  -0.516  -17.681  73.274 0.0000000000
70332  -0.203  -19.312  71.641 0.0000000000
75178  0.399  -17.219  70.431 0.0000000000
70342  0.598  -19.334  69.848 0.0000000000
69179  1.081  -19.646  69.874 0.0000000000
67993  1.462  -21.152  69.892 0.0000000000
68007  1.435  -21.292  68.841 0.0000000000
68006  1.874  -21.571  68.221 0.0000000000
66847  2.738  -21.967  67.346 0.0000000000
66830  3.412  -22.107  67.905 0.0000000000
68039  2.643  -21.581  66.455 0.0000000000
68057  1.313  -20.791  65.686 0.0000000000
69197  1.543  -20.591  65.105 0.0000000000
71542  -0.589  -18.160  66.309 0.0000000000
70356  -0.717  -18.738  66.032 0.0000000000
69208  0.612  -19.225  64.683 0.0000000000
68076  1.335  -19.347  64.589 0.0000000000
68093  2.086  -19.071  64.361 0.0000000000
81071  3.290  -10.847  71.741 0.0000000000
79968  4.908  -11.559  71.873 0.0000000000
78838  5.067  -12.676  70.119 0.0000000000
77674  4.820  -13.090  68.846 0.0000000000
77662  5.330  -13.277  69.677 0.0000000000
76452  5.331  -13.744  68.608 0.0000000000
76441  5.606  -14.388  68.815 0.0000000000
76453  5.419  -14.313  67.976 0.0000000000
81113  4.715  -11.308  67.357 0.0000000000
78879  3.071  -11.985  68.131 0.0000000000
77699  4.705  -13.567  66.286 0.0000000000
76460  5.204  -14.587  66.808 0.0000000000
74047  3.657  -16.452  65.753 0.0000000000
75236  4.449  -15.992  65.510 0.0000000000
75247  3.083  -15.708  64.656 0.0000000000
76471  2.807  -15.274  64.279 0.0000000000
76472  2.094  -15.731  64.212 0.0000000000
77707  2.144  -15.620  64.026 0.0000000000
69105  8.080  -20.761  79.098 0.0000000000
69114  8.246  -20.728  78.172 0.0000000000
67942  10.149  -21.552  79.677 0.0000000000
65675  4.581  -23.510  65.255 0.0000000000
66866  4.412  -22.716  65.526 0.0000000000
65550  2.660  -23.057  79.187 0.0000000000
61881  4.569  -24.749  78.480 0.0000000000
63113  3.625  -24.082  78.167 0.0000000000
69164  -1.006  -20.039  74.408 0.0000000000
70316  -1.174  -19.734  74.088 0.0000000000
73999  2.863  -17.174  69.429 0.0000000000
75202  1.926  -17.377  69.753 0.0000000000
72765  1.059  -17.777  67.549 0.0000000000
74025  1.723  -17.268  67.081 0.0000000000
74036  2.239  -16.876  66.395 0.0000000000
66707  5.438  -22.457  80.935 0.0000000000
69083  5.541  -21.076  81.011 0.0000000000
70261  5.676  -20.502  78.645 0.0000000000
66736  13.190  -21.840  74.217 0.0000000000
65570  12.808  -22.297  74.699 0.0000000000
65566  12.432  -22.197  75.118 0.0000000000
65567  12.131  -22.514  75.343 0.0000000000
65563  10.628  -22.775  76.800 0.0000000000
64346  10.305  -23.086  76.992 0.0000000000
64353  10.126  -23.565  76.776 0.0000000000
63120  9.969  -23.887  76.152 0.0000000000
63116  8.642  -24.148  77.766 0.0000000000
63109  8.354  -23.828  78.465 0.0000000000
66710  8.745  -22.592  80.809 0.0000000000
64328  7.812  -23.192  80.375 0.0000000000
65538  8.425  -23.358  80.969 0.0000000000
64330  7.073  -24.037  81.239 0.0000000000
64331  6.323  -23.979  81.052 0.0000000000
64325  6.470  -23.568  81.401 0.0000000000
76354  2.097  -15.290  76.450 0.0000000000
76365  2.663  -15.539  75.671 0.0000000000
76374  5.505  -13.830  74.574 0.0000000000
76375  5.029  -14.421  74.489 0.0000000000
76389  5.579  -14.114  73.791 0.0000000000
75160  4.718  -15.298  72.597 0.0000000000
75172  5.154  -15.092  72.210 0.0000000000
76423  5.711  -14.143  71.000 0.0000000000
70306  16.014  -19.021  72.377 0.0000000000
69150  14.650  -20.576  72.922 0.0000000000
70285  11.688  -20.642  74.716 0.0000000000
61924  1.074  -26.665  74.983 0.0000000000
67964  0.812  -21.146  76.451 0.0000000000
70250  3.719  -21.289  79.928 0.0000000000
72657  2.580  -17.463  78.151 0.0000000000
75106  0.638  -16.118  77.878 0.0000000000
61911  6.765  -26.164  76.456 0.0000000000
60686  6.238  -26.553  76.751 0.0000000000
60691  1.901  -27.066  76.521 0.0000000000
60702  0.454  -27.576  75.685 0.0000000000
63149  1.687  -25.497  74.378 0.0000000000
64381  2.424  -24.436  73.616 0.0000000000
66763  0.779  -22.392  71.977 0.0000000000
65608  1.353  -22.628  72.030 0.0000000000
66761  2.222  -22.597  71.531 0.0000000000
66776  2.702  -22.610  70.855 0.0000000000
65620  3.506  -23.416  70.541 0.0000000000
75136  1.024  -17.519  74.188 0.0000000000
73950  0.035  -17.034  73.022 0.0000000000
71522  -0.333  -18.223  69.227 0.0000000000
68025  0.775  -20.702  68.185 0.0000000000
69191  0.745  -20.736  66.136 0.0000000000
72792  -1.127  -17.309  65.409 0.0000000000
70365  -0.747  -18.781  65.019 0.0000000000
71565  -0.826  -17.930  64.755 0.0000000000
70375  -0.417  -18.287  64.259 0.0000000000
69222  0.985  -18.606  64.241 0.0000000000
79970  2.764  -11.102  71.018 0.0000000000
79981  3.721  -11.777  70.473 0.0000000000
78839  4.260  -12.098  70.400 0.0000000000
78840  3.668  -11.889  70.154 0.0000000000
78865  4.405  -12.863  68.672 0.0000000000
80018  4.192  -11.839  66.836 0.0000000000
78885  3.877  -12.361  66.995 0.0000000000
76464  4.220  -15.293  64.953 0.0000000000
76469  4.328  -14.592  64.828 0.0000000000
77705  3.256  -14.583  64.035 0.0000000000
67938  7.364  -21.622  81.255 0.0000000000
69116  6.032  -20.711  78.241 0.0000000000
69120  13.164  -20.841  76.468 0.0000000000
66727  11.878  -22.115  77.815 0.0000000000
67955  12.067  -21.327  78.159 0.0000000000
67948  12.060  -21.820  78.278 0.0000000000
64341  9.842  -23.245  78.106 0.0000000000
64342  9.188  -23.282  78.379 0.0000000000
65553  9.341  -22.915  78.711 0.0000000000
66718  9.146  -22.332  80.101 0.0000000000
77595  5.017  -13.464  76.256 0.0000000000
77602  5.532  -13.215  75.140 0.0000000000
79911  5.464  -11.686  75.693 0.0000000000
78791  5.468  -12.230  75.589 0.0000000000
78802  5.739  -12.395  73.794 0.0000000000
63124  2.699  -25.288  76.559 0.0000000000
65559  2.500  -23.125  77.862 0.0000000000
66728  2.215  -21.896  78.028 0.0000000000
69118  1.539  -20.548  78.269 0.0000000000
71432  4.110  -18.884  78.388 0.0000000000
72655  3.685  -17.491  78.328 0.0000000000
75097  3.579  -15.063  78.331 0.0000000000
61895  4.497  -26.006  77.683 0.0000000000
61898  2.864  -26.022  77.129 0.0000000000
65578  0.559  -22.738  74.296 0.0000000000
66764  0.044  -22.239  72.227 0.0000000000
67985  0.204  -21.227  71.058 0.0000000000
75165  0.686  -17.708  71.379 0.0000000000
75177  1.142  -17.875  70.762 0.0000000000
75192  0.194  -16.706  70.102 0.0000000000
75203  0.921  -17.403  69.533 0.0000000000
73986  0.298  -16.586  69.657 0.0000000000
73987  -0.075  -16.708  69.766 0.0000000000
72753  -0.402  -17.378  68.903 0.0000000000
71532  -0.552  -18.205  68.055 0.0000000000
71541  -0.638  -18.175  67.052 0.0000000000
72778  -0.399  -17.475  66.567 0.0000000000
74026  0.276  -17.396  67.072 0.0000000000
72791  -0.970  -17.041  66.166 0.0000000000
74040  -0.940  -16.584  65.691 0.0000000000
74052  -0.673  -16.050  65.424 0.0000000000
75251  0.350  -16.075  64.172 0.0000000000
81128  5.249  -11.913  65.399 0.0000000000
78892  5.287  -12.677  64.478 0.0000000000
78897  6.098  -12.790  63.783 0.0000000000
64462  4.644  -24.208  67.259 0.0000000000
65544  3.227  -23.088  80.108 0.0000000000
67941  3.796  -22.100  80.395 0.0000000000
69086  5.215  -21.840  79.979 0.0000000000
69091  4.436  -21.651  80.153 0.0000000000
70249  3.968  -21.163  79.823 0.0000000000
70253  4.408  -20.239  79.119 0.0000000000
69087  6.527  -20.919  80.824 0.0000000000
69088  5.807  -20.826  80.890 0.0000000000
69098  5.448  -20.506  80.134 0.0000000000
70258  5.498  -20.319  78.968 0.0000000000
70251  5.302  -20.192  79.219 0.0000000000
71425  4.360  -19.650  78.580 0.0000000000
71431  4.442  -18.949  78.339 0.0000000000
65592  13.745  -22.325  71.746 0.0000000000
65576  13.577  -22.953  74.312 0.0000000000
64368  13.750  -23.020  73.895 0.0000000000
64370  12.917  -24.536  73.977 0.0000000000
63146  11.880  -24.813  73.454 0.0000000000
66731  12.030  -21.617  75.919 0.0000000000
64361  12.713  -24.367  75.245 0.0000000000
63134  11.854  -24.845  74.626 0.0000000000
63147  10.821  -24.798  74.070 0.0000000000
63136  9.778  -24.426  75.257 0.0000000000
63110  7.818  -24.009  79.002 0.0000000000
64337  7.254  -23.416  80.197 0.0000000000
63103  7.353  -23.812  79.631 0.0000000000
61883  7.485  -24.309  79.103 0.0000000000
63100  5.412  -23.818  79.613 0.0000000000
63101  4.779  -23.688  79.600 0.0000000000
73918  -0.009  -17.332  76.170 0.0000000000
73928  -0.095  -17.269  75.265 0.0000000000
75148  1.723  -17.089  73.205 0.0000000000
76377  3.499  -15.188  74.577 0.0000000000
76392  3.146  -15.662  73.933 0.0000000000
75163  1.875  -16.423  72.205 0.0000000000
75188  3.217  -16.777  71.033 0.0000000000
73985  3.388  -17.069  70.305 0.0000000000
69134  8.616  -20.996  76.152 0.0000000000
69133  9.404  -20.941  75.959 0.0000000000
69155  8.980  -20.807  74.560 0.0000000000
66751  14.365  -21.513  71.699 0.0000000000
71463  18.172  -17.584  72.275 0.0000000000
69160  16.386  -19.678  71.332 0.0000000000
69148  15.950  -20.023  72.005 0.0000000000
67973  15.455  -20.555  71.734 0.0000000000
66743  14.923  -20.999  71.823 0.0000000000
66744  14.403  -21.512  72.001 0.0000000000
67969  14.245  -21.219  73.163 0.0000000000
67963  12.794  -21.130  75.360 0.0000000000
71451  14.244  -19.848  73.118 0.0000000000
71443  13.552  -20.371  73.607 0.0000000000
71444  13.093  -20.568  73.992 0.0000000000
70272  12.775  -20.981  74.980 0.0000000000
69131  12.868  -20.954  75.708 0.0000000000
69132  12.891  -20.618  76.164 0.0000000000
70265  12.021  -20.189  76.562 0.0000000000
64362  1.736  -24.929  74.600 0.0000000000
65572  1.343  -23.288  74.933 0.0000000000
65568  1.560  -22.996  76.055 0.0000000000
64364  1.401  -23.284  75.306 0.0000000000
66719  2.836  -22.624  80.158 0.0000000000
67951  2.186  -21.895  79.511 0.0000000000
69108  2.074  -21.450  79.270 0.0000000000
72645  1.914  -19.183  78.196 0.0000000000
71429  1.828  -19.870  78.443 0.0000000000
71433  1.396  -19.627  78.286 0.0000000000
70263  0.974  -19.875  78.125 0.0000000000
71439  0.553  -19.040  77.317 0.0000000000
77590  3.884  -14.159  76.900 0.0000000000
77578  3.689  -14.506  77.736 0.0000000000
77584  3.504  -14.425  77.436 0.0000000000
64401  13.510  -22.657  71.371 0.0000000000
64402  12.832  -23.034  71.288 0.0000000000
60687  5.540  -26.926  76.582 0.0000000000
59507  5.394  -27.766  75.818 0.0000000000
61944  1.421  -26.483  73.363 0.0000000000
65581  2.234  -23.485  73.481 0.0000000000
65593  2.869  -24.064  72.316 0.0000000000
65619  3.852  -23.810  70.127 0.0000000000
65653  4.790  -23.320  67.317 0.0000000000
70325  -0.628  -19.519  72.611 0.0000000000
72729  -0.249  -17.711  71.086 0.0000000000
70339  0.008  -19.153  70.590 0.0000000000
66813  1.779  -21.551  69.684 0.0000000000
66811  3.233  -22.137  68.872 0.0000000000
66829  4.252  -22.592  67.452 0.0000000000
66845  4.116  -22.616  66.366 0.0000000000
68037  3.985  -22.286  65.830 0.0000000000
70364  -0.243  -19.309  64.922 0.0000000000
69199  0.165  -19.803  65.213 0.0000000000
69206  1.404  -20.212  64.776 0.0000000000
68074  2.185  -20.448  64.495 0.0000000000
81047  6.068  -10.572  73.424 0.0000000000
79955  5.487  -11.860  72.386 0.0000000000
79967  5.403  -11.140  72.132 0.0000000000
78818  5.514  -12.668  72.188 0.0000000000
76431  5.615  -13.986  70.056 0.0000000000
75214  5.561  -14.645  69.542 0.0000000000
75215  5.469  -15.372  68.906 0.0000000000
78877  4.170  -12.810  68.243 0.0000000000
77696  4.283  -12.917  67.114 0.0000000000
77688  4.312  -12.989  67.745 0.0000000000
74034  4.193  -16.614  66.443 0.0000000000
74048  2.851  -16.547  65.647 0.0000000000
75238  2.606  -16.257  64.990 0.0000000000
75239  1.853  -16.413  65.021 0.0000000000
75249  1.351  -16.383  64.752 0.0000000000
76473  1.210  -16.284  64.412 0.0000000000
76477  1.240  -16.183  63.961 0.0000000000
77710  3.726  -14.089  63.623 0.0000000000
77712  2.500  -14.992  63.631 0.0000000000
77713  2.071  -15.441  63.870 0.0000000000
75254  0.890  -16.281  63.689 0.0000000000
61872  6.941  -25.072  80.889 0.0000000000
61882  7.890  -24.139  78.699 0.0000000000
63104  7.216  -24.305  80.378 0.0000000000
64419  4.024  -24.203  69.822 0.0000000000
64447  5.033  -23.620  68.033 0.0000000000
65535  5.544  -22.964  81.269 0.0000000000
65536  5.355  -22.971  80.679 0.0000000000
66708  5.284  -22.562  80.238 0.0000000000
66713  4.813  -22.749  80.198 0.0000000000
66716  10.307  -22.570  79.148 0.0000000000
66723  10.518  -21.997  79.483 0.0000000000
66828  4.837  -22.864  67.742 0.0000000000
67934  5.507  -22.087  80.350 0.0000000000
67935  4.977  -22.145  79.964 0.0000000000
69101  2.088  -20.736  78.966 0.0000000000
69159  -0.845  -19.900  74.666 0.0000000000
69178  0.774  -19.384  70.018 0.0000000000
69221  1.607  -18.762  64.288 0.0000000000
70338  0.439  -19.288  70.065 0.0000000000
70387  0.278  -18.304  63.891 0.0000000000
71460  -1.050  -19.347  74.259 0.0000000000
71553  -0.710  -18.108  65.591 0.0000000000
72669  12.876  -20.508  73.965 0.0000000000
72764  1.436  -17.591  67.430 0.0000000000
72777  0.697  -17.559  67.141 0.0000000000
72789  0.799  -17.267  66.607 0.0000000000
72790  0.498  -17.259  66.727 0.0000000000
72800  -0.857  -17.162  64.413 0.0000000000
73900  3.905  -17.492  78.350 0.0000000000
73972  4.559  -16.104  71.335 0.0000000000
73973  4.310  -16.253  71.327 0.0000000000
74050  1.038  -16.573  65.464 0.0000000000
74051  0.521  -15.897  65.681 0.0000000000
74062  0.486  -15.783  65.296 0.0000000000
74064  -0.291  -16.516  64.018 0.0000000000
74071  0.293  -16.537  63.409 0.0000000000
75159  4.985  -15.011  72.555 0.0000000000
75204  0.588  -16.860  69.599 0.0000000000
75241  -0.184  -15.406  65.216 0.0000000000
75242  -0.410  -15.904  64.838 0.0000000000
75250  0.602  -15.998  64.989 0.0000000000
76403  5.831  -14.209  73.254 0.0000000000
76406  4.034  -15.440  73.187 0.0000000000
76414  5.904  -14.237  72.715 0.0000000000
76465  0.533  -15.755  64.861 0.0000000000
76466  0.407  -15.568  64.874 0.0000000000
76474  1.002  -16.288  64.487 0.0000000000
77621  5.980  -13.890  73.477 0.0000000000
77635  5.759  -13.226  72.603 0.0000000000
77663  5.011  -13.021  69.270 0.0000000000
77673  5.206  -13.388  69.019 0.0000000000
77686  5.024  -13.394  68.653 0.0000000000
78851  5.001  -12.890  69.589 0.0000000000
78853  3.571  -12.117  69.592 0.0000000000
78854  3.153  -11.948  69.385 0.0000000000
78866  3.846  -12.551  68.762 0.0000000000
79954  5.712  -11.195  72.184 0.0000000000
80022  4.403  -11.969  66.342 0.0000000000
80032  6.487  -12.569  64.010 0.0000000000
81056  6.129  -10.614  72.275 0.0000000000
81068  5.698  -10.852  72.034 0.0000000000
81069  5.161  -10.919  72.137 0.0000000000
