#!ascii label  , from subject 3024 vox2ras=TkReg
1020
38167  -19.719  -52.322  56.330 0.0000000000
64634  -46.815  -31.126  43.862 0.0000000000
66975  -53.159  -29.708  36.457 0.0000000000
68148  -57.674  -26.408  27.250 0.0000000000
58699  -43.872  -35.086  46.219 0.0000000000
67024  -55.793  -29.426  32.177 0.0000000000
77612  -53.928  -17.120  30.715 0.0000000000
84295  -54.257  -11.056  29.791 0.0000000000
61232  -48.661  -32.923  40.253 0.0000000000
58806  -51.787  -34.376  37.583 0.0000000000
65854  -50.324  -29.602  41.289 0.0000000000
42328  -21.070  -48.878  58.168 0.0000000000
46885  -25.349  -45.698  57.128 0.0000000000
46895  -30.087  -44.009  55.959 0.0000000000
46915  -34.879  -43.947  54.417 0.0000000000
50287  -38.338  -41.060  51.014 0.0000000000
53701  -43.780  -38.420  49.040 0.0000000000
56146  -46.401  -36.266  45.249 0.0000000000
57604  -55.901  -34.815  33.137 0.0000000000
87374  -55.259  -8.593  28.702 0.0000000000
62292  -48.469  -31.754  42.797 0.0000000000
62310  -50.312  -31.184  41.435 0.0000000000
65823  -48.825  -29.530  42.862 0.0000000000
44749  -22.221  -47.686  56.867 0.0000000000
43565  -23.376  -47.659  58.114 0.0000000000
53665  -38.942  -39.492  49.992 0.0000000000
52578  -41.257  -39.375  49.743 0.0000000000
56067  -41.577  -37.225  49.873 0.0000000000
62274  -45.202  -32.884  45.143 0.0000000000
58693  -45.728  -34.886  47.014 0.0000000000
59978  -46.934  -33.646  44.811 0.0000000000
58747  -46.842  -34.287  42.997 0.0000000000
62354  -53.129  -31.433  37.520 0.0000000000
57576  -54.307  -35.180  34.825 0.0000000000
62386  -54.960  -31.508  35.564 0.0000000000
67065  -57.274  -27.782  29.399 0.0000000000
63628  -58.282  -30.385  29.941 0.0000000000
64885  -59.010  -29.384  27.538 0.0000000000
68180  -58.411  -26.276  25.109 0.0000000000
78661  -56.253  -16.664  31.899 0.0000000000
75615  -56.196  -19.503  31.943 0.0000000000
56121  -42.555  -36.966  47.189 0.0000000000
67082  -54.487  -27.136  28.023 0.0000000000
80961  -53.910  -14.556  30.133 0.0000000000
82072  -56.659  -13.817  31.046 0.0000000000
84314  -57.169  -11.389  27.468 0.0000000000
56214  -49.760  -36.846  38.961 0.0000000000
60065  -50.730  -33.249  39.558 0.0000000000
62326  -51.999  -31.519  39.734 0.0000000000
38134  -20.616  -51.218  57.432 0.0000000000
43597  -26.397  -46.591  55.512 0.0000000000
46892  -27.414  -44.768  56.094 0.0000000000
43600  -28.664  -46.079  55.091 0.0000000000
43618  -30.750  -45.828  54.329 0.0000000000
45836  -32.848  -45.135  53.938 0.0000000000
45859  -34.795  -44.308  51.945 0.0000000000
49076  -36.361  -42.257  53.222 0.0000000000
49150  -39.918  -41.912  48.154 0.0000000000
57416  -44.111  -35.959  48.819 0.0000000000
54848  -45.805  -37.474  47.282 0.0000000000
53751  -44.441  -38.671  44.886 0.0000000000
56180  -44.911  -36.400  42.397 0.0000000000
57517  -46.974  -35.413  39.896 0.0000000000
63560  -56.755  -30.832  33.202 0.0000000000
70265  -55.758  -23.141  31.123 0.0000000000
70329  -57.041  -24.306  27.892 0.0000000000
38153  -19.387  -52.239  57.181 0.0000000000
62277  -47.496  -31.661  43.726 0.0000000000
62284  -48.689  -31.120  43.072 0.0000000000
64642  -47.317  -30.549  43.237 0.0000000000
54811  -39.188  -39.200  48.638 0.0000000000
54783  -40.658  -38.927  49.441 0.0000000000
54813  -40.909  -38.219  48.517 0.0000000000
63426  -45.828  -32.285  44.286 0.0000000000
61151  -46.460  -33.344  45.552 0.0000000000
62276  -47.043  -32.240  44.200 0.0000000000
61170  -47.303  -32.839  43.498 0.0000000000
62385  -54.367  -31.475  36.102 0.0000000000
63532  -54.317  -30.865  36.462 0.0000000000
67085  -56.973  -27.164  28.457 0.0000000000
67087  -58.870  -28.188  28.449 0.0000000000
67100  -58.914  -27.545  27.276 0.0000000000
66066  -58.990  -27.734  25.779 0.0000000000
68160  -58.166  -26.186  26.674 0.0000000000
78673  -57.064  -16.706  30.928 0.0000000000
77604  -56.828  -17.691  31.219 0.0000000000
77623  -57.077  -17.594  29.540 0.0000000000
82084  -53.276  -13.304  28.996 0.0000000000
83227  -54.395  -12.590  30.347 0.0000000000
82070  -55.311  -13.624  31.406 0.0000000000
84274  -55.496  -11.901  31.208 0.0000000000
83228  -56.621  -12.102  30.569 0.0000000000
85291  -55.763  -10.538  30.207 0.0000000000
87376  -56.704  -8.863  28.287 0.0000000000
58771  -49.007  -34.795  39.669 0.0000000000
57521  -50.045  -35.777  38.853 0.0000000000
60064  -49.902  -33.507  39.590 0.0000000000
63461  -50.417  -30.451  41.403 0.0000000000
62311  -50.857  -31.263  40.816 0.0000000000
63477  -51.020  -30.729  40.686 0.0000000000
63488  -52.157  -31.170  39.369 0.0000000000
65868  -50.861  -30.466  40.201 0.0000000000
39179  -21.698  -50.690  57.190 0.0000000000
41277  -22.320  -49.451  58.136 0.0000000000
45786  -24.226  -46.553  57.554 0.0000000000
47938  -28.737  -44.157  55.509 0.0000000000
45805  -28.885  -44.880  55.602 0.0000000000
44741  -28.010  -45.484  55.576 0.0000000000
44743  -29.220  -45.119  55.539 0.0000000000
44766  -29.906  -45.831  54.812 0.0000000000
45815  -30.414  -44.437  55.515 0.0000000000
45837  -33.846  -44.796  53.997 0.0000000000
45847  -33.867  -44.753  53.019 0.0000000000
46924  -35.180  -44.088  53.654 0.0000000000
52563  -38.179  -40.362  51.909 0.0000000000
50278  -37.045  -41.388  53.202 0.0000000000
49093  -37.612  -41.980  52.122 0.0000000000
48013  -36.526  -42.901  51.888 0.0000000000
49122  -37.411  -42.076  50.939 0.0000000000
49149  -37.552  -42.205  48.941 0.0000000000
50310  -38.882  -40.874  49.643 0.0000000000
53684  -42.292  -38.818  50.110 0.0000000000
51499  -41.602  -40.160  48.759 0.0000000000
52604  -43.041  -39.758  48.821 0.0000000000
52620  -43.738  -39.418  48.316 0.0000000000
57428  -43.308  -36.378  48.020 0.0000000000
58677  -43.805  -35.680  47.997 0.0000000000
57452  -46.401  -35.618  46.444 0.0000000000
57445  -45.795  -36.145  47.471 0.0000000000
54875  -46.095  -36.960  45.708 0.0000000000
53752  -44.964  -38.338  45.632 0.0000000000
54888  -45.341  -37.238  44.387 0.0000000000
56166  -45.392  -36.347  43.317 0.0000000000
60040  -46.868  -33.352  41.065 0.0000000000
60038  -46.032  -34.472  41.472 0.0000000000
58788  -47.510  -34.366  39.769 0.0000000000
57518  -47.969  -35.582  39.527 0.0000000000
42339  -20.593  -49.052  58.024 0.0000000000
41267  -20.423  -49.946  58.108 0.0000000000
39158  -19.829  -51.167  58.012 0.0000000000
56250  -52.115  -36.118  37.631 0.0000000000
56252  -53.134  -36.885  36.745 0.0000000000
57590  -55.311  -35.267  34.214 0.0000000000
67000  -55.324  -29.143  33.072 0.0000000000
64767  -55.916  -30.124  34.023 0.0000000000
64784  -56.754  -30.009  32.894 0.0000000000
62520  -57.609  -30.794  28.980 0.0000000000
61341  -57.161  -31.601  30.345 0.0000000000
74650  -57.081  -20.661  30.971 0.0000000000
73569  -55.784  -21.302  31.806 0.0000000000
72340  -56.836  -22.346  30.650 0.0000000000
71331  -56.582  -23.275  29.187 0.0000000000
72374  -57.369  -22.757  28.057 0.0000000000
71359  -58.787  -23.666  26.135 0.0000000000
85312  -53.621  -10.347  28.465 0.0000000000
86320  -55.160  -9.493  29.553 0.0000000000
87384  -54.125  -8.689  27.314 0.0000000000
88477  -55.084  -7.485  26.673 0.0000000000
61196  -48.306  -32.265  41.813 0.0000000000
61213  -48.842  -32.199  40.974 0.0000000000
62301  -49.138  -31.537  42.298 0.0000000000
63444  -49.581  -30.255  42.628 0.0000000000
65841  -49.821  -28.827  41.973 0.0000000000
43574  -21.742  -47.983  57.725 0.0000000000
43555  -22.380  -48.214  58.335 0.0000000000
46889  -24.595  -45.308  57.067 0.0000000000
52570  -38.405  -40.485  50.763 0.0000000000
51482  -39.352  -40.567  49.976 0.0000000000
53667  -40.401  -39.359  49.667 0.0000000000
53668  -41.466  -38.761  50.153 0.0000000000
54800  -42.687  -37.656  49.753 0.0000000000
59977  -44.454  -34.148  45.381 0.0000000000
59942  -45.237  -34.700  46.684 0.0000000000
61141  -45.744  -34.136  46.122 0.0000000000
59959  -46.759  -33.763  46.160 0.0000000000
57473  -47.102  -34.891  45.145 0.0000000000
57483  -46.324  -35.323  43.859 0.0000000000
59995  -46.867  -33.584  44.026 0.0000000000
61182  -47.636  -32.567  42.615 0.0000000000
43592  -21.454  -48.621  56.774 0.0000000000
60096  -52.242  -32.794  37.377 0.0000000000
58817  -52.642  -34.334  36.120 0.0000000000
60109  -53.015  -33.237  35.862 0.0000000000
60116  -54.309  -33.289  34.773 0.0000000000
60118  -55.600  -33.336  34.276 0.0000000000
67035  -56.078  -29.039  31.064 0.0000000000
65968  -57.224  -29.563  31.394 0.0000000000
65998  -58.362  -28.814  30.073 0.0000000000
63674  -59.047  -30.089  28.701 0.0000000000
78659  -54.908  -17.096  31.634 0.0000000000
76597  -55.127  -18.574  31.444 0.0000000000
76599  -56.055  -18.552  31.822 0.0000000000
75627  -57.049  -19.781  31.077 0.0000000000
63441  -46.061  -31.631  43.210 0.0000000000
61169  -44.754  -32.893  44.183 0.0000000000
65908  -54.309  -29.793  35.866 0.0000000000
67034  -55.612  -28.951  30.899 0.0000000000
67047  -55.773  -28.205  29.718 0.0000000000
67063  -55.632  -27.730  28.786 0.0000000000
68134  -55.612  -26.183  27.436 0.0000000000
79839  -54.116  -15.643  30.643 0.0000000000
80940  -55.388  -15.079  31.797 0.0000000000
80942  -56.097  -15.289  31.634 0.0000000000
79840  -56.852  -15.678  30.506 0.0000000000
85302  -56.177  -10.270  29.712 0.0000000000
84303  -57.012  -11.477  28.443 0.0000000000
56228  -51.016  -36.824  38.916 0.0000000000
57540  -50.865  -35.748  38.781 0.0000000000
58793  -51.570  -34.286  38.286 0.0000000000
61234  -50.214  -32.455  40.200 0.0000000000
60083  -51.425  -32.847  39.435 0.0000000000
61259  -52.167  -32.554  38.659 0.0000000000
61249  -52.466  -32.013  38.791 0.0000000000
63503  -53.088  -31.032  38.150 0.0000000000
64659  -47.000  -30.590  42.210 0.0000000000
65839  -48.376  -29.817  41.608 0.0000000000
65866  -49.540  -30.105  40.025 0.0000000000
38154  -20.339  -51.862  56.847 0.0000000000
38155  -21.150  -51.544  56.606 0.0000000000
43629  -26.285  -47.225  54.191 0.0000000000
47962  -24.785  -44.578  55.542 0.0000000000
47936  -25.748  -44.813  56.574 0.0000000000
46890  -25.906  -45.369  56.609 0.0000000000
43598  -27.233  -46.372  55.283 0.0000000000
42398  -31.450  -47.005  53.156 0.0000000000
43647  -32.147  -46.535  53.187 0.0000000000
49059  -34.427  -42.919  53.830 0.0000000000
50270  -35.444  -41.710  53.287 0.0000000000
47982  -35.136  -43.236  53.067 0.0000000000
46933  -35.547  -43.348  52.285 0.0000000000
46957  -35.640  -43.903  50.704 0.0000000000
50312  -40.308  -40.365  49.064 0.0000000000
56086  -42.093  -37.161  48.920 0.0000000000
56087  -42.608  -36.902  49.373 0.0000000000
54815  -43.568  -37.476  49.341 0.0000000000
58679  -45.190  -35.085  47.514 0.0000000000
56107  -45.114  -36.610  48.459 0.0000000000
53713  -44.752  -38.477  48.186 0.0000000000
52642  -44.865  -38.980  46.970 0.0000000000
52651  -44.095  -39.254  45.504 0.0000000000
54948  -44.743  -37.349  41.072 0.0000000000
57491  -45.523  -35.525  42.560 0.0000000000
57515  -45.416  -35.688  40.842 0.0000000000
54968  -46.096  -37.424  40.264 0.0000000000
54970  -48.037  -37.636  39.923 0.0000000000
38133  -19.893  -51.470  57.693 0.0000000000
64751  -55.161  -30.077  35.443 0.0000000000
62402  -56.037  -31.748  34.469 0.0000000000
60131  -56.432  -33.366  33.248 0.0000000000
63587  -57.331  -30.516  31.430 0.0000000000
61328  -56.994  -32.299  31.717 0.0000000000
58856  -56.333  -33.561  32.020 0.0000000000
69285  -54.612  -25.437  27.893 0.0000000000
69287  -56.339  -25.450  27.142 0.0000000000
74649  -54.894  -20.524  31.042 0.0000000000
72323  -54.474  -22.216  31.270 0.0000000000
70297  -55.257  -23.954  30.178 0.0000000000
70322  -55.827  -23.971  28.681 0.0000000000
69288  -56.895  -25.144  27.275 0.0000000000
70351  -58.782  -24.973  26.092 0.0000000000
38177  -18.995  -52.544  55.600 0.0000000000
63429  -47.321  -31.393  43.861 0.0000000000
64636  -47.552  -30.931  43.566 0.0000000000
64635  -47.265  -30.976  43.682 0.0000000000
53698  -38.895  -39.212  48.557 0.0000000000
54812  -40.305  -38.554  48.640 0.0000000000
54828  -40.034  -38.437  48.255 0.0000000000
63427  -46.285  -31.841  44.120 0.0000000000
63422  -46.090  -32.217  44.400 0.0000000000
63428  -46.767  -31.734  44.173 0.0000000000
65901  -53.456  -30.092  36.811 0.0000000000
63518  -53.999  -30.894  37.162 0.0000000000
64736  -54.067  -30.388  36.607 0.0000000000
68136  -57.214  -26.738  27.787 0.0000000000
67086  -58.026  -27.357  28.229 0.0000000000
67099  -58.294  -27.046  27.429 0.0000000000
68149  -58.373  -26.795  27.019 0.0000000000
78683  -57.038  -16.665  30.077 0.0000000000
84294  -53.907  -11.138  29.302 0.0000000000
83226  -54.062  -11.895  29.868 0.0000000000
83216  -54.901  -12.466  31.161 0.0000000000
84273  -54.979  -11.642  31.070 0.0000000000
84287  -55.318  -11.221  30.681 0.0000000000
60062  -48.291  -33.903  39.663 0.0000000000
60063  -49.190  -33.778  39.861 0.0000000000
65843  -50.773  -29.443  41.694 0.0000000000
64673  -50.373  -29.934  41.225 0.0000000000
64689  -50.574  -30.401  40.663 0.0000000000
64690  -51.305  -30.726  40.198 0.0000000000
41268  -21.304  -49.698  57.996 0.0000000000
41269  -22.091  -49.503  58.067 0.0000000000
46878  -24.676  -46.204  57.510 0.0000000000
45787  -25.034  -46.609  57.440 0.0000000000
47939  -29.883  -43.949  56.028 0.0000000000
46894  -29.290  -44.361  55.570 0.0000000000
45806  -29.705  -44.686  55.586 0.0000000000
45814  -29.922  -44.951  55.500 0.0000000000
45807  -30.224  -44.173  55.832 0.0000000000
47969  -34.476  -43.442  54.608 0.0000000000
46914  -34.087  -44.163  54.904 0.0000000000
45838  -34.465  -44.504  53.604 0.0000000000
51475  -38.381  -40.784  51.385 0.0000000000
50280  -38.223  -41.316  51.918 0.0000000000
49094  -38.050  -41.642  51.573 0.0000000000
49106  -37.673  -41.998  51.487 0.0000000000
49107  -37.949  -41.623  51.031 0.0000000000
50309  -37.977  -41.394  49.826 0.0000000000
50297  -38.237  -41.194  50.427 0.0000000000
53700  -43.073  -38.984  49.348 0.0000000000
53699  -42.397  -39.310  49.299 0.0000000000
52605  -43.506  -39.189  48.976 0.0000000000
58690  -43.918  -35.755  47.039 0.0000000000
58691  -44.573  -35.372  46.979 0.0000000000
57461  -46.853  -35.387  45.747 0.0000000000
56135  -46.344  -36.224  46.106 0.0000000000
54889  -46.050  -36.981  44.916 0.0000000000
56156  -45.380  -36.778  43.887 0.0000000000
56157  -45.977  -36.321  44.254 0.0000000000
61211  -47.485  -32.955  40.753 0.0000000000
61231  -47.950  -33.051  40.230 0.0000000000
60082  -47.870  -34.183  39.554 0.0000000000
42340  -21.022  -48.895  58.108 0.0000000000
42327  -20.445  -49.449  58.110 0.0000000000
40206  -20.511  -50.412  57.907 0.0000000000
57553  -51.760  -35.368  37.905 0.0000000000
56251  -52.690  -36.423  37.045 0.0000000000
57563  -52.026  -35.408  37.196 0.0000000000
57591  -55.548  -34.880  33.796 0.0000000000
56316  -55.439  -35.563  33.652 0.0000000000
56341  -55.478  -35.701  33.041 0.0000000000
57621  -55.629  -34.976  32.581 0.0000000000
67011  -55.417  -28.858  32.917 0.0000000000
65938  -55.749  -29.381  33.039 0.0000000000
65953  -56.421  -29.638  32.311 0.0000000000
76616  -53.951  -18.331  30.555 0.0000000000
73595  -57.322  -21.641  30.115 0.0000000000
73584  -57.073  -21.473  30.779 0.0000000000
72365  -57.130  -22.752  28.915 0.0000000000
61183  -48.298  -32.132  42.410 0.0000000000
62300  -48.681  -31.935  42.264 0.0000000000
64644  -48.798  -30.117  42.619 0.0000000000
63443  -48.937  -30.470  42.613 0.0000000000
64652  -49.420  -29.666  42.834 0.0000000000
64653  -50.050  -29.586  42.979 0.0000000000
65831  -48.897  -29.004  42.612 0.0000000000
43584  -21.980  -47.844  57.189 0.0000000000
46899  -23.842  -45.628  56.511 0.0000000000
53682  -38.619  -39.470  49.699 0.0000000000
53664  -38.209  -39.655  50.117 0.0000000000
53652  -38.132  -40.004  50.540 0.0000000000
53653  -38.696  -39.914  50.414 0.0000000000
52571  -39.308  -40.069  50.353 0.0000000000
53666  -39.591  -39.508  49.793 0.0000000000
54798  -41.504  -38.219  49.545 0.0000000000
54784  -41.572  -38.158  50.096 0.0000000000
56052  -41.817  -37.613  50.513 0.0000000000
54799  -42.148  -37.913  50.418 0.0000000000
56068  -42.225  -37.268  50.251 0.0000000000
61159  -44.812  -33.357  45.119 0.0000000000
61149  -45.383  -33.662  45.562 0.0000000000
61152  -46.660  -33.156  44.749 0.0000000000
59960  -47.058  -33.542  45.587 0.0000000000
58713  -47.119  -34.302  45.553 0.0000000000
58722  -47.042  -34.272  44.657 0.0000000000
62291  -47.754  -32.143  43.208 0.0000000000
43593  -21.989  -48.079  56.448 0.0000000000
43583  -21.458  -48.453  57.294 0.0000000000
61270  -52.745  -32.088  36.992 0.0000000000
60103  -52.426  -33.204  36.601 0.0000000000
61271  -53.468  -31.977  36.726 0.0000000000
61283  -54.365  -31.946  35.561 0.0000000000
61293  -54.028  -32.460  35.166 0.0000000000
61294  -54.840  -32.334  34.990 0.0000000000
60117  -55.079  -33.305  34.598 0.0000000000
61295  -55.578  -32.500  34.639 0.0000000000
67048  -56.427  -28.178  30.234 0.0000000000
67049  -57.240  -28.561  30.532 0.0000000000
67050  -58.008  -28.615  30.262 0.0000000000
66030  -59.136  -28.685  27.788 0.0000000000
66016  -59.097  -28.915  28.726 0.0000000000
64865  -59.113  -29.460  28.321 0.0000000000
63691  -58.628  -30.009  27.889 0.0000000000
64901  -58.405  -29.042  26.871 0.0000000000
78660  -55.500  -16.569  31.941 0.0000000000
77595  -55.875  -17.591  31.814 0.0000000000
77596  -56.329  -17.595  31.555 0.0000000000
75638  -57.395  -20.045  29.979 0.0000000000
62289  -45.423  -32.283  43.472 0.0000000000
66015  -54.231  -27.745  28.522 0.0000000000
67083  -55.282  -27.145  27.978 0.0000000000
67084  -56.109  -27.198  28.135 0.0000000000
80970  -53.649  -13.786  29.576 0.0000000000
80960  -53.453  -15.062  29.776 0.0000000000
79829  -54.606  -15.431  31.262 0.0000000000
80949  -54.481  -14.800  30.875 0.0000000000
82071  -56.048  -13.893  31.498 0.0000000000
82063  -55.842  -14.529  31.604 0.0000000000
80952  -56.335  -14.879  31.281 0.0000000000
80962  -56.753  -14.717  30.811 0.0000000000
80971  -56.650  -14.624  30.015 0.0000000000
82079  -56.822  -13.716  30.424 0.0000000000
84289  -56.742  -11.601  30.202 0.0000000000
86321  -55.841  -9.687  29.563 0.0000000000
87360  -55.732  -8.927  29.176 0.0000000000
85323  -57.021  -10.548  27.970 0.0000000000
86337  -56.916  -9.774  28.473 0.0000000000
54973  -50.193  -37.670  39.186 0.0000000000
54974  -50.807  -37.524  39.100 0.0000000000
56215  -50.466  -36.785  38.874 0.0000000000
58773  -50.378  -34.517  39.062 0.0000000000
57541  -51.402  -35.445  38.416 0.0000000000
58792  -51.152  -34.163  38.884 0.0000000000
61214  -49.670  -31.760  41.151 0.0000000000
61215  -50.424  -31.705  40.714 0.0000000000
61236  -51.723  -31.916  39.911 0.0000000000
61235  -51.108  -32.133  40.120 0.0000000000
61247  -51.622  -32.279  39.753 0.0000000000
60084  -51.758  -33.213  38.838 0.0000000000
61248  -52.013  -32.231  39.336 0.0000000000
64703  -52.345  -30.938  38.961 0.0000000000
63489  -52.642  -31.129  38.775 0.0000000000
38143  -21.112  -51.259  57.058 0.0000000000
39180  -22.737  -49.905  57.023 0.0000000000
44714  -22.847  -47.821  58.324 0.0000000000
43557  -23.320  -48.061  58.187 0.0000000000
42369  -24.951  -47.493  55.798 0.0000000000
43611  -25.256  -47.443  55.097 0.0000000000
43612  -26.283  -46.939  55.014 0.0000000000
47948  -25.298  -44.420  56.140 0.0000000000
47947  -24.707  -44.705  56.266 0.0000000000
46891  -26.620  -44.958  56.424 0.0000000000
45802  -26.565  -45.511  56.251 0.0000000000
45803  -27.344  -45.265  56.012 0.0000000000
44755  -28.670  -45.708  55.338 0.0000000000
44754  -27.988  -45.889  55.412 0.0000000000
43599  -28.006  -46.243  55.160 0.0000000000
43613  -27.217  -46.664  54.846 0.0000000000
43614  -28.023  -46.525  54.728 0.0000000000
43631  -28.049  -46.817  54.163 0.0000000000
44767  -30.345  -45.354  54.832 0.0000000000
42382  -30.169  -46.748  54.158 0.0000000000
42383  -30.487  -46.606  53.988 0.0000000000
42397  -30.781  -46.838  53.538 0.0000000000
43633  -31.240  -46.280  53.762 0.0000000000
45835  -32.261  -45.180  54.275 0.0000000000
44778  -32.245  -45.766  53.717 0.0000000000
44786  -32.773  -45.987  53.197 0.0000000000
45846  -33.271  -45.303  53.160 0.0000000000
45858  -34.169  -44.997  52.092 0.0000000000
45869  -34.514  -44.878  51.546 0.0000000000
44804  -34.421  -45.514  51.289 0.0000000000
45870  -34.865  -44.747  50.957 0.0000000000
50271  -36.178  -41.515  53.357 0.0000000000
49075  -35.501  -42.409  53.153 0.0000000000
47983  -35.649  -42.662  52.795 0.0000000000
47996  -35.456  -43.122  52.580 0.0000000000
47997  -36.166  -42.757  52.436 0.0000000000
48035  -37.010  -42.773  50.684 0.0000000000
48034  -36.282  -42.988  51.118 0.0000000000
48053  -36.379  -43.364  50.281 0.0000000000
50343  -38.725  -41.702  48.585 0.0000000000
48099  -38.323  -42.927  48.487 0.0000000000
48100  -39.023  -42.701  48.241 0.0000000000
51483  -40.023  -40.090  49.923 0.0000000000
51491  -39.961  -40.288  49.516 0.0000000000
51492  -40.954  -39.992  49.226 0.0000000000
56106  -41.760  -37.546  48.374 0.0000000000
57427  -42.530  -36.925  48.070 0.0000000000
57415  -43.541  -36.147  48.753 0.0000000000
57414  -42.905  -36.491  48.735 0.0000000000
56088  -43.268  -36.814  49.433 0.0000000000
56089  -44.306  -36.646  49.007 0.0000000000
59925  -45.242  -34.676  47.264 0.0000000000
59924  -45.339  -34.976  47.294 0.0000000000
58680  -45.415  -35.247  47.325 0.0000000000
56122  -46.093  -36.499  47.355 0.0000000000
56108  -45.646  -36.649  47.797 0.0000000000
54831  -45.288  -37.456  48.156 0.0000000000
53714  -45.265  -37.956  47.787 0.0000000000
53721  -44.892  -38.859  47.675 0.0000000000
53722  -45.155  -38.451  47.445 0.0000000000
54928  -44.775  -36.955  42.823 0.0000000000
56179  -44.695  -36.528  41.609 0.0000000000
58733  -46.470  -34.772  43.285 0.0000000000
57492  -46.111  -35.203  43.114 0.0000000000
58746  -46.191  -34.623  42.592 0.0000000000
58768  -46.287  -34.738  40.651 0.0000000000
58756  -45.813  -34.924  41.282 0.0000000000
57516  -46.089  -35.637  40.362 0.0000000000
56209  -45.760  -36.419  40.415 0.0000000000
56210  -46.558  -36.520  40.026 0.0000000000
54969  -47.084  -37.564  39.940 0.0000000000
56211  -47.503  -36.602  39.726 0.0000000000
56213  -49.147  -36.803  39.303 0.0000000000
56212  -48.414  -36.714  39.530 0.0000000000
54972  -49.563  -37.754  39.466 0.0000000000
39167  -20.931  -50.784  57.543 0.0000000000
39166  -19.879  -51.274  57.872 0.0000000000
38142  -20.085  -51.657  57.389 0.0000000000
58824  -53.246  -34.346  35.499 0.0000000000
57570  -53.007  -35.377  35.896 0.0000000000
56275  -54.332  -36.277  35.295 0.0000000000
65916  -54.687  -29.596  35.016 0.0000000000
65909  -54.839  -29.705  35.465 0.0000000000
64768  -56.377  -30.343  33.462 0.0000000000
63559  -56.374  -31.030  33.954 0.0000000000
62416  -56.529  -31.646  33.384 0.0000000000
61306  -56.325  -32.265  33.596 0.0000000000
61315  -56.674  -32.470  33.078 0.0000000000
64812  -57.600  -29.898  31.092 0.0000000000
64801  -57.186  -30.031  31.825 0.0000000000
63604  -57.715  -30.428  30.727 0.0000000000
61329  -57.133  -31.685  31.108 0.0000000000
61340  -56.894  -32.310  30.957 0.0000000000
60145  -56.553  -32.894  31.548 0.0000000000
58898  -56.143  -33.093  31.299 0.0000000000
69275  -55.012  -25.150  27.854 0.0000000000
69264  -55.304  -24.380  28.705 0.0000000000
75614  -55.704  -19.431  31.849 0.0000000000
75626  -54.932  -19.401  31.070 0.0000000000
74634  -55.408  -20.204  31.511 0.0000000000
72325  -55.842  -22.153  31.571 0.0000000000
72324  -55.228  -22.133  31.465 0.0000000000
71286  -54.343  -22.864  31.113 0.0000000000
70263  -54.875  -23.219  31.153 0.0000000000
70276  -54.317  -23.603  30.808 0.0000000000
70278  -55.704  -23.451  30.773 0.0000000000
71338  -57.062  -23.521  28.397 0.0000000000
70316  -56.066  -23.679  29.075 0.0000000000
70323  -56.359  -23.952  28.329 0.0000000000
69277  -56.468  -24.483  27.724 0.0000000000
70330  -57.674  -24.467  27.270 0.0000000000
69289  -57.960  -25.382  27.020 0.0000000000
62283  -47.988  -31.511  43.314 0.0000000000
64643  -47.973  -30.410  43.204 0.0000000000
65822  -48.137  -29.787  42.821 0.0000000000
54795  -39.224  -39.351  49.163 0.0000000000
54782  -39.644  -39.375  49.340 0.0000000000
54796  -40.375  -38.734  49.033 0.0000000000
56065  -41.079  -38.348  48.916 0.0000000000
56066  -41.702  -38.002  49.157 0.0000000000
62275  -45.422  -32.537  44.665 0.0000000000
62268  -45.589  -32.811  45.141 0.0000000000
62269  -46.079  -32.767  45.025 0.0000000000
62270  -46.425  -32.677  44.557 0.0000000000
61160  -47.119  -33.143  43.991 0.0000000000
62282  -47.452  -32.214  43.725 0.0000000000
62355  -53.659  -31.183  37.313 0.0000000000
62371  -53.353  -31.699  37.024 0.0000000000
62372  -53.986  -31.574  37.010 0.0000000000
63533  -54.867  -30.786  35.887 0.0000000000
67066  -58.241  -28.323  29.469 0.0000000000
66048  -59.015  -28.489  26.597 0.0000000000
67109  -58.998  -27.370  26.169 0.0000000000
68165  -58.520  -26.421  25.731 0.0000000000
78662  -56.669  -16.690  31.477 0.0000000000
77613  -57.224  -17.895  30.484 0.0000000000
82085  -53.709  -13.082  29.543 0.0000000000
82078  -54.134  -13.410  29.978 0.0000000000
82069  -54.693  -13.735  30.724 0.0000000000
83217  -55.725  -12.741  31.427 0.0000000000
83219  -56.714  -13.191  30.693 0.0000000000
84275  -56.019  -12.169  31.235 0.0000000000
84288  -56.141  -11.604  30.711 0.0000000000
85292  -56.450  -10.904  30.084 0.0000000000
87386  -55.522  -7.855  28.094 0.0000000000
87375  -56.044  -8.356  28.458 0.0000000000
88453  -56.696  -8.410  27.834 0.0000000000
86343  -57.139  -9.697  27.673 0.0000000000
84323  -57.328  -11.380  26.479 0.0000000000
57520  -49.442  -35.823  39.258 0.0000000000
58772  -49.568  -34.817  39.340 0.0000000000
63460  -50.337  -30.681  42.012 0.0000000000
62325  -51.482  -31.406  40.267 0.0000000000
63478  -51.797  -31.000  40.089 0.0000000000
65869  -51.511  -30.712  39.775 0.0000000000
65880  -51.826  -30.799  38.965 0.0000000000
39178  -21.098  -51.004  57.367 0.0000000000
40218  -21.807  -50.163  57.684 0.0000000000
39168  -22.040  -50.212  57.494 0.0000000000
39169  -22.507  -49.817  57.458 0.0000000000
44751  -25.943  -46.541  56.001 0.0000000000
45804  -28.096  -45.060  55.726 0.0000000000
44742  -28.740  -45.313  55.521 0.0000000000
43601  -29.064  -45.873  55.106 0.0000000000
44756  -29.511  -45.454  55.274 0.0000000000
44757  -30.052  -45.094  55.339 0.0000000000
45848  -34.562  -44.327  52.861 0.0000000000
52562  -37.608  -40.431  52.099 0.0000000000
51467  -36.642  -40.579  52.889 0.0000000000
51468  -37.704  -40.636  52.751 0.0000000000
50279  -37.747  -41.395  52.637 0.0000000000
49092  -37.161  -42.216  52.907 0.0000000000
50323  -38.421  -41.368  49.058 0.0000000000
50324  -39.334  -41.236  48.667 0.0000000000
52590  -41.742  -39.666  50.089 0.0000000000
51493  -41.735  -40.064  49.779 0.0000000000
52591  -42.119  -39.842  49.819 0.0000000000
52603  -42.062  -39.609  48.775 0.0000000000
51520  -43.570  -40.341  47.638 0.0000000000
52630  -44.432  -39.403  47.484 0.0000000000
57443  -43.064  -36.249  47.078 0.0000000000
57442  -42.600  -36.892  47.579 0.0000000000
58689  -43.530  -36.101  47.464 0.0000000000
58669  -43.983  -35.680  48.326 0.0000000000
58701  -46.608  -34.687  46.319 0.0000000000
57446  -46.058  -35.621  47.138 0.0000000000
56123  -46.287  -36.292  46.830 0.0000000000
54866  -46.191  -36.938  46.557 0.0000000000
53736  -45.243  -38.317  46.632 0.0000000000
54865  -45.702  -37.631  46.179 0.0000000000
54874  -45.565  -37.565  45.247 0.0000000000
53769  -44.906  -38.024  44.731 0.0000000000
60023  -46.674  -33.565  42.200 0.0000000000
60022  -46.031  -34.281  41.882 0.0000000000
60039  -46.232  -34.019  41.265 0.0000000000
60060  -46.683  -33.988  40.615 0.0000000000
58769  -47.000  -34.480  40.163 0.0000000000
57537  -47.527  -34.957  39.701 0.0000000000
58770  -48.476  -34.923  39.555 0.0000000000
42338  -19.927  -49.322  57.946 0.0000000000
42326  -19.762  -49.580  58.215 0.0000000000
41266  -19.603  -50.075  58.352 0.0000000000
39159  -20.689  -50.626  57.713 0.0000000000
57577  -54.987  -35.059  34.506 0.0000000000
56276  -54.628  -35.665  34.699 0.0000000000
56295  -54.987  -36.053  34.377 0.0000000000
66999  -54.913  -29.238  33.576 0.0000000000
65926  -55.053  -29.473  34.157 0.0000000000
65927  -55.469  -29.476  33.604 0.0000000000
64783  -56.081  -29.799  33.301 0.0000000000
63573  -57.003  -30.654  32.607 0.0000000000
63652  -58.307  -30.553  29.500 0.0000000000
62484  -57.413  -30.954  30.395 0.0000000000
74637  -56.734  -20.554  31.484 0.0000000000
74636  -56.319  -20.461  31.938 0.0000000000
73571  -56.776  -21.367  31.255 0.0000000000
72326  -56.373  -22.213  31.180 0.0000000000
72339  -56.444  -22.644  30.887 0.0000000000
71318  -56.110  -23.260  30.569 0.0000000000
71319  -56.452  -23.112  30.144 0.0000000000
71345  -57.494  -23.627  27.666 0.0000000000
71346  -58.138  -23.692  27.020 0.0000000000
85299  -53.992  -10.456  29.051 0.0000000000
85300  -54.380  -10.346  29.563 0.0000000000
85313  -54.045  -9.980  28.857 0.0000000000
86335  -54.522  -9.300  28.692 0.0000000000
87385  -54.784  -8.255  27.724 0.0000000000
88463  -55.489  -7.529  27.362 0.0000000000
61212  -48.054  -32.475  40.856 0.0000000000
61197  -49.017  -31.836  41.756 0.0000000000
61198  -49.495  -31.630  41.933 0.0000000000
62293  -49.270  -31.041  42.700 0.0000000000
62302  -49.901  -31.218  42.231 0.0000000000
63452  -50.399  -30.076  42.060 0.0000000000
65842  -50.720  -29.031  42.149 0.0000000000
43563  -21.728  -48.248  58.166 0.0000000000
43554  -21.831  -48.626  58.269 0.0000000000
44720  -22.616  -47.440  58.070 0.0000000000
45784  -23.210  -46.933  57.896 0.0000000000
45793  -23.964  -46.303  57.520 0.0000000000
46884  -24.563  -45.852  57.438 0.0000000000
52569  -38.020  -40.318  51.161 0.0000000000
52564  -38.368  -40.579  51.646 0.0000000000
50288  -38.531  -40.786  50.593 0.0000000000
50298  -38.649  -40.801  50.344 0.0000000000
51477  -39.536  -40.125  50.238 0.0000000000
52577  -40.627  -39.456  49.645 0.0000000000
53683  -41.687  -39.175  50.244 0.0000000000
53685  -43.045  -38.258  49.441 0.0000000000
59957  -44.187  -34.549  45.976 0.0000000000
58700  -44.235  -34.998  46.441 0.0000000000
59958  -44.715  -34.391  46.025 0.0000000000
59943  -45.634  -34.586  46.727 0.0000000000
61150  -45.918  -33.456  45.583 0.0000000000
61143  -46.377  -33.754  46.080 0.0000000000
59944  -46.149  -34.251  46.331 0.0000000000
57462  -47.097  -34.832  45.615 0.0000000000
57472  -46.705  -35.555  44.775 0.0000000000
57484  -46.885  -34.894  44.449 0.0000000000
58734  -46.724  -34.354  43.823 0.0000000000
60008  -47.115  -33.580  43.212 0.0000000000
61195  -47.444  -32.753  41.563 0.0000000000
42351  -20.703  -48.994  57.648 0.0000000000
43573  -21.226  -48.562  57.885 0.0000000000
60102  -51.977  -33.568  37.260 0.0000000000
58816  -52.093  -34.389  36.803 0.0000000000
61282  -53.782  -32.269  36.071 0.0000000000
60110  -53.566  -33.251  35.238 0.0000000000
58825  -53.849  -34.311  34.884 0.0000000000
58831  -54.637  -34.227  34.585 0.0000000000
58833  -55.580  -34.096  33.955 0.0000000000
58840  -56.035  -34.118  33.463 0.0000000000
67025  -56.300  -29.485  31.870 0.0000000000
65980  -57.130  -29.141  31.171 0.0000000000
65981  -57.868  -29.137  30.716 0.0000000000
64823  -58.165  -29.789  30.439 0.0000000000
65999  -58.903  -28.959  29.594 0.0000000000
63629  -58.796  -30.038  29.587 0.0000000000
62522  -58.665  -30.401  28.915 0.0000000000
77603  -54.490  -17.557  31.128 0.0000000000
77593  -54.888  -17.881  31.450 0.0000000000
76598  -55.593  -18.544  31.708 0.0000000000
76600  -56.444  -18.623  31.485 0.0000000000
75616  -56.581  -19.630  31.503 0.0000000000
74659  -57.279  -20.766  30.347 0.0000000000
63434  -46.442  -31.376  43.615 0.0000000000
64641  -46.789  -30.889  43.411 0.0000000000
58711  -43.818  -35.007  45.462 0.0000000000
59994  -44.506  -33.640  44.570 0.0000000000
62280  -44.915  -32.736  44.473 0.0000000000
62281  -45.573  -32.304  44.048 0.0000000000
63433  -46.008  -31.899  43.814 0.0000000000
66981  -52.829  -29.504  36.112 0.0000000000
66982  -53.649  -29.605  35.910 0.0000000000
66989  -53.450  -29.570  35.125 0.0000000000
66997  -54.044  -29.478  34.179 0.0000000000
67010  -55.160  -29.044  33.109 0.0000000000
67023  -55.515  -29.348  32.184 0.0000000000
67064  -56.397  -27.705  29.126 0.0000000000
68135  -56.474  -26.596  27.662 0.0000000000
79847  -53.188  -15.670  29.548 0.0000000000
78682  -54.015  -16.400  30.711 0.0000000000
78671  -54.521  -16.423  31.224 0.0000000000
79830  -55.046  -15.717  31.743 0.0000000000
79821  -55.572  -15.621  31.927 0.0000000000
80950  -54.957  -14.650  31.506 0.0000000000
80941  -55.787  -15.072  31.739 0.0000000000
79823  -56.378  -15.860  31.602 0.0000000000
79831  -56.741  -15.752  31.175 0.0000000000
78692  -56.771  -16.575  29.329 0.0000000000
86308  -55.469  -9.932  30.036 0.0000000000
85301  -55.897  -10.107  29.902 0.0000000000
85303  -56.678  -10.620  29.429 0.0000000000
86322  -56.506  -9.754  29.110 0.0000000000
86323  -56.841  -10.179  29.000 0.0000000000
56229  -51.463  -36.534  38.716 0.0000000000
61233  -49.423  -32.697  40.288 0.0000000000
60095  -51.933  -33.238  38.032 0.0000000000
61260  -52.456  -32.169  38.009 0.0000000000
62338  -52.726  -31.513  38.443 0.0000000000
62337  -52.384  -31.565  39.110 0.0000000000
65900  -52.679  -29.976  36.869 0.0000000000
64650  -46.847  -30.662  42.917 0.0000000000
64651  -47.514  -30.131  42.611 0.0000000000
64660  -47.619  -29.981  41.913 0.0000000000
65830  -48.059  -29.317  42.186 0.0000000000
65840  -48.967  -29.172  41.734 0.0000000000
65853  -49.689  -29.430  41.024 0.0000000000
65867  -50.175  -30.311  40.212 0.0000000000
65907  -52.389  -29.752  36.516 0.0000000000
38168  -20.634  -52.045  56.103 0.0000000000
38169  -21.480  -51.740  55.893 0.0000000000
41270  -22.616  -49.245  58.070 0.0000000000
41278  -22.911  -49.295  57.916 0.0000000000
47934  -24.373  -45.115  56.687 0.0000000000
47935  -24.949  -44.888  56.663 0.0000000000
47928  -25.114  -45.287  56.994 0.0000000000
44752  -26.448  -46.261  55.794 0.0000000000
44740  -27.251  -45.670  55.762 0.0000000000
43616  -29.469  -46.192  54.712 0.0000000000
45823  -30.917  -44.622  54.811 0.0000000000
44768  -31.093  -45.334  54.344 0.0000000000
44777  -31.736  -45.531  54.045 0.0000000000
43634  -31.848  -46.085  53.704 0.0000000000
45857  -33.576  -45.380  52.445 0.0000000000
44795  -33.827  -46.014  51.697 0.0000000000
51461  -35.536  -40.987  53.201 0.0000000000
49074  -34.876  -42.480  52.903 0.0000000000
49060  -34.827  -43.079  53.171 0.0000000000
47970  -35.164  -43.417  53.968 0.0000000000
46932  -35.173  -43.769  52.675 0.0000000000
46944  -35.326  -43.771  52.053 0.0000000000
46945  -35.763  -43.333  51.705 0.0000000000
46956  -35.252  -44.001  51.470 0.0000000000
51490  -39.512  -40.586  49.631 0.0000000000
50311  -39.716  -40.550  49.109 0.0000000000
50325  -40.557  -40.994  48.660 0.0000000000
51498  -41.243  -40.647  48.790 0.0000000000
49151  -40.886  -42.202  48.314 0.0000000000
56105  -41.263  -38.035  48.396 0.0000000000
57413  -42.706  -36.722  48.485 0.0000000000
56069  -42.814  -37.121  49.905 0.0000000000
54814  -43.070  -37.206  49.656 0.0000000000
53686  -43.436  -37.978  49.332 0.0000000000
58678  -44.575  -35.446  47.894 0.0000000000
57430  -44.771  -35.876  48.293 0.0000000000
57431  -45.380  -35.819  47.616 0.0000000000
54830  -44.600  -37.521  48.869 0.0000000000
52641  -44.209  -39.540  46.521 0.0000000000
52652  -44.623  -38.833  46.279 0.0000000000
56167  -45.888  -35.911  43.696 0.0000000000
57482  -45.860  -35.668  43.312 0.0000000000
58745  -45.697  -34.826  41.966 0.0000000000
57499  -45.318  -35.421  41.656 0.0000000000
57490  -44.993  -35.922  41.932 0.0000000000
53834  -48.500  -38.550  40.108 0.0000000000
54971  -48.853  -37.735  39.699 0.0000000000
38141  -19.269  -52.016  57.808 0.0000000000
56259  -52.877  -35.973  36.374 0.0000000000
63548  -55.362  -30.797  35.278 0.0000000000
64752  -55.474  -30.119  34.728 0.0000000000
63549  -55.851  -30.875  34.641 0.0000000000
62401  -55.497  -31.631  35.001 0.0000000000
61305  -56.054  -32.570  34.091 0.0000000000
60125  -55.976  -33.385  33.760 0.0000000000
58846  -56.543  -34.004  32.953 0.0000000000
65954  -56.974  -29.742  32.001 0.0000000000
64785  -57.016  -30.203  32.363 0.0000000000
62434  -57.024  -30.977  32.285 0.0000000000
61322  -56.975  -31.918  31.761 0.0000000000
62452  -56.929  -31.757  32.110 0.0000000000
61321  -56.830  -32.356  32.273 0.0000000000
58847  -56.544  -33.641  32.474 0.0000000000
58855  -56.189  -34.211  32.513 0.0000000000
68133  -54.815  -26.182  27.616 0.0000000000
68147  -56.752  -26.092  27.260 0.0000000000
76606  -54.665  -18.504  31.059 0.0000000000
75636  -54.399  -19.378  30.681 0.0000000000
74657  -54.104  -20.556  30.628 0.0000000000
73568  -55.158  -21.228  31.373 0.0000000000
73583  -54.771  -21.236  31.149 0.0000000000
73582  -54.375  -21.411  31.043 0.0000000000
70296  -54.499  -24.062  30.494 0.0000000000
70314  -55.026  -24.251  29.448 0.0000000000
70298  -55.967  -23.838  30.072 0.0000000000
69246  -55.787  -24.027  29.595 0.0000000000
69276  -55.813  -24.720  27.698 0.0000000000
69302  -58.406  -25.457  26.375 0.0000000000
69308  -58.845  -25.568  25.246 0.0000000000
70344  -58.912  -24.437  26.049 0.0000000000
70352  -59.091  -24.802  25.568 0.0000000000
69319  -58.667  -25.519  24.885 0.0000000000
40219  -22.380  -49.777  57.675 0.0000000000
40220  -23.032  -49.505  57.527 0.0000000000
42329  -21.982  -49.011  58.248 0.0000000000
42330  -22.691  -48.747  58.246 0.0000000000
42341  -22.903  -49.008  58.136 0.0000000000
43556  -22.964  -47.940  58.335 0.0000000000
43562  -21.125  -48.680  58.083 0.0000000000
43564  -22.340  -47.864  58.283 0.0000000000
43617  -30.387  -46.230  54.359 0.0000000000
43632  -30.690  -46.491  53.886 0.0000000000
44713  -22.638  -47.705  58.270 0.0000000000
44721  -23.132  -47.407  58.151 0.0000000000
45792  -23.622  -46.391  57.521 0.0000000000
46879  -25.011  -46.061  57.538 0.0000000000
46883  -23.746  -45.847  57.439 0.0000000000
46923  -34.570  -44.357  54.194 0.0000000000
47929  -25.491  -45.311  56.800 0.0000000000
47998  -37.021  -42.596  52.305 0.0000000000
48101  -39.507  -42.416  48.157 0.0000000000
49123  -37.681  -41.596  50.462 0.0000000000
49134  -37.521  -41.592  50.080 0.0000000000
49167  -37.512  -42.658  48.949 0.0000000000
49168  -37.931  -42.407  48.675 0.0000000000
49169  -38.558  -42.256  48.463 0.0000000000
49170  -39.178  -41.997  48.280 0.0000000000
50322  -37.677  -41.769  49.225 0.0000000000
50341  -37.775  -42.002  48.805 0.0000000000
50342  -38.154  -41.861  48.727 0.0000000000
51462  -35.947  -41.093  53.386 0.0000000000
51469  -38.243  -40.799  52.173 0.0000000000
51476  -38.821  -40.509  50.411 0.0000000000
51484  -40.691  -39.673  49.546 0.0000000000
52572  -39.953  -39.813  50.057 0.0000000000
52631  -44.901  -38.952  47.418 0.0000000000
53654  -39.352  -39.816  50.234 0.0000000000
53655  -39.739  -39.749  50.126 0.0000000000
53669  -41.918  -38.300  50.514 0.0000000000
53681  -38.305  -39.426  49.548 0.0000000000
53845  -51.120  -38.049  39.137 0.0000000000
54781  -39.203  -39.431  49.437 0.0000000000
54785  -41.816  -37.904  50.578 0.0000000000
54797  -41.121  -38.468  49.159 0.0000000000
54801  -43.201  -37.814  49.448 0.0000000000
54829  -40.780  -38.150  48.303 0.0000000000
54849  -46.248  -36.833  47.068 0.0000000000
54907  -44.862  -37.241  43.529 0.0000000000
54987  -51.376  -37.393  38.960 0.0000000000
56051  -41.739  -37.424  50.372 0.0000000000
56084  -40.753  -38.394  48.801 0.0000000000
56085  -41.334  -38.124  48.675 0.0000000000
56119  -41.358  -37.838  48.134 0.0000000000
56208  -45.278  -36.337  40.719 0.0000000000
56296  -55.382  -35.475  34.043 0.0000000000
57429  -43.443  -36.184  48.424 0.0000000000
57432  -45.628  -35.358  47.277 0.0000000000
57498  -45.000  -36.004  41.311 0.0000000000
57514  -45.086  -36.115  40.925 0.0000000000
57519  -48.882  -35.681  39.537 0.0000000000
57536  -47.247  -34.797  39.883 0.0000000000
57538  -49.072  -35.257  39.556 0.0000000000
57539  -49.201  -35.437  39.459 0.0000000000
57564  -52.488  -35.368  36.517 0.0000000000
57571  -53.777  -35.343  35.507 0.0000000000
57578  -55.364  -34.713  34.200 0.0000000000
58670  -44.087  -35.794  48.516 0.0000000000
58676  -43.691  -35.948  47.686 0.0000000000
58692  -45.359  -34.698  47.143 0.0000000000
58702  -47.098  -33.986  46.035 0.0000000000
58712  -47.070  -34.791  45.894 0.0000000000
58757  -46.077  -34.519  41.172 0.0000000000
58767  -45.892  -35.235  40.783 0.0000000000
58789  -47.945  -34.642  39.500 0.0000000000
58790  -49.244  -35.111  39.482 0.0000000000
58791  -49.368  -35.292  39.367 0.0000000000
58832  -55.234  -34.140  34.366 0.0000000000
58874  -56.179  -33.324  31.525 0.0000000000
59976  -44.052  -34.555  45.637 0.0000000000
60021  -45.892  -34.615  41.666 0.0000000000
60061  -47.388  -33.679  40.179 0.0000000000
60081  -47.737  -33.957  39.679 0.0000000000
60132  -56.717  -33.209  32.687 0.0000000000
60137  -56.652  -33.046  32.102 0.0000000000
60159  -55.939  -32.920  31.025 0.0000000000
60160  -56.451  -32.724  31.080 0.0000000000
61142  -46.087  -33.940  46.061 0.0000000000
61281  -53.049  -32.433  36.368 0.0000000000
61314  -56.263  -32.812  33.541 0.0000000000
62267  -45.353  -33.046  45.308 0.0000000000
62290  -45.791  -32.023  43.639 0.0000000000
62294  -49.767  -30.735  42.592 0.0000000000
62415  -56.291  -31.850  33.930 0.0000000000
62433  -56.933  -31.492  32.618 0.0000000000
62453  -57.080  -31.240  31.801 0.0000000000
62500  -58.380  -30.582  29.238 0.0000000000
62521  -58.232  -30.568  28.938 0.0000000000
63420  -45.673  -32.482  44.676 0.0000000000
63421  -45.944  -32.267  44.692 0.0000000000
63435  -47.776  -31.084  43.499 0.0000000000
63436  -48.411  -30.762  43.201 0.0000000000
63440  -45.743  -31.906  43.152 0.0000000000
63442  -46.556  -31.087  43.194 0.0000000000
63451  -50.114  -30.296  42.500 0.0000000000
63574  -57.078  -30.584  32.057 0.0000000000
63653  -58.732  -30.291  29.296 0.0000000000
63673  -58.649  -30.206  28.500 0.0000000000
63692  -59.059  -29.944  28.123 0.0000000000
64661  -50.404  -29.547  42.427 0.0000000000
64662  -50.665  -29.634  41.871 0.0000000000
64702  -51.886  -30.876  39.605 0.0000000000
64714  -52.823  -30.772  38.413 0.0000000000
64737  -54.650  -30.202  36.027 0.0000000000
64800  -56.890  -29.886  32.298 0.0000000000
64824  -58.710  -29.687  29.856 0.0000000000
64848  -59.072  -29.652  29.171 0.0000000000
64902  -58.884  -29.214  26.996 0.0000000000
65824  -49.209  -29.411  42.954 0.0000000000
65832  -49.746  -28.974  43.017 0.0000000000
65833  -50.308  -29.189  42.751 0.0000000000
65855  -50.587  -29.705  41.287 0.0000000000
65918  -55.393  -29.671  34.210 0.0000000000
65939  -56.195  -29.628  32.849 0.0000000000
65952  -56.069  -29.468  32.802 0.0000000000
65967  -56.738  -29.438  31.702 0.0000000000
65982  -58.458  -29.250  30.159 0.0000000000
66974  -52.912  -29.692  36.480 0.0000000000
66990  -54.287  -29.655  34.862 0.0000000000
67012  -55.747  -29.123  32.815 0.0000000000
67033  -55.148  -29.193  31.254 0.0000000000
67036  -56.506  -29.211  31.399 0.0000000000
67067  -58.813  -28.594  29.055 0.0000000000
68144  -54.498  -25.717  27.795 0.0000000000
68145  -54.776  -25.520  27.729 0.0000000000
68146  -56.099  -25.876  27.147 0.0000000000
68161  -58.527  -26.802  26.458 0.0000000000
68164  -58.371  -26.091  26.147 0.0000000000
69245  -55.564  -24.140  29.561 0.0000000000
69265  -55.608  -24.101  28.988 0.0000000000
69274  -54.317  -25.278  28.192 0.0000000000
69286  -54.784  -25.277  27.912 0.0000000000
69307  -58.676  -25.537  25.804 0.0000000000
69318  -58.194  -25.475  24.581 0.0000000000
70264  -55.452  -23.198  31.167 0.0000000000
70277  -55.040  -23.540  30.792 0.0000000000
70299  -56.153  -23.581  29.639 0.0000000000
70315  -55.960  -23.865  29.415 0.0000000000
70343  -58.394  -24.576  26.560 0.0000000000
70362  -58.842  -24.725  24.784 0.0000000000
71287  -54.746  -22.792  31.294 0.0000000000
71288  -55.338  -22.801  31.422 0.0000000000
71289  -55.819  -22.823  31.330 0.0000000000
71300  -56.120  -22.984  31.016 0.0000000000
71301  -56.404  -22.871  30.701 0.0000000000
71360  -59.065  -24.216  25.760 0.0000000000
72327  -56.811  -21.870  31.024 0.0000000000
72356  -57.101  -22.493  29.771 0.0000000000
73567  -54.667  -21.569  31.235 0.0000000000
73570  -56.338  -21.344  31.609 0.0000000000
73596  -57.321  -21.472  29.532 0.0000000000
74635  -55.731  -20.355  31.904 0.0000000000
74648  -54.522  -20.892  30.911 0.0000000000
74658  -54.678  -19.990  30.799 0.0000000000
74660  -57.396  -20.757  29.773 0.0000000000
75613  -55.319  -19.446  31.461 0.0000000000
75637  -57.211  -19.967  30.467 0.0000000000
77594  -55.320  -17.697  31.687 0.0000000000
78672  -54.968  -16.438  31.719 0.0000000000
78681  -53.500  -16.415  30.177 0.0000000000
79822  -56.036  -15.803  32.006 0.0000000000
79838  -53.613  -15.465  30.092 0.0000000000
80951  -55.995  -14.719  31.563 0.0000000000
82062  -55.574  -14.468  31.635 0.0000000000
83218  -56.485  -12.705  31.052 0.0000000000
83235  -53.997  -12.652  29.793 0.0000000000
84285  -54.206  -11.373  29.844 0.0000000000
84286  -54.556  -11.401  30.387 0.0000000000
85290  -55.039  -10.362  30.292 0.0000000000
85293  -56.912  -11.069  29.883 0.0000000000
85314  -56.983  -10.663  28.821 0.0000000000
86309  -55.701  -10.003  30.004 0.0000000000
86336  -56.649  -9.395  28.669 0.0000000000
86342  -54.182  -9.041  27.932 0.0000000000
87361  -56.291  -9.029  29.026 0.0000000000
87362  -56.503  -9.233  28.788 0.0000000000
87377  -57.077  -9.264  28.031 0.0000000000
87387  -56.879  -8.551  27.745 0.0000000000
87388  -57.140  -8.863  27.506 0.0000000000
88452  -56.524  -8.197  27.932 0.0000000000
