#!ascii label  , from subject 3024 vox2ras=TkReg
1906
52757  -50.418  -39.265  37.757 0.0000000000
44806  -35.999  -46.313  50.217 0.0000000000
69324  -47.768  -25.155  23.171 0.0000000000
58926  -41.260  -34.805  28.358 0.0000000000
62491  -50.399  -32.324  29.553 0.0000000000
50432  -42.846  -41.743  43.618 0.0000000000
49278  -33.599  -41.931  41.189 0.0000000000
52819  -37.574  -39.621  33.708 0.0000000000
43644  -26.444  -47.462  53.276 0.0000000000
78692  -56.771  -16.575  29.329 0.0000000000
42620  -26.181  -48.337  39.563 0.0000000000
56290  -45.805  -36.036  33.814 0.0000000000
56409  -46.234  -36.207  28.357 0.0000000000
55080  -50.959  -37.109  33.093 0.0000000000
52724  -46.420  -39.138  40.514 0.0000000000
48227  -43.257  -43.450  38.999 0.0000000000
53875  -43.698  -38.431  37.195 0.0000000000
57631  -39.159  -35.321  31.880 0.0000000000
80995  -56.372  -14.071  26.483 0.0000000000
40267  -31.809  -47.655  51.875 0.0000000000
43750  -26.665  -47.553  46.488 0.0000000000
42534  -31.295  -48.166  46.482 0.0000000000
66039  -49.994  -28.777  26.270 0.0000000000
46990  -41.162  -44.200  47.621 0.0000000000
47005  -34.730  -45.019  46.618 0.0000000000
47044  -40.125  -44.374  43.655 0.0000000000
51638  -36.449  -40.694  37.460 0.0000000000
39218  -23.456  -50.658  54.664 0.0000000000
63670  -56.374  -30.272  28.444 0.0000000000
68190  -55.306  -26.014  24.898 0.0000000000
73602  -57.188  -21.553  28.855 0.0000000000
74708  -51.972  -20.856  25.068 0.0000000000
78788  -52.027  -16.507  22.061 0.0000000000
40326  -23.127  -50.032  47.527 0.0000000000
47061  -28.858  -44.860  41.469 0.0000000000
55026  -47.935  -37.382  35.827 0.0000000000
56310  -48.202  -36.700  33.135 0.0000000000
53900  -50.694  -38.392  35.410 0.0000000000
52726  -48.855  -39.717  40.184 0.0000000000
50507  -46.945  -41.772  39.138 0.0000000000
53862  -46.665  -38.935  37.520 0.0000000000
55025  -44.575  -36.621  35.826 0.0000000000
69361  -45.221  -25.427  20.439 0.0000000000
71402  -47.325  -23.015  21.352 0.0000000000
42427  -33.927  -47.413  51.418 0.0000000000
41387  -31.440  -48.529  49.068 0.0000000000
41407  -33.961  -48.404  49.014 0.0000000000
57725  -42.103  -36.230  26.640 0.0000000000
58932  -48.193  -35.101  29.148 0.0000000000
60202  -45.490  -34.361  28.043 0.0000000000
62511  -48.003  -32.188  28.671 0.0000000000
63699  -47.315  -30.159  27.022 0.0000000000
63682  -50.033  -30.353  27.801 0.0000000000
49206  -42.697  -42.886  46.715 0.0000000000
42558  -41.057  -45.918  45.918 0.0000000000
44904  -42.541  -45.419  43.725 0.0000000000
50534  -39.640  -40.988  36.717 0.0000000000
49303  -39.656  -42.378  38.022 0.0000000000
51675  -37.408  -40.927  35.783 0.0000000000
58886  -39.590  -34.609  30.473 0.0000000000
66062  -55.666  -27.759  26.112 0.0000000000
74691  -56.004  -20.589  26.952 0.0000000000
76652  -54.489  -18.535  27.286 0.0000000000
77673  -51.880  -17.951  24.028 0.0000000000
78736  -53.685  -16.152  26.006 0.0000000000
76676  -57.209  -18.614  23.620 0.0000000000
42391  -24.357  -48.363  53.919 0.0000000000
40286  -23.618  -50.128  51.451 0.0000000000
42437  -24.891  -48.413  50.838 0.0000000000
42578  -27.226  -47.968  43.636 0.0000000000
42575  -23.813  -48.209  43.411 0.0000000000
42610  -24.176  -48.350  40.190 0.0000000000
48164  -34.667  -43.253  43.908 0.0000000000
47030  -31.740  -44.330  44.689 0.0000000000
48191  -30.910  -43.078  42.462 0.0000000000
57635  -43.518  -35.280  31.178 0.0000000000
57670  -43.938  -36.186  28.765 0.0000000000
56330  -46.123  -36.195  31.146 0.0000000000
56374  -48.398  -36.352  30.406 0.0000000000
57663  -50.562  -35.109  31.149 0.0000000000
51607  -43.483  -39.952  41.752 0.0000000000
47068  -44.602  -44.224  41.805 0.0000000000
48219  -46.792  -43.104  40.649 0.0000000000
51661  -42.882  -41.036  37.902 0.0000000000
53895  -40.161  -38.815  35.433 0.0000000000
56328  -38.266  -37.166  33.192 0.0000000000
56286  -41.623  -36.751  34.811 0.0000000000
57601  -42.963  -35.483  33.223 0.0000000000
80981  -55.886  -14.955  28.029 0.0000000000
84296  -56.979  -11.482  29.445 0.0000000000
42409  -29.617  -47.521  52.760 0.0000000000
43684  -27.330  -47.556  50.602 0.0000000000
42471  -29.658  -48.082  49.662 0.0000000000
42550  -28.881  -47.851  45.852 0.0000000000
42592  -28.479  -48.123  43.127 0.0000000000
56443  -44.013  -36.167  26.553 0.0000000000
66071  -46.372  -28.015  24.790 0.0000000000
67131  -48.509  -27.089  24.788 0.0000000000
45893  -38.541  -45.127  48.921 0.0000000000
42497  -36.502  -47.641  48.864 0.0000000000
42521  -38.917  -46.752  47.556 0.0000000000
47020  -37.439  -44.458  45.135 0.0000000000
49245  -36.439  -42.561  42.586 0.0000000000
48202  -41.790  -43.803  40.680 0.0000000000
49282  -38.390  -41.934  40.116 0.0000000000
50485  -34.981  -41.083  39.481 0.0000000000
54988  -51.950  -37.244  38.643 0.0000000000
48053  -36.379  -43.364  50.281 0.0000000000
50345  -42.367  -41.614  48.510 0.0000000000
51532  -44.013  -40.462  46.907 0.0000000000
53886  -54.011  -38.079  35.862 0.0000000000
56338  -53.705  -36.382  33.025 0.0000000000
60156  -53.576  -33.656  31.251 0.0000000000
60173  -56.348  -32.544  30.769 0.0000000000
62515  -52.843  -31.015  29.199 0.0000000000
64897  -52.679  -29.247  27.388 0.0000000000
67117  -52.132  -27.582  25.458 0.0000000000
69311  -51.575  -25.255  24.378 0.0000000000
71368  -57.905  -23.096  24.704 0.0000000000
71364  -53.986  -23.687  25.693 0.0000000000
71389  -50.498  -23.154  23.941 0.0000000000
74729  -49.786  -20.574  22.855 0.0000000000
79920  -54.632  -16.043  23.827 0.0000000000
39243  -22.028  -51.482  51.373 0.0000000000
40333  -21.668  -50.322  45.241 0.0000000000
43724  -24.567  -48.096  47.103 0.0000000000
41429  -22.603  -49.262  44.062 0.0000000000
43754  -32.836  -46.742  46.892 0.0000000000
44900  -30.115  -46.546  44.356 0.0000000000
43818  -28.168  -47.037  40.823 0.0000000000
46001  -27.368  -45.463  37.553 0.0000000000
53880  -48.912  -38.635  36.563 0.0000000000
55028  -49.226  -37.937  35.248 0.0000000000
52772  -50.569  -38.924  36.998 0.0000000000
51620  -50.188  -39.325  39.254 0.0000000000
51645  -49.209  -40.245  38.784 0.0000000000
52756  -49.486  -39.590  37.979 0.0000000000
53879  -47.950  -38.394  36.736 0.0000000000
69323  -46.842  -25.707  23.081 0.0000000000
70375  -46.732  -24.587  22.186 0.0000000000
70400  -46.188  -24.003  20.668 0.0000000000
70377  -48.144  -23.599  22.701 0.0000000000
43672  -34.941  -46.993  51.019 0.0000000000
40291  -34.715  -48.286  50.418 0.0000000000
41375  -35.879  -47.697  50.124 0.0000000000
58949  -39.990  -34.447  27.559 0.0000000000
58951  -41.529  -35.269  27.789 0.0000000000
61368  -48.982  -33.378  29.313 0.0000000000
61367  -48.300  -33.147  28.940 0.0000000000
62512  -49.346  -32.020  29.101 0.0000000000
62532  -48.516  -31.250  28.292 0.0000000000
62513  -50.725  -31.423  29.184 0.0000000000
49225  -42.891  -42.849  45.263 0.0000000000
47023  -42.686  -44.363  45.411 0.0000000000
48170  -42.882  -44.023  43.942 0.0000000000
51707  -38.835  -40.377  35.208 0.0000000000
50543  -38.524  -40.980  35.688 0.0000000000
51704  -36.930  -40.243  34.057 0.0000000000
52800  -35.904  -39.793  33.999 0.0000000000
58910  -40.922  -34.481  29.257 0.0000000000
58908  -38.890  -34.282  29.642 0.0000000000
58924  -39.232  -34.064  28.463 0.0000000000
76643  -56.462  -18.899  28.424 0.0000000000
77642  -55.219  -17.615  28.267 0.0000000000
77652  -54.125  -17.342  26.944 0.0000000000
78714  -54.947  -16.723  28.089 0.0000000000
43643  -25.681  -47.772  53.043 0.0000000000
42421  -25.017  -48.277  51.918 0.0000000000
43654  -25.686  -47.779  52.118 0.0000000000
42601  -26.633  -48.093  41.679 0.0000000000
42600  -25.570  -47.946  41.482 0.0000000000
42619  -25.081  -48.468  39.274 0.0000000000
42631  -24.954  -48.901  38.086 0.0000000000
42645  -25.978  -48.593  37.272 0.0000000000
49243  -34.225  -42.600  42.374 0.0000000000
48176  -32.354  -43.052  43.165 0.0000000000
49256  -32.032  -42.368  41.726 0.0000000000
57603  -44.981  -35.703  32.724 0.0000000000
57636  -44.490  -35.586  30.867 0.0000000000
56308  -46.019  -36.134  32.300 0.0000000000
56312  -49.955  -37.187  33.204 0.0000000000
56332  -47.926  -36.704  32.047 0.0000000000
56355  -49.529  -36.423  31.775 0.0000000000
57662  -49.949  -35.498  30.988 0.0000000000
56356  -50.423  -36.147  31.955 0.0000000000
52706  -44.929  -39.421  40.922 0.0000000000
50457  -45.865  -41.568  41.355 0.0000000000
51610  -46.456  -40.714  41.135 0.0000000000
52752  -45.228  -39.664  37.951 0.0000000000
51641  -44.824  -41.191  38.449 0.0000000000
52750  -43.279  -40.019  37.740 0.0000000000
52769  -41.747  -39.424  37.006 0.0000000000
53874  -42.455  -38.793  36.899 0.0000000000
55041  -40.517  -37.816  34.924 0.0000000000
55023  -42.771  -37.534  36.173 0.0000000000
56270  -45.245  -36.318  35.337 0.0000000000
56288  -43.432  -36.040  34.690 0.0000000000
57588  -43.689  -35.699  33.859 0.0000000000
57618  -43.231  -35.254  32.239 0.0000000000
41331  -30.388  -47.730  52.339 0.0000000000
42439  -29.528  -47.784  51.315 0.0000000000
41357  -30.629  -48.197  50.673 0.0000000000
42513  -31.239  -48.439  47.284 0.0000000000
42490  -30.383  -48.505  48.355 0.0000000000
42551  -29.857  -48.009  45.806 0.0000000000
42567  -28.453  -47.787  44.679 0.0000000000
42581  -29.328  -47.683  44.446 0.0000000000
56386  -44.790  -36.545  28.269 0.0000000000
56428  -43.736  -36.454  27.108 0.0000000000
56408  -45.296  -36.365  27.664 0.0000000000
61378  -44.533  -32.713  27.446 0.0000000000
60200  -43.987  -33.627  27.234 0.0000000000
61389  -43.945  -32.561  27.175 0.0000000000
64892  -48.595  -29.318  26.633 0.0000000000
64908  -47.103  -29.277  26.128 0.0000000000
66055  -48.534  -28.360  25.767 0.0000000000
67130  -47.497  -27.262  24.655 0.0000000000
67114  -49.031  -27.644  25.335 0.0000000000
46982  -40.028  -44.274  48.053 0.0000000000
43700  -38.776  -46.594  48.370 0.0000000000
44835  -40.588  -45.785  47.771 0.0000000000
44892  -40.276  -45.614  44.723 0.0000000000
44882  -39.016  -46.062  45.649 0.0000000000
48152  -38.609  -44.089  44.373 0.0000000000
48166  -36.741  -43.192  43.513 0.0000000000
48179  -37.718  -43.079  42.893 0.0000000000
47088  -44.476  -44.261  40.249 0.0000000000
47066  -43.505  -44.623  41.422 0.0000000000
48214  -42.606  -43.810  39.766 0.0000000000
50501  -38.346  -41.624  37.878 0.0000000000
49293  -39.656  -42.328  39.214 0.0000000000
50487  -37.094  -41.107  39.164 0.0000000000
50472  -36.622  -41.434  39.985 0.0000000000
57614  -38.888  -36.098  32.779 0.0000000000
51519  -43.324  -40.919  47.819 0.0000000000
54907  -44.862  -37.241  43.529 0.0000000000
53866  -53.002  -38.043  36.952 0.0000000000
55050  -54.741  -36.608  33.947 0.0000000000
56340  -55.181  -36.506  32.898 0.0000000000
57642  -53.807  -35.284  32.104 0.0000000000
58872  -54.976  -34.513  31.893 0.0000000000
62497  -56.363  -31.463  29.651 0.0000000000
61352  -55.143  -32.041  30.174 0.0000000000
62517  -54.824  -30.770  29.163 0.0000000000
63667  -53.189  -30.433  28.629 0.0000000000
64880  -54.485  -29.395  27.773 0.0000000000
67138  -55.761  -26.745  25.334 0.0000000000
67119  -54.247  -27.521  25.584 0.0000000000
67136  -53.838  -26.886  25.212 0.0000000000
68173  -52.254  -26.212  24.607 0.0000000000
68174  -53.388  -26.219  24.881 0.0000000000
73620  -58.093  -21.850  27.043 0.0000000000
73631  -53.606  -21.472  26.419 0.0000000000
72395  -55.101  -22.124  26.366 0.0000000000
73650  -52.946  -21.888  25.827 0.0000000000
71375  -51.847  -23.478  24.607 0.0000000000
73661  -51.148  -21.660  24.351 0.0000000000
73666  -50.235  -21.512  23.584 0.0000000000
74731  -50.807  -20.581  23.866 0.0000000000
78773  -51.388  -16.212  23.311 0.0000000000
77706  -50.070  -17.485  21.562 0.0000000000
77717  -51.263  -18.027  21.589 0.0000000000
80994  -55.740  -14.172  26.997 0.0000000000
81017  -54.792  -14.666  25.781 0.0000000000
81018  -55.572  -14.744  25.617 0.0000000000
41384  -23.573  -49.984  49.425 0.0000000000
39263  -22.453  -50.926  49.415 0.0000000000
40322  -22.886  -50.400  48.209 0.0000000000
40324  -21.932  -50.902  47.070 0.0000000000
40328  -21.977  -50.573  46.411 0.0000000000
43710  -27.158  -47.591  48.502 0.0000000000
43708  -25.362  -47.893  48.116 0.0000000000
43726  -25.954  -47.635  47.350 0.0000000000
41430  -23.324  -48.837  44.354 0.0000000000
39323  -23.046  -50.967  39.700 0.0000000000
44849  -35.713  -46.387  47.563 0.0000000000
43731  -34.258  -47.093  47.824 0.0000000000
44866  -34.253  -45.787  47.173 0.0000000000
47040  -30.046  -44.684  43.606 0.0000000000
45964  -30.287  -45.731  44.228 0.0000000000
45972  -29.413  -45.657  42.968 0.0000000000
44915  -29.060  -46.779  42.136 0.0000000000
45991  -28.290  -45.897  41.012 0.0000000000
44949  -27.265  -46.835  36.606 0.0000000000
56271  -46.571  -36.439  35.065 0.0000000000
56291  -47.364  -36.456  34.040 0.0000000000
56273  -48.722  -37.396  34.835 0.0000000000
56293  -49.152  -37.335  34.287 0.0000000000
55061  -50.125  -37.437  33.727 0.0000000000
53833  -47.636  -38.579  40.246 0.0000000000
51617  -47.960  -41.270  40.453 0.0000000000
50476  -48.839  -41.019  39.919 0.0000000000
52740  -47.111  -40.162  38.320 0.0000000000
53861  -45.570  -38.948  37.572 0.0000000000
55007  -43.891  -37.673  36.657 0.0000000000
53877  -45.920  -38.096  37.065 0.0000000000
56256  -46.073  -36.726  35.918 0.0000000000
72460  -47.717  -22.456  20.210 0.0000000000
41346  -32.524  -47.470  51.735 0.0000000000
41358  -31.707  -48.353  50.961 0.0000000000
40299  -32.947  -48.373  50.696 0.0000000000
41406  -33.058  -48.431  48.941 0.0000000000
42514  -32.021  -48.122  47.272 0.0000000000
57692  -47.527  -35.623  28.805 0.0000000000
57690  -45.995  -35.846  27.856 0.0000000000
58930  -47.154  -34.869  28.599 0.0000000000
61365  -46.594  -32.912  28.379 0.0000000000
62530  -46.371  -32.063  28.133 0.0000000000
63697  -45.541  -30.567  26.991 0.0000000000
63680  -47.895  -30.650  27.675 0.0000000000
63681  -48.997  -30.378  27.622 0.0000000000
64875  -49.762  -29.731  27.287 0.0000000000
48104  -41.855  -43.148  47.043 0.0000000000
44837  -41.376  -45.250  47.101 0.0000000000
45920  -42.016  -44.744  46.357 0.0000000000
43779  -42.011  -45.574  44.846 0.0000000000
45967  -41.404  -45.273  43.296 0.0000000000
49320  -41.579  -42.496  37.943 0.0000000000
48224  -41.180  -43.001  38.577 0.0000000000
49317  -39.591  -41.973  37.290 0.0000000000
50518  -38.735  -41.503  37.000 0.0000000000
51656  -37.005  -40.858  36.680 0.0000000000
51672  -34.183  -39.751  36.318 0.0000000000
51689  -35.448  -39.862  35.015 0.0000000000
57632  -39.712  -35.058  31.763 0.0000000000
58907  -37.837  -34.281  29.724 0.0000000000
63690  -57.905  -29.990  27.836 0.0000000000
64882  -56.704  -29.137  27.488 0.0000000000
66047  -58.081  -28.378  26.409 0.0000000000
67122  -57.100  -27.317  25.482 0.0000000000
68178  -56.824  -26.279  24.417 0.0000000000
74666  -57.221  -20.774  29.141 0.0000000000
74681  -57.141  -20.854  27.555 0.0000000000
75674  -56.494  -20.267  27.483 0.0000000000
75672  -55.273  -19.495  27.640 0.0000000000
75686  -53.041  -19.648  25.997 0.0000000000
75698  -51.950  -19.343  24.789 0.0000000000
76663  -53.096  -18.432  25.868 0.0000000000
78734  -52.850  -16.838  24.919 0.0000000000
79902  -53.146  -15.764  23.725 0.0000000000
79879  -56.821  -15.212  25.281 0.0000000000
78737  -56.807  -16.464  24.352 0.0000000000
76664  -57.328  -17.838  24.087 0.0000000000
41318  -23.731  -49.307  54.245 0.0000000000
40265  -23.728  -50.237  53.176 0.0000000000
41341  -23.994  -49.567  52.462 0.0000000000
41369  -24.059  -49.535  50.649 0.0000000000
41403  -24.008  -49.376  48.849 0.0000000000
42565  -26.501  -47.703  44.598 0.0000000000
42547  -25.573  -47.768  45.433 0.0000000000
42576  -25.032  -47.916  43.539 0.0000000000
42599  -24.444  -48.008  41.278 0.0000000000
42617  -23.284  -49.084  39.449 0.0000000000
40370  -23.417  -50.426  38.722 0.0000000000
41468  -24.263  -49.658  37.947 0.0000000000
48133  -34.654  -43.780  45.270 0.0000000000
47016  -33.395  -44.765  45.922 0.0000000000
48146  -32.740  -43.706  44.564 0.0000000000
48160  -30.928  -43.667  43.577 0.0000000000
48189  -29.445  -43.636  41.692 0.0000000000
58889  -42.327  -34.858  29.657 0.0000000000
58912  -42.391  -35.222  28.755 0.0000000000
57657  -43.786  -35.534  30.046 0.0000000000
57658  -44.714  -35.914  29.796 0.0000000000
56371  -46.106  -36.315  29.332 0.0000000000
56331  -46.965  -36.488  31.647 0.0000000000
56352  -46.893  -36.525  30.617 0.0000000000
56389  -47.421  -36.304  29.327 0.0000000000
57660  -48.430  -36.086  29.831 0.0000000000
58890  -49.617  -34.862  30.314 0.0000000000
60168  -50.287  -33.605  30.288 0.0000000000
51573  -43.019  -40.650  43.439 0.0000000000
49248  -43.297  -42.600  42.509 0.0000000000
49266  -44.141  -42.067  41.797 0.0000000000
48196  -45.822  -43.617  41.595 0.0000000000
48229  -44.923  -43.451  39.452 0.0000000000
50489  -47.293  -42.256  39.639 0.0000000000
50505  -44.428  -42.062  38.623 0.0000000000
50504  -43.448  -42.137  38.432 0.0000000000
51660  -41.863  -40.982  37.582 0.0000000000
52787  -39.906  -39.827  36.025 0.0000000000
53912  -39.036  -38.949  34.590 0.0000000000
55078  -37.827  -38.225  33.173 0.0000000000
55059  -38.943  -37.968  34.010 0.0000000000
56304  -39.418  -37.023  33.849 0.0000000000
57598  -39.770  -36.189  33.301 0.0000000000
56268  -43.123  -36.560  35.483 0.0000000000
56307  -41.923  -36.221  34.241 0.0000000000
57599  -40.741  -35.811  33.359 0.0000000000
58854  -41.041  -34.820  31.864 0.0000000000
57634  -42.465  -34.922  31.443 0.0000000000
79858  -56.344  -15.813  28.863 0.0000000000
80971  -56.650  -14.624  30.015 0.0000000000
82086  -56.713  -13.530  29.490 0.0000000000
82094  -56.642  -13.354  28.332 0.0000000000
82107  -56.824  -13.353  26.886 0.0000000000
81008  -57.099  -14.512  25.678 0.0000000000
42407  -28.185  -47.464  52.868 0.0000000000
43669  -26.475  -47.609  51.357 0.0000000000
43671  -28.252  -47.597  51.649 0.0000000000
43699  -28.211  -47.546  49.870 0.0000000000
43728  -28.089  -47.631  47.573 0.0000000000
42472  -30.353  -48.420  49.226 0.0000000000
42510  -29.016  -47.882  48.194 0.0000000000
43751  -27.639  -47.566  46.572 0.0000000000
42566  -27.576  -47.765  44.595 0.0000000000
42591  -27.816  -48.262  42.876 0.0000000000
42602  -27.640  -48.167  41.847 0.0000000000
57710  -42.622  -36.018  27.596 0.0000000000
56441  -43.094  -36.459  26.677 0.0000000000
57712  -44.680  -35.840  26.962 0.0000000000
68168  -47.043  -26.796  24.159 0.0000000000
68187  -48.434  -25.882  23.703 0.0000000000
45881  -37.230  -45.422  49.635 0.0000000000
42457  -36.815  -47.207  49.535 0.0000000000
43688  -38.045  -46.660  48.918 0.0000000000
42520  -38.192  -47.124  47.941 0.0000000000
44868  -36.960  -46.225  46.944 0.0000000000
42539  -39.738  -46.500  46.693 0.0000000000
44870  -38.605  -46.344  46.125 0.0000000000
47007  -36.383  -44.865  46.187 0.0000000000
48149  -36.026  -43.518  44.520 0.0000000000
49236  -35.413  -42.813  43.218 0.0000000000
49259  -34.783  -42.207  41.596 0.0000000000
45977  -43.527  -44.522  42.509 0.0000000000
45983  -42.345  -44.746  41.909 0.0000000000
48182  -40.660  -43.831  42.685 0.0000000000
49294  -40.465  -42.764  39.729 0.0000000000
49284  -40.424  -42.866  40.900 0.0000000000
48192  -39.273  -42.900  42.000 0.0000000000
49261  -37.350  -42.239  41.433 0.0000000000
49260  -36.000  -41.950  41.353 0.0000000000
56326  -36.779  -37.448  32.480 0.0000000000
53837  -50.564  -38.297  39.284 0.0000000000
52736  -51.669  -38.632  38.585 0.0000000000
42378  -24.488  -48.068  55.171 0.0000000000
43631  -28.049  -46.817  54.163 0.0000000000
42380  -28.807  -46.810  54.137 0.0000000000
42396  -30.247  -47.137  53.598 0.0000000000
44794  -33.206  -46.032  52.423 0.0000000000
44795  -33.827  -46.014  51.697 0.0000000000
44805  -35.134  -46.053  50.743 0.0000000000
45880  -36.438  -45.069  49.736 0.0000000000
46979  -37.446  -44.378  49.162 0.0000000000
48078  -38.767  -43.530  48.415 0.0000000000
48080  -40.900  -43.191  47.917 0.0000000000
50326  -41.610  -41.518  48.877 0.0000000000
49171  -42.031  -42.697  48.622 0.0000000000
49189  -42.658  -42.590  47.188 0.0000000000
50402  -43.354  -41.149  46.636 0.0000000000
51546  -43.316  -40.429  45.864 0.0000000000
52659  -43.252  -40.026  44.126 0.0000000000
52672  -43.789  -38.807  43.655 0.0000000000
53800  -43.858  -38.145  42.374 0.0000000000
54972  -49.563  -37.754  39.466 0.0000000000
52759  -52.134  -38.537  37.190 0.0000000000
53901  -51.529  -38.425  35.370 0.0000000000
55047  -52.427  -37.573  34.196 0.0000000000
55031  -54.354  -37.344  35.331 0.0000000000
52821  -54.085  -38.458  34.276 0.0000000000
55082  -52.647  -36.807  33.162 0.0000000000
56358  -52.372  -35.862  32.318 0.0000000000
58893  -51.779  -34.226  31.168 0.0000000000
61337  -51.835  -33.196  30.647 0.0000000000
60157  -54.714  -33.026  31.030 0.0000000000
61350  -53.134  -32.254  30.353 0.0000000000
62492  -51.415  -32.005  29.680 0.0000000000
63665  -51.320  -30.699  28.581 0.0000000000
64877  -51.553  -29.702  27.510 0.0000000000
64895  -51.286  -29.340  26.861 0.0000000000
66043  -54.161  -28.487  26.733 0.0000000000
66059  -52.575  -28.208  26.095 0.0000000000
66058  -51.538  -28.273  25.857 0.0000000000
67133  -50.627  -27.061  24.659 0.0000000000
68171  -50.121  -26.291  24.144 0.0000000000
69326  -49.870  -24.964  23.553 0.0000000000
70361  -57.970  -24.617  24.280 0.0000000000
69306  -56.388  -24.531  24.536 0.0000000000
73653  -56.919  -21.827  25.587 0.0000000000
71366  -56.085  -23.449  25.324 0.0000000000
70358  -54.553  -25.113  25.225 0.0000000000
70356  -52.331  -24.391  24.699 0.0000000000
70354  -50.917  -23.913  24.244 0.0000000000
70369  -49.370  -24.125  23.499 0.0000000000
72421  -48.984  -22.348  23.014 0.0000000000
73678  -49.190  -21.395  22.522 0.0000000000
74754  -48.980  -20.657  21.645 0.0000000000
75730  -50.453  -18.668  22.582 0.0000000000
76705  -48.869  -18.524  21.871 0.0000000000
73697  -49.304  -21.139  20.086 0.0000000000
80992  -54.712  -15.460  27.208 0.0000000000
79886  -54.096  -15.520  25.622 0.0000000000
79935  -53.497  -16.329  22.929 0.0000000000
78777  -55.714  -16.819  23.485 0.0000000000
77710  -54.743  -17.569  22.268 0.0000000000
77720  -53.764  -17.949  21.612 0.0000000000
39244  -22.716  -50.990  51.588 0.0000000000
43682  -25.556  -47.873  50.073 0.0000000000
42469  -24.821  -48.218  48.749 0.0000000000
41420  -23.972  -48.996  47.188 0.0000000000
42546  -24.684  -48.130  45.498 0.0000000000
41425  -23.464  -48.959  45.349 0.0000000000
41418  -23.036  -49.491  45.819 0.0000000000
40337  -22.173  -49.824  44.643 0.0000000000
42496  -35.493  -47.892  48.832 0.0000000000
42516  -33.872  -47.684  48.063 0.0000000000
42535  -31.850  -47.736  46.493 0.0000000000
45956  -32.343  -45.546  45.676 0.0000000000
43789  -31.116  -46.750  45.307 0.0000000000
43771  -30.723  -47.626  45.511 0.0000000000
43798  -29.309  -47.346  43.673 0.0000000000
43812  -28.406  -47.485  41.579 0.0000000000
42621  -27.053  -47.927  39.877 0.0000000000
49253  -29.393  -42.953  41.027 0.0000000000
47085  -28.071  -44.298  39.951 0.0000000000
47072  -27.877  -44.899  40.065 0.0000000000
44927  -27.307  -46.421  38.374 0.0000000000
43829  -27.245  -47.320  38.051 0.0000000000
42646  -26.809  -47.997  37.541 0.0000000000
52771  -49.714  -39.118  37.140 0.0000000000
53881  -49.847  -38.688  36.426 0.0000000000
51630  -50.391  -39.348  38.935 0.0000000000
52741  -49.725  -39.740  38.528 0.0000000000
52770  -49.005  -39.229  37.264 0.0000000000
69341  -47.076  -25.041  22.858 0.0000000000
70376  -47.356  -24.354  22.509 0.0000000000
70367  -47.795  -24.599  22.964 0.0000000000
43673  -35.740  -46.944  50.765 0.0000000000
41362  -35.553  -47.698  50.602 0.0000000000
42442  -35.983  -47.384  50.458 0.0000000000
58950  -40.941  -34.955  27.552 0.0000000000
61346  -49.556  -33.003  29.425 0.0000000000
62490  -49.837  -32.578  29.449 0.0000000000
50417  -43.003  -41.925  44.780 0.0000000000
49238  -42.857  -42.974  43.983 0.0000000000
52802  -37.932  -39.755  34.074 0.0000000000
51706  -38.492  -40.363  34.862 0.0000000000
58925  -40.402  -34.421  28.425 0.0000000000
77634  -56.607  -17.229  28.989 0.0000000000
77633  -56.021  -17.613  28.551 0.0000000000
77632  -55.555  -17.315  28.493 0.0000000000
78703  -56.145  -16.627  28.735 0.0000000000
43655  -26.529  -47.552  52.326 0.0000000000
42612  -26.349  -48.116  40.652 0.0000000000
42632  -26.036  -48.459  38.410 0.0000000000
49258  -33.865  -42.347  41.762 0.0000000000
49257  -32.960  -42.361  41.767 0.0000000000
56334  -50.070  -36.908  32.618 0.0000000000
56335  -51.090  -36.589  32.570 0.0000000000
52723  -45.684  -39.043  40.643 0.0000000000
52707  -46.023  -39.829  40.829 0.0000000000
53860  -44.510  -39.030  37.578 0.0000000000
52751  -44.262  -39.802  37.893 0.0000000000
53859  -43.498  -39.229  37.527 0.0000000000
53897  -42.023  -38.198  36.155 0.0000000000
55006  -43.187  -38.072  36.765 0.0000000000
56289  -44.477  -35.920  34.483 0.0000000000
57589  -44.577  -35.726  33.588 0.0000000000
57602  -43.947  -35.486  32.960 0.0000000000
41332  -31.118  -47.656  52.318 0.0000000000
41343  -30.514  -48.008  51.602 0.0000000000
41344  -31.202  -47.966  51.717 0.0000000000
42533  -30.583  -48.291  46.544 0.0000000000
42552  -30.586  -47.953  45.792 0.0000000000
56387  -45.701  -36.436  28.626 0.0000000000
62528  -44.733  -31.913  27.349 0.0000000000
66038  -49.049  -28.800  26.240 0.0000000000
66037  -48.155  -28.883  26.230 0.0000000000
66056  -49.538  -28.252  25.772 0.0000000000
46983  -40.731  -44.223  47.764 0.0000000000
45895  -40.236  -45.208  48.144 0.0000000000
45896  -40.832  -44.866  47.770 0.0000000000
45958  -40.179  -45.037  44.295 0.0000000000
45957  -39.625  -44.906  44.497 0.0000000000
47043  -39.522  -44.137  43.922 0.0000000000
48168  -39.020  -43.755  43.841 0.0000000000
48215  -43.548  -43.831  39.554 0.0000000000
47086  -43.156  -43.952  39.975 0.0000000000
48226  -42.351  -43.361  38.876 0.0000000000
50516  -37.077  -40.967  37.561 0.0000000000
50500  -37.489  -41.232  38.170 0.0000000000
50499  -36.533  -40.805  38.380 0.0000000000
51637  -35.573  -40.550  37.872 0.0000000000
57630  -38.122  -35.510  31.676 0.0000000000
57644  -55.205  -35.150  32.299 0.0000000000
63671  -57.316  -30.340  28.441 0.0000000000
62498  -57.114  -31.247  29.655 0.0000000000
62519  -56.811  -30.852  29.035 0.0000000000
62518  -55.860  -30.783  29.110 0.0000000000
63669  -55.162  -30.026  28.408 0.0000000000
68176  -55.420  -26.270  25.093 0.0000000000
67137  -54.867  -26.883  25.229 0.0000000000
68175  -54.595  -26.230  25.029 0.0000000000
69313  -54.020  -25.557  25.022 0.0000000000
72357  -57.328  -21.939  29.718 0.0000000000
72375  -57.229  -22.203  28.629 0.0000000000
73610  -57.675  -22.366  27.521 0.0000000000
73611  -57.261  -21.804  27.960 0.0000000000
74709  -52.724  -20.879  25.818 0.0000000000
73649  -52.195  -21.785  25.310 0.0000000000
73648  -51.711  -21.360  24.788 0.0000000000
74719  -51.543  -20.790  24.540 0.0000000000
79933  -51.676  -15.871  22.467 0.0000000000
78787  -50.827  -16.568  21.844 0.0000000000
78798  -51.558  -17.256  21.687 0.0000000000
77718  -52.116  -18.036  21.568 0.0000000000
82106  -56.295  -13.918  27.024 0.0000000000
81019  -56.004  -14.920  25.566 0.0000000000
39226  -23.499  -50.779  53.840 0.0000000000
41402  -23.517  -49.934  48.344 0.0000000000
40325  -22.392  -50.631  47.467 0.0000000000
43727  -26.949  -47.575  47.461 0.0000000000
43749  -25.628  -47.705  46.408 0.0000000000
40360  -22.740  -50.430  39.962 0.0000000000
45918  -35.652  -45.900  47.276 0.0000000000
44848  -34.596  -46.320  47.510 0.0000000000
45929  -34.189  -45.344  46.737 0.0000000000
47062  -29.153  -44.809  42.170 0.0000000000
45963  -29.908  -45.276  43.634 0.0000000000
45982  -28.971  -46.024  42.259 0.0000000000
45981  -28.697  -45.483  41.578 0.0000000000
56258  -47.536  -37.214  35.769 0.0000000000
56272  -47.834  -36.875  35.201 0.0000000000
53899  -49.941  -38.349  35.704 0.0000000000
56274  -49.150  -37.615  34.715 0.0000000000
55029  -49.968  -38.060  34.995 0.0000000000
55060  -49.643  -37.430  34.074 0.0000000000
55030  -50.480  -38.113  34.770 0.0000000000
53817  -48.733  -39.275  40.121 0.0000000000
52710  -48.524  -39.950  40.340 0.0000000000
51618  -49.189  -40.273  39.893 0.0000000000
51666  -48.389  -40.077  38.292 0.0000000000
51644  -48.259  -40.587  38.726 0.0000000000
52754  -47.493  -39.645  38.000 0.0000000000
52753  -46.313  -39.800  38.110 0.0000000000
55010  -47.447  -37.612  36.297 0.0000000000
56257  -46.969  -37.037  35.784 0.0000000000
69346  -45.296  -25.446  21.298 0.0000000000
71401  -46.729  -23.535  20.996 0.0000000000
72454  -47.651  -22.414  20.970 0.0000000000
41347  -33.715  -47.726  51.257 0.0000000000
40277  -33.019  -47.943  51.248 0.0000000000
40278  -33.671  -47.992  51.014 0.0000000000
41390  -34.528  -48.447  49.622 0.0000000000
41389  -33.583  -48.572  49.732 0.0000000000
42493  -32.566  -48.260  48.171 0.0000000000
42494  -33.515  -48.175  48.419 0.0000000000
57724  -41.319  -35.636  26.635 0.0000000000
57693  -47.982  -35.413  28.958 0.0000000000
58931  -47.821  -34.907  28.902 0.0000000000
61366  -47.436  -33.094  28.599 0.0000000000
62510  -47.094  -32.351  28.400 0.0000000000
62509  -46.683  -32.423  28.327 0.0000000000
62531  -47.450  -31.529  28.188 0.0000000000
63679  -46.893  -30.974  27.571 0.0000000000
62533  -49.431  -30.946  28.285 0.0000000000
64874  -49.001  -29.656  27.133 0.0000000000
48118  -42.320  -43.352  46.674 0.0000000000
46999  -42.088  -44.153  46.511 0.0000000000
48127  -42.647  -43.579  46.378 0.0000000000
47037  -42.802  -44.510  44.558 0.0000000000
45947  -42.523  -44.942  45.124 0.0000000000
44895  -42.515  -45.355  44.278 0.0000000000
43800  -41.496  -45.544  44.238 0.0000000000
44903  -42.169  -45.533  43.671 0.0000000000
50521  -40.668  -41.775  37.373 0.0000000000
50520  -39.901  -41.478  37.020 0.0000000000
50542  -38.361  -41.122  35.844 0.0000000000
50531  -38.263  -41.281  36.356 0.0000000000
51657  -37.709  -41.147  36.336 0.0000000000
51674  -36.504  -40.502  35.782 0.0000000000
51690  -36.147  -40.107  34.773 0.0000000000
58865  -40.290  -34.784  31.440 0.0000000000
58864  -39.347  -34.933  31.269 0.0000000000
64884  -58.502  -29.444  27.489 0.0000000000
64883  -57.707  -29.325  27.477 0.0000000000
67125  -58.617  -27.050  25.615 0.0000000000
66065  -58.492  -28.003  25.767 0.0000000000
67141  -58.147  -26.930  25.000 0.0000000000
67140  -57.418  -26.853  24.964 0.0000000000
68179  -57.732  -26.231  24.637 0.0000000000
76627  -57.331  -18.866  29.717 0.0000000000
76607  -57.026  -18.777  31.143 0.0000000000
76618  -57.418  -19.493  30.084 0.0000000000
75644  -57.271  -19.824  29.414 0.0000000000
75651  -57.077  -20.154  28.660 0.0000000000
75650  -57.002  -19.444  28.832 0.0000000000
76641  -55.066  -18.714  27.834 0.0000000000
75659  -55.770  -19.267  27.814 0.0000000000
75671  -54.320  -19.636  27.190 0.0000000000
76651  -53.632  -18.975  26.649 0.0000000000
78723  -53.548  -16.827  26.266 0.0000000000
77660  -53.080  -17.310  25.747 0.0000000000
78735  -53.387  -16.256  25.385 0.0000000000
78754  -52.698  -16.228  24.137 0.0000000000
78726  -56.877  -15.674  24.554 0.0000000000
78738  -57.144  -16.416  24.283 0.0000000000
41329  -23.982  -49.407  53.421 0.0000000000
42405  -24.519  -48.816  52.739 0.0000000000
42420  -24.452  -48.953  51.750 0.0000000000
42451  -24.400  -48.874  50.228 0.0000000000
41385  -24.048  -49.452  49.797 0.0000000000
42577  -26.190  -47.784  43.567 0.0000000000
42611  -25.292  -48.145  40.388 0.0000000000
42598  -23.381  -48.324  41.127 0.0000000000
41457  -23.816  -49.324  38.529 0.0000000000
42630  -24.211  -49.097  38.390 0.0000000000
41480  -25.203  -49.893  36.757 0.0000000000
41469  -24.906  -49.503  37.433 0.0000000000
48147  -33.886  -43.685  44.991 0.0000000000
48163  -33.593  -43.211  43.815 0.0000000000
49240  -31.538  -42.784  42.255 0.0000000000
48175  -31.408  -43.187  43.001 0.0000000000
48174  -30.374  -43.732  43.115 0.0000000000
48190  -30.231  -43.253  42.172 0.0000000000
57656  -42.910  -35.054  30.372 0.0000000000
57620  -45.238  -35.742  31.605 0.0000000000
57637  -45.401  -35.916  30.537 0.0000000000
57659  -45.529  -36.170  29.641 0.0000000000
56351  -46.184  -36.221  30.150 0.0000000000
56309  -47.075  -36.365  32.820 0.0000000000
56354  -48.633  -36.542  31.410 0.0000000000
56353  -47.728  -36.678  31.012 0.0000000000
56373  -47.545  -36.451  30.123 0.0000000000
56390  -48.011  -36.247  29.760 0.0000000000
58891  -50.302  -34.758  30.804 0.0000000000
60152  -49.984  -34.214  30.462 0.0000000000
51591  -43.194  -40.347  42.522 0.0000000000
49265  -43.538  -41.789  42.157 0.0000000000
50455  -43.741  -41.047  41.866 0.0000000000
49285  -46.738  -43.054  41.112 0.0000000000
49268  -46.261  -42.736  41.373 0.0000000000
48205  -46.229  -43.558  41.074 0.0000000000
48217  -45.419  -43.791  39.951 0.0000000000
49295  -45.551  -43.170  39.506 0.0000000000
50490  -47.954  -41.733  39.752 0.0000000000
49298  -47.663  -42.068  40.223 0.0000000000
51662  -44.005  -40.614  38.155 0.0000000000
50506  -45.577  -41.904  38.786 0.0000000000
51640  -43.794  -41.442  38.319 0.0000000000
51639  -43.158  -41.657  38.202 0.0000000000
50523  -42.216  -41.498  37.808 0.0000000000
53873  -41.602  -39.216  36.682 0.0000000000
52768  -40.919  -39.901  36.788 0.0000000000
52788  -40.538  -39.309  36.102 0.0000000000
53894  -39.551  -39.318  35.334 0.0000000000
53913  -39.834  -38.388  34.816 0.0000000000
55042  -41.125  -37.254  34.972 0.0000000000
56284  -40.101  -37.208  34.379 0.0000000000
56285  -40.799  -36.910  34.576 0.0000000000
56305  -40.348  -36.539  33.932 0.0000000000
55024  -43.903  -36.923  36.036 0.0000000000
57587  -42.792  -35.837  34.042 0.0000000000
57586  -42.297  -36.043  34.109 0.0000000000
57600  -41.920  -35.714  33.547 0.0000000000
57616  -41.187  -35.240  32.552 0.0000000000
57617  -42.243  -35.229  32.508 0.0000000000
58867  -42.141  -34.729  30.538 0.0000000000
83229  -56.799  -12.584  30.132 0.0000000000
83236  -56.853  -12.456  28.978 0.0000000000
83243  -57.020  -12.382  27.880 0.0000000000
83256  -57.263  -12.208  27.001 0.0000000000
42408  -28.885  -47.490  52.860 0.0000000000
42422  -28.263  -47.556  52.451 0.0000000000
42423  -28.835  -47.585  52.209 0.0000000000
42454  -29.599  -47.869  50.496 0.0000000000
42470  -29.014  -47.631  50.181 0.0000000000
43711  -28.144  -47.661  48.819 0.0000000000
42488  -29.014  -47.803  49.234 0.0000000000
41371  -31.644  -48.412  50.022 0.0000000000
41370  -30.857  -48.347  49.704 0.0000000000
41386  -30.872  -48.469  49.200 0.0000000000
42532  -29.832  -48.148  46.721 0.0000000000
42511  -29.760  -48.294  47.745 0.0000000000
42531  -29.093  -47.787  47.073 0.0000000000
43752  -28.439  -47.684  46.476 0.0000000000
43770  -28.550  -47.746  46.063 0.0000000000
42548  -27.631  -47.669  45.096 0.0000000000
42549  -28.055  -47.685  45.253 0.0000000000
42580  -28.791  -47.831  43.959 0.0000000000
42579  -28.089  -48.058  43.769 0.0000000000
42603  -28.297  -48.126  42.371 0.0000000000
57688  -42.863  -35.801  28.146 0.0000000000
57687  -42.309  -35.574  28.015 0.0000000000
57689  -43.457  -36.137  28.160 0.0000000000
56442  -43.609  -36.287  26.360 0.0000000000
58954  -45.635  -35.299  27.787 0.0000000000
58953  -44.974  -35.115  27.537 0.0000000000
60213  -43.427  -34.301  26.718 0.0000000000
63698  -46.373  -30.360  27.012 0.0000000000
64890  -46.797  -29.715  26.458 0.0000000000
66053  -46.249  -28.523  25.285 0.0000000000
68169  -47.986  -26.590  24.212 0.0000000000
68186  -47.429  -26.191  23.604 0.0000000000
68170  -49.003  -26.373  24.299 0.0000000000
45882  -38.039  -45.676  49.399 0.0000000000
43687  -37.515  -46.751  49.422 0.0000000000
44816  -38.094  -46.247  49.281 0.0000000000
42499  -38.602  -46.943  47.959 0.0000000000
42536  -37.842  -47.025  47.684 0.0000000000
43756  -37.776  -46.693  47.156 0.0000000000
43737  -41.119  -45.816  46.383 0.0000000000
43736  -40.595  -46.100  46.997 0.0000000000
42540  -40.357  -46.292  46.407 0.0000000000
45944  -38.507  -45.489  45.478 0.0000000000
44881  -38.397  -46.035  45.906 0.0000000000
45943  -37.729  -45.183  45.596 0.0000000000
45932  -37.203  -45.506  46.274 0.0000000000
47008  -37.087  -44.874  45.755 0.0000000000
47019  -36.631  -44.400  45.551 0.0000000000
48136  -36.878  -44.119  45.116 0.0000000000
49237  -36.065  -42.819  43.362 0.0000000000
49244  -35.225  -42.535  42.353 0.0000000000
48184  -43.865  -43.639  42.245 0.0000000000
47056  -43.285  -44.460  42.754 0.0000000000
45978  -44.160  -44.247  42.026 0.0000000000
47075  -42.212  -44.061  40.798 0.0000000000
45984  -42.701  -44.966  41.938 0.0000000000
47064  -42.022  -44.225  41.720 0.0000000000
47054  -41.576  -44.661  42.472 0.0000000000
48195  -41.557  -43.819  41.528 0.0000000000
49304  -40.592  -42.726  38.450 0.0000000000
48212  -41.148  -43.059  39.173 0.0000000000
49283  -39.600  -42.484  40.517 0.0000000000
49263  -39.716  -42.783  41.475 0.0000000000
49262  -38.645  -42.573  41.653 0.0000000000
50471  -35.662  -41.537  40.344 0.0000000000
49280  -36.335  -41.644  40.578 0.0000000000
50454  -35.122  -41.793  41.032 0.0000000000
50470  -34.441  -41.612  40.582 0.0000000000
55058  -38.441  -38.071  33.572 0.0000000000
55077  -37.061  -38.089  32.734 0.0000000000
56327  -37.382  -37.251  32.771 0.0000000000
41310  -23.763  -48.939  55.042 0.0000000000
43615  -28.742  -46.422  54.673 0.0000000000
43658  -32.829  -46.631  52.432 0.0000000000
46966  -36.188  -44.225  49.777 0.0000000000
46967  -36.800  -44.643  49.516 0.0000000000
48075  -36.637  -43.556  49.658 0.0000000000
48079  -39.792  -43.071  47.990 0.0000000000
49150  -39.918  -41.912  48.154 0.0000000000
50327  -41.951  -40.976  48.575 0.0000000000
49152  -41.652  -42.558  48.709 0.0000000000
50344  -42.054  -42.274  49.090 0.0000000000
49172  -42.035  -42.247  47.662 0.0000000000
51520  -43.570  -40.341  47.638 0.0000000000
50383  -43.495  -41.133  47.265 0.0000000000
51560  -43.396  -39.893  44.911 0.0000000000
52660  -43.820  -39.245  44.374 0.0000000000
52671  -43.326  -39.597  43.347 0.0000000000
54906  -44.310  -37.480  42.846 0.0000000000
54927  -44.295  -37.215  42.054 0.0000000000
53813  -44.286  -38.328  41.432 0.0000000000
53836  -49.940  -38.518  39.551 0.0000000000
53852  -52.243  -37.925  38.188 0.0000000000
52744  -51.956  -38.740  37.993 0.0000000000
53865  -52.421  -38.225  37.589 0.0000000000
53867  -53.419  -37.664  36.243 0.0000000000
52775  -52.369  -38.283  36.298 0.0000000000
53902  -52.357  -38.273  35.314 0.0000000000
53915  -51.634  -38.204  34.747 0.0000000000
53916  -52.475  -38.007  34.689 0.0000000000
56314  -54.478  -36.632  33.446 0.0000000000
55049  -54.380  -37.089  34.589 0.0000000000
55065  -53.458  -36.995  33.786 0.0000000000
55064  -52.520  -37.224  33.656 0.0000000000
55083  -53.186  -36.661  33.173 0.0000000000
56336  -52.020  -36.444  32.648 0.0000000000
56359  -53.321  -35.870  32.407 0.0000000000
58894  -53.868  -34.282  31.512 0.0000000000
58870  -53.379  -34.616  31.804 0.0000000000
60143  -53.014  -34.125  31.593 0.0000000000
60155  -52.361  -33.779  31.163 0.0000000000
61338  -52.789  -33.027  30.753 0.0000000000
61354  -56.726  -32.124  30.278 0.0000000000
58897  -55.949  -33.463  31.329 0.0000000000
60158  -55.693  -32.982  31.138 0.0000000000
62495  -54.517  -31.496  29.719 0.0000000000
61351  -54.255  -32.221  30.367 0.0000000000
62494  -53.507  -31.555  29.797 0.0000000000
62493  -52.459  -31.709  29.768 0.0000000000
62514  -51.821  -31.155  29.213 0.0000000000
64879  -53.288  -29.389  27.694 0.0000000000
63685  -52.734  -30.028  28.111 0.0000000000
64878  -52.365  -29.610  27.658 0.0000000000
64896  -52.140  -29.287  27.109 0.0000000000
64898  -55.809  -28.473  26.885 0.0000000000
64881  -55.555  -28.925  27.396 0.0000000000
66044  -55.219  -28.391  26.656 0.0000000000
67118  -53.194  -27.540  25.588 0.0000000000
66060  -53.656  -28.146  26.135 0.0000000000
67116  -51.093  -27.631  25.307 0.0000000000
68172  -51.186  -26.289  24.349 0.0000000000
69310  -50.772  -25.622  24.067 0.0000000000
68189  -50.176  -25.561  23.792 0.0000000000
69328  -50.952  -25.175  24.137 0.0000000000
71369  -58.598  -23.335  25.261 0.0000000000
71381  -58.895  -23.929  24.888 0.0000000000
71379  -57.600  -23.833  24.306 0.0000000000
70360  -57.177  -24.453  24.071 0.0000000000
70359  -56.705  -24.199  24.338 0.0000000000
74692  -56.818  -20.649  26.880 0.0000000000
73635  -57.292  -21.365  26.102 0.0000000000
73634  -56.518  -21.269  26.236 0.0000000000
72404  -54.617  -22.785  25.989 0.0000000000
72405  -55.663  -22.568  25.873 0.0000000000
71365  -55.089  -23.535  25.563 0.0000000000
70348  -54.599  -24.399  25.434 0.0000000000
70347  -54.021  -24.248  25.534 0.0000000000
70357  -53.571  -24.506  25.292 0.0000000000
71377  -53.377  -23.777  25.419 0.0000000000
72415  -51.438  -22.642  24.536 0.0000000000
71374  -51.028  -23.432  24.295 0.0000000000
70370  -50.482  -24.099  23.952 0.0000000000
71388  -49.872  -23.210  23.579 0.0000000000
71387  -48.852  -23.120  23.134 0.0000000000
73665  -49.637  -21.234  22.980 0.0000000000
72432  -49.169  -21.889  22.878 0.0000000000
73677  -48.916  -21.125  21.987 0.0000000000
74745  -49.550  -20.276  22.498 0.0000000000
76674  -51.570  -18.791  24.221 0.0000000000
75718  -51.048  -19.221  23.684 0.0000000000
76696  -51.390  -18.138  23.512 0.0000000000
77705  -50.010  -18.008  21.184 0.0000000000
76706  -49.962  -18.612  21.684 0.0000000000
142471  -48.734  -18.698  21.272 0.0000000000
73676  -49.326  -18.979  22.023 0.0000000000
80980  -55.402  -15.504  28.008 0.0000000000
80993  -55.098  -14.901  27.359 0.0000000000
79887  -55.034  -15.081  25.070 0.0000000000
81005  -54.723  -15.040  26.523 0.0000000000
79904  -54.331  -15.593  24.506 0.0000000000
79919  -53.394  -15.682  23.714 0.0000000000
78775  -54.249  -16.402  23.199 0.0000000000
77676  -56.879  -17.416  23.931 0.0000000000
78757  -56.531  -16.653  24.167 0.0000000000
77697  -56.407  -17.544  23.445 0.0000000000
76710  -55.665  -18.320  22.211 0.0000000000
77721  -54.369  -17.895  21.820 0.0000000000
40274  -23.520  -50.330  52.166 0.0000000000
40273  -23.135  -50.696  51.861 0.0000000000
40285  -23.271  -50.458  51.097 0.0000000000
40311  -22.423  -50.887  49.067 0.0000000000
39252  -22.552  -50.999  50.264 0.0000000000
39274  -21.310  -51.173  47.030 0.0000000000
39281  -21.032  -50.775  45.797 0.0000000000
39287  -20.906  -50.673  44.677 0.0000000000
43683  -26.407  -47.648  50.346 0.0000000000
43696  -25.475  -47.861  49.050 0.0000000000
42487  -24.756  -48.198  47.925 0.0000000000
42486  -24.431  -48.760  48.366 0.0000000000
42508  -24.371  -48.563  47.506 0.0000000000
42564  -25.342  -47.867  44.540 0.0000000000
42563  -24.209  -48.351  44.650 0.0000000000
41419  -23.542  -49.103  46.471 0.0000000000
41424  -22.867  -49.430  44.977 0.0000000000
40334  -22.411  -49.907  45.644 0.0000000000
39334  -24.149  -51.298  38.069 0.0000000000
39325  -23.972  -51.516  38.756 0.0000000000
41411  -37.175  -47.511  49.154 0.0000000000
41409  -35.803  -47.843  49.327 0.0000000000
44847  -33.803  -46.674  47.481 0.0000000000
43730  -33.171  -47.110  47.360 0.0000000000
43729  -32.436  -47.595  47.051 0.0000000000
43753  -32.337  -47.052  46.534 0.0000000000
47031  -32.733  -44.563  45.422 0.0000000000
45941  -32.885  -45.351  46.018 0.0000000000
45955  -31.839  -45.355  45.216 0.0000000000
44889  -30.648  -46.294  44.845 0.0000000000
44890  -31.365  -46.098  45.184 0.0000000000
43772  -31.139  -47.315  45.570 0.0000000000
43788  -30.244  -47.215  44.876 0.0000000000
43787  -29.648  -47.538  44.539 0.0000000000
43799  -29.830  -46.900  44.137 0.0000000000
44919  -28.315  -46.704  41.076 0.0000000000
43813  -28.862  -47.086  41.889 0.0000000000
43811  -27.780  -47.774  41.176 0.0000000000
43817  -27.802  -47.368  40.363 0.0000000000
49272  -28.586  -43.115  39.671 0.0000000000
48199  -28.462  -43.668  40.190 0.0000000000
48211  -28.130  -43.713  39.353 0.0000000000
47084  -27.673  -44.595  39.292 0.0000000000
45998  -27.361  -45.459  38.777 0.0000000000
45994  -27.667  -45.535  39.736 0.0000000000
44960  -27.164  -47.212  36.205 0.0000000000
43847  -27.031  -47.532  36.636 0.0000000000
42659  -26.591  -48.179  36.417 0.0000000000
55011  -48.294  -37.903  36.196 0.0000000000
55027  -48.495  -37.583  35.544 0.0000000000
53898  -49.345  -38.344  35.963 0.0000000000
53882  -50.638  -38.643  36.223 0.0000000000
52727  -49.643  -39.393  39.772 0.0000000000
51628  -49.259  -40.339  39.546 0.0000000000
51629  -50.027  -39.830  38.981 0.0000000000
51667  -48.941  -39.933  38.175 0.0000000000
52755  -48.502  -39.514  37.730 0.0000000000
53863  -47.681  -38.930  37.366 0.0000000000
53864  -48.413  -38.949  37.126 0.0000000000
69322  -45.895  -25.945  22.893 0.0000000000
69339  -45.542  -25.568  22.181 0.0000000000
69347  -45.902  -25.064  21.765 0.0000000000
70383  -45.850  -24.921  21.330 0.0000000000
70399  -45.737  -24.731  20.720 0.0000000000
70384  -46.430  -24.419  21.597 0.0000000000
70385  -47.102  -23.678  21.744 0.0000000000
71392  -47.786  -23.100  22.178 0.0000000000
42428  -34.628  -47.555  51.166 0.0000000000
41348  -34.314  -47.727  51.164 0.0000000000
41361  -34.849  -48.005  50.872 0.0000000000
41374  -35.308  -48.168  50.161 0.0000000000
41391  -35.220  -48.251  49.717 0.0000000000
60186  -48.902  -33.981  29.476 0.0000000000
60185  -48.369  -34.241  29.243 0.0000000000
63664  -50.289  -30.909  28.497 0.0000000000
49215  -42.756  -42.823  46.213 0.0000000000
48137  -42.791  -43.659  45.764 0.0000000000
48153  -42.802  -43.761  44.837 0.0000000000
47046  -43.104  -44.688  43.686 0.0000000000
51678  -39.462  -40.737  36.313 0.0000000000
50533  -39.332  -41.105  36.557 0.0000000000
51693  -38.736  -40.732  35.530 0.0000000000
51692  -38.085  -40.876  35.281 0.0000000000
51691  -37.138  -40.599  34.941 0.0000000000
51703  -36.371  -40.057  34.125 0.0000000000
52816  -35.458  -39.476  33.356 0.0000000000
58887  -40.604  -34.568  30.297 0.0000000000
58909  -39.936  -34.371  29.436 0.0000000000
76634  -56.690  -18.511  28.833 0.0000000000
76642  -56.036  -18.484  28.277 0.0000000000
76640  -54.750  -18.341  27.548 0.0000000000
77651  -53.626  -17.888  26.480 0.0000000000
77641  -54.670  -17.879  27.528 0.0000000000
78713  -54.564  -16.680  27.439 0.0000000000
78724  -54.092  -16.362  26.497 0.0000000000
42392  -25.087  -47.993  53.486 0.0000000000
42406  -25.076  -48.185  52.890 0.0000000000
43668  -25.628  -47.846  51.117 0.0000000000
42590  -26.934  -48.148  42.675 0.0000000000
42589  -25.892  -47.849  42.552 0.0000000000
42644  -25.437  -49.197  37.034 0.0000000000
42657  -25.617  -49.484  36.530 0.0000000000
49234  -33.725  -42.820  43.024 0.0000000000
48177  -33.095  -42.983  43.275 0.0000000000
49242  -33.223  -42.685  42.525 0.0000000000
49241  -32.263  -42.723  42.401 0.0000000000
49255  -31.018  -42.563  41.732 0.0000000000
57619  -44.249  -35.415  31.955 0.0000000000
56311  -49.339  -37.018  33.441 0.0000000000
56333  -48.957  -36.686  32.391 0.0000000000
56375  -49.250  -36.146  30.972 0.0000000000
56376  -49.867  -36.024  31.425 0.0000000000
57638  -50.265  -35.780  31.495 0.0000000000
57639  -50.868  -35.421  31.588 0.0000000000
52705  -43.972  -39.304  41.436 0.0000000000
51608  -44.376  -40.290  41.372 0.0000000000
51609  -45.445  -40.547  41.183 0.0000000000
49269  -46.960  -42.175  41.152 0.0000000000
51642  -46.065  -40.813  38.440 0.0000000000
51663  -45.014  -40.347  38.229 0.0000000000
52749  -42.124  -39.953  37.492 0.0000000000
53858  -42.834  -39.475  37.456 0.0000000000
53896  -41.273  -38.773  36.112 0.0000000000
55021  -40.873  -38.263  35.491 0.0000000000
55022  -41.555  -37.658  35.522 0.0000000000
56267  -42.306  -36.935  35.353 0.0000000000
56269  -44.110  -36.321  35.359 0.0000000000
41330  -29.988  -47.586  52.652 0.0000000000
42424  -29.633  -47.760  52.046 0.0000000000
42425  -29.978  -47.808  52.192 0.0000000000
41356  -30.063  -48.014  51.004 0.0000000000
42455  -30.188  -48.180  50.079 0.0000000000
41404  -31.615  -48.512  48.485 0.0000000000
42473  -30.838  -48.516  48.804 0.0000000000
42512  -30.504  -48.447  47.453 0.0000000000
42568  -29.179  -47.768  44.979 0.0000000000
56406  -43.730  -36.359  27.858 0.0000000000
56385  -44.227  -36.490  28.111 0.0000000000
56407  -44.394  -36.498  27.617 0.0000000000
56429  -44.416  -36.315  26.937 0.0000000000
61379  -45.561  -33.055  28.034 0.0000000000
60201  -44.752  -33.962  27.618 0.0000000000
61377  -43.907  -32.945  27.270 0.0000000000
64891  -47.670  -29.381  26.427 0.0000000000
66036  -47.734  -28.969  26.191 0.0000000000
66054  -47.428  -28.699  25.822 0.0000000000
67112  -46.984  -27.913  25.080 0.0000000000
67113  -47.991  -27.807  25.274 0.0000000000
45894  -39.273  -45.297  48.577 0.0000000000
44817  -38.675  -46.115  48.745 0.0000000000
44825  -39.502  -45.984  48.405 0.0000000000
43701  -39.560  -46.306  48.194 0.0000000000
42500  -39.206  -46.671  47.507 0.0000000000
43792  -40.405  -45.742  44.868 0.0000000000
43776  -40.102  -46.132  45.494 0.0000000000
44883  -39.704  -45.868  45.230 0.0000000000
47022  -38.821  -45.059  45.030 0.0000000000
47034  -38.189  -44.321  44.692 0.0000000000
48150  -37.140  -43.771  44.555 0.0000000000
48151  -38.095  -43.867  44.346 0.0000000000
48167  -37.922  -43.457  43.653 0.0000000000
48178  -37.112  -42.870  42.839 0.0000000000
47078  -44.400  -44.451  40.936 0.0000000000
47067  -44.153  -44.441  41.594 0.0000000000
47077  -43.619  -44.419  40.722 0.0000000000
47076  -42.783  -44.195  40.546 0.0000000000
48203  -42.330  -43.988  40.404 0.0000000000
49292  -38.894  -41.958  38.602 0.0000000000
50488  -38.000  -41.489  38.960 0.0000000000
50473  -37.457  -41.505  39.777 0.0000000000
49281  -37.039  -41.761  40.557 0.0000000000
50486  -36.104  -41.079  39.399 0.0000000000
49148  -37.245  -42.364  49.393 0.0000000000
50321  -37.295  -41.891  49.611 0.0000000000
51500  -42.350  -40.455  48.531 0.0000000000
51507  -43.118  -40.619  48.202 0.0000000000
53787  -44.678  -37.781  44.063 0.0000000000
56241  -51.949  -36.384  38.224 0.0000000000
53853  -52.632  -37.785  37.489 0.0000000000
56242  -52.334  -36.680  37.767 0.0000000000
55000  -52.981  -37.312  37.132 0.0000000000
55001  -53.305  -37.284  36.519 0.0000000000
55067  -54.960  -36.785  33.369 0.0000000000
56339  -54.591  -36.514  32.911 0.0000000000
56360  -54.230  -35.916  32.465 0.0000000000
56361  -54.966  -36.041  32.341 0.0000000000
57643  -54.616  -35.308  32.130 0.0000000000
58895  -54.484  -34.014  31.481 0.0000000000
62499  -57.793  -30.950  29.632 0.0000000000
61355  -57.252  -31.512  29.979 0.0000000000
61353  -55.938  -32.111  30.099 0.0000000000
62496  -55.471  -31.477  29.647 0.0000000000
62516  -53.821  -30.866  29.212 0.0000000000
63668  -54.086  -30.211  28.574 0.0000000000
64863  -53.910  -29.712  28.131 0.0000000000
67121  -56.179  -27.256  25.646 0.0000000000
66061  -54.700  -28.003  26.079 0.0000000000
67120  -55.246  -27.421  25.592 0.0000000000
67135  -52.752  -26.927  25.036 0.0000000000
69312  -52.843  -25.374  24.812 0.0000000000
72381  -57.814  -22.966  27.370 0.0000000000
72397  -58.477  -22.576  26.092 0.0000000000
72408  -58.052  -22.486  25.441 0.0000000000
73632  -54.627  -21.491  26.842 0.0000000000
73633  -55.702  -21.556  26.560 0.0000000000
72394  -54.295  -22.149  26.428 0.0000000000
72403  -53.624  -22.575  25.936 0.0000000000
71363  -53.296  -23.257  25.502 0.0000000000
71376  -52.751  -23.547  25.110 0.0000000000
72402  -52.791  -22.641  25.447 0.0000000000
72414  -50.806  -22.542  24.185 0.0000000000
72423  -50.276  -22.445  23.749 0.0000000000
73667  -50.694  -21.424  23.961 0.0000000000
74730  -50.096  -20.600  23.220 0.0000000000
77694  -51.822  -17.112  23.559 0.0000000000
77693  -50.661  -17.176  23.202 0.0000000000
77707  -50.100  -17.060  22.353 0.0000000000
78786  -50.500  -17.333  21.506 0.0000000000
76714  -50.060  -18.574  21.298 0.0000000000
81006  -55.166  -14.269  26.338 0.0000000000
79905  -55.410  -15.826  24.365 0.0000000000
75719  -57.273  -19.245  23.233 0.0000000000
76698  -56.511  -18.174  22.956 0.0000000000
39233  -22.342  -51.318  52.328 0.0000000000
41368  -23.722  -50.043  50.334 0.0000000000
40298  -23.247  -50.459  50.053 0.0000000000
40312  -22.884  -50.543  49.166 0.0000000000
40321  -22.407  -50.815  48.512 0.0000000000
39275  -21.894  -50.979  47.382 0.0000000000
43698  -27.261  -47.570  49.575 0.0000000000
43697  -26.316  -47.655  49.311 0.0000000000
43709  -26.192  -47.704  48.299 0.0000000000
43725  -25.070  -47.847  47.301 0.0000000000
41437  -23.011  -48.741  43.570 0.0000000000
40344  -22.008  -49.771  43.660 0.0000000000
40352  -21.563  -50.407  41.350 0.0000000000
40357  -22.149  -50.433  40.662 0.0000000000
39316  -22.733  -51.287  40.211 0.0000000000
38301  -23.568  -51.725  39.610 0.0000000000
43733  -36.457  -46.873  47.837 0.0000000000
42518  -35.994  -47.360  48.436 0.0000000000
43732  -35.326  -46.968  47.955 0.0000000000
44865  -33.363  -46.136  46.982 0.0000000000
47041  -30.595  -44.483  43.976 0.0000000000
45954  -31.005  -45.253  44.763 0.0000000000
44899  -29.747  -46.359  43.655 0.0000000000
44908  -29.336  -46.655  42.785 0.0000000000
44914  -28.670  -46.526  41.633 0.0000000000
44918  -28.038  -46.388  40.366 0.0000000000
44951  -28.620  -46.140  36.309 0.0000000000
46014  -27.392  -46.114  36.836 0.0000000000
56292  -48.482  -36.875  34.167 0.0000000000
55079  -50.369  -37.212  33.236 0.0000000000
52725  -47.089  -39.140  40.357 0.0000000000
52708  -47.006  -39.871  40.790 0.0000000000
52709  -47.830  -40.029  40.594 0.0000000000
50460  -48.609  -40.932  40.296 0.0000000000
50508  -48.043  -41.151  39.144 0.0000000000
50509  -48.609  -40.743  39.089 0.0000000000
51643  -47.297  -40.771  38.616 0.0000000000
53876  -44.774  -38.159  37.166 0.0000000000
55008  -45.090  -37.131  36.424 0.0000000000
53878  -47.015  -38.198  36.960 0.0000000000
55009  -46.418  -37.409  36.477 0.0000000000
71414  -45.934  -24.180  19.960 0.0000000000
40287  -31.866  -48.117  51.422 0.0000000000
40288  -32.531  -48.248  51.087 0.0000000000
41359  -32.499  -48.393  50.755 0.0000000000
41372  -32.745  -48.504  50.297 0.0000000000
40290  -34.091  -48.183  50.704 0.0000000000
41373  -33.459  -48.550  50.171 0.0000000000
41388  -32.443  -48.532  49.465 0.0000000000
41405  -32.149  -48.496  48.684 0.0000000000
42492  -31.779  -48.415  48.005 0.0000000000
56410  -47.022  -36.111  28.806 0.0000000000
57691  -46.702  -35.665  28.451 0.0000000000
58929  -46.272  -34.852  28.254 0.0000000000
60184  -47.658  -34.040  28.793 0.0000000000
60183  -46.870  -33.925  28.513 0.0000000000
60182  -46.109  -33.701  28.344 0.0000000000
62529  -45.348  -32.001  27.633 0.0000000000
63677  -45.024  -31.265  27.232 0.0000000000
63678  -45.917  -31.161  27.469 0.0000000000
63700  -48.249  -29.937  27.056 0.0000000000
64893  -49.469  -29.261  26.722 0.0000000000
46991  -41.447  -44.160  47.245 0.0000000000
45907  -41.154  -45.066  47.668 0.0000000000
46998  -41.605  -44.409  46.872 0.0000000000
45919  -41.630  -44.815  46.766 0.0000000000
44871  -41.519  -45.508  46.123 0.0000000000
47009  -42.600  -44.287  46.142 0.0000000000
44872  -41.965  -45.358  45.612 0.0000000000
43778  -41.228  -45.749  45.297 0.0000000000
43793  -41.088  -45.665  44.705 0.0000000000
44893  -40.943  -45.519  44.167 0.0000000000
47045  -40.705  -44.613  43.413 0.0000000000
49306  -42.033  -42.758  38.297 0.0000000000
48225  -41.627  -43.144  38.722 0.0000000000
49319  -41.021  -42.458  37.729 0.0000000000
49318  -40.253  -42.258  37.533 0.0000000000
50519  -39.296  -41.476  36.880 0.0000000000
49316  -39.223  -41.750  37.161 0.0000000000
49302  -39.095  -41.939  37.602 0.0000000000
50517  -37.818  -41.266  37.119 0.0000000000
51655  -35.954  -40.484  36.765 0.0000000000
51673  -35.310  -39.966  35.793 0.0000000000
52784  -34.828  -39.660  34.928 0.0000000000
52785  -35.486  -39.791  34.557 0.0000000000
58863  -38.789  -35.117  31.378 0.0000000000
58885  -38.464  -34.719  30.760 0.0000000000
63672  -58.084  -30.307  28.436 0.0000000000
63689  -57.008  -29.851  27.872 0.0000000000
63688  -56.011  -29.667  27.873 0.0000000000
64900  -57.437  -28.790  26.924 0.0000000000
66046  -57.072  -28.159  26.491 0.0000000000
66064  -57.604  -27.885  25.835 0.0000000000
66063  -56.642  -27.639  26.078 0.0000000000
68177  -56.132  -26.191  24.940 0.0000000000
68192  -56.105  -26.046  24.253 0.0000000000
74673  -57.044  -20.930  28.394 0.0000000000
74680  -56.684  -20.428  27.510 0.0000000000
75660  -56.509  -19.730  28.130 0.0000000000
75673  -56.168  -20.020  27.440 0.0000000000
74690  -55.045  -20.630  27.323 0.0000000000
74688  -53.380  -20.496  26.405 0.0000000000
75685  -52.322  -19.971  25.309 0.0000000000
76662  -52.497  -18.929  25.317 0.0000000000
76675  -52.121  -18.355  24.655 0.0000000000
77659  -52.611  -17.843  25.166 0.0000000000
77674  -52.437  -17.322  24.244 0.0000000000
77695  -52.383  -16.728  23.768 0.0000000000
79918  -52.372  -15.619  23.439 0.0000000000
79934  -52.683  -15.950  22.745 0.0000000000
79878  -56.571  -15.209  25.325 0.0000000000
78725  -56.761  -15.579  24.747 0.0000000000
77661  -56.941  -16.940  24.245 0.0000000000
77677  -57.211  -17.722  24.076 0.0000000000
41355  -23.936  -49.649  51.503 0.0000000000
41354  -23.732  -49.982  51.006 0.0000000000
43767  -26.468  -47.626  45.578 0.0000000000
42588  -24.723  -47.859  42.417 0.0000000000
42587  -23.660  -48.149  42.191 0.0000000000
41456  -23.242  -49.563  39.002 0.0000000000
41467  -23.672  -49.851  38.429 0.0000000000
40380  -24.877  -50.713  36.973 0.0000000000
47017  -34.419  -44.447  45.979 0.0000000000
47032  -33.579  -44.310  45.623 0.0000000000
48145  -32.138  -43.724  44.268 0.0000000000
48162  -32.573  -43.338  43.845 0.0000000000
47042  -31.207  -44.215  44.306 0.0000000000
48173  -29.681  -43.942  42.527 0.0000000000
47074  -29.016  -44.355  41.382 0.0000000000
58911  -41.741  -34.789  29.027 0.0000000000
57669  -43.064  -35.397  29.283 0.0000000000
57671  -45.048  -36.415  29.039 0.0000000000
57672  -45.614  -36.377  29.132 0.0000000000
56388  -46.578  -36.341  28.980 0.0000000000
56372  -46.815  -36.438  29.720 0.0000000000
57673  -47.597  -36.084  28.974 0.0000000000
57674  -48.224  -35.817  29.277 0.0000000000
58913  -48.566  -35.006  29.413 0.0000000000
57661  -49.061  -35.760  30.023 0.0000000000
57675  -48.723  -35.418  29.600 0.0000000000
58914  -49.079  -34.935  29.727 0.0000000000
60167  -49.456  -33.926  29.821 0.0000000000
61347  -50.104  -33.077  29.745 0.0000000000
50446  -43.154  -41.375  42.630 0.0000000000
48185  -44.863  -43.635  41.958 0.0000000000
49267  -45.217  -42.331  41.659 0.0000000000
49250  -45.427  -43.173  41.776 0.0000000000
47080  -45.540  -44.043  41.554 0.0000000000
47089  -45.128  -44.278  40.538 0.0000000000
48216  -44.397  -43.897  39.669 0.0000000000
48228  -44.177  -43.420  39.202 0.0000000000
51611  -47.338  -40.844  40.874 0.0000000000
50459  -47.302  -41.686  40.902 0.0000000000
49297  -47.145  -42.694  40.067 0.0000000000
49310  -46.044  -42.563  39.323 0.0000000000
49296  -46.283  -43.104  39.766 0.0000000000
49309  -44.959  -42.799  39.071 0.0000000000
49308  -43.879  -42.820  38.759 0.0000000000
49307  -42.911  -42.786  38.556 0.0000000000
50503  -42.511  -42.016  38.118 0.0000000000
50522  -41.590  -41.860  37.688 0.0000000000
51659  -40.894  -40.927  37.289 0.0000000000
52748  -41.425  -40.439  37.347 0.0000000000
51680  -40.607  -40.500  36.961 0.0000000000
51679  -40.119  -40.635  36.710 0.0000000000
51694  -39.219  -40.358  35.651 0.0000000000
52804  -38.912  -39.969  34.901 0.0000000000
53911  -38.467  -39.217  34.214 0.0000000000
53941  -37.796  -38.752  33.337 0.0000000000
53926  -38.107  -38.986  33.751 0.0000000000
53927  -38.597  -38.495  33.972 0.0000000000
55040  -39.612  -37.890  34.439 0.0000000000
56303  -38.797  -37.425  33.588 0.0000000000
57597  -39.250  -36.528  33.322 0.0000000000
56287  -42.487  -36.290  34.704 0.0000000000
56306  -41.240  -36.319  34.068 0.0000000000
57615  -40.029  -35.330  32.459 0.0000000000
58853  -40.638  -34.982  32.106 0.0000000000
57633  -41.676  -34.886  31.935 0.0000000000
58866  -41.395  -34.651  31.105 0.0000000000
58888  -41.519  -34.617  29.998 0.0000000000
78704  -56.532  -16.550  28.970 0.0000000000
79848  -56.657  -15.646  29.643 0.0000000000
80982  -56.471  -14.545  28.879 0.0000000000
82093  -56.284  -14.015  27.716 0.0000000000
81009  -57.356  -14.940  24.973 0.0000000000
82115  -57.243  -13.487  25.625 0.0000000000
79889  -57.504  -15.413  24.471 0.0000000000
43645  -27.317  -47.262  53.447 0.0000000000
43656  -27.606  -47.508  52.493 0.0000000000
43670  -27.403  -47.557  51.566 0.0000000000
42453  -28.952  -47.635  51.036 0.0000000000
43685  -28.215  -47.557  50.834 0.0000000000
42489  -29.679  -48.301  48.745 0.0000000000
43768  -27.400  -47.578  45.604 0.0000000000
43786  -27.395  -47.663  45.054 0.0000000000
42613  -27.225  -47.925  40.928 0.0000000000
49277  -32.653  -41.943  41.104 0.0000000000
58927  -41.946  -35.265  28.230 0.0000000000
57709  -42.099  -35.819  27.482 0.0000000000
56427  -43.045  -36.262  27.441 0.0000000000
56440  -42.548  -36.344  27.007 0.0000000000
56452  -42.592  -36.405  26.377 0.0000000000
57740  -42.187  -36.126  25.713 0.0000000000
56430  -45.033  -36.244  27.084 0.0000000000
57728  -44.238  -36.053  26.627 0.0000000000
58952  -44.160  -34.892  27.123 0.0000000000
57711  -44.121  -35.679  26.676 0.0000000000
57727  -43.842  -35.953  26.261 0.0000000000
64907  -46.489  -29.205  25.949 0.0000000000
67129  -46.469  -27.366  24.394 0.0000000000
68167  -46.599  -26.910  24.132 0.0000000000
68185  -46.324  -26.655  23.714 0.0000000000
44807  -36.753  -46.307  49.916 0.0000000000
42443  -36.376  -47.138  50.018 0.0000000000
43686  -36.828  -46.766  49.755 0.0000000000
42458  -37.534  -47.126  49.149 0.0000000000
42475  -37.535  -47.306  48.960 0.0000000000
42476  -38.162  -47.000  48.423 0.0000000000
42519  -36.950  -47.196  48.109 0.0000000000
44850  -36.489  -46.471  47.413 0.0000000000
45931  -36.120  -45.557  46.826 0.0000000000
44836  -41.024  -45.534  47.439 0.0000000000
43735  -39.707  -46.536  47.227 0.0000000000
42522  -39.418  -46.597  47.145 0.0000000000
43775  -39.576  -46.330  45.821 0.0000000000
43758  -39.104  -46.510  46.370 0.0000000000
43757  -38.635  -46.571  46.650 0.0000000000
44869  -37.929  -46.243  46.384 0.0000000000
47006  -35.394  -44.894  46.491 0.0000000000
47018  -35.749  -44.294  45.857 0.0000000000
48134  -35.359  -43.792  45.309 0.0000000000
48148  -35.025  -43.484  44.653 0.0000000000
48165  -35.644  -43.198  43.850 0.0000000000
49235  -34.473  -42.839  43.119 0.0000000000
48183  -42.910  -43.738  42.982 0.0000000000
47055  -42.986  -44.331  43.338 0.0000000000
47047  -43.269  -44.909  43.217 0.0000000000
45986  -43.749  -44.510  42.167 0.0000000000
45985  -43.267  -44.892  41.999 0.0000000000
44910  -42.326  -45.485  43.183 0.0000000000
45974  -41.790  -45.155  42.581 0.0000000000
45973  -41.383  -44.811  42.826 0.0000000000
47052  -40.505  -44.009  43.074 0.0000000000
48213  -41.739  -43.510  39.516 0.0000000000
48201  -41.124  -43.215  40.275 0.0000000000
48194  -40.833  -43.562  41.739 0.0000000000
48193  -39.834  -43.169  42.092 0.0000000000
48181  -39.977  -43.675  42.974 0.0000000000
48180  -38.838  -43.146  42.719 0.0000000000
49247  -38.198  -42.849  42.421 0.0000000000
49246  -37.579  -42.644  42.336 0.0000000000
49279  -34.292  -41.968  41.281 0.0000000000
52735  -50.961  -38.826  39.117 0.0000000000
52743  -51.004  -39.189  38.425 0.0000000000
53845  -51.120  -38.049  39.137 0.0000000000
53846  -51.621  -38.056  38.831 0.0000000000
43627  -24.716  -47.937  54.473 0.0000000000
43628  -25.318  -47.716  54.041 0.0000000000
43629  -26.285  -47.225  54.191 0.0000000000
43630  -27.210  -46.923  54.198 0.0000000000
42394  -28.859  -47.212  53.535 0.0000000000
42381  -29.501  -46.823  54.190 0.0000000000
42395  -29.635  -47.277  53.489 0.0000000000
41320  -30.392  -47.442  52.945 0.0000000000
41321  -30.973  -47.354  53.048 0.0000000000
41333  -31.659  -47.369  52.357 0.0000000000
43646  -31.698  -46.770  53.232 0.0000000000
41334  -32.089  -47.172  52.196 0.0000000000
42412  -32.407  -46.987  52.277 0.0000000000
42426  -33.130  -47.193  51.763 0.0000000000
43659  -33.476  -46.769  51.807 0.0000000000
43660  -34.201  -46.950  51.360 0.0000000000
44796  -34.488  -46.362  51.192 0.0000000000
45871  -35.710  -45.167  50.173 0.0000000000
45872  -36.426  -45.723  49.878 0.0000000000
45892  -37.951  -45.035  49.235 0.0000000000
48076  -37.232  -43.314  49.192 0.0000000000
48077  -37.946  -43.617  48.725 0.0000000000
46980  -38.308  -44.377  48.806 0.0000000000
46981  -39.149  -44.322  48.478 0.0000000000
49151  -40.886  -42.202  48.314 0.0000000000
48081  -41.466  -42.689  47.972 0.0000000000
48103  -41.470  -43.161  47.618 0.0000000000
50361  -43.191  -41.664  47.796 0.0000000000
50382  -43.052  -42.031  46.894 0.0000000000
50401  -42.826  -41.748  45.908 0.0000000000
51545  -42.967  -41.227  45.293 0.0000000000
52641  -44.209  -39.540  46.521 0.0000000000
51559  -42.982  -40.822  44.584 0.0000000000
52685  -43.271  -39.428  42.414 0.0000000000
53786  -44.073  -38.024  43.406 0.0000000000
53785  -43.530  -38.764  42.916 0.0000000000
52704  -43.433  -39.205  41.846 0.0000000000
53814  -45.093  -38.368  40.739 0.0000000000
54949  -45.408  -37.691  40.581 0.0000000000
56192  -44.921  -36.527  40.986 0.0000000000
54967  -45.352  -36.960  40.656 0.0000000000
53831  -45.890  -38.364  40.403 0.0000000000
53832  -46.704  -38.404  40.176 0.0000000000
53835  -49.234  -38.748  39.822 0.0000000000
52728  -50.189  -39.037  39.444 0.0000000000
52758  -51.298  -38.941  37.563 0.0000000000
52773  -51.366  -38.703  36.783 0.0000000000
53883  -51.399  -38.570  36.036 0.0000000000
52760  -52.493  -38.260  36.643 0.0000000000
52774  -52.010  -38.503  36.505 0.0000000000
55046  -51.638  -37.706  34.230 0.0000000000
55063  -51.687  -37.318  33.658 0.0000000000
56260  -53.454  -36.411  36.202 0.0000000000
55013  -54.078  -37.287  36.090 0.0000000000
56294  -54.476  -36.712  34.886 0.0000000000
53904  -54.189  -38.125  35.120 0.0000000000
52789  -53.902  -38.726  34.879 0.0000000000
53917  -53.151  -37.854  34.623 0.0000000000
55081  -51.801  -36.935  33.106 0.0000000000
56357  -51.399  -35.910  32.224 0.0000000000
58868  -51.517  -35.025  31.576 0.0000000000
57641  -52.819  -35.197  32.156 0.0000000000
58869  -52.224  -34.622  31.601 0.0000000000
58892  -51.160  -34.659  31.154 0.0000000000
60154  -51.368  -33.728  30.764 0.0000000000
61336  -51.409  -33.292  30.551 0.0000000000
61348  -51.050  -32.990  30.255 0.0000000000
58873  -55.807  -34.175  31.894 0.0000000000
58896  -55.352  -33.723  31.476 0.0000000000
60170  -54.938  -32.432  30.583 0.0000000000
61339  -53.711  -32.881  30.690 0.0000000000
61349  -52.101  -32.500  30.261 0.0000000000
63666  -52.294  -30.558  28.609 0.0000000000
63684  -51.878  -30.147  28.040 0.0000000000
63683  -50.966  -30.264  27.943 0.0000000000
64876  -50.670  -29.738  27.392 0.0000000000
64894  -50.372  -29.298  26.777 0.0000000000
66040  -50.957  -28.900  26.231 0.0000000000
63687  -55.289  -29.510  27.862 0.0000000000
66029  -54.622  -28.751  27.232 0.0000000000
66028  -53.806  -28.942  27.332 0.0000000000
66042  -53.040  -28.800  26.971 0.0000000000
66041  -51.941  -28.895  26.436 0.0000000000
66057  -50.532  -28.256  25.774 0.0000000000
67115  -50.065  -27.639  25.271 0.0000000000
67132  -49.562  -27.035  24.722 0.0000000000
67134  -51.689  -27.013  24.795 0.0000000000
68188  -49.430  -25.711  23.770 0.0000000000
69325  -48.875  -25.042  23.439 0.0000000000
69317  -57.237  -25.425  24.068 0.0000000000
69332  -56.595  -25.406  23.941 0.0000000000
69315  -55.924  -25.384  24.699 0.0000000000
74693  -57.580  -21.208  26.688 0.0000000000
73654  -57.585  -21.929  25.615 0.0000000000
72407  -57.338  -22.496  25.147 0.0000000000
73651  -55.846  -22.021  26.121 0.0000000000
72406  -56.524  -22.563  25.335 0.0000000000
71367  -56.912  -23.366  24.598 0.0000000000
70350  -56.357  -24.159  24.890 0.0000000000
69304  -55.399  -25.059  25.186 0.0000000000
69314  -55.209  -25.719  25.042 0.0000000000
70371  -50.953  -24.760  24.170 0.0000000000
69327  -50.556  -25.047  23.876 0.0000000000
70368  -48.289  -24.281  23.125 0.0000000000
71393  -48.357  -23.039  22.609 0.0000000000
72422  -49.592  -22.262  23.286 0.0000000000
72431  -48.643  -22.309  22.404 0.0000000000
72430  -48.099  -22.492  21.960 0.0000000000
72445  -48.278  -22.045  21.525 0.0000000000
72455  -48.166  -21.905  20.641 0.0000000000
75697  -51.425  -19.820  24.345 0.0000000000
75717  -50.478  -19.557  23.061 0.0000000000
76708  -50.256  -17.839  22.723 0.0000000000
75729  -50.165  -19.217  22.364 0.0000000000
75728  -49.310  -18.785  22.551 0.0000000000
74728  -48.975  -18.552  22.593 0.0000000000
74759  -48.942  -20.760  21.126 0.0000000000
79857  -55.760  -15.898  28.439 0.0000000000
79868  -54.936  -15.934  27.848 0.0000000000
79877  -54.436  -15.793  26.784 0.0000000000
79885  -53.647  -15.806  25.158 0.0000000000
79903  -53.438  -15.729  24.491 0.0000000000
81043  -53.159  -15.068  23.869 0.0000000000
78789  -53.065  -16.975  22.482 0.0000000000
79888  -56.143  -15.289  24.998 0.0000000000
78756  -56.064  -16.618  23.994 0.0000000000
79921  -55.384  -16.344  23.802 0.0000000000
76697  -55.902  -17.850  22.742 0.0000000000
78792  -55.476  -16.953  23.000 0.0000000000
78776  -55.074  -16.526  23.316 0.0000000000
78790  -54.082  -16.852  22.529 0.0000000000
77709  -53.888  -17.422  22.046 0.0000000000
77708  -53.233  -17.541  21.888 0.0000000000
39235  -23.371  -50.678  53.111 0.0000000000
39234  -22.907  -50.846  52.571 0.0000000000
39280  -20.203  -51.192  46.191 0.0000000000
42452  -24.861  -48.248  49.717 0.0000000000
42468  -24.393  -48.786  49.288 0.0000000000
41414  -24.129  -49.312  47.916 0.0000000000
41413  -23.657  -49.562  47.413 0.0000000000
42530  -24.962  -47.948  46.090 0.0000000000
42529  -24.250  -48.393  46.517 0.0000000000
42545  -23.941  -48.548  45.792 0.0000000000
40330  -23.304  -49.661  47.043 0.0000000000
40329  -22.831  -49.920  46.643 0.0000000000
40336  -21.518  -50.271  44.190 0.0000000000
40361  -23.056  -50.414  39.327 0.0000000000
41376  -36.339  -47.422  49.699 0.0000000000
41392  -35.886  -47.779  49.655 0.0000000000
41408  -34.994  -48.294  49.220 0.0000000000
42517  -34.917  -47.591  48.293 0.0000000000
42495  -34.510  -48.120  48.620 0.0000000000
42515  -32.925  -47.855  47.706 0.0000000000
42553  -31.243  -47.765  45.932 0.0000000000
45942  -33.517  -45.287  46.366 0.0000000000
44880  -33.037  -45.757  46.391 0.0000000000
44879  -32.500  -46.196  46.196 0.0000000000
44891  -31.925  -46.153  45.521 0.0000000000
43773  -31.737  -46.800  45.794 0.0000000000
42554  -31.641  -47.361  46.059 0.0000000000
42570  -30.359  -47.688  45.333 0.0000000000
42569  -29.882  -47.757  45.103 0.0000000000
43797  -28.834  -47.855  43.325 0.0000000000
43807  -29.029  -47.277  42.406 0.0000000000
43806  -28.745  -47.781  42.716 0.0000000000
49275  -30.693  -42.092  40.876 0.0000000000
49274  -29.813  -42.319  40.621 0.0000000000
49254  -30.061  -42.734  41.404 0.0000000000
48200  -28.967  -43.673  40.888 0.0000000000
47073  -28.470  -44.733  40.769 0.0000000000
45990  -28.050  -45.492  40.387 0.0000000000
44923  -27.587  -46.437  39.438 0.0000000000
44936  -27.230  -46.547  37.418 0.0000000000
43822  -27.437  -47.317  39.103 0.0000000000
42633  -26.917  -48.021  38.744 0.0000000000
42658  -26.090  -49.055  36.212 0.0000000000
39317  -23.261  -51.481  39.772 0.0000000000
39333  -23.711  -51.017  38.550 0.0000000000
40266  -31.546  -47.633  52.051 0.0000000000
40275  -31.623  -47.831  51.793 0.0000000000
40276  -32.212  -47.880  51.558 0.0000000000
40289  -33.324  -48.196  50.863 0.0000000000
40300  -33.552  -48.415  50.453 0.0000000000
40301  -34.269  -48.430  50.277 0.0000000000
40302  -35.042  -48.361  50.086 0.0000000000
40313  -33.865  -48.563  50.135 0.0000000000
40314  -34.346  -48.523  49.943 0.0000000000
40315  -34.760  -48.411  49.814 0.0000000000
40371  -23.878  -50.465  38.179 0.0000000000
41319  -29.998  -47.477  52.870 0.0000000000
41322  -31.251  -47.222  53.060 0.0000000000
41342  -30.071  -47.990  51.327 0.0000000000
41345  -32.044  -47.586  51.824 0.0000000000
41360  -33.989  -47.869  51.101 0.0000000000
41393  -36.593  -47.490  49.384 0.0000000000
41394  -37.064  -47.518  49.171 0.0000000000
41410  -36.647  -47.660  49.175 0.0000000000
41479  -24.719  -50.054  37.351 0.0000000000
42382  -30.169  -46.748  54.158 0.0000000000
42410  -29.980  -47.692  52.441 0.0000000000
42411  -31.905  -47.005  52.721 0.0000000000
42436  -24.391  -49.104  51.001 0.0000000000
42438  -28.820  -47.617  51.684 0.0000000000
42440  -30.002  -48.043  50.714 0.0000000000
42441  -35.339  -47.525  50.866 0.0000000000
42456  -36.121  -47.260  50.235 0.0000000000
42459  -38.135  -46.874  48.802 0.0000000000
42474  -37.145  -47.414  49.215 0.0000000000
42491  -31.119  -48.528  48.197 0.0000000000
42498  -37.539  -47.303  48.665 0.0000000000
42509  -24.651  -48.132  47.472 0.0000000000
42523  -40.011  -46.461  46.960 0.0000000000
42528  -23.860  -48.646  46.267 0.0000000000
42537  -38.506  -46.796  47.385 0.0000000000
42538  -39.180  -46.643  46.940 0.0000000000
42541  -40.813  -46.074  46.034 0.0000000000
42555  -39.552  -46.498  46.426 0.0000000000
42556  -40.090  -46.364  46.026 0.0000000000
42557  -40.668  -46.079  45.827 0.0000000000
42618  -23.955  -48.885  39.110 0.0000000000
43610  -24.900  -47.750  54.714 0.0000000000
43647  -32.147  -46.535  53.187 0.0000000000
43657  -28.372  -47.595  52.126 0.0000000000
43674  -36.315  -46.885  50.302 0.0000000000
43712  -38.773  -46.810  48.072 0.0000000000
43713  -39.671  -46.479  47.784 0.0000000000
43714  -40.522  -46.023  47.537 0.0000000000
43734  -37.286  -46.942  47.651 0.0000000000
43748  -24.848  -47.920  46.673 0.0000000000
43755  -37.008  -46.711  47.377 0.0000000000
43759  -40.793  -46.053  46.309 0.0000000000
43760  -41.235  -45.776  45.829 0.0000000000
43761  -41.731  -45.596  45.275 0.0000000000
43769  -28.206  -47.620  45.943 0.0000000000
43774  -38.994  -46.446  46.108 0.0000000000
43777  -40.597  -45.952  45.420 0.0000000000
43785  -27.074  -47.656  45.059 0.0000000000
43790  -31.549  -46.493  45.448 0.0000000000
43791  -39.984  -45.998  45.232 0.0000000000
43794  -41.642  -45.595  44.594 0.0000000000
43795  -42.119  -45.511  44.263 0.0000000000
43801  -41.864  -45.529  44.072 0.0000000000
43802  -42.159  -45.517  43.953 0.0000000000
43838  -27.150  -47.267  37.243 0.0000000000
44815  -37.510  -46.245  49.688 0.0000000000
44826  -40.152  -45.972  48.145 0.0000000000
44851  -41.149  -45.605  47.084 0.0000000000
44852  -41.431  -45.379  46.655 0.0000000000
44853  -41.891  -45.165  46.146 0.0000000000
44864  -32.711  -46.564  46.647 0.0000000000
44867  -36.205  -46.094  47.255 0.0000000000
44884  -42.282  -45.354  44.907 0.0000000000
44894  -41.211  -45.516  44.112 0.0000000000
44901  -41.242  -45.344  43.623 0.0000000000
44902  -41.641  -45.463  43.589 0.0000000000
44909  -42.056  -45.535  42.934 0.0000000000
44911  -42.515  -45.428  43.392 0.0000000000
44950  -27.769  -46.368  36.267 0.0000000000
44961  -27.460  -46.975  35.874 0.0000000000
45883  -38.480  -45.730  48.966 0.0000000000
45906  -40.648  -45.430  47.863 0.0000000000
45908  -41.461  -44.936  47.296 0.0000000000
45917  -35.231  -46.031  47.404 0.0000000000
45930  -35.006  -45.510  47.143 0.0000000000
45933  -37.946  -45.740  45.913 0.0000000000
45934  -42.400  -44.867  45.863 0.0000000000
45945  -39.362  -45.346  44.945 0.0000000000
45946  -39.880  -45.540  44.787 0.0000000000
45959  -40.617  -45.321  44.173 0.0000000000
45960  -42.848  -45.062  44.369 0.0000000000
45965  -40.517  -44.770  43.705 0.0000000000
45966  -40.996  -45.034  43.476 0.0000000000
45968  -43.133  -45.043  43.501 0.0000000000
45969  -43.482  -45.014  43.048 0.0000000000
45975  -42.512  -45.224  42.595 0.0000000000
45976  -42.958  -45.061  42.909 0.0000000000
45987  -43.953  -44.322  42.105 0.0000000000
46978  -36.802  -44.031  49.381 0.0000000000
46992  -41.783  -43.847  46.754 0.0000000000
47021  -38.296  -44.831  45.106 0.0000000000
47029  -31.105  -44.567  44.462 0.0000000000
47033  -37.697  -44.104  44.695 0.0000000000
47035  -39.149  -44.530  44.467 0.0000000000
47036  -39.796  -44.684  44.261 0.0000000000
47050  -29.673  -44.592  43.174 0.0000000000
47051  -30.124  -44.342  43.514 0.0000000000
47053  -41.098  -44.257  42.768 0.0000000000
47057  -44.348  -44.086  42.029 0.0000000000
47058  -45.054  -43.897  41.901 0.0000000000
47063  -41.432  -43.890  41.979 0.0000000000
47065  -42.802  -44.638  41.310 0.0000000000
47069  -45.248  -43.987  41.786 0.0000000000
47079  -45.233  -44.313  41.181 0.0000000000
47087  -43.667  -44.161  40.055 0.0000000000
48054  -36.861  -42.875  49.880 0.0000000000
48098  -37.760  -42.998  48.737 0.0000000000
48102  -41.195  -43.520  47.708 0.0000000000
48135  -36.307  -43.890  45.206 0.0000000000
48161  -31.578  -43.657  43.914 0.0000000000
48169  -39.678  -43.983  43.608 0.0000000000
48186  -45.450  -43.675  41.807 0.0000000000
48204  -45.749  -43.963  40.603 0.0000000000
48206  -46.810  -43.112  40.921 0.0000000000
48218  -46.320  -43.415  40.353 0.0000000000
49133  -37.090  -41.981  50.142 0.0000000000
49249  -44.516  -42.953  41.978 0.0000000000
49251  -45.794  -43.362  41.654 0.0000000000
49264  -40.229  -43.090  41.548 0.0000000000
49286  -47.183  -42.483  40.757 0.0000000000
49287  -47.679  -41.892  40.398 0.0000000000
49305  -41.338  -42.875  38.192 0.0000000000
49311  -46.802  -42.531  39.584 0.0000000000
50308  -37.483  -41.678  49.779 0.0000000000
50362  -43.388  -41.022  47.607 0.0000000000
50453  -34.672  -41.868  41.149 0.0000000000
50456  -44.816  -41.331  41.510 0.0000000000
50458  -46.742  -41.633  41.195 0.0000000000
50461  -48.798  -40.860  40.159 0.0000000000
50474  -47.667  -41.660  40.529 0.0000000000
50475  -48.238  -41.397  40.258 0.0000000000
50491  -48.715  -40.901  39.448 0.0000000000
50502  -41.924  -42.316  37.985 0.0000000000
50532  -38.824  -41.166  36.192 0.0000000000
51508  -43.359  -40.014  48.005 0.0000000000
51612  -48.179  -40.781  40.473 0.0000000000
51613  -48.787  -40.491  40.178 0.0000000000
51616  -47.680  -41.237  40.626 0.0000000000
51619  -49.713  -39.715  39.561 0.0000000000
51646  -49.959  -39.651  38.798 0.0000000000
51647  -50.400  -39.399  38.668 0.0000000000
51658  -40.339  -41.240  37.165 0.0000000000
51664  -45.662  -40.133  38.221 0.0000000000
51665  -47.726  -40.256  38.400 0.0000000000
51676  -37.979  -41.169  35.869 0.0000000000
51677  -39.123  -40.863  36.010 0.0000000000
51695  -39.628  -40.405  36.179 0.0000000000
51705  -37.773  -40.205  34.337 0.0000000000
52619  -43.212  -39.872  48.243 0.0000000000
52739  -46.703  -40.385  38.379 0.0000000000
52742  -50.188  -39.475  38.389 0.0000000000
52767  -40.288  -40.135  36.504 0.0000000000
52786  -39.289  -39.707  35.278 0.0000000000
52790  -54.124  -38.567  34.586 0.0000000000
52801  -36.479  -39.950  33.782 0.0000000000
52803  -38.367  -39.662  34.293 0.0000000000
52805  -53.767  -38.552  34.462 0.0000000000
52806  -54.080  -38.554  34.249 0.0000000000
52820  -37.990  -39.502  33.977 0.0000000000
52822  -53.860  -38.556  34.135 0.0000000000
53768  -44.248  -38.402  44.214 0.0000000000
53799  -43.464  -38.813  42.249 0.0000000000
53812  -43.707  -38.711  41.812 0.0000000000
53815  -47.578  -39.406  40.493 0.0000000000
53816  -48.187  -39.298  40.401 0.0000000000
53884  -52.101  -38.388  35.931 0.0000000000
53885  -52.836  -37.936  36.042 0.0000000000
53903  -53.428  -38.157  35.129 0.0000000000
53914  -51.006  -38.290  34.884 0.0000000000
53918  -54.124  -37.843  34.464 0.0000000000
53925  -37.707  -39.207  33.515 0.0000000000
53928  -53.641  -37.819  34.351 0.0000000000
53929  -53.951  -37.742  34.267 0.0000000000
53940  -37.429  -38.985  33.146 0.0000000000
54996  -52.272  -37.102  38.149 0.0000000000
54997  -52.545  -37.229  37.646 0.0000000000
55012  -48.851  -38.098  35.896 0.0000000000
55043  -49.523  -37.697  34.596 0.0000000000
55044  -50.065  -37.781  34.385 0.0000000000
55045  -50.805  -37.857  34.333 0.0000000000
55048  -53.034  -37.476  34.145 0.0000000000
55062  -50.896  -37.438  33.691 0.0000000000
55066  -54.254  -36.821  33.971 0.0000000000
55076  -36.479  -37.886  32.338 0.0000000000
55084  -54.853  -36.873  33.153 0.0000000000
55085  -55.139  -36.855  33.044 0.0000000000
56252  -53.134  -36.885  36.745 0.0000000000
56313  -54.083  -36.534  33.547 0.0000000000
56315  -55.230  -36.291  33.532 0.0000000000
56329  -38.913  -36.832  33.372 0.0000000000
56337  -52.883  -36.396  32.723 0.0000000000
56362  -55.285  -35.738  32.609 0.0000000000
56405  -43.280  -36.147  27.887 0.0000000000
56426  -42.552  -36.151  27.380 0.0000000000
57640  -51.841  -35.311  31.953 0.0000000000
57708  -41.450  -35.465  27.371 0.0000000000
57713  -45.328  -35.902  27.373 0.0000000000
58871  -54.223  -34.724  31.744 0.0000000000
58928  -42.364  -35.457  28.276 0.0000000000
60144  -53.498  -34.183  31.543 0.0000000000
60153  -50.626  -34.089  30.676 0.0000000000
60166  -48.864  -34.417  29.528 0.0000000000
60169  -50.809  -33.587  30.502 0.0000000000
60171  -55.488  -32.514  30.622 0.0000000000
60172  -56.096  -32.563  30.606 0.0000000000
61364  -46.080  -33.087  28.284 0.0000000000
61380  -46.134  -32.749  28.241 0.0000000000
63686  -53.416  -29.941  28.232 0.0000000000
64864  -54.396  -29.805  28.246 0.0000000000
64885  -59.010  -29.384  27.538 0.0000000000
64899  -56.441  -28.555  26.979 0.0000000000
66027  -53.355  -29.024  27.371 0.0000000000
66045  -56.121  -28.130  26.530 0.0000000000
67123  -57.928  -27.469  25.329 0.0000000000
67124  -58.424  -27.336  25.545 0.0000000000
67139  -56.618  -26.696  25.212 0.0000000000
67142  -58.400  -26.909  25.315 0.0000000000
68191  -55.732  -25.999  24.725 0.0000000000
68193  -56.576  -25.803  23.944 0.0000000000
69305  -56.123  -24.819  24.894 0.0000000000
69316  -56.442  -24.917  24.150 0.0000000000
69329  -55.487  -25.902  24.720 0.0000000000
69330  -55.821  -25.769  24.567 0.0000000000
69331  -56.142  -25.542  24.105 0.0000000000
69340  -46.458  -25.066  22.403 0.0000000000
70349  -55.659  -24.302  25.309 0.0000000000
70355  -51.300  -24.191  24.348 0.0000000000
71370  -59.082  -24.052  25.339 0.0000000000
71378  -57.088  -23.916  24.226 0.0000000000
71380  -58.384  -23.874  24.612 0.0000000000
72366  -57.255  -22.082  29.285 0.0000000000
72382  -58.250  -22.865  26.793 0.0000000000
72396  -55.612  -22.072  26.239 0.0000000000
72416  -52.126  -22.691  24.927 0.0000000000
72444  -47.779  -22.582  21.626 0.0000000000
73619  -58.039  -22.484  27.202 0.0000000000
73636  -58.027  -21.766  26.089 0.0000000000
73652  -56.201  -21.910  25.866 0.0000000000
73660  -50.603  -21.916  23.995 0.0000000000
73662  -51.687  -22.036  24.801 0.0000000000
73689  -49.141  -19.482  21.274 0.0000000000
73690  -48.638  -21.326  21.205 0.0000000000
73696  -48.822  -21.360  20.453 0.0000000000
74689  -54.027  -20.617  26.978 0.0000000000
74707  -51.739  -21.012  24.776 0.0000000000
74720  -51.841  -20.163  24.806 0.0000000000
74727  -48.492  -18.954  22.698 0.0000000000
74732  -57.400  -19.711  23.115 0.0000000000
74744  -49.063  -19.610  22.263 0.0000000000
74753  -49.071  -19.984  21.831 0.0000000000
74760  -49.408  -20.443  20.772 0.0000000000
75658  -55.447  -19.145  27.800 0.0000000000
75661  -56.846  -20.429  28.190 0.0000000000
75670  -53.630  -19.861  26.695 0.0000000000
75714  -48.347  -18.720  22.500 0.0000000000
75715  -48.702  -18.691  22.304 0.0000000000
75716  -49.927  -20.037  22.828 0.0000000000
76617  -57.280  -19.115  30.507 0.0000000000
76628  -57.406  -19.541  29.814 0.0000000000
76633  -56.264  -18.209  28.576 0.0000000000
76653  -54.848  -18.972  27.574 0.0000000000
76695  -50.818  -18.434  23.014 0.0000000000
76707  -50.701  -18.196  22.005 0.0000000000
76718  -53.580  -18.465  21.172 0.0000000000
77643  -55.801  -17.916  28.393 0.0000000000
77662  -57.255  -17.409  24.149 0.0000000000
77675  -56.238  -17.150  23.613 0.0000000000
77696  -55.960  -17.430  23.146 0.0000000000
77711  -55.448  -17.484  22.662 0.0000000000
77715  -49.894  -18.088  21.133 0.0000000000
77716  -50.388  -17.868  21.411 0.0000000000
77719  -52.969  -17.971  21.467 0.0000000000
78702  -55.449  -16.698  28.442 0.0000000000
78755  -53.121  -16.261  24.713 0.0000000000
78772  -50.765  -16.237  22.686 0.0000000000
78774  -52.121  -16.267  23.611 0.0000000000
78791  -54.889  -16.875  22.735 0.0000000000
78796  -50.470  -17.551  21.441 0.0000000000
78797  -50.789  -17.370  21.541 0.0000000000
78799  -52.479  -17.397  21.894 0.0000000000
79856  -55.366  -15.984  28.235 0.0000000000
79867  -54.629  -15.937  27.344 0.0000000000
79880  -57.102  -15.217  24.893 0.0000000000
79906  -56.228  -16.148  24.388 0.0000000000
79916  -51.022  -15.973  22.682 0.0000000000
79917  -51.318  -15.845  22.833 0.0000000000
79932  -51.103  -16.045  22.481 0.0000000000
81007  -56.195  -14.724  25.890 0.0000000000
81033  -52.953  -15.184  24.096 0.0000000000
81034  -53.268  -15.279  24.043 0.0000000000
81042  -52.919  -15.134  23.712 0.0000000000
142465  -48.955  -19.125  21.149 0.0000000000
142467  -48.437  -19.310  22.465 0.0000000000
142468  -49.451  -19.970  21.168 0.0000000000
142469  -48.298  -18.831  21.969 0.0000000000
142470  -49.461  -20.200  20.939 0.0000000000
142473  -49.519  -18.765  21.186 0.0000000000
142474  -49.157  -18.919  21.092 0.0000000000
