#!ascii label  , from subject 3024 vox2ras=TkReg
2298
9279  40.384  -83.132  -3.456 0.2000000030
9263  40.792  -83.027  -2.431 0.2000000030
9290  41.469  -82.524  -4.312 0.2000000030
8446  40.331  -83.880  -2.638 0.2000000030
8481  39.726  -83.743  -6.638 0.1000000015
9262  41.705  -82.874  -1.702 0.3000000119
9278  41.630  -82.584  -3.108 0.2000000030
9291  40.128  -82.858  -4.701 0.1000000015
8465  39.892  -84.379  -4.283 0.2000000030
10144  41.033  -82.260  -5.019 0.1000000015
9299  39.987  -82.661  -5.560 0.1000000015
10152  40.213  -82.156  -6.199 0.1000000015
10165  40.859  -81.439  -6.882 0.1000000015
10180  39.767  -82.645  -7.641 0.1000000015
10190  43.043  -81.165  -8.535 0.1000000015
10193  40.481  -82.591  -8.490 0.1000000015
9325  41.722  -82.556  -8.886 0.1000000015
10189  43.977  -81.015  -8.587 0.2000000030
9324  42.475  -82.055  -8.933 0.1000000015
9297  42.495  -82.269  -4.867 0.1000000015
10149  43.089  -81.549  -5.383 0.1000000015
10151  41.280  -81.961  -5.847 0.1000000015
10164  41.888  -81.336  -6.681 0.1000000015
10175  43.681  -80.635  -7.746 0.1000000015
11003  45.080  -80.243  -8.762 0.2000000030
10174  44.475  -80.729  -8.395 0.2000000030
11770  45.661  -79.440  -9.332 0.1000000015
10199  44.112  -81.127  -8.924 0.2000000030
13527  46.124  -78.204  -10.323 0.2000000030
12636  45.940  -78.689  -10.387 0.1000000015
13546  46.125  -78.123  -10.871 0.1000000015
10163  42.706  -80.834  -6.464 0.1000000015
10162  43.604  -80.588  -6.238 0.1000000015
10176  42.495  -80.978  -7.696 0.1000000015
13505  46.045  -78.082  -9.652 0.2000000030
14474  46.162  -77.476  -10.237 0.2000000030
15451  46.620  -76.472  -10.960 0.2000000030
14495  46.432  -77.349  -10.855 0.2000000030
15453  46.195  -76.888  -11.649 0.2000000030
10985  44.174  -80.361  -7.314 0.1000000015
10984  44.823  -80.463  -7.975 0.2000000030
14417  45.691  -78.290  -8.520 0.2000000030
12598  45.793  -79.198  -8.717 0.3000000119
16465  46.745  -75.131  -11.268 0.3000000119
16466  46.660  -75.303  -11.657 0.2000000030
15469  45.992  -76.404  -12.054 0.2000000030
14515  45.373  -77.332  -12.191 0.2000000030
14434  45.889  -78.075  -8.924 0.3000000119
10983  45.116  -80.210  -8.339 0.2000000030
17388  46.643  -75.262  -10.878 0.3000000119
17403  46.844  -74.659  -11.193 0.3000000119
18440  47.011  -74.023  -11.913 0.3000000119
17419  46.802  -74.761  -11.842 0.3000000119
17420  46.793  -74.375  -12.175 0.2000000030
15470  44.883  -76.655  -12.570 0.2000000030
18416  46.407  -73.444  -10.886 0.4000000060
17389  46.457  -74.874  -10.716 0.3000000119
18415  46.871  -73.880  -10.877 0.3000000119
15412  45.920  -77.082  -9.936 0.2000000030
16443  46.259  -75.905  -10.519 0.2000000030
18441  47.172  -73.421  -12.492 0.3000000119
16467  46.450  -75.300  -12.201 0.2000000030
17444  46.861  -73.838  -12.773 0.2000000030
16468  45.774  -75.437  -12.586 0.2000000030
18428  46.889  -72.751  -11.336 0.3000000119
18427  47.099  -73.565  -11.559 0.3000000119
18456  47.071  -73.243  -13.286 0.2000000030
18458  45.749  -73.211  -13.165 0.2000000030
18457  46.430  -73.119  -13.458 0.2000000030
18442  44.940  -73.439  -12.673 0.1000000015
17445  46.506  -73.783  -13.146 0.2000000030
16469  44.770  -75.445  -12.615 0.2000000030
17422  45.634  -74.221  -12.833 0.2000000030
20510  46.860  -71.283  -11.453 0.3000000119
20525  47.375  -71.386  -12.096 0.3000000119
19476  47.214  -72.278  -11.691 0.3000000119
20543  47.505  -71.468  -12.887 0.2000000030
21630  47.236  -70.580  -13.285 0.2000000030
19492  47.454  -72.452  -12.344 0.3000000119
19505  46.864  -72.391  -13.606 0.1000000015
19506  46.046  -72.371  -13.395 0.1000000015
19493  45.250  -72.494  -12.935 0.1000000015
20526  45.533  -71.468  -13.119 0.1000000015
17423  44.402  -74.458  -12.501 0.1000000015
21606  46.936  -70.421  -11.708 0.2000000030
21605  47.370  -69.727  -11.952 0.2000000030
22651  48.053  -69.460  -12.441 0.2000000030
23694  48.611  -68.827  -12.579 0.1000000015
22653  47.450  -69.905  -13.127 0.1000000015
23696  47.532  -69.386  -13.264 0.1000000015
21607  46.710  -70.305  -13.400 0.1000000015
21631  46.785  -70.925  -13.534 0.1000000015
20527  44.888  -71.858  -12.587 0.1000000015
19494  44.452  -72.624  -12.264 0.1000000015
23679  47.294  -68.356  -13.292 0.1000000015
23663  46.092  -68.104  -12.812 0.1000000015
22621  46.489  -68.832  -13.186 0.1000000015
22622  45.908  -69.130  -12.474 0.1000000015
21608  46.190  -70.709  -13.302 0.1000000015
21587  44.725  -70.586  -11.874 0.1000000015
20513  44.394  -71.592  -11.903 0.1000000015
21586  45.514  -70.318  -12.578 0.1000000015
24744  46.395  -67.291  -12.252 0.1000000015
22624  44.261  -70.134  -11.372 0.1000000015
21588  44.059  -70.873  -11.488 0.1000000015
24743  46.573  -67.541  -12.976 0.1000000015
10177  41.549  -81.345  -7.797 0.1000000015
10150  42.256  -81.768  -5.713 0.1000000015
11785  45.179  -79.839  -10.109 0.1000000015
22409  40.241  -69.734  2.895 0.5000000000
22395  39.819  -70.112  4.057 0.5000000000
22410  39.524  -69.505  2.696 0.5000000000
22426  39.424  -69.810  2.146 0.5000000000
20232  39.102  -71.355  7.255 0.2000000030
21287  39.359  -71.318  6.647 0.2000000030
21309  39.015  -70.416  5.746 0.3000000119
21344  39.448  -70.336  4.935 0.3000000119
22401  39.496  -69.582  3.396 0.5000000000
23446  38.833  -69.170  3.151 0.5000000000
23450  39.026  -69.283  2.738 0.5000000000
23451  38.465  -69.110  2.545 0.5000000000
22411  39.004  -69.439  2.396 0.5000000000
21397  39.059  -70.484  1.545 0.5000000000
21398  38.422  -70.192  1.483 0.5000000000
20323  39.757  -71.167  1.386 0.5000000000
20321  42.085  -71.614  1.671 0.5000000000
22355  38.584  -70.283  6.334 0.3000000119
22367  38.561  -70.004  5.579 0.3000000119
22402  38.878  -69.426  3.650 0.5000000000
22428  37.726  -69.399  1.687 0.5000000000
22441  38.027  -69.956  1.462 0.5000000000
21410  38.795  -71.059  1.155 0.5000000000
20339  39.086  -71.661  0.599 0.5000000000
21409  46.092  -72.134  1.249 0.4000000060
20357  44.967  -72.565  0.256 0.5000000000
20334  44.505  -72.241  1.080 0.5000000000
20336  42.851  -72.105  1.366 0.5000000000
19282  40.972  -71.970  1.215 0.5000000000
20355  46.383  -72.691  0.075 0.4000000060
21279  38.553  -71.102  7.665 0.3000000119
22356  38.107  -69.849  6.426 0.4000000060
22368  38.041  -69.538  5.377 0.4000000060
23434  38.375  -69.192  3.760 0.5000000000
23447  38.124  -68.733  3.134 0.5000000000
23452  37.717  -68.666  2.495 0.5000000000
23464  37.322  -68.774  1.902 0.5000000000
24503  37.071  -68.259  2.288 0.5000000000
24513  36.861  -68.404  1.903 0.5000000000
22429  37.107  -69.249  1.457 0.5000000000
22443  36.463  -69.576  0.840 0.5000000000
21411  38.090  -70.802  0.877 0.5000000000
20338  40.195  -71.864  1.013 0.6000000238
19291  43.149  -72.502  0.724 0.5000000000
19292  42.110  -72.448  0.871 0.5000000000
19294  40.002  -72.255  0.299 0.5000000000
19289  47.423  -73.217  0.253 0.4000000060
20332  47.108  -72.439  0.756 0.4000000060
20356  45.753  -72.563  0.269 0.5000000000
20265  34.804  -71.104  5.146 0.1000000015
21311  35.844  -70.372  6.740 0.1000000015
22344  35.442  -69.875  8.177 0.1000000015
21310  36.387  -70.774  7.411 0.1000000015
21290  35.938  -70.408  7.762 0.1000000015
21276  36.191  -70.158  9.123 0.1000000015
21281  36.698  -70.871  8.345 0.1000000015
22328  36.397  -69.492  8.963 0.1000000015
21273  38.080  -71.079  8.135 0.2000000030
21274  37.544  -70.664  8.314 0.1000000015
22341  38.295  -70.431  7.136 0.3000000119
23435  37.617  -68.755  3.932 0.5000000000
23399  37.446  -69.158  6.339 0.4000000060
23412  37.490  -68.995  5.019 0.4000000060
24498  37.342  -68.184  3.052 0.4000000060
24514  36.407  -67.946  1.859 0.5000000000
23466  35.969  -68.375  1.295 0.5000000000
23482  36.028  -68.915  1.013 0.5000000000
21429  38.014  -71.291  0.099 0.5000000000
19312  42.687  -72.773  -0.073 0.5000000000
19310  44.332  -72.619  0.179 0.5000000000
20354  46.944  -72.692  0.221 0.4000000060
16278  47.801  -74.485  0.234 0.5000000000
20269  30.615  -71.349  5.147 0.1000000015
20268  31.570  -71.189  4.930 0.1000000015
20267  32.681  -71.075  4.777 0.1000000015
20266  33.666  -71.150  4.823 0.1000000015
21312  35.115  -70.291  5.827 0.1000000015
22370  35.205  -69.946  6.685 0.1000000015
22358  34.754  -69.374  7.344 0.1000000015
21314  32.886  -70.283  5.027 0.1000000015
21313  33.979  -70.265  5.234 0.1000000015
22329  35.564  -69.609  9.112 0.1000000015
24464  35.385  -67.533  6.098 0.2000000030
24487  34.848  -67.258  5.268 0.2000000030
20224  37.270  -71.168  8.279 0.1000000015
21275  36.809  -70.518  8.680 0.1000000015
22343  36.950  -69.411  8.202 0.1000000015
23386  36.514  -68.577  8.083 0.1000000015
24463  36.097  -68.093  5.824 0.2000000030
22327  37.116  -70.007  8.531 0.2000000030
23385  37.099  -69.052  7.457 0.1000000015
23400  36.740  -68.460  6.774 0.2000000030
24485  36.368  -68.156  4.454 0.2000000030
25601  34.806  -67.043  4.392 0.2000000030
23436  37.062  -68.555  4.529 0.3000000119
24499  36.572  -67.703  3.315 0.3000000119
25624  36.301  -67.256  2.599 0.4000000060
25635  36.388  -67.483  2.227 0.5000000000
20359  39.395  -71.939  -0.597 0.5000000000
21451  40.539  -71.251  -1.883 0.5000000000
20383  39.982  -71.622  -1.410 0.5000000000
20384  39.154  -71.425  -1.377 0.5000000000
20382  40.838  -71.886  -1.403 0.5000000000
20358  40.135  -72.106  -0.894 0.5000000000
22452  35.792  -69.821  -0.149 0.5000000000
22444  35.777  -69.238  0.469 0.5000000000
19331  43.230  -72.573  -0.843 0.5000000000
19332  42.305  -72.442  -0.951 0.5000000000
19333  41.475  -72.330  -0.989 0.5000000000
20361  37.980  -71.264  -1.081 0.5000000000
20377  45.663  -72.931  -0.732 0.5000000000
19329  44.612  -72.674  -0.300 0.5000000000
19314  40.674  -72.440  -0.438 0.5000000000
20360  38.427  -71.543  -0.500 0.6000000238
19308  47.593  -73.705  0.031 0.4000000060
20270  29.624  -71.526  5.544 0.1000000015
21315  31.887  -70.392  5.162 0.1000000015
22374  31.455  -69.918  5.533 0.1000000015
22346  31.451  -68.868  6.992 0.1000000015
22372  33.299  -69.310  5.777 0.1000000015
23401  34.177  -68.870  7.276 0.1000000015
22345  34.781  -69.237  8.580 0.1000000015
22304  35.288  -68.950  9.621 0.1000000015
24441  35.591  -67.305  8.099 0.1000000015
24456  35.218  -67.172  7.188 0.2000000030
24465  34.683  -67.087  6.156 0.2000000030
24455  36.023  -67.752  7.239 0.1000000015
24500  35.926  -67.580  3.758 0.3000000119
25616  35.344  -66.976  3.518 0.3000000119
25617  34.523  -66.358  3.720 0.2000000030
25615  36.053  -67.147  3.149 0.3000000119
25626  34.969  -66.162  2.688 0.2000000030
25636  36.012  -67.153  1.920 0.4000000060
25637  35.069  -66.566  1.565 0.3000000119
24516  34.878  -67.129  0.868 0.4000000060
21471  38.577  -70.192  -2.554 0.5000000000
22489  38.184  -69.587  -3.085 0.5000000000
21454  37.829  -70.750  -1.775 0.5000000000
24515  35.475  -67.672  1.128 0.5000000000
23564  37.531  -68.255  -4.095 0.5000000000
24603  36.775  -67.957  -3.769 0.5000000000
23531  36.599  -68.871  -2.938 0.5000000000
22490  37.271  -69.359  -2.919 0.5000000000
22469  36.967  -70.042  -2.174 0.6000000238
23495  35.065  -68.709  -0.209 0.5000000000
24537  35.188  -68.055  0.538 0.5000000000
24622  36.470  -67.227  -3.938 0.5000000000
23552  36.406  -68.432  -3.116 0.5000000000
22491  36.491  -69.360  -2.444 0.6000000238
21430  37.437  -71.077  -0.452 0.5000000000
21431  36.444  -70.407  -0.451 0.5000000000
21455  36.839  -70.517  -1.326 0.5000000000
15246  46.816  -76.148  0.844 0.4000000060
16279  47.794  -75.140  -0.122 0.4000000060
18234  47.634  -73.595  0.745 0.4000000060
23377  30.858  -68.236  8.961 0.1000000015
23390  31.323  -68.421  7.903 0.1000000015
23345  32.495  -67.835  9.605 0.1000000015
22373  32.125  -69.612  5.564 0.1000000015
22361  32.262  -68.879  6.427 0.1000000015
23388  33.347  -68.322  8.046 0.1000000015
23375  32.943  -67.984  8.914 0.1000000015
22360  33.208  -68.728  6.589 0.1000000015
23374  34.042  -68.455  8.978 0.1000000015
23344  33.374  -68.005  9.850 0.1000000015
22305  34.926  -68.677  9.732 0.1000000015
24397  35.171  -67.799  9.494 0.1000000015
25546  35.326  -67.056  8.518 0.1000000015
25576  34.439  -66.576  7.219 0.2000000030
25582  34.122  -66.579  6.288 0.2000000030
26709  33.666  -66.133  4.614 0.2000000030
25602  34.052  -66.625  4.962 0.2000000030
29079  38.533  -63.001  -0.904 0.2000000030
30337  37.483  -61.793  -2.072 0.2000000030
31539  36.573  -61.545  -2.522 0.2000000030
31540  35.162  -61.885  -2.843 0.2000000030
30340  34.362  -62.742  -2.925 0.2000000030
31563  36.007  -61.845  -3.821 0.2000000030
30364  34.826  -62.887  -3.523 0.2000000030
29128  34.225  -63.518  -3.026 0.2000000030
26843  34.070  -65.050  -2.318 0.2000000030
26824  33.740  -65.214  -1.593 0.4000000060
29191  35.766  -63.370  -5.029 0.2000000030
30362  35.840  -62.313  -4.466 0.3000000119
29164  35.061  -64.242  -4.078 0.3000000119
27980  34.838  -64.695  -3.631 0.4000000060
27960  34.238  -64.313  -2.895 0.3000000119
26823  34.206  -65.846  -2.060 0.4000000060
25706  33.829  -65.961  -1.302 0.5000000000
25663  34.285  -66.584  0.466 0.4000000060
25776  36.629  -66.047  -4.915 0.5000000000
26884  36.271  -65.648  -4.767 0.4000000060
28003  35.924  -64.672  -4.948 0.4000000060
28004  35.388  -64.631  -4.322 0.4000000060
26862  35.221  -65.617  -3.617 0.4000000060
25724  34.844  -66.607  -2.626 0.5000000000
24586  34.709  -67.251  -2.088 0.5000000000
25705  34.235  -66.774  -1.575 0.5000000000
24538  34.721  -67.706  0.236 0.5000000000
25761  35.825  -66.153  -3.968 0.5000000000
25741  35.641  -66.583  -3.454 0.5000000000
24584  35.753  -68.029  -2.810 0.5000000000
23532  35.832  -68.639  -2.440 0.5000000000
22470  35.964  -69.674  -1.495 0.5000000000
22471  35.475  -69.436  -0.809 0.5000000000
22453  35.368  -69.152  -0.211 0.5000000000
23319  30.876  -67.720  10.303 0.1000000015
23347  30.393  -68.665  9.737 0.1000000015
24401  31.567  -67.744  9.875 0.1000000015
25502  31.885  -66.534  10.541 0.1000000015
23318  32.715  -67.783  10.065 0.1000000015
24375  32.546  -67.362  10.284 0.1000000015
24374  33.312  -67.443  10.166 0.1000000015
25524  33.340  -66.195  9.715 0.1000000015
25523  34.131  -66.784  9.649 0.1000000015
26630  33.736  -66.078  9.151 0.1000000015
25547  34.820  -66.742  8.812 0.1000000015
25561  34.196  -66.390  7.588 0.2000000030
26687  33.279  -65.802  6.815 0.2000000030
25583  33.530  -66.055  6.096 0.2000000030
26727  33.828  -65.907  4.084 0.2000000030
26738  34.341  -65.205  3.033 0.2000000030
30290  37.937  -62.309  -1.058 0.1000000015
30318  36.954  -61.539  -1.812 0.2000000030
30338  37.099  -61.732  -2.006 0.2000000030
26753  34.556  -65.393  1.785 0.2000000030
31487  39.208  -61.762  -0.486 0.1000000015
30291  37.309  -61.565  -1.397 0.1000000015
31509  35.538  -61.209  -2.046 0.1000000015
29129  33.842  -63.497  -2.393 0.1000000015
27961  33.754  -64.394  -2.017 0.2000000030
26779  34.422  -65.988  1.157 0.3000000119
30320  33.520  -62.923  -1.659 0.1000000015
29111  33.515  -63.781  -1.626 0.1000000015
25664  33.834  -65.971  0.028 0.2000000030
24566  34.621  -67.837  -1.509 0.5000000000
25685  34.235  -67.266  -0.594 0.5000000000
23496  34.780  -68.351  -0.445 0.5000000000
24585  35.308  -67.701  -2.511 0.5000000000
23512  35.137  -68.795  -1.310 0.5000000000
23513  34.668  -68.299  -1.003 0.5000000000
23511  35.575  -69.098  -1.809 0.5000000000
23296  30.344  -67.763  11.054 0.1000000015
25484  30.852  -66.518  10.937 0.1000000015
25503  31.254  -65.871  10.711 0.1000000015
25483  31.180  -67.026  10.676 0.1000000015
26612  31.647  -65.420  10.201 0.1000000015
27719  31.384  -64.950  10.015 0.1000000015
26611  32.591  -65.911  10.042 0.1000000015
27764  32.247  -65.060  8.385 0.1000000015
27741  32.193  -65.244  9.155 0.1000000015
26653  33.280  -65.740  8.438 0.1000000015
26671  32.873  -65.498  7.521 0.2000000030
26691  33.028  -65.633  6.002 0.2000000030
26711  32.655  -64.791  4.905 0.2000000030
26710  33.229  -65.721  4.921 0.2000000030
27823  33.047  -64.547  4.229 0.2000000030
26728  33.618  -65.001  3.773 0.2000000030
26739  33.881  -64.569  3.190 0.2000000030
27855  33.952  -64.144  2.542 0.2000000030
27854  34.369  -64.708  2.172 0.2000000030
31489  37.520  -61.273  -0.911 0.1000000015
32718  35.757  -60.746  -1.603 0.1000000015
31510  34.374  -61.393  -1.774 0.1000000015
30319  33.959  -62.300  -2.127 0.1000000015
27896  33.745  -64.296  0.929 0.1000000015
26754  34.167  -64.815  1.374 0.2000000030
27870  34.338  -64.782  1.763 0.2000000030
31511  33.625  -62.023  -1.432 0.1000000015
29080  33.324  -63.598  -0.828 0.1000000015
27946  33.472  -64.491  -1.136 0.2000000030
26780  33.975  -65.372  0.659 0.2000000030
27699  30.309  -64.560  11.550 0.1000000015
26593  30.686  -65.555  11.161 0.1000000015
30070  30.639  -62.608  11.361 0.1000000015
27720  30.971  -64.684  10.403 0.1000000015
30114  30.615  -62.814  9.396 0.1000000015
28907  30.801  -63.879  9.225 0.1000000015
27765  31.420  -64.333  8.450 0.1000000015
27742  31.535  -64.726  9.423 0.1000000015
27802  31.720  -64.001  5.820 0.1000000015
27795  32.059  -64.746  6.182 0.1000000015
27825  31.952  -63.771  5.153 0.1000000015
27801  32.175  -64.439  5.343 0.1000000015
27842  33.461  -64.012  3.409 0.2000000030
29008  33.574  -63.007  2.726 0.2000000030
29025  33.629  -63.351  1.528 0.1000000015
27871  34.079  -64.325  1.718 0.2000000030
32698  40.743  -60.808  -0.474 0.1000000015
32700  38.775  -60.678  -0.513 0.1000000015
32701  37.862  -60.498  -0.558 0.1000000015
32704  35.323  -60.360  -1.343 0.1000000015
32702  37.010  -60.365  -0.763 0.1000000015
32719  35.060  -60.782  -1.646 0.1000000015
30293  33.290  -62.525  -0.647 0.1000000015
29051  33.413  -63.391  0.253 0.2000000030
31286  30.740  -62.029  10.491 0.1000000015
30113  30.866  -62.331  8.814 0.1000000015
30141  30.862  -62.804  8.202 0.1000000015
28951  31.133  -63.614  7.104 0.1000000015
28959  31.395  -63.382  6.291 0.1000000015
28979  31.998  -63.160  4.711 0.1000000015
28996  32.474  -63.155  4.026 0.2000000030
30215  32.583  -62.289  3.488 0.1000000015
28995  33.058  -63.124  3.468 0.1000000015
30214  33.116  -62.609  3.125 0.2000000030
31434  33.249  -61.450  2.238 0.1000000015
34992  37.939  -58.781  -0.204 0.1000000015
33847  36.674  -58.854  -0.045 0.1000000015
33848  35.725  -58.949  -0.077 0.1000000015
33849  34.701  -59.047  0.008 0.1000000015
32665  33.342  -60.268  1.044 0.1000000015
31452  33.360  -61.238  1.418 0.1000000015
30244  33.425  -62.194  1.882 0.1000000015
33868  40.301  -59.705  -0.600 0.1000000015
33869  39.300  -59.674  -0.506 0.1000000015
33872  36.363  -59.579  -0.544 0.1000000015
33874  34.262  -59.754  -0.363 0.1000000015
32706  33.867  -60.296  -0.456 0.1000000015
31492  33.535  -61.161  -0.699 0.1000000015
30267  33.240  -62.123  0.606 0.1000000015
33873  35.262  -59.720  -0.749 0.1000000015
32705  34.427  -60.508  -1.083 0.1000000015
31331  32.085  -60.960  8.714 0.1000000015
31332  31.275  -61.780  8.336 0.1000000015
31376  31.390  -61.780  6.627 0.1000000015
30204  31.603  -62.275  4.971 0.1000000015
31423  32.493  -61.372  3.367 0.1000000015
36101  36.379  -57.642  1.570 0.1000000015
34947  35.717  -57.793  1.266 0.1000000015
34925  33.694  -58.397  2.429 0.1000000015
33812  33.047  -59.402  2.536 0.1000000015
32647  32.774  -60.735  3.094 0.1000000015
36123  38.865  -57.758  0.585 0.1000000015
36100  37.349  -57.654  1.206 0.1000000015
34948  34.627  -58.123  1.432 0.1000000015
33831  33.300  -59.360  1.610 0.1000000015
34966  39.228  -58.168  0.023 0.1000000015
34967  38.353  -58.223  0.147 0.1000000015
34969  36.208  -58.353  0.499 0.1000000015
34971  34.298  -58.684  0.701 0.1000000015
34972  33.933  -58.874  0.767 0.1000000015
32590  31.702  -60.869  5.422 0.1000000015
33769  33.262  -59.374  4.399 0.1000000015
32629  32.404  -60.581  3.834 0.1000000015
34897  33.745  -58.588  3.744 0.1000000015
33791  32.738  -59.782  3.853 0.1000000015
36099  38.425  -57.633  1.393 0.1000000015
36071  35.780  -57.611  2.183 0.1000000015
36072  35.215  -57.648  2.745 0.1000000015
33790  33.032  -59.124  3.368 0.1000000015
32628  32.848  -59.992  3.162 0.1000000015
36098  39.388  -57.609  1.273 0.1000000015
34924  34.824  -57.785  2.322 0.1000000015
21345  38.941  -70.133  5.163 0.4000000060
22442  37.393  -69.879  1.162 0.5000000000
22396  38.825  -69.751  4.457 0.4000000060
20264  35.890  -71.038  5.737 0.1000000015
22303  35.695  -69.062  9.291 0.1000000015
22342  37.602  -69.884  7.610 0.2000000030
24484  36.972  -68.297  3.806 0.4000000060
24504  36.728  -67.737  2.535 0.4000000060
21317  30.183  -70.968  5.540 0.1000000015
22371  34.485  -69.557  6.138 0.1000000015
24486  35.475  -67.632  4.730 0.3000000119
23413  36.864  -68.572  5.503 0.2000000030
25625  35.736  -66.727  2.562 0.3000000119
21453  38.918  -70.816  -1.975 0.5000000000
21316  30.798  -70.420  5.526 0.1000000015
22362  31.205  -69.472  6.190 0.1000000015
23404  32.001  -68.465  7.259 0.1000000015
22359  34.002  -68.935  6.645 0.1000000015
23402  33.636  -68.611  7.257 0.1000000015
23373  35.515  -68.233  9.341 0.1000000015
23372  35.854  -68.431  8.979 0.1000000015
24440  35.911  -67.889  8.412 0.1000000015
25559  35.162  -66.865  8.028 0.1000000015
24457  34.698  -66.846  6.905 0.2000000030
22506  37.799  -69.067  -3.475 0.5000000000
23551  37.070  -68.451  -3.571 0.5000000000
23563  37.951  -68.250  -4.551 0.5000000000
25760  36.390  -66.543  -4.328 0.5000000000
23376  31.858  -67.854  8.885 0.1000000015
24428  31.890  -67.763  9.589 0.1000000015
23389  32.362  -68.097  7.989 0.1000000015
23343  34.458  -68.257  9.687 0.1000000015
24398  34.788  -67.571  9.561 0.1000000015
24399  33.997  -67.572  9.978 0.1000000015
25560  34.652  -66.582  7.945 0.1000000015
30316  38.034  -62.324  -1.655 0.2000000030
31564  35.367  -62.260  -3.510 0.2000000030
30339  34.991  -62.504  -3.371 0.2000000030
31541  34.437  -62.063  -2.433 0.1000000015
30363  35.266  -62.757  -4.062 0.2000000030
29146  34.738  -63.565  -3.711 0.3000000119
25686  33.885  -66.377  -0.584 0.4000000060
29162  35.749  -64.043  -4.990 0.5000000000
29163  35.411  -63.711  -4.606 0.4000000060
31590  36.714  -61.569  -4.277 0.2000000030
28005  35.138  -64.630  -3.983 0.4000000060
25742  35.033  -66.083  -3.196 0.5000000000
26842  34.595  -65.465  -2.932 0.5000000000
26802  33.649  -65.424  -0.568 0.3000000119
28030  36.637  -64.440  -5.358 0.5000000000
26861  35.600  -65.961  -3.817 0.5000000000
25723  35.373  -67.021  -2.906 0.5000000000
24352  30.659  -67.345  10.878 0.1000000015
24376  31.457  -67.461  10.345 0.1000000015
24400  32.125  -67.722  10.023 0.1000000015
26631  32.853  -65.602  9.247 0.1000000015
26652  34.094  -66.269  8.520 0.1000000015
26670  33.689  -66.069  7.710 0.2000000030
26688  32.626  -65.328  6.555 0.2000000030
31490  36.922  -60.968  -1.320 0.1000000015
24326  30.424  -67.030  11.358 0.1000000015
25462  30.286  -66.428  11.675 0.1000000015
26632  32.172  -65.405  9.613 0.1000000015
27743  30.978  -64.256  9.757 0.1000000015
27782  32.123  -64.924  7.166 0.1000000015
26692  32.579  -65.151  5.634 0.2000000030
27843  32.902  -63.761  3.928 0.2000000030
31486  40.211  -61.852  -0.380 0.1000000015
27923  33.556  -64.434  -0.107 0.2000000030
31491  34.041  -60.965  -1.245 0.1000000015
26573  29.983  -65.551  12.199 0.1000000015
31270  31.017  -61.850  11.188 0.1000000015
30087  30.556  -62.827  10.352 0.1000000015
28863  30.499  -63.636  10.951 0.1000000015
28884  30.678  -63.688  10.006 0.1000000015
31306  30.647  -62.297  9.917 0.1000000015
30142  30.716  -62.771  8.771 0.1000000015
28906  31.145  -64.219  8.889 0.1000000015
28928  30.685  -63.216  8.782 0.1000000015
27783  31.545  -64.380  7.622 0.1000000015
28941  31.094  -63.679  7.885 0.1000000015
27796  31.546  -64.257  6.677 0.1000000015
28980  31.654  -63.187  5.473 0.1000000015
32699  39.750  -60.762  -0.524 0.1000000015
33870  38.336  -59.615  -0.429 0.1000000015
32703  36.151  -60.409  -1.233 0.1000000015
31305  31.066  -61.702  9.500 0.1000000015
31355  31.202  -62.151  7.476 0.1000000015
30158  30.988  -62.981  7.474 0.1000000015
30172  31.179  -62.716  6.812 0.1000000015
30182  31.417  -62.472  5.969 0.1000000015
30203  32.064  -62.509  4.227 0.1000000015
31435  32.908  -61.312  2.790 0.1000000015
33846  37.109  -58.781  -0.054 0.1000000015
34991  38.826  -58.790  -0.306 0.1000000015
33871  37.344  -59.264  -0.316 0.1000000015
34970  35.182  -58.400  0.577 0.1000000015
33850  33.795  -59.368  0.498 0.1000000015
33875  33.794  -59.886  -0.098 0.1000000015
31470  33.337  -61.004  0.482 0.1000000015
32558  32.824  -60.669  7.650 0.1000000015
31354  31.795  -61.151  7.415 0.1000000015
31375  31.789  -60.987  6.331 0.1000000015
31389  31.739  -60.902  5.786 0.1000000015
31390  31.509  -61.454  5.659 0.1000000015
32612  31.874  -60.699  4.799 0.1000000015
31412  31.938  -61.579  4.147 0.1000000015
34946  36.659  -57.829  0.881 0.1000000015
36070  36.858  -57.641  2.264 0.1000000015
34949  33.840  -58.703  1.195 0.1000000015
32646  33.152  -60.455  2.253 0.1000000015
36124  37.963  -57.777  0.669 0.1000000015
33749  32.816  -59.999  5.150 0.1000000015
33770  32.526  -60.084  4.510 0.1000000015
34896  34.768  -57.907  3.397 0.1000000015
34873  34.460  -58.637  4.263 0.1000000015
36068  39.012  -57.834  2.110 0.1000000015
36038  36.379  -57.683  2.996 0.1000000015
19184  40.675  -73.085  7.471 0.1000000015
18130  40.963  -73.795  7.508 0.1000000015
19240  40.413  -72.358  6.594 0.1000000015
20261  40.230  -71.849  5.934 0.1000000015
19185  39.826  -72.834  7.648 0.1000000015
20221  39.595  -72.307  7.550 0.1000000015
17141  40.548  -74.115  7.320 0.2000000030
19183  41.559  -73.466  7.242 0.2000000030
19209  41.361  -72.926  6.789 0.1000000015
19208  42.489  -73.319  6.616 0.2000000030
19239  40.920  -72.497  6.239 0.1000000015
21308  39.637  -71.027  5.755 0.1000000015
18128  42.714  -73.933  7.249 0.2000000030
19238  41.942  -72.604  5.724 0.2000000030
20260  41.300  -72.109  5.425 0.2000000030
21307  40.193  -71.195  5.334 0.3000000119
20285  41.000  -71.490  4.921 0.3000000119
21343  40.432  -70.727  4.507 0.3000000119
19254  42.537  -72.296  5.078 0.2000000030
20284  42.088  -71.798  4.762 0.2000000030
19207  43.729  -73.341  6.191 0.2000000030
21342  41.679  -71.039  4.117 0.2000000030
15162  45.179  -76.482  6.577 0.1000000015
18154  43.363  -73.680  6.778 0.2000000030
19237  43.230  -72.741  5.473 0.2000000030
21358  40.599  -70.314  3.783 0.3000000119
22400  40.418  -69.982  3.444 0.4000000060
17136  44.990  -74.704  6.724 0.1000000015
18153  44.182  -73.727  6.577 0.1000000015
16134  45.035  -75.634  6.782 0.1000000015
22399  40.820  -70.028  3.164 0.4000000060
18152  44.961  -73.832  6.343 0.2000000030
19206  44.677  -73.440  6.025 0.2000000030
16132  46.064  -75.447  5.843 0.1000000015
17154  46.396  -74.381  5.200 0.2000000030
17118  45.684  -75.217  6.604 0.1000000015
17155  46.024  -74.257  5.713 0.1000000015
19236  44.370  -72.890  5.497 0.2000000030
20283  43.380  -71.943  4.546 0.2000000030
21341  42.887  -71.295  3.901 0.2000000030
21356  42.426  -70.774  3.384 0.4000000060
18124  45.640  -74.011  6.161 0.1000000015
21370  43.111  -70.762  2.845 0.4000000060
21372  40.923  -70.113  2.749 0.4000000060
19235  45.257  -73.044  5.390 0.3000000119
20257  44.992  -72.390  4.826 0.3000000119
19205  45.405  -73.605  5.895 0.2000000030
19234  45.967  -73.356  5.218 0.4000000060
21371  41.974  -70.589  2.825 0.4000000060
21396  40.272  -70.359  2.025 0.4000000060
20282  44.580  -71.821  4.309 0.3000000119
21338  45.909  -71.665  3.640 0.4000000060
20281  45.504  -71.899  4.186 0.3000000119
30266  41.294  -63.627  -0.138 0.1000000015
21395  41.493  -70.753  2.153 0.4000000060
21355  43.578  -70.976  3.309 0.4000000060
21353  45.502  -71.425  3.262 0.4000000060
21339  45.091  -71.462  3.710 0.3000000119
21354  44.607  -71.185  3.276 0.4000000060
21369  44.137  -71.022  2.871 0.4000000060
29077  40.158  -63.684  -0.575 0.1000000015
29050  41.616  -64.181  -0.142 0.1000000015
29078  39.248  -63.462  -0.869 0.1000000015
20322  40.872  -71.429  1.494 0.5000000000
21394  42.615  -71.011  2.318 0.5000000000
29109  39.327  -63.531  -1.332 0.1000000015
29127  38.581  -62.636  -1.851 0.1000000015
29126  39.312  -63.130  -1.835 0.1000000015
31538  37.629  -61.344  -2.690 0.1000000015
18155  39.635  -73.819  6.925 0.1000000015
20220  40.164  -72.620  7.458 0.1000000015
20231  39.588  -71.776  7.034 0.1000000015
20230  40.104  -72.251  7.037 0.1000000015
18131  40.023  -73.566  7.358 0.1000000015
19186  38.925  -72.432  7.792 0.1000000015
20222  39.051  -71.740  7.878 0.1000000015
21373  40.390  -69.940  2.524 0.4000000060
17156  40.828  -74.825  6.855 0.1000000015
21357  41.167  -70.415  3.463 0.3000000119
20258  44.139  -72.361  4.898 0.2000000030
27922  39.908  -64.067  -0.906 0.1000000015
30336  38.208  -61.965  -2.192 0.1000000015
18156  38.975  -73.265  6.846 0.1000000015
10128  33.276  -82.989  -2.663 0.1000000015
9236  34.648  -84.007  -1.073 0.1000000015
10129  32.240  -82.853  -3.072 0.1000000015
10106  35.878  -83.215  -0.901 0.1000000015
10130  31.215  -82.689  -3.279 0.1000000015
10138  29.346  -82.782  -3.394 0.1000000015
9267  30.995  -83.582  -3.469 0.1000000015
4075  31.905  -90.477  5.485 0.1000000015
7634  27.958  -85.328  1.071 0.1000000015
8406  27.037  -84.096  -0.029 0.1000000015
10126  34.859  -82.666  -2.135 0.1000000015
9238  27.059  -83.429  -0.612 0.1000000015
10127  34.134  -82.819  -2.386 0.1000000015
10119  27.863  -82.370  -1.553 0.1000000015
10114  36.078  -82.739  -1.254 0.1000000015
10133  28.129  -82.742  -2.580 0.1000000015
9234  36.195  -83.406  -0.466 0.1000000015
4705  30.072  -88.991  5.627 0.1000000015
3514  32.631  -90.857  5.735 0.1000000015
2940  33.714  -91.463  5.445 0.1000000015
4678  28.362  -88.468  7.491 0.1000000015
5355  29.187  -88.689  6.993 0.1000000015
4703  31.270  -89.820  5.694 0.1000000015
4088  35.757  -90.644  4.848 0.1000000015
6124  31.378  -87.728  2.407 0.1000000015
6876  29.075  -86.394  1.877 0.1000000015
10942  34.601  -82.088  -2.695 0.1000000015
10943  33.716  -82.074  -3.061 0.1000000015
10946  30.461  -81.792  -2.954 0.1000000015
10931  36.468  -82.191  -1.570 0.1000000015
10087  36.993  -83.306  -0.035 0.1000000015
9215  36.549  -83.663  0.058 0.1000000015
3513  33.244  -91.164  5.677 0.1000000015
2931  34.112  -91.266  5.957 0.1000000015
4655  28.016  -88.756  8.204 0.1000000015
4676  29.702  -89.084  7.083 0.1000000015
4690  29.965  -89.015  6.328 0.1000000015
4068  32.508  -90.526  6.398 0.1000000015
3503  34.546  -90.992  6.377 0.1000000015
3526  35.252  -91.420  5.557 0.1000000015
4720  35.126  -89.725  4.498 0.1000000015
5406  33.703  -88.308  4.389 0.1000000015
5430  33.254  -88.487  3.551 0.1000000015
5407  33.174  -88.063  3.953 0.1000000015
6099  32.637  -87.873  3.535 0.1000000015
6836  30.478  -86.531  3.439 0.1000000015
6854  29.906  -86.368  2.856 0.1000000015
7614  29.030  -85.880  2.377 0.1000000015
8389  28.004  -84.261  1.706 0.1000000015
10934  28.978  -81.489  -1.793 0.1000000015
10941  35.628  -81.990  -2.390 0.1000000015
10944  32.526  -81.527  -3.226 0.1000000015
10945  31.375  -81.736  -3.078 0.1000000015
10933  29.911  -81.163  -2.315 0.1000000015
10118  28.472  -81.958  -1.889 0.1000000015
10921  37.138  -82.146  -1.062 0.1000000015
10105  36.697  -82.885  -0.583 0.1000000015
4064  36.447  -90.466  6.321 0.1000000015
4653  30.019  -89.125  7.929 0.1000000015
4675  30.734  -89.547  7.171 0.1000000015
4674  31.777  -89.897  7.258 0.1000000015
4056  33.906  -90.627  6.845 0.1000000015
3502  35.021  -90.822  6.680 0.1000000015
4700  36.377  -89.682  5.526 0.1000000015
5385  34.284  -88.319  5.312 0.1000000015
6082  32.989  -87.735  4.472 0.1000000015
6825  30.694  -86.280  4.510 0.1000000015
4654  29.157  -88.744  8.073 0.1000000015
4672  33.355  -89.901  7.569 0.1000000015
6083  32.157  -87.301  4.212 0.1000000015
6824  31.295  -86.914  4.149 0.1000000015
7600  29.377  -85.644  3.038 0.1000000015
8379  28.499  -84.387  2.589 0.1000000015
7601  28.843  -85.270  2.596 0.1000000015
9195  28.338  -83.108  2.325 0.1000000015
10088  27.825  -82.258  0.196 0.1000000015
9205  27.804  -82.956  1.308 0.1000000015
11698  30.468  -80.340  -1.901 0.1000000015
10923  28.290  -81.700  -0.836 0.1000000015
9217  27.382  -83.041  0.569 0.1000000015
10954  33.474  -81.164  -3.291 0.1000000015
11708  30.644  -81.067  -2.687 0.1000000015
10940  36.534  -81.540  -2.298 0.1000000015
10920  37.752  -81.853  -1.016 0.1000000015
10086  37.558  -83.075  0.212 0.1000000015
10104  37.558  -82.386  -0.496 0.1000000015
10066  39.404  -82.474  1.324 0.1000000015
10889  39.022  -82.213  0.287 0.1000000015
4687  37.072  -89.206  6.512 0.1000000015
5383  36.109  -88.994  5.941 0.1000000015
4629  28.665  -88.808  9.127 0.1000000015
5319  29.579  -88.475  9.391 0.1000000015
5338  30.249  -88.742  8.541 0.1000000015
5337  31.108  -88.719  8.556 0.1000000015
4055  34.779  -90.472  7.114 0.1000000015
4053  36.461  -90.231  7.052 0.1000000015
6064  33.294  -87.716  5.362 0.1000000015
6812  31.390  -86.463  5.362 0.1000000015
4628  29.514  -88.702  8.580 0.1000000015
4652  30.926  -89.338  7.963 0.1000000015
7579  30.351  -85.491  4.764 0.1000000015
7580  30.054  -85.221  4.447 0.1000000015
7590  29.920  -85.537  3.951 0.1000000015
8368  29.317  -84.540  3.827 0.1000000015
8369  28.800  -84.078  3.325 0.1000000015
9180  29.513  -83.192  3.565 0.1000000015
10908  29.413  -80.787  0.421 0.1000000015
10894  29.101  -81.264  0.966 0.1000000015
11713  34.878  -80.779  -3.333 0.1000000015
12548  35.588  -80.225  -3.336 0.1000000015
11714  33.984  -80.504  -3.355 0.1000000015
11706  32.161  -80.356  -3.018 0.1000000015
11691  29.913  -80.399  -1.028 0.1000000015
10922  29.175  -80.904  -0.682 0.1000000015
12547  36.154  -80.608  -3.135 0.1000000015
11707  31.330  -80.538  -2.757 0.1000000015
11704  36.600  -80.882  -2.799 0.1000000015
11696  37.951  -80.875  -2.059 0.1000000015
10930  37.314  -81.503  -1.822 0.1000000015
10103  37.996  -82.084  -0.583 0.1000000015
10874  39.867  -82.146  1.440 0.1000000015
4615  28.707  -88.922  10.902 0.1000000015
4616  28.213  -89.105  10.278 0.1000000015
4630  27.520  -89.307  9.481 0.1000000015
5317  31.245  -88.108  9.320 0.1000000015
5336  32.003  -88.576  8.641 0.1000000015
5382  36.832  -88.822  6.149 0.1000000015
5320  28.835  -88.671  9.922 0.1000000015
5318  30.467  -88.330  9.128 0.1000000015
4650  32.712  -89.261  8.159 0.1000000015
4670  35.286  -89.599  7.821 0.1000000015
5367  37.156  -88.178  6.781 0.1000000015
5369  35.729  -88.263  6.296 0.1000000015
6047  35.169  -87.489  6.627 0.1000000015
6793  32.528  -86.494  6.226 0.1000000015
7540  32.171  -85.846  6.166 0.1000000015
8356  31.119  -84.535  5.229 0.1000000015
8357  30.071  -84.641  4.602 0.1000000015
9160  29.968  -83.706  4.276 0.1000000015
9159  30.882  -83.671  4.619 0.1000000015
10029  29.771  -82.376  2.942 0.1000000015
10879  30.400  -81.368  2.056 0.1000000015
10069  29.195  -81.496  1.445 0.1000000015
11690  30.620  -79.890  -0.799 0.1000000015
11669  30.150  -80.415  0.603 0.1000000015
12550  33.713  -79.621  -3.135 0.1000000015
12516  30.966  -79.818  -1.537 0.1000000015
12533  36.652  -79.759  -3.156 0.1000000015
12534  35.432  -79.243  -3.184 0.1000000015
12532  37.713  -79.585  -2.573 0.1000000015
10928  38.786  -81.131  -1.310 0.1000000015
10919  38.439  -81.721  -0.791 0.1000000015
10906  39.620  -81.606  -0.061 0.1000000015
10888  39.543  -82.050  0.827 0.1000000015
5312  36.434  -87.754  8.616 0.1000000015
6763  37.242  -86.904  8.015 0.1000000015
4604  29.564  -89.211  11.608 0.1000000015
5299  29.314  -88.544  10.494 0.1000000015
5298  30.325  -88.104  10.145 0.1000000015
5316  32.204  -87.966  9.518 0.1000000015
4649  33.622  -89.069  8.170 0.1000000015
4646  35.996  -88.804  8.122 0.1000000015
6029  37.242  -87.330  7.516 0.1000000015
6789  36.532  -86.378  6.971 0.1000000015
4648  34.555  -88.842  8.230 0.1000000015
4645  36.502  -88.852  7.850 0.1000000015
6790  35.655  -86.457  6.851 0.1000000015
8333  33.614  -84.609  5.827 0.1000000015
9137  32.365  -84.210  5.333 0.1000000015
6791  34.563  -86.590  6.747 0.1000000015
7539  33.120  -85.529  6.279 0.1000000015
9179  30.711  -83.026  3.942 0.1000000015
10049  30.454  -81.829  2.640 0.1000000015
10893  29.895  -80.958  1.375 0.1000000015
12523  32.369  -79.152  -1.652 0.1000000015
11682  30.759  -80.057  0.183 0.1000000015
12535  34.393  -79.019  -2.884 0.1000000015
12551  33.089  -79.565  -2.894 0.1000000015
11695  38.587  -80.459  -1.803 0.1000000015
5295  32.960  -88.044  10.764 0.1000000015
5283  30.650  -88.595  11.133 0.1000000015
6017  34.649  -87.505  9.326 0.1000000015
6016  35.150  -87.477  9.072 0.1000000015
7513  37.018  -86.216  8.153 0.1000000015
4011  28.747  -90.068  12.219 0.1000000015
5297  31.427  -88.051  10.432 0.1000000015
5296  32.371  -87.992  10.673 0.1000000015
5333  34.797  -87.891  8.784 0.1000000015
6788  36.985  -86.445  7.393 0.1000000015
7535  36.889  -85.393  6.995 0.1000000015
8313  34.485  -84.904  6.187 0.1000000015
7536  36.119  -85.423  6.679 0.1000000015
9158  32.159  -83.555  4.869 0.1000000015
9178  31.558  -83.034  4.252 0.1000000015
10027  31.812  -82.356  3.562 0.1000000015
10878  31.236  -81.315  2.312 0.1000000015
10892  31.052  -80.827  1.715 0.1000000015
11668  30.912  -80.384  0.990 0.1000000015
12506  31.938  -79.483  -0.153 0.1000000015
13435  35.106  -78.464  -2.627 0.1000000015
12536  33.346  -78.962  -2.329 0.1000000015
13432  38.073  -78.950  -2.268 0.1000000015
13416  39.348  -78.946  -1.253 0.1000000015
5281  32.473  -88.501  11.626 0.1000000015
6005  34.557  -87.238  9.713 0.1000000015
6753  36.217  -86.788  8.970 0.1000000015
5282  31.648  -88.652  11.385 0.1000000015
6004  35.731  -87.292  9.025 0.1000000015
8311  36.501  -84.578  6.570 0.1000000015
8312  35.456  -84.411  6.234 0.1000000015
8331  35.103  -83.822  5.794 0.1000000015
9134  34.751  -83.391  5.450 0.1000000015
10005  32.981  -82.739  4.402 0.1000000015
10006  32.259  -82.739  4.212 0.1000000015
10877  32.065  -81.285  2.529 0.1000000015
10048  31.401  -81.791  2.902 0.1000000015
11680  32.486  -79.970  0.998 0.1000000015
10891  31.956  -80.791  2.002 0.1000000015
12522  33.145  -78.614  -1.168 0.1000000015
12505  32.660  -79.441  0.364 0.1000000015
13420  34.786  -77.874  -2.073 0.1000000015
13419  35.713  -77.932  -2.347 0.1000000015
13436  34.209  -78.391  -2.235 0.1000000015
13418  37.706  -77.976  -2.071 0.1000000015
13406  39.808  -78.504  -0.488 0.1000000015
13380  41.492  -78.382  1.792 0.1000000015
5294  33.725  -87.611  10.797 0.1000000015
7498  35.895  -86.178  9.084 0.1000000015
8298  36.848  -84.687  7.782 0.1000000015
9119  35.839  -83.708  6.558 0.1000000015
4601  32.358  -89.024  12.263 0.1000000015
7514  36.771  -85.611  8.417 0.1000000015
9133  35.347  -83.470  5.863 0.1000000015
10025  33.412  -82.226  4.125 0.1000000015
10026  32.828  -82.256  3.864 0.1000000015
10876  32.877  -81.159  2.818 0.1000000015
10890  32.594  -80.800  2.310 0.1000000015
13421  34.082  -77.981  -1.603 0.1000000015
12513  33.174  -78.781  -0.143 0.1000000015
13422  33.645  -78.192  -1.191 0.1000000015
14363  37.144  -77.815  -2.239 0.1000000015
14343  38.231  -77.479  -1.295 0.1000000015
13407  39.120  -77.905  -0.814 0.1000000015
14295  41.116  -77.213  1.751 0.1000000015
14264  42.540  -77.577  3.834 0.1000000015
5983  33.526  -87.660  11.530 0.1000000015
5279  33.554  -87.804  11.329 0.1000000015
7482  34.412  -86.480  9.963 0.1000000015
8262  35.642  -85.438  8.897 0.1000000015
9095  35.383  -83.295  7.128 0.1000000015
7499  34.817  -86.159  9.565 0.1000000015
8279  36.437  -84.816  8.336 0.1000000015
9986  35.021  -82.731  5.460 0.1000000015
9155  34.626  -82.873  5.247 0.1000000015
10853  33.778  -82.023  4.158 0.1000000015
11656  33.132  -80.571  2.456 0.1000000015
12504  33.422  -79.047  0.737 0.1000000015
16226  37.835  -75.416  2.635 0.1000000015
16245  38.052  -75.772  1.378 0.1000000015
16263  37.715  -75.866  0.414 0.1000000015
15262  37.011  -75.984  -0.915 0.1000000015
15275  36.715  -76.587  -1.573 0.1000000015
13408  33.793  -77.804  -0.956 0.1000000015
13409  33.545  -78.276  -0.572 0.1000000015
16225  38.967  -75.729  2.266 0.1000000015
16244  38.838  -76.122  1.469 0.1000000015
14347  34.444  -77.357  -1.436 0.1000000015
16203  38.533  -75.424  3.464 0.1000000015
16202  39.392  -75.460  3.234 0.1000000015
15233  39.193  -76.520  1.096 0.1000000015
14331  38.005  -77.019  -1.078 0.1000000015
14345  36.395  -77.313  -2.149 0.1000000015
16183  39.349  -75.392  4.303 0.1000000015
16201  40.215  -75.412  3.542 0.1000000015
15215  39.828  -76.110  1.858 0.1000000015
14330  38.614  -77.348  -0.691 0.1000000015
15214  40.540  -76.113  2.179 0.1000000015
14314  39.673  -77.536  0.366 0.1000000015
16180  42.306  -75.610  5.267 0.1000000015
15213  41.336  -76.382  2.496 0.1000000015
15190  43.014  -76.390  4.663 0.1000000015
6739  33.359  -86.605  11.168 0.1000000015
6738  33.755  -86.721  10.830 0.1000000015
7483  34.126  -86.343  10.197 0.1000000015
8263  34.694  -85.218  9.150 0.1000000015
8280  35.378  -84.583  8.553 0.1000000015
9074  34.923  -83.854  7.986 0.1000000015
9944  35.069  -82.621  6.660 0.1000000015
9966  35.273  -82.549  6.279 0.1000000015
10830  35.140  -82.030  5.816 0.1000000015
10003  34.487  -82.437  4.952 0.1000000015
10864  33.597  -81.643  3.786 0.1000000015
11655  33.653  -80.616  3.090 0.1000000015
12495  33.538  -79.412  1.738 0.1000000015
14332  33.801  -77.289  -0.487 0.1000000015
16264  36.992  -75.081  0.703 0.1000000015
16281  36.316  -75.245  -0.385 0.1000000015
15263  35.932  -75.975  -1.176 0.1000000015
16246  37.127  -75.085  1.915 0.1000000015
16167  39.837  -75.268  5.307 0.1000000015
16182  40.463  -75.364  4.572 0.1000000015
7484  33.253  -86.048  10.631 0.1000000015
8264  33.741  -85.037  9.272 0.1000000015
7501  33.276  -85.456  9.879 0.1000000015
9075  33.941  -83.705  8.161 0.1000000015
9096  34.388  -83.139  7.446 0.1000000015
8281  34.372  -84.434  8.667 0.1000000015
9945  34.686  -82.579  6.881 0.1000000015
10831  34.907  -81.611  5.979 0.1000000015
10844  34.792  -81.822  5.283 0.1000000015
11645  34.028  -81.036  3.816 0.1000000015
12489  33.678  -79.676  2.870 0.1000000015
14317  33.576  -77.571  0.515 0.1000000015
13382  33.590  -78.424  1.189 0.1000000015
17247  36.095  -74.683  0.316 0.1000000015
17248  35.344  -74.783  -0.089 0.1000000015
14333  33.618  -77.022  0.065 0.1000000015
16227  36.886  -75.054  2.966 0.1000000015
17219  36.518  -74.691  1.484 0.1000000015
15264  34.683  -76.432  -1.050 0.1000000015
16204  37.500  -75.288  3.742 0.1000000015
8282  33.361  -84.345  8.729 0.1000000015
9968  34.398  -82.137  6.650 0.1000000015
11618  34.439  -80.946  5.937 0.1000000015
11629  34.587  -80.991  5.376 0.1000000015
12472  34.146  -80.410  4.577 0.1000000015
12488  33.868  -80.185  3.453 0.1000000015
13370  33.425  -78.533  2.345 0.1000000015
15251  33.368  -76.712  0.539 0.1000000015
14298  33.394  -77.635  1.531 0.1000000015
15265  33.762  -76.401  -0.245 0.1000000015
16184  38.217  -75.363  4.517 0.1000000015
16154  40.179  -75.075  6.009 0.1000000015
9076  32.997  -83.653  8.199 0.1000000015
9947  32.602  -82.563  7.461 0.1000000015
9946  33.809  -82.316  6.968 0.1000000015
10821  33.048  -81.745  6.854 0.1000000015
10820  33.638  -81.674  6.677 0.1000000015
11630  34.131  -80.456  5.478 0.1000000015
10832  34.203  -81.529  6.444 0.1000000015
11637  34.267  -80.501  4.956 0.1000000015
12473  33.697  -79.915  4.735 0.1000000015
12482  33.761  -79.803  3.743 0.1000000015
13359  33.430  -79.170  3.432 0.1000000015
15235  33.390  -77.153  1.050 0.1000000015
16283  34.131  -75.573  -0.329 0.1000000015
17201  36.344  -74.656  2.289 0.1000000015
17235  35.392  -74.377  0.742 0.1000000015
17165  39.581  -74.867  5.877 0.1000000015
17157  40.109  -74.436  6.696 0.1000000015
11620  33.013  -80.543  6.411 0.1000000015
10833  33.428  -81.173  6.533 0.1000000015
12453  33.244  -80.080  6.051 0.1000000015
12474  33.069  -79.528  4.933 0.1000000015
13345  33.477  -79.537  4.038 0.1000000015
14280  33.216  -77.724  2.135 0.1000000015
16169  37.959  -74.981  5.316 0.1000000015
17236  34.282  -74.639  0.314 0.1000000015
12465  32.938  -79.621  5.534 0.1000000015
13347  31.543  -78.325  4.206 0.1000000015
13331  32.712  -79.379  5.051 0.1000000015
14282  31.990  -77.198  2.443 0.1000000015
13361  31.861  -77.986  3.333 0.1000000015
13346  32.837  -79.204  4.359 0.1000000015
15237  32.061  -76.083  1.535 0.1000000015
13371  32.930  -77.939  2.555 0.1000000015
14299  33.093  -77.357  1.858 0.1000000015
16205  36.418  -75.058  3.983 0.1000000015
17186  36.123  -74.702  3.133 0.1000000015
17220  35.780  -74.327  1.605 0.1000000015
16266  33.385  -75.780  0.215 0.1000000015
17166  38.899  -74.303  5.995 0.1000000015
16228  31.493  -75.886  1.715 0.1000000015
14266  32.297  -77.761  2.773 0.1000000015
13360  32.659  -78.423  3.277 0.1000000015
16247  32.537  -75.771  1.056 0.1000000015
15217  32.320  -76.936  2.079 0.1000000015
17221  34.553  -73.904  1.671 0.1000000015
17222  33.312  -74.157  1.052 0.1000000015
17237  33.282  -74.947  0.484 0.1000000015
6145  29.787  -87.229  1.645 0.1000000015
7615  28.529  -85.450  1.952 0.1000000015
8405  27.375  -84.071  0.782 0.1000000015
9218  27.138  -83.334  0.086 0.1000000015
10117  33.852  -83.439  -2.069 0.1000000015
10109  27.401  -82.690  -0.507 0.1000000015
10115  35.433  -82.867  -1.571 0.1000000015
10947  29.632  -81.794  -2.659 0.1000000015
10935  28.374  -81.855  -1.520 0.1000000015
10131  30.092  -82.510  -3.342 0.1000000015
10132  28.865  -82.245  -2.589 0.1000000015
4704  30.764  -89.564  5.153 0.1000000015
7635  27.307  -85.162  0.111 0.1000000015
6900  28.561  -86.357  1.330 0.1000000015
10120  27.310  -82.898  -1.037 0.1000000015
4688  31.481  -89.960  6.403 0.1000000015
4718  35.984  -90.224  5.213 0.1000000015
6835  31.092  -87.073  3.477 0.1000000015
6125  30.517  -87.132  2.484 0.1000000015
4067  33.399  -90.811  6.332 0.1000000015
4057  33.037  -90.407  6.981 0.1000000015
3509  35.892  -90.830  6.022 0.1000000015
5405  34.576  -89.123  4.532 0.1000000015
4721  34.712  -89.632  4.206 0.1000000015
5384  35.241  -88.921  5.396 0.1000000015
6081  33.463  -87.898  4.793 0.1000000015
7589  30.319  -85.977  4.159 0.1000000015
8378  28.904  -84.822  3.081 0.1000000015
11699  29.649  -80.833  -1.547 0.1000000015
10108  27.792  -82.207  -0.676 0.1000000015
10951  35.455  -81.568  -2.831 0.1000000015
5370  34.851  -88.256  6.098 0.1000000015
6065  32.324  -87.214  5.262 0.1000000015
6066  31.768  -87.010  4.741 0.1000000015
4651  31.828  -89.381  8.083 0.1000000015
10070  28.525  -81.880  1.206 0.1000000015
10051  28.426  -82.416  1.797 0.1000000015
10909  28.631  -81.383  0.232 0.1000000015
11697  30.988  -80.079  -2.202 0.1000000015
4669  36.181  -89.611  7.638 0.1000000015
6049  32.912  -87.248  6.084 0.1000000015
7562  31.632  -85.530  5.838 0.1000000015
10050  29.288  -81.930  2.156 0.1000000015
12537  32.416  -79.627  -2.632 0.1000000015
5335  32.924  -88.390  8.732 0.1000000015
5368  36.563  -88.183  6.512 0.1000000015
6792  33.493  -86.564  6.500 0.1000000015
6045  36.865  -87.323  7.021 0.1000000015
7560  32.971  -84.944  5.956 0.1000000015
8335  31.925  -84.734  5.583 0.1000000015
10028  30.611  -82.401  3.279 0.1000000015
12515  31.559  -79.472  -0.996 0.1000000015
12531  38.417  -79.488  -2.104 0.1000000015
11694  39.304  -80.493  -1.312 0.1000000015
10918  39.227  -81.340  -0.806 0.1000000015
6003  36.541  -87.350  8.663 0.1000000015
6014  37.023  -87.604  8.185 0.1000000015
5284  29.935  -88.490  10.922 0.1000000015
5315  33.114  -87.872  9.697 0.1000000015
5334  33.840  -88.155  8.789 0.1000000015
7537  35.106  -85.555  6.560 0.1000000015
9135  33.964  -83.734  5.340 0.1000000015
9136  33.052  -83.989  5.297 0.1000000015
11689  31.300  -79.716  -0.218 0.1000000015
13433  37.358  -78.584  -2.481 0.1000000015
12520  39.762  -79.614  -1.116 0.1000000015
5314  33.997  -87.655  9.722 0.1000000015
7525  37.081  -85.751  7.613 0.1000000015
9157  33.381  -83.260  4.877 0.1000000015
10866  32.192  -81.648  3.036 0.1000000015
11681  31.720  -79.921  0.516 0.1000000015
11667  31.876  -80.420  1.296 0.1000000015
14364  36.553  -78.044  -2.415 0.1000000015
13417  38.563  -78.310  -1.607 0.1000000015
13405  40.592  -79.227  -0.081 0.1000000015
6754  35.286  -86.761  9.404 0.1000000015
6737  34.357  -86.821  10.183 0.1000000015
9985  35.432  -82.921  5.953 0.1000000015
10004  33.820  -82.514  4.489 0.1000000015
12496  33.069  -79.647  1.111 0.1000000015
13437  33.668  -78.379  -1.713 0.1000000015
14346  35.308  -77.336  -1.940 0.1000000015
13394  40.134  -78.089  0.255 0.1000000015
13393  40.798  -78.502  0.625 0.1000000015
13381  41.006  -77.849  1.213 0.1000000015
6722  34.018  -87.063  11.051 0.1000000015
9094  36.534  -84.116  7.398 0.1000000015
10875  33.362  -81.243  3.282 0.1000000015
11666  32.863  -80.281  1.731 0.1000000015
14344  37.578  -77.345  -1.712 0.1000000015
14279  41.883  -77.448  2.750 0.1000000015
14296  40.329  -77.458  1.030 0.1000000015
15230  40.861  -76.570  1.961 0.1000000015
15199  42.367  -76.260  3.577 0.1000000015
9073  35.803  -84.091  7.899 0.1000000015
10852  34.167  -81.720  4.350 0.1000000015
11665  33.489  -80.120  2.346 0.1000000015
16280  37.256  -75.653  -0.156 0.1000000015
15234  38.690  -76.325  1.003 0.1000000015
15261  37.897  -76.453  -0.388 0.1000000015
15274  37.491  -76.627  -1.183 0.1000000015
15276  35.654  -76.713  -1.680 0.1000000015
15277  35.006  -76.961  -1.561 0.1000000015
13396  33.634  -78.296  0.217 0.1000000015
15216  39.322  -76.200  1.554 0.1000000015
15260  38.589  -76.843  -0.000 0.1000000015
14315  39.023  -77.260  0.001 0.1000000015
14297  39.807  -77.174  0.859 0.1000000015
15232  39.764  -76.722  1.244 0.1000000015
16223  40.817  -75.681  2.853 0.1000000015
15200  41.735  -76.050  3.101 0.1000000015
15182  42.993  -75.949  5.640 0.1000000015
16199  42.216  -75.637  4.394 0.1000000015
16282  35.182  -75.463  -0.631 0.1000000015
16168  38.935  -75.172  5.306 0.1000000015
11636  34.391  -80.947  4.606 0.1000000015
15252  33.016  -76.153  0.789 0.1000000015
21393  43.662  -71.171  2.409 0.4000000060
21337  46.519  -72.018  3.425 0.3000000119
21367  45.918  -71.608  2.685 0.3000000119
21368  45.067  -71.299  2.823 0.3000000119
21392  44.587  -71.372  2.358 0.4000000060
20320  43.193  -71.572  1.864 0.4000000060
21391  45.506  -71.677  2.036 0.3000000119
20335  43.650  -72.115  1.316 0.4000000060
9201  43.405  -82.659  0.992 0.1000000015
10084  44.431  -81.693  0.616 0.1000000015
11676  44.936  -80.129  0.333 0.2000000030
14309  47.216  -76.828  0.230 0.3000000119
20380  42.816  -72.222  -1.608 0.4000000060
20280  46.225  -72.135  3.992 0.3000000119
17258  47.873  -74.256  -0.323 0.4000000060
20375  46.874  -73.273  -0.466 0.4000000060
14311  46.046  -77.791  0.420 0.2000000030
15259  47.629  -76.204  -0.288 0.3000000119
19326  47.132  -73.640  -0.855 0.4000000060
20376  46.270  -73.149  -0.678 0.4000000060
20379  43.739  -72.548  -1.427 0.4000000060
7629  42.595  -83.714  0.824 0.1000000015
13391  45.793  -78.595  0.284 0.3000000119
19327  46.497  -73.465  -0.970 0.4000000060
20395  44.922  -72.987  -1.656 0.4000000060
20396  44.159  -72.702  -1.867 0.4000000060
8402  43.143  -83.062  0.559 0.1000000015
20381  41.873  -71.831  -1.653 0.5000000000
11675  45.649  -79.851  -0.385 0.2000000030
14328  47.338  -77.807  -0.125 0.3000000119
16296  47.868  -74.867  -0.608 0.3000000119
19344  45.067  -73.235  -1.928 0.4000000060
21450  41.174  -71.370  -2.022 0.4000000060
21470  39.543  -70.336  -2.618 0.4000000060
17269  47.667  -74.510  -1.357 0.4000000060
19342  46.607  -73.784  -1.296 0.4000000060
20407  44.438  -72.888  -2.149 0.4000000060
20408  43.764  -72.655  -2.377 0.4000000060
20397  43.188  -72.233  -2.142 0.5000000000
8421  43.416  -82.687  -0.248 0.2000000030
9212  43.870  -82.307  0.393 0.2000000030
10083  44.784  -81.193  -0.085 0.2000000030
12499  46.662  -78.987  -0.345 0.2000000030
10903  45.005  -80.560  -0.108 0.2000000030
15273  47.698  -75.943  -0.919 0.3000000119
16306  47.670  -75.153  -1.189 0.3000000119
8422  43.051  -83.135  -0.084 0.1000000015
19353  45.153  -73.526  -2.196 0.4000000060
14327  47.557  -77.268  -0.228 0.3000000119
17270  47.198  -74.616  -1.623 0.4000000060
19354  44.484  -73.106  -2.417 0.4000000060
20398  42.482  -71.762  -2.076 0.5000000000
21468  41.761  -71.432  -2.433 0.5000000000
18279  45.379  -73.937  -2.276 0.4000000060
21467  42.459  -71.844  -2.448 0.5000000000
21469  40.658  -70.769  -2.657 0.4000000060
9232  43.843  -82.298  -0.437 0.2000000030
10917  45.471  -80.646  -0.890 0.2000000030
11685  46.374  -79.627  -0.818 0.2000000030
13404  47.473  -78.062  -0.431 0.4000000060
12510  47.272  -78.754  -0.827 0.2000000030
14342  47.915  -77.094  -0.893 0.3000000119
13415  48.009  -77.904  -1.455 0.4000000060
15284  47.412  -76.156  -1.454 0.3000000119
20409  42.790  -72.226  -2.759 0.5000000000
22487  39.905  -69.965  -3.427 0.4000000060
22488  39.040  -69.690  -3.212 0.4000000060
14358  47.418  -76.942  -1.796 0.4000000060
17283  45.773  -74.616  -2.091 0.4000000060
18280  44.837  -73.712  -2.613 0.4000000060
21479  42.067  -71.698  -2.838 0.5000000000
10101  44.801  -81.347  -0.697 0.2000000030
9245  43.482  -82.436  -0.891 0.2000000030
22504  39.200  -69.242  -4.047 0.4000000060
11693  46.849  -79.484  -1.326 0.2000000030
16308  46.965  -75.131  -1.912 0.3000000119
17284  45.091  -74.418  -2.539 0.4000000060
19355  43.482  -72.897  -2.867 0.4000000060
8435  43.052  -82.854  -0.513 0.2000000030
10113  45.114  -81.349  -1.357 0.2000000030
12519  47.198  -78.942  -1.551 0.3000000119
13445  47.398  -77.891  -2.024 0.4000000060
22505  38.482  -69.163  -3.661 0.4000000060
15285  47.134  -76.366  -1.781 0.3000000119
21480  41.301  -71.241  -3.263 0.5000000000
25759  36.969  -67.000  -4.686 0.4000000060
9246  42.928  -82.673  -0.976 0.2000000030
9231  44.487  -81.747  -0.935 0.2000000030
16327  44.557  -74.994  -2.652 0.4000000060
18281  43.992  -73.595  -2.835 0.4000000060
21481  40.557  -70.485  -3.763 0.5000000000
30418  36.426  -63.013  -5.290 0.4000000060
9261  42.646  -82.527  -1.538 0.2000000030
9243  44.665  -81.591  -1.708 0.2000000030
10927  45.961  -81.129  -1.724 0.2000000030
11701  46.935  -79.728  -1.971 0.2000000030
15303  46.616  -76.569  -2.018 0.4000000060
19356  42.537  -72.730  -3.301 0.5000000000
8438  41.236  -83.797  -1.174 0.2000000030
14372  46.968  -77.369  -2.129 0.4000000060
16325  46.331  -75.524  -1.987 0.3000000119
18282  43.069  -73.535  -3.278 0.5000000000
20410  41.906  -71.956  -3.373 0.5000000000
28029  37.431  -64.665  -5.689 0.4000000060
29189  37.017  -63.704  -5.502 0.2000000030
24636  37.277  -67.208  -4.877 0.4000000060
23549  38.502  -68.770  -4.164 0.4000000060
9244  44.110  -81.879  -1.327 0.2000000030
12530  47.035  -78.865  -2.186 0.4000000060
22503  39.956  -69.751  -4.379 0.4000000060
23562  38.698  -68.648  -4.704 0.4000000060
9260  43.255  -82.156  -1.773 0.2000000030
10124  45.338  -81.557  -2.143 0.2000000030
10937  46.720  -80.751  -2.394 0.2000000030
9259  43.868  -81.844  -2.002 0.2000000030
25774  37.857  -66.618  -5.854 0.4000000060
23572  38.307  -68.239  -5.036 0.4000000060
23571  38.696  -68.304  -5.562 0.4000000060
17286  43.494  -74.445  -2.958 0.3000000119
20419  41.102  -71.656  -3.755 0.5000000000
22516  39.337  -69.074  -4.972 0.4000000060
13447  46.752  -78.026  -2.757 0.4000000060
16326  45.281  -75.545  -2.295 0.4000000060
17272  43.192  -75.029  -2.709 0.3000000119
15304  45.857  -76.630  -2.255 0.4000000060
19357  41.618  -72.673  -3.629 0.5000000000
10125  45.064  -81.803  -2.639 0.2000000030
21488  40.290  -70.559  -4.792 0.5000000000
17287  42.471  -74.377  -3.297 0.4000000060
18283  42.135  -73.461  -3.610 0.5000000000
21487  40.888  -70.990  -4.077 0.5000000000
18284  41.321  -73.379  -3.747 0.5000000000
17288  41.537  -74.204  -3.568 0.5000000000
20318  44.855  -71.757  1.728 0.4000000060
20378  44.799  -72.733  -0.835 0.4000000060
25775  37.153  -66.535  -5.160 0.4000000060
24635  37.889  -67.595  -5.312 0.4000000060
18191  47.018  -73.361  3.348 0.3000000119
20292  47.227  -72.494  2.800 0.3000000119
21365  46.922  -72.019  2.086 0.2000000030
21390  46.359  -71.859  1.928 0.2000000030
16179  46.590  -75.287  4.089 0.2000000030
17200  47.018  -73.927  2.536 0.3000000119
17217  47.383  -73.854  1.810 0.3000000119
19280  47.626  -73.069  1.328 0.3000000119
16221  46.638  -75.102  2.615 0.2000000030
16243  46.883  -75.201  1.635 0.2000000030
17218  47.393  -74.211  1.628 0.2000000030
13378  45.075  -78.692  0.670 0.2000000030
7679  40.259  -84.918  -3.331 0.1000000015
7689  40.299  -85.591  -4.108 0.1000000015
11732  44.647  -80.354  -5.660 0.1000000015
18148  46.433  -73.903  4.965 0.1000000015
20279  46.760  -72.473  3.617 0.2000000030
20293  46.976  -72.320  3.102 0.2000000030
17175  46.798  -73.920  3.900 0.2000000030
20278  47.015  -72.656  3.347 0.2000000030
15160  46.037  -75.966  5.666 0.1000000015
15180  46.482  -75.847  4.670 0.1000000015
16162  46.638  -74.500  4.428 0.2000000030
15169  46.268  -76.174  5.226 0.1000000015
14235  46.297  -76.818  4.845 0.1000000015
8437  41.801  -83.740  -0.468 0.1000000015
7670  40.341  -84.759  -2.298 0.1000000015
9287  44.430  -82.655  -3.560 0.1000000015
10143  45.575  -82.128  -4.054 0.1000000015
10957  46.286  -81.191  -4.076 0.1000000015
12561  45.526  -79.600  -4.520 0.1000000015
9288  43.643  -82.700  -3.751 0.1000000015
10958  45.527  -81.372  -4.762 0.1000000015
11724  45.731  -80.530  -4.632 0.1000000015
13453  45.000  -78.831  -4.521 0.1000000015
11731  45.177  -80.579  -5.106 0.1000000015
13459  44.434  -79.056  -5.217 0.1000000015
14387  43.261  -78.032  -4.570 0.1000000015
14397  43.488  -78.434  -5.536 0.1000000015
15334  42.384  -77.628  -5.917 0.1000000015
17164  46.567  -74.363  4.764 0.2000000030
16163  46.583  -74.917  4.719 0.1000000015
13450  46.666  -78.576  -2.855 0.1000000015
16311  43.716  -75.386  -2.552 0.3000000119
9276  43.782  -82.228  -2.854 0.1000000015
9275  44.405  -82.093  -2.911 0.1000000015
10136  45.754  -81.836  -2.812 0.1000000015
12559  46.695  -79.191  -3.302 0.1000000015
14374  45.436  -77.504  -2.983 0.2000000030
15287  43.991  -76.451  -2.430 0.3000000119
16314  41.287  -75.498  -3.030 0.3000000119
16331  40.876  -74.999  -3.390 0.3000000119
8455  40.112  -84.171  -3.271 0.1000000015
9277  42.788  -82.330  -2.713 0.1000000015
10956  46.656  -80.537  -3.944 0.1000000015
14385  45.157  -78.049  -3.941 0.1000000015
14360  43.499  -77.146  -2.676 0.2000000030
15290  41.212  -76.251  -3.005 0.3000000119
9289  42.643  -82.661  -3.961 0.1000000015
14389  41.761  -77.425  -4.158 0.2000000030
15324  39.817  -76.301  -4.534 0.3000000119
15322  41.981  -77.454  -4.985 0.1000000015
15336  40.341  -76.959  -5.807 0.2000000030
15325  39.195  -75.965  -5.207 0.4000000060
15333  43.000  -78.109  -5.985 0.1000000015
15335  41.433  -77.387  -5.844 0.1000000015
15349  40.351  -76.944  -6.658 0.3000000119
17140  41.181  -74.530  7.256 0.1000000015
17138  43.195  -74.618  7.181 0.1000000015
19367  40.807  -72.424  -3.940 0.4000000060
16330  41.722  -74.961  -3.166 0.3000000119
17289  40.621  -73.959  -3.807 0.4000000060
18297  40.283  -73.199  -4.195 0.4000000060
17298  39.290  -74.250  -4.763 0.4000000060
18298  39.644  -73.320  -4.706 0.4000000060
16342  39.063  -75.320  -4.896 0.4000000060
17307  38.748  -74.592  -5.738 0.5000000000
15337  39.471  -76.357  -5.618 0.3000000119
16365  38.683  -75.193  -6.456 0.5000000000
15347  42.973  -77.646  -6.865 0.2000000030
15348  42.067  -77.438  -6.818 0.1000000015
16364  38.981  -75.498  -7.154 0.4000000060
15346  43.682  -77.797  -7.040 0.1000000015
15365  42.824  -77.286  -7.679 0.1000000015
15366  41.732  -77.182  -7.727 0.2000000030
15367  40.580  -76.840  -7.581 0.2000000030
13472  45.223  -78.809  -6.990 0.1000000015
15344  44.964  -78.067  -7.244 0.1000000015
15391  42.595  -76.926  -8.634 0.2000000030
12577  45.547  -79.265  -7.395 0.1000000015
15362  45.085  -77.873  -7.958 0.1000000015
22515  39.795  -69.737  -5.390 0.4000000060
19368  40.006  -72.482  -4.557 0.4000000060
20420  40.371  -71.568  -4.478 0.4000000060
19384  39.538  -72.668  -5.239 0.4000000060
20431  39.935  -71.354  -5.392 0.4000000060
18315  39.224  -73.542  -5.459 0.4000000060
18338  39.158  -73.758  -6.363 0.4000000060
19405  39.600  -72.883  -6.093 0.4000000060
17317  38.835  -74.601  -6.730 0.5000000000
17333  39.460  -74.595  -7.648 0.4000000060
15393  40.420  -76.147  -8.533 0.3000000119
15368  39.701  -76.106  -7.819 0.4000000060
16378  39.492  -75.327  -8.047 0.4000000060
15414  44.920  -76.765  -9.009 0.2000000030
15415  44.385  -76.609  -9.122 0.2000000030
15392  41.436  -76.576  -8.769 0.2000000030
15388  45.012  -77.157  -8.667 0.1000000015
15389  44.481  -76.975  -8.483 0.2000000030
9338  42.872  -81.693  -9.033 0.1000000015
22526  39.359  -69.019  -5.944 0.4000000060
21496  39.839  -70.589  -5.945 0.4000000060
20447  40.329  -71.685  -6.378 0.4000000060
20448  39.972  -72.340  -6.185 0.4000000060
18337  39.931  -73.355  -6.848 0.4000000060
19404  40.324  -72.682  -6.557 0.4000000060
18366  39.484  -73.992  -7.090 0.3000000119
18388  40.552  -74.166  -8.376 0.4000000060
18365  40.389  -73.818  -7.685 0.4000000060
16420  41.582  -75.221  -9.416 0.3000000119
16421  40.988  -75.165  -9.208 0.3000000119
16399  39.910  -75.171  -8.498 0.4000000060
16395  45.285  -76.759  -9.340 0.2000000030
16416  44.950  -76.083  -9.602 0.2000000030
15416  43.463  -76.492  -9.316 0.2000000030
15417  42.460  -76.208  -9.382 0.2000000030
15387  45.326  -77.409  -8.879 0.2000000030
8548  42.597  -82.570  -10.029 0.1000000015
8526  42.830  -82.172  -9.659 0.1000000015
9336  44.075  -81.206  -9.265 0.1000000015
24634  38.394  -67.816  -5.718 0.3000000119
23587  39.233  -68.240  -6.530 0.4000000060
22525  39.861  -69.677  -6.414 0.4000000060
22547  41.139  -69.376  -7.667 0.4000000060
22534  40.336  -69.343  -7.252 0.4000000060
21509  40.577  -70.480  -6.993 0.4000000060
19403  41.273  -72.468  -6.876 0.4000000060
20446  41.437  -71.472  -7.090 0.4000000060
18336  41.007  -73.178  -7.087 0.4000000060
19457  43.074  -73.245  -9.736 0.3000000119
18386  42.468  -73.194  -8.709 0.3000000119
18387  41.258  -73.744  -8.448 0.3000000119
18364  41.754  -73.394  -7.720 0.3000000119
17366  45.770  -75.464  -10.258 0.2000000030
17367  45.006  -75.191  -10.160 0.2000000030
17392  43.921  -74.115  -10.298 0.3000000119
17369  43.130  -74.448  -10.072 0.2000000030
17348  41.690  -73.875  -9.224 0.3000000119
17349  40.925  -74.270  -8.892 0.3000000119
16415  45.609  -76.193  -9.980 0.2000000030
16418  43.286  -75.587  -9.837 0.2000000030
16394  45.518  -76.824  -9.635 0.2000000030
25795  38.454  -66.612  -6.288 0.3000000119
28045  39.234  -65.199  -6.355 0.3000000119
25794  39.193  -66.558  -6.634 0.3000000119
24657  38.639  -67.471  -6.198 0.3000000119
23585  40.862  -68.092  -7.643 0.3000000119
24655  40.672  -67.273  -7.445 0.4000000060
23600  41.566  -68.541  -7.884 0.4000000060
24672  41.420  -67.744  -7.667 0.4000000060
23601  40.763  -68.717  -7.593 0.4000000060
22546  42.050  -69.491  -7.987 0.4000000060
21523  41.467  -70.290  -7.527 0.4000000060
20464  42.080  -70.993  -7.399 0.3000000119
20465  41.524  -70.897  -7.349 0.4000000060
18385  43.601  -72.816  -8.364 0.3000000119
18362  44.150  -73.037  -7.860 0.2000000030
18334  43.529  -73.148  -7.369 0.2000000030
19401  42.974  -72.230  -6.989 0.2000000030
19402  42.282  -72.390  -6.905 0.3000000119
19438  43.377  -72.676  -9.183 0.3000000119
18363  42.970  -73.143  -7.720 0.2000000030
18335  42.442  -73.070  -7.023 0.2000000030
18417  45.279  -73.384  -10.545 0.3000000119
18418  44.202  -73.360  -10.327 0.3000000119
18402  43.726  -73.003  -10.086 0.3000000119
28028  38.374  -65.054  -6.170 0.3000000119
26907  37.623  -65.711  -5.754 0.3000000119
26906  38.203  -65.969  -6.181 0.3000000119
23599  42.665  -68.663  -8.090 0.3000000119
20443  44.575  -71.544  -6.922 0.2000000030
21520  44.523  -70.549  -7.220 0.2000000030
21521  43.537  -70.395  -7.524 0.2000000030
22545  43.115  -69.565  -7.920 0.2000000030
19399  45.235  -72.151  -6.852 0.2000000030
19400  44.012  -72.477  -7.010 0.2000000030
20444  43.529  -71.776  -7.076 0.2000000030
20462  43.843  -71.098  -7.190 0.2000000030
12590  45.668  -79.420  -7.841 0.1000000015
14418  45.490  -78.226  -8.223 0.1000000015
17365  45.782  -75.734  -10.223 0.2000000030
20333  45.345  -72.162  1.141 0.3000000119
21408  46.682  -72.145  1.236 0.3000000119
20317  47.257  -72.394  1.623 0.3000000119
16262  47.199  -75.374  1.047 0.2000000030
18129  41.798  -73.979  7.484 0.1000000015
19233  46.538  -73.087  4.427 0.2000000030
21366  46.631  -71.884  2.467 0.2000000030
11710  46.874  -79.742  -2.863 0.1000000015
16309  44.878  -76.088  -2.375 0.3000000119
29188  38.191  -63.699  -5.835 0.3000000119
10949  46.772  -80.651  -3.403 0.1000000015
14373  46.302  -77.579  -2.699 0.3000000119
16312  42.719  -75.492  -2.570 0.2000000030
15306  44.400  -76.898  -2.568 0.2000000030
10137  45.370  -82.134  -3.215 0.1000000015
17185  46.851  -73.949  3.401 0.2000000030
19266  47.601  -73.018  1.985 0.3000000119
16197  46.712  -74.591  3.242 0.1000000015
16220  46.958  -74.567  2.137 0.2000000030
12566  44.838  -79.733  -5.290 0.1000000015
18166  46.584  -73.591  4.485 0.2000000030
9294  45.042  -82.731  -4.105 0.1000000015
10142  46.015  -81.922  -3.483 0.1000000015
13452  45.808  -78.656  -4.080 0.1000000015
14386  44.173  -78.443  -4.652 0.1000000015
14388  42.463  -77.663  -4.284 0.1000000015
14384  45.850  -78.057  -3.444 0.2000000030
15289  42.152  -76.323  -2.553 0.3000000119
14375  44.245  -77.588  -3.263 0.2000000030
14361  42.570  -77.136  -2.695 0.3000000119
15308  40.463  -75.826  -3.520 0.4000000060
17297  39.880  -73.918  -4.237 0.4000000060
14377  42.120  -77.437  -3.440 0.3000000119
14378  41.324  -77.096  -3.548 0.3000000119
15323  40.994  -77.148  -4.620 0.3000000119
20432  39.748  -72.101  -5.750 0.4000000060
14421  43.848  -77.016  -7.972 0.2000000030
20421  39.807  -71.972  -5.046 0.4000000060
16417  44.263  -75.855  -9.756 0.2000000030
22535  39.682  -68.919  -6.753 0.4000000060
17370  42.098  -74.508  -9.604 0.3000000119
16419  42.381  -75.318  -9.635 0.2000000030
17368  44.076  -74.929  -10.172 0.2000000030
23586  40.046  -68.272  -7.324 0.4000000060
24656  39.527  -67.344  -7.030 0.4000000060
17390  45.702  -74.419  -10.479 0.2000000030
17391  44.733  -74.233  -10.374 0.2000000030
25793  40.140  -66.409  -6.986 0.4000000060
21522  42.542  -70.322  -7.670 0.4000000060
20445  42.568  -71.734  -7.140 0.2000000030
18361  44.889  -72.797  -7.671 0.2000000030
18332  45.002  -72.532  -7.288 0.2000000030
18333  44.142  -72.774  -7.354 0.2000000030
19382  43.129  -72.691  -6.890 0.2000000030
26926  39.693  -65.750  -6.543 0.2000000030
26925  40.709  -65.528  -6.614 0.3000000119
28027  39.225  -64.386  -6.201 0.2000000030
15227  46.167  -75.594  1.993 0.1000000015
14275  45.500  -77.070  2.667 0.1000000015
15228  45.622  -76.394  1.435 0.1000000015
18168  46.058  -73.695  5.365 0.1000000015
13379  44.651  -78.756  1.394 0.1000000015
15247  46.112  -76.927  0.616 0.1000000015
14292  45.398  -77.274  0.854 0.1000000015
30391  37.635  -61.843  -5.186 0.1000000015
30417  37.377  -62.718  -5.432 0.1000000015
32808  38.430  -60.714  -4.382 0.1000000015
30390  38.099  -61.735  -5.256 0.1000000015
30416  38.546  -62.188  -5.441 0.1000000015
29187  39.423  -63.335  -5.895 0.1000000015
31603  39.425  -61.498  -5.283 0.1000000015
28044  39.959  -64.969  -6.339 0.1000000015
28026  40.151  -64.142  -6.161 0.1000000015
29186  40.519  -63.307  -5.890 0.2000000030
25792  41.226  -66.309  -7.137 0.2000000030
28025  41.065  -64.145  -6.088 0.2000000030
28043  40.674  -64.743  -6.313 0.2000000030
28042  41.445  -64.920  -6.331 0.2000000030
29185  41.540  -63.417  -5.805 0.2000000030
26924  41.799  -65.669  -6.643 0.2000000030
24654  41.788  -67.078  -7.460 0.2000000030
24671  42.264  -67.820  -7.799 0.2000000030
23598  43.677  -68.766  -7.904 0.1000000015
30414  41.005  -62.474  -5.633 0.2000000030
25791  42.304  -66.365  -7.061 0.2000000030
24653  42.872  -67.148  -7.451 0.1000000015
25790  43.367  -66.467  -6.893 0.1000000015
24670  43.296  -67.949  -7.854 0.1000000015
32809  37.738  -60.964  -4.357 0.1000000015
31588  38.144  -61.296  -5.017 0.1000000015
32777  38.654  -60.491  -3.604 0.1000000015
31587  38.982  -60.931  -4.921 0.1000000015
28024  42.033  -64.306  -6.069 0.2000000030
19464  45.629  -72.290  -10.593 0.2000000030
19455  44.053  -72.566  -9.833 0.2000000030
19465  44.774  -72.595  -10.358 0.2000000030
19463  46.461  -72.265  -11.050 0.2000000030
20497  46.000  -71.338  -10.740 0.2000000030
19436  45.263  -71.879  -8.768 0.2000000030
20498  45.450  -71.354  -10.281 0.2000000030
19454  44.926  -71.785  -9.822 0.2000000030
20511  46.550  -71.579  -11.190 0.2000000030
18384  44.621  -72.647  -8.253 0.2000000030
20476  45.980  -71.255  -8.983 0.1000000015
21544  46.285  -70.489  -9.858 0.2000000030
19435  46.191  -71.898  -8.389 0.2000000030
18383  45.581  -72.517  -8.124 0.2000000030
21557  47.020  -70.225  -9.573 0.1000000015
20486  46.908  -71.107  -8.872 0.1000000015
20475  46.607  -71.525  -8.591 0.1000000015
21583  46.944  -69.626  -10.938 0.1000000015
22638  47.913  -69.336  -11.533 0.1000000015
18359  46.439  -72.140  -7.656 0.1000000015
19451  47.807  -71.224  -8.382 0.1000000015
18382  46.387  -72.253  -7.995 0.1000000015
21556  47.334  -69.959  -9.440 0.1000000015
20485  47.402  -70.764  -8.818 0.1000000015
22619  47.573  -69.383  -10.689 0.1000000015
21582  47.378  -69.486  -10.044 0.1000000015
24764  48.755  -67.701  -12.572 0.1000000015
31584  42.137  -60.919  -5.079 0.1000000015
32805  41.704  -60.200  -4.497 0.1000000015
31601  41.546  -61.671  -5.368 0.1000000015
18331  45.901  -72.280  -7.221 0.1000000015
19433  47.551  -71.587  -8.182 0.1000000015
18358  47.043  -71.783  -7.682 0.1000000015
21541  47.642  -70.039  -8.975 0.1000000015
23677  48.560  -68.863  -10.936 0.1000000015
23641  47.947  -68.816  -9.745 0.1000000015
19397  46.964  -71.619  -6.884 0.1000000015
20441  46.510  -71.205  -6.643 0.1000000015
19395  48.290  -71.540  -6.902 0.1000000015
18329  47.305  -71.661  -7.288 0.1000000015
18330  46.625  -71.909  -7.270 0.1000000015
19398  46.173  -71.894  -6.829 0.1000000015
20461  49.067  -71.280  -7.836 0.1000000015
18379  47.943  -71.559  -7.761 0.1000000015
21534  48.772  -69.852  -8.382 0.1000000015
20473  48.755  -70.875  -8.428 0.1000000015
20474  48.301  -71.113  -8.331 0.1000000015
19432  48.120  -71.520  -8.009 0.1000000015
23614  48.316  -68.453  -8.802 0.1000000015
22560  48.151  -69.476  -8.445 0.1000000015
21533  48.503  -70.238  -8.475 0.1000000015
23629  48.504  -68.527  -9.387 0.1000000015
31600  42.591  -61.839  -5.394 0.1000000015
30413  42.047  -62.629  -5.557 0.1000000015
21506  45.968  -70.524  -6.722 0.1000000015
22529  48.854  -69.395  -7.083 0.1000000015
21502  49.270  -70.420  -6.929 0.1000000015
22541  47.831  -68.816  -7.915 0.1000000015
21519  45.301  -70.319  -7.059 0.1000000015
20496  46.331  -70.813  -10.976 0.1000000015
21584  46.524  -70.245  -10.886 0.1000000015
22576  47.896  -69.435  -8.939 0.1000000015
24717  49.106  -68.302  -10.018 0.1000000015
12683  42.756  -79.239  -12.956 0.1000000015
12696  42.860  -78.672  -14.031 0.1000000015
12684  42.003  -79.629  -12.782 0.1000000015
12659  41.787  -80.073  -12.174 0.1000000015
12639  40.413  -79.861  -11.066 0.1000000015
11786  39.286  -80.260  -10.460 0.1000000015
11018  36.971  -80.903  -10.709 0.1000000015
11838  43.291  -79.693  -12.105 0.1000000015
12682  43.450  -78.845  -13.049 0.1000000015
12660  41.430  -79.766  -12.130 0.1000000015
11804  40.810  -80.428  -11.163 0.1000000015
13590  43.466  -78.376  -13.814 0.1000000015
13582  43.932  -78.473  -13.110 0.1000000015
12658  44.734  -78.828  -11.910 0.1000000015
11837  43.890  -79.499  -12.028 0.1000000015
11839  42.624  -80.045  -12.012 0.1000000015
12697  42.320  -78.907  -13.956 0.1000000015
13568  45.529  -77.746  -11.911 0.1000000015
13547  45.674  -78.157  -11.492 0.1000000015
12710  43.226  -78.884  -15.127 0.1000000015
15484  44.360  -77.354  -12.912 0.1000000015
15471  43.966  -76.334  -12.695 0.1000000015
14540  43.029  -77.979  -14.372 0.1000000015
15485  43.988  -77.074  -13.133 0.1000000015
15486  43.272  -76.811  -13.016 0.1000000015
12681  44.171  -78.891  -12.456 0.1000000015
11806  36.488  -79.954  -11.472 0.1000000015
2930  34.290  -91.170  6.112 0.1000000015
2937  34.870  -91.477  5.857 0.1000000015
2938  34.524  -91.431  5.879 0.1000000015
2939  34.007  -91.569  5.548 0.1000000015
3504  34.058  -91.025  6.239 0.1000000015
3510  35.169  -91.140  6.116 0.1000000015
3511  34.733  -91.215  6.144 0.1000000015
3512  33.768  -91.164  5.923 0.1000000015
3525  35.605  -91.123  5.434 0.1000000015
3529  32.732  -91.146  5.211 0.1000000015
4052  36.882  -89.909  6.667 0.1000000015
4054  35.583  -90.468  7.074 0.1000000015
4058  32.467  -90.243  7.072 0.1000000015
4063  36.811  -90.074  5.912 0.1000000015
4065  35.929  -90.664  6.538 0.1000000015
4066  33.792  -90.908  6.295 0.1000000015
4073  36.345  -90.160  5.354 0.1000000015
4074  36.191  -90.561  5.628 0.1000000015
4076  31.316  -89.969  5.158 0.1000000015
4087  36.152  -90.058  5.259 0.1000000015
4647  35.347  -88.610  8.329 0.1000000015
4668  36.821  -89.269  7.335 0.1000000015
4671  34.267  -89.810  7.649 0.1000000015
4673  32.530  -89.896  7.534 0.1000000015
4677  28.901  -88.623  7.503 0.1000000015
4689  30.610  -89.388  6.227 0.1000000015
4701  35.633  -89.553  5.205 0.1000000015
4702  35.317  -89.394  4.967 0.1000000015
5280  33.209  -88.214  11.816 0.1000000015
5300  28.723  -88.788  10.391 0.1000000015
5313  36.206  -87.580  8.748 0.1000000015
5330  36.889  -88.476  7.867 0.1000000015
5331  36.566  -88.199  8.348 0.1000000015
5332  35.845  -87.945  8.664 0.1000000015
5354  37.163  -88.360  7.394 0.1000000015
5356  28.713  -88.354  6.966 0.1000000015
5371  29.403  -88.579  6.349 0.1000000015
5386  33.751  -87.990  5.046 0.1000000015
5404  35.100  -89.315  4.844 0.1000000015
5428  34.416  -89.539  3.938 0.1000000015
5982  33.703  -87.580  11.087 0.1000000015
5990  34.002  -87.343  10.586 0.1000000015
6002  36.854  -87.156  8.457 0.1000000015
6015  36.691  -87.729  8.499 0.1000000015
6046  36.156  -87.364  6.760 0.1000000015
6048  33.968  -87.664  6.228 0.1000000015
6050  32.360  -87.017  5.945 0.1000000015
6063  33.821  -87.940  5.506 0.1000000015
6100  31.710  -87.385  3.330 0.1000000015
6101  31.007  -87.229  3.024 0.1000000015
6126  29.987  -86.785  2.409 0.1000000015
6146  29.096  -86.858  1.456 0.1000000015
6751  36.969  -86.876  8.286 0.1000000015
6752  36.716  -86.834  8.589 0.1000000015
6774  37.209  -86.533  7.765 0.1000000015
6794  31.913  -86.361  5.984 0.1000000015
6811  32.037  -86.762  5.814 0.1000000015
6813  30.726  -86.009  5.103 0.1000000015
6837  29.884  -86.053  3.306 0.1000000015
6853  30.229  -86.702  2.763 0.1000000015
6875  29.525  -86.402  2.356 0.1000000015
7496  36.842  -86.555  8.414 0.1000000015
7497  36.612  -86.256  8.654 0.1000000015
7500  33.995  -85.734  9.785 0.1000000015
7538  34.098  -85.696  6.508 0.1000000015
7541  31.670  -86.079  5.970 0.1000000015
7561  32.415  -85.165  5.964 0.1000000015
7563  30.983  -85.515  5.439 0.1000000015
7661  40.726  -84.301  -1.547 0.2000000030
7671  40.304  -84.478  -2.887 0.1000000015
8261  36.350  -85.645  8.717 0.1000000015
8278  37.005  -85.257  7.990 0.1000000015
8297  37.051  -84.770  7.336 0.1000000015
8310  36.991  -84.641  6.861 0.1000000015
8314  33.836  -85.165  6.224 0.1000000015
8332  34.617  -84.140  5.746 0.1000000015
8334  32.737  -84.602  5.645 0.1000000015
8336  31.389  -85.062  5.551 0.1000000015
8355  31.886  -84.233  5.273 0.1000000015
8401  43.481  -82.725  0.110 0.1000000015
8436  42.654  -83.218  -0.444 0.2000000030
8445  40.754  -83.748  -1.840 0.2000000030
8466  39.679  -83.819  -5.146 0.1000000015
8509  42.951  -81.779  -9.274 0.1000000015
8547  43.072  -82.054  -9.937 0.1000000015
8571  42.617  -82.502  -10.254 0.1000000015
9093  36.981  -84.316  7.122 0.1000000015
9117  37.089  -84.465  6.979 0.1000000015
9118  36.814  -84.189  6.839 0.1000000015
9156  34.199  -83.031  5.036 0.1000000015
9181  28.717  -83.472  3.009 0.1000000015
9194  29.079  -82.768  2.846 0.1000000015
9213  43.460  -82.710  0.435 0.1000000015
9233  43.427  -82.599  -0.486 0.2000000030
9247  42.346  -83.102  -0.958 0.1000000015
9248  41.848  -83.406  -1.013 0.2000000030
9257  44.832  -81.632  -2.223 0.2000000030
9258  44.483  -81.723  -2.297 0.2000000030
9264  33.481  -83.691  -2.139 0.1000000015
9274  44.827  -81.983  -2.960 0.1000000015
9286  44.976  -82.397  -3.429 0.1000000015
9292  39.692  -83.217  -5.470 0.1000000015
9295  44.356  -82.782  -4.536 0.1000000015
9298  41.761  -82.192  -5.143 0.1000000015
9300  39.655  -83.027  -6.212 0.1000000015
9308  39.667  -83.196  -7.088 0.1000000015
9315  39.793  -83.269  -8.050 0.1000000015
9316  39.699  -82.982  -7.506 0.1000000015
9323  43.375  -81.347  -8.889 0.2000000030
9337  43.511  -81.393  -9.113 0.1000000015
9354  43.443  -81.546  -9.475 0.1000000015
9377  42.971  -82.103  -10.141 0.1000000015
9967  34.795  -82.149  6.461 0.1000000015
10085  38.309  -82.354  -0.092 0.1000000015
10089  27.354  -82.772  0.101 0.1000000015
10102  44.421  -81.837  -0.194 0.2000000030
10107  35.223  -83.480  -1.118 0.1000000015
10145  40.533  -82.352  -5.433 0.1000000015
10147  45.056  -82.198  -4.880 0.1000000015
10153  39.727  -82.561  -6.766 0.1000000015
10166  39.893  -81.961  -7.258 0.1000000015
10167  39.699  -82.671  -7.249 0.1000000015
10178  40.576  -81.679  -8.021 0.1000000015
10179  39.975  -82.352  -8.030 0.1000000015
10188  44.562  -80.831  -8.780 0.2000000030
10191  42.150  -81.717  -8.461 0.1000000015
10192  41.275  -82.116  -8.544 0.1000000015
10198  44.594  -80.856  -9.072 0.2000000030
10834  32.736  -81.134  6.644 0.1000000015
10843  35.193  -82.370  5.750 0.1000000015
10863  33.950  -81.431  3.984 0.1000000015
10865  32.793  -81.720  3.368 0.1000000015
10907  38.931  -81.899  -0.298 0.1000000015
10916  46.004  -80.150  -1.016 0.2000000030
10926  46.383  -80.269  -1.440 0.2000000030
10929  38.160  -81.306  -1.499 0.1000000015
10932  35.915  -82.483  -1.702 0.1000000015
10938  46.127  -81.463  -2.409 0.1000000015
10939  36.971  -81.154  -2.379 0.1000000015
10950  46.410  -81.407  -3.116 0.1000000015
10952  35.090  -81.533  -3.001 0.1000000015
10953  34.283  -81.380  -3.220 0.1000000015
10977  44.283  -80.317  -6.758 0.1000000015
10995  45.054  -80.259  -8.517 0.2000000030
10996  44.885  -80.496  -8.560 0.2000000030
11004  44.870  -80.572  -8.950 0.2000000030
11016  38.800  -81.138  -10.321 0.1000000015
11619  33.804  -80.598  6.146 0.1000000015
11646  33.699  -81.111  3.477 0.1000000015
11654  33.952  -80.530  3.580 0.1000000015
11674  46.212  -79.389  -0.441 0.2000000030
11683  29.941  -80.315  -0.194 0.1000000015
11686  45.860  -80.066  -0.792 0.2000000030
11688  39.958  -80.675  -0.695 0.1000000015
11702  38.066  -80.219  -2.293 0.1000000015
11703  37.383  -80.613  -2.545 0.1000000015
11705  36.131  -81.340  -2.732 0.1000000015
11711  36.156  -81.012  -2.976 0.1000000015
11712  35.660  -81.173  -3.076 0.1000000015
11715  33.006  -80.300  -3.218 0.1000000015
11722  46.823  -79.948  -3.746 0.1000000015
11723  46.292  -80.201  -4.214 0.1000000015
11741  45.420  -79.710  -7.674 0.1000000015
11752  45.580  -79.545  -8.464 0.2000000030
11753  45.431  -79.847  -8.095 0.2000000030
11763  45.613  -79.527  -8.864 0.3000000119
11764  45.284  -79.926  -8.551 0.2000000030
11771  45.384  -79.866  -9.020 0.2000000030
11783  45.678  -79.384  -9.573 0.1000000015
11784  45.456  -79.687  -9.567 0.1000000015
11788  37.454  -80.263  -10.414 0.1000000015
11789  36.758  -80.109  -10.786 0.1000000015
11805  40.060  -80.346  -10.735 0.1000000015
11813  42.061  -80.361  -12.040 0.1000000015
11814  41.502  -80.505  -11.671 0.1000000015
11815  41.168  -79.991  -11.637 0.1000000015
11836  44.330  -79.333  -11.810 0.1000000015
12464  33.605  -80.094  5.611 0.1000000015
12481  34.034  -80.382  4.053 0.1000000015
12500  46.091  -79.126  -0.126 0.3000000119
12501  45.387  -79.338  0.194 0.2000000030
12509  47.644  -78.446  -0.953 0.4000000060
12514  32.487  -79.132  -0.608 0.1000000015
12518  47.627  -78.434  -1.222 0.4000000060
12521  39.059  -79.530  -1.607 0.1000000015
12524  31.466  -79.699  -2.100 0.1000000015
12525  30.940  -79.957  -1.922 0.1000000015
12529  47.437  -78.353  -1.729 0.3000000119
12538  31.783  -79.988  -2.702 0.1000000015
12546  46.808  -78.913  -2.725 0.1000000015
12549  34.657  -79.852  -3.378 0.1000000015
12560  46.412  -79.307  -4.027 0.1000000015
12562  44.932  -79.299  -4.853 0.1000000015
12565  45.307  -80.125  -4.862 0.1000000015
12576  45.795  -79.108  -7.793 0.1000000015
12589  45.767  -79.209  -8.245 0.2000000030
12606  45.890  -79.079  -9.212 0.3000000119
12619  45.863  -79.058  -9.790 0.2000000030
12620  45.654  -79.256  -10.208 0.1000000015
12621  45.367  -79.352  -10.593 0.1000000015
12637  45.727  -78.790  -10.793 0.1000000015
12695  43.337  -78.550  -14.311 0.1000000015
12698  41.705  -78.896  -13.574 0.1000000015
12709  43.595  -78.706  -14.857 0.1000000015
12711  42.646  -78.875  -14.871 0.1000000015
12726  43.107  -79.007  -15.869 0.1000000015
13389  47.088  -78.285  -0.207 0.4000000060
13390  46.501  -78.421  0.081 0.3000000119
13392  41.383  -78.909  1.225 0.1000000015
13395  33.672  -77.914  -0.340 0.1000000015
13403  47.833  -78.067  -0.810 0.4000000060
13430  47.631  -77.893  -1.943 0.4000000060
13431  47.250  -78.259  -2.019 0.4000000060
13434  36.148  -78.601  -2.802 0.1000000015
13446  47.082  -78.134  -2.304 0.4000000060
13451  46.344  -78.530  -3.294 0.2000000030
13470  45.829  -79.155  -7.581 0.1000000015
13471  45.642  -78.685  -7.600 0.1000000015
13483  45.757  -78.768  -8.072 0.2000000030
13484  45.566  -78.483  -8.044 0.1000000015
13492  46.025  -78.211  -9.308 0.2000000030
13493  45.948  -78.542  -8.938 0.3000000119
13506  46.012  -78.518  -9.681 0.2000000030
13526  46.114  -78.011  -10.122 0.2000000030
13548  45.188  -78.538  -11.701 0.1000000015
13569  45.130  -78.109  -12.122 0.1000000015
13581  44.465  -78.322  -12.658 0.1000000015
13603  43.580  -78.529  -14.625 0.1000000015
13604  43.329  -78.662  -15.131 0.1000000015
13619  43.366  -78.601  -15.751 0.1000000015
14222  46.184  -76.775  5.212 0.1000000015
14278  42.278  -76.957  3.234 0.1000000015
14281  32.706  -77.369  2.202 0.1000000015
14293  44.859  -77.922  1.267 0.1000000015
14310  46.899  -77.463  0.226 0.3000000119
14312  45.419  -78.046  0.641 0.2000000030
14313  40.244  -77.876  0.546 0.1000000015
14316  33.664  -77.805  -0.011 0.1000000015
14329  39.265  -77.690  -0.321 0.1000000015
14357  47.809  -77.074  -1.600 0.4000000060
14359  44.052  -77.093  -2.647 0.2000000030
14362  41.750  -76.995  -2.855 0.3000000119
14371  47.443  -77.572  -1.980 0.4000000060
14376  43.032  -77.589  -3.438 0.3000000119
14398  40.870  -77.269  -6.287 0.1000000015
14399  40.574  -77.104  -6.384 0.3000000119
14405  45.469  -78.367  -7.842 0.1000000015
14406  45.310  -78.289  -7.490 0.1000000015
14408  41.316  -77.356  -6.674 0.1000000015
14409  40.776  -77.195  -6.808 0.2000000030
14419  45.310  -77.996  -8.074 0.1000000015
14420  44.055  -77.013  -7.918 0.2000000030
14422  41.575  -77.333  -7.110 0.1000000015
14423  41.170  -77.260  -7.205 0.2000000030
14433  45.933  -77.877  -9.376 0.3000000119
14435  44.180  -77.019  -8.104 0.2000000030
14436  43.963  -76.928  -8.131 0.2000000030
14457  45.997  -77.659  -9.826 0.2000000030
14475  46.279  -77.649  -10.487 0.2000000030
14494  46.420  -77.116  -10.649 0.2000000030
14496  46.214  -77.390  -11.353 0.2000000030
14514  45.860  -77.326  -11.774 0.1000000015
14527  44.698  -77.633  -12.657 0.2000000030
14528  43.897  -77.879  -13.458 0.1000000015
14529  43.073  -77.368  -13.589 0.1000000015
14539  43.378  -78.309  -14.420 0.1000000015
14555  43.327  -78.655  -14.869 0.1000000015
14556  43.056  -78.421  -15.250 0.1000000015
15210  45.786  -76.408  2.631 0.1000000015
15211  45.247  -76.824  2.192 0.1000000015
15212  41.966  -76.595  2.989 0.1000000015
15231  40.400  -76.686  1.637 0.1000000015
15236  32.795  -76.758  1.486 0.1000000015
15245  47.410  -76.383  0.193 0.3000000119
15248  39.508  -76.937  0.797 0.1000000015
15249  39.026  -76.802  0.525 0.1000000015
15250  38.333  -76.352  0.501 0.1000000015
15286  44.581  -76.381  -2.450 0.3000000119
15288  43.095  -76.353  -2.366 0.3000000119
15291  40.922  -75.660  -3.173 0.3000000119
15305  44.988  -76.730  -2.440 0.3000000119
15307  40.662  -76.617  -3.741 0.3000000119
15321  42.599  -77.814  -5.145 0.1000000015
15350  39.630  -76.458  -6.684 0.4000000060
15360  45.595  -78.062  -8.532 0.2000000030
15361  45.438  -77.919  -8.410 0.1000000015
15363  44.361  -77.385  -7.849 0.2000000030
15364  43.681  -77.262  -7.632 0.1000000015
15385  45.778  -77.541  -9.494 0.3000000119
15386  45.637  -77.618  -9.143 0.3000000119
15390  43.733  -76.983  -8.347 0.2000000030
15394  39.916  -75.658  -8.412 0.4000000060
15413  45.952  -76.837  -9.982 0.2000000030
15418  41.756  -75.859  -9.347 0.3000000119
15434  46.377  -76.597  -10.576 0.2000000030
15452  46.460  -76.411  -11.424 0.2000000030
15468  46.219  -75.919  -12.176 0.2000000030
16118  45.458  -75.079  6.688 0.1000000015
16119  45.243  -75.201  6.764 0.1000000015
16120  44.898  -75.110  6.905 0.1000000015
16133  45.487  -75.444  6.539 0.1000000015
16149  46.308  -75.245  5.463 0.2000000030
16178  46.714  -74.463  4.081 0.2000000030
16185  37.180  -75.335  4.715 0.1000000015
16200  41.367  -75.544  3.711 0.1000000015
16222  41.351  -75.826  2.988 0.1000000015
16224  39.955  -75.649  2.616 0.1000000015
16242  47.378  -74.897  1.320 0.2000000030
16248  31.826  -75.457  1.401 0.1000000015
16260  47.760  -74.728  0.467 0.5000000000
16261  47.518  -75.421  0.523 0.4000000060
16265  33.727  -75.200  0.087 0.1000000015
16267  32.963  -75.760  0.682 0.1000000015
16284  33.725  -75.913  -0.188 0.1000000015
16295  47.866  -74.533  -0.134 0.4000000060
16307  47.321  -75.342  -1.639 0.3000000119
16310  44.523  -75.780  -2.436 0.4000000060
16313  41.866  -75.588  -2.781 0.3000000119
16324  46.943  -75.754  -1.904 0.3000000119
16328  44.068  -74.740  -2.778 0.3000000119
16329  42.317  -75.056  -2.928 0.2000000030
16341  39.820  -74.937  -3.953 0.4000000060
16352  38.832  -75.611  -5.960 0.5000000000
16353  38.642  -75.213  -6.136 0.5000000000
16396  45.125  -76.623  -8.917 0.2000000030
16397  41.034  -75.779  -9.149 0.3000000119
16398  40.407  -75.362  -8.861 0.4000000060
16413  45.841  -76.424  -10.172 0.2000000030
16414  45.776  -76.126  -10.203 0.2000000030
16444  46.132  -75.605  -10.461 0.2000000030
16456  47.018  -75.506  -10.814 0.2000000030
16457  46.656  -75.738  -11.164 0.3000000119
17119  45.404  -74.855  6.637 0.1000000015
17120  45.109  -75.033  7.040 0.1000000015
17133  46.120  -74.734  5.779 0.2000000030
17134  45.695  -74.647  6.303 0.1000000015
17135  45.386  -74.475  6.485 0.1000000015
17153  46.553  -74.071  4.772 0.2000000030
17163  46.666  -74.180  4.421 0.2000000030
17199  47.285  -73.729  2.017 0.3000000119
17232  47.688  -74.082  0.900 0.4000000060
17233  47.626  -74.650  0.940 0.5000000000
17234  36.195  -74.540  0.940 0.1000000015
17238  32.884  -75.394  0.663 0.1000000015
17246  47.762  -74.099  0.215 0.5000000000
17249  34.716  -75.046  -0.278 0.1000000015
17259  47.919  -74.407  -0.855 0.4000000060
17271  46.570  -74.665  -1.815 0.4000000060
17273  42.832  -74.859  -2.870 0.4000000060
17285  44.396  -74.263  -2.839 0.3000000119
17308  38.618  -75.064  -5.942 0.5000000000
17318  38.618  -74.925  -6.203 0.5000000000
17332  40.027  -74.378  -8.159 0.4000000060
17350  40.286  -74.690  -8.628 0.4000000060
17351  39.761  -74.812  -8.249 0.4000000060
17371  41.307  -74.622  -9.298 0.3000000119
17372  40.737  -74.805  -9.045 0.3000000119
17393  43.552  -73.948  -10.232 0.3000000119
17404  46.947  -74.274  -11.092 0.3000000119
17421  46.427  -74.490  -12.667 0.2000000030
17446  46.110  -73.609  -13.277 0.2000000030
18125  45.083  -73.915  6.348 0.2000000030
18126  44.547  -74.165  6.674 0.2000000030
18127  43.690  -74.107  6.957 0.2000000030
18149  46.173  -73.919  5.344 0.1000000015
18150  45.797  -73.926  5.834 0.1000000015
18151  45.478  -73.909  6.177 0.2000000030
18167  46.301  -73.602  4.986 0.1000000015
18181  46.769  -73.614  4.035 0.2000000030
18190  47.356  -73.035  2.916 0.3000000119
18202  47.381  -73.319  2.409 0.3000000119
18203  47.056  -73.590  2.953 0.3000000119
18222  47.581  -73.351  1.476 0.3000000119
18245  47.696  -73.869  0.049 0.4000000060
18246  47.707  -73.863  -0.303 0.4000000060
18255  47.852  -74.047  -0.529 0.4000000060
18256  47.736  -73.900  -0.857 0.4000000060
18265  47.374  -74.046  -1.308 0.4000000060
18266  46.850  -74.182  -1.477 0.4000000060
18267  46.027  -74.074  -1.758 0.4000000060
18285  40.821  -73.154  -3.881 0.5000000000
18312  43.624  -72.785  -7.141 0.2000000030
18313  43.235  -72.894  -7.060 0.2000000030
18314  43.017  -72.947  -6.984 0.2000000030
18328  48.058  -71.538  -7.155 0.1000000015
18356  48.152  -71.520  -7.448 0.1000000015
18357  47.616  -71.608  -7.606 0.1000000015
18360  45.748  -72.541  -7.626 0.2000000030
18380  47.546  -71.663  -7.927 0.1000000015
18381  46.890  -71.976  -7.963 0.1000000015
18403  43.398  -73.501  -10.090 0.3000000119
18404  42.628  -73.629  -9.624 0.3000000119
18419  43.772  -73.727  -10.271 0.3000000119
18426  46.954  -74.198  -11.592 0.3000000119
19182  42.135  -73.649  7.241 0.2000000030
19204  45.673  -73.733  5.831 0.2000000030
19210  40.577  -72.657  7.002 0.1000000015
19232  46.659  -73.240  4.256 0.2000000030
19252  46.845  -73.017  3.887 0.2000000030
19253  46.735  -72.809  3.978 0.2000000030
19255  42.093  -72.215  5.179 0.2000000030
19260  47.586  -72.968  2.733 0.3000000119
19261  47.190  -72.844  3.142 0.2000000030
19281  41.390  -72.024  1.275 0.5000000000
19288  47.551  -73.330  0.521 0.4000000060
19290  43.884  -72.470  0.678 0.5000000000
19293  40.929  -72.377  0.731 0.5000000000
19295  39.504  -72.177  0.006 0.5000000000
19309  47.446  -73.522  -0.232 0.4000000060
19311  43.596  -72.721  -0.002 0.5000000000
19313  41.676  -72.724  -0.165 0.5000000000
19315  39.911  -72.260  -0.339 0.5000000000
19328  46.110  -73.353  -1.097 0.4000000060
19330  44.097  -72.662  -0.604 0.5000000000
19341  47.060  -73.890  -1.225 0.4000000060
19343  45.793  -73.521  -1.534 0.4000000060
19345  44.719  -73.012  -2.093 0.4000000060
19352  45.443  -73.795  -1.981 0.4000000060
19358  41.137  -72.884  -3.779 0.5000000000
19366  41.381  -72.126  -3.662 0.5000000000
19381  43.472  -72.688  -7.012 0.2000000030
19383  42.849  -72.788  -6.946 0.2000000030
19396  47.706  -71.453  -6.910 0.1000000015
19419  48.388  -71.601  -7.419 0.1000000015
19434  46.994  -71.659  -8.319 0.1000000015
19437  44.200  -72.182  -8.990 0.3000000119
19439  42.946  -73.069  -9.417 0.3000000119
19452  47.460  -71.345  -8.495 0.1000000015
19453  47.229  -71.409  -8.553 0.1000000015
19456  43.397  -72.942  -9.748 0.3000000119
19477  46.899  -72.065  -11.340 0.3000000119
19504  47.384  -72.441  -13.123 0.3000000119
20215  37.344  -70.932  8.398 0.1000000015
20254  46.598  -72.713  4.114 0.2000000030
20255  46.415  -72.675  4.372 0.3000000119
20256  45.811  -72.552  4.673 0.3000000119
20259  41.842  -72.180  5.249 0.2000000030
20262  39.677  -71.509  6.361 0.1000000015
20286  40.459  -71.294  5.158 0.3000000119
20287  33.109  -70.861  4.797 0.1000000015
20288  32.863  -70.752  4.830 0.1000000015
20291  47.642  -72.933  2.488 0.3000000119
20300  47.473  -72.766  2.068 0.3000000119
20301  47.284  -72.452  2.198 0.3000000119
20316  47.505  -72.755  1.535 0.3000000119
20319  44.114  -71.644  1.830 0.4000000060
20324  39.144  -71.132  1.257 0.5000000000
20330  47.624  -72.893  0.897 0.3000000119
20331  47.376  -72.682  0.811 0.4000000060
20337  40.730  -71.934  1.157 0.5000000000
20340  38.360  -71.389  0.305 0.5000000000
20353  47.240  -73.113  -0.023 0.4000000060
20374  47.136  -73.370  -0.438 0.4000000060
20385  38.450  -71.216  -1.386 0.5000000000
20393  45.889  -73.290  -1.166 0.4000000060
20394  45.573  -73.200  -1.310 0.4000000060
20438  49.062  -71.410  -6.613 0.1000000015
20442  45.615  -71.437  -6.759 0.1000000015
20460  49.195  -70.818  -8.186 0.1000000015
20463  43.020  -71.079  -7.342 0.2000000030
20477  45.486  -71.335  -9.397 0.1000000015
20483  48.190  -70.620  -8.421 0.1000000015
20484  47.688  -70.581  -8.643 0.1000000015
20487  45.925  -70.796  -9.719 0.2000000030
20488  45.405  -71.236  -9.825 0.2000000030
20494  47.463  -70.381  -9.011 0.1000000015
20495  47.279  -70.537  -9.070 0.1000000015
20512  44.971  -71.149  -12.463 0.1000000015
20544  47.151  -71.556  -13.461 0.1000000015
20545  46.444  -71.560  -13.507 0.1000000015
21280  38.015  -70.651  7.848 0.2000000030
21282  36.077  -70.458  8.612 0.1000000015
21288  38.924  -70.844  6.676 0.2000000030
21289  36.404  -70.798  8.037 0.1000000015
21336  46.800  -72.217  3.242 0.2000000030
21340  44.066  -71.382  3.772 0.3000000119
21346  33.334  -70.636  4.905 0.1000000015
21347  33.046  -70.627  4.858 0.1000000015
21350  47.093  -72.190  2.574 0.3000000119
21351  46.902  -72.098  2.901 0.2000000030
21352  46.273  -71.731  3.127 0.3000000119
21388  47.061  -72.184  1.589 0.3000000119
21389  46.892  -72.052  1.745 0.2000000030
21406  47.109  -72.287  1.296 0.3000000119
21407  47.016  -72.235  1.092 0.4000000060
21412  36.941  -70.425  0.462 0.5000000000
21413  36.320  -70.156  0.241 0.5000000000
21426  46.964  -72.315  0.857 0.4000000060
21427  46.791  -72.374  0.697 0.4000000060
21428  46.433  -72.365  0.705 0.4000000060
21452  39.842  -70.964  -1.965 0.5000000000
21472  37.774  -70.004  -2.534 0.5000000000
21507  45.198  -70.919  -6.868 0.2000000030
21508  41.205  -70.799  -7.294 0.4000000060
21517  49.040  -70.520  -8.401 0.1000000015
21518  49.156  -70.223  -7.944 0.1000000015
21524  40.849  -69.871  -7.393 0.4000000060
21540  47.862  -70.037  -8.679 0.1000000015
21542  47.052  -70.662  -9.162 0.1000000015
21543  46.677  -70.514  -9.540 0.1000000015
21555  47.613  -69.539  -9.352 0.1000000015
21558  46.468  -70.269  -10.215 0.1000000015
21559  45.995  -70.631  -10.341 0.2000000030
21581  47.571  -69.306  -9.837 0.1000000015
21585  46.258  -69.789  -13.146 0.1000000015
21628  47.699  -69.788  -12.445 0.2000000030
21629  47.502  -70.370  -12.554 0.1000000015
22330  34.805  -68.978  9.443 0.1000000015
22357  35.453  -70.024  7.281 0.1000000015
22369  35.493  -70.123  6.894 0.1000000015
22394  40.329  -70.259  3.902 0.3000000119
22397  38.024  -69.298  4.472 0.4000000060
22408  40.638  -69.876  3.053 0.5000000000
22425  39.992  -69.825  2.457 0.4000000060
22427  38.534  -69.619  1.892 0.5000000000
22530  48.382  -69.049  -7.040 0.1000000015
22539  48.662  -69.601  -7.947 0.1000000015
22540  48.131  -69.155  -7.659 0.1000000015
22559  48.039  -69.851  -8.567 0.1000000015
22561  47.904  -68.803  -8.312 0.1000000015
22562  47.755  -68.422  -8.054 0.1000000015
22577  48.102  -68.960  -8.973 0.1000000015
22593  47.783  -69.156  -9.415 0.1000000015
22617  47.743  -69.089  -9.843 0.1000000015
22618  47.674  -69.256  -10.235 0.1000000015
22620  46.854  -68.502  -13.291 0.1000000015
22636  47.934  -69.049  -10.284 0.1000000015
22637  48.123  -69.232  -10.804 0.1000000015
22639  46.977  -68.832  -13.358 0.1000000015
22640  47.008  -69.568  -13.403 0.1000000015
22652  47.803  -69.653  -12.909 0.1000000015
23317  32.999  -67.667  10.125 0.1000000015
23320  30.435  -68.114  10.602 0.1000000015
23341  35.514  -68.617  9.461 0.1000000015
23342  35.168  -68.238  9.622 0.1000000015
23346  30.961  -67.938  9.886 0.1000000015
23387  34.162  -68.772  7.931 0.1000000015
23403  32.798  -68.420  7.212 0.1000000015
23445  39.256  -69.314  2.977 0.5000000000
23463  37.946  -69.099  2.116 0.5000000000
23465  36.605  -68.729  1.502 0.5000000000
23483  35.462  -68.569  0.572 0.5000000000
23484  35.036  -68.293  0.160 0.5000000000
23533  35.279  -68.382  -2.102 0.5000000000
23550  37.932  -68.636  -3.910 0.5000000000
23594  48.291  -68.590  -7.123 0.1000000015
23595  47.902  -68.448  -7.524 0.1000000015
23615  47.956  -67.968  -8.360 0.1000000015
23616  47.846  -67.877  -7.859 0.1000000015
23628  48.055  -68.919  -9.339 0.1000000015
23642  48.384  -68.708  -9.719 0.1000000015
23660  48.055  -68.808  -10.153 0.1000000015
23661  48.297  -68.783  -10.528 0.1000000015
23662  46.769  -68.068  -13.165 0.1000000015
23676  48.186  -69.003  -10.554 0.1000000015
23680  47.352  -68.989  -13.354 0.1000000015
23695  47.963  -68.869  -13.255 0.1000000015
24351  30.998  -67.300  10.550 0.1000000015
24353  30.307  -67.520  11.335 0.1000000015
24377  30.843  -67.556  10.502 0.1000000015
24425  35.739  -67.960  8.823 0.1000000015
24426  35.434  -67.619  9.058 0.1000000015
24427  35.018  -67.190  9.260 0.1000000015
24429  31.398  -67.864  9.440 0.1000000015
24553  34.530  -67.933  -0.659 0.5000000000
24565  35.014  -68.225  -1.920 0.5000000000
24604  36.198  -67.715  -3.352 0.5000000000
24605  35.639  -67.242  -3.054 0.5000000000
24620  37.643  -67.869  -4.737 0.4000000060
24621  37.109  -67.651  -4.300 0.5000000000
24658  38.160  -67.113  -5.981 0.4000000060
24668  48.299  -68.206  -7.231 0.1000000015
24669  43.979  -68.189  -7.703 0.1000000015
24716  48.383  -68.705  -10.088 0.1000000015
24741  48.288  -68.731  -10.303 0.1000000015
24742  48.755  -68.522  -10.667 0.1000000015
24765  47.451  -67.217  -13.079 0.1000000015
24784  48.222  -68.065  -13.156 0.1000000015
24785  47.739  -68.103  -13.297 0.1000000015
25500  33.679  -67.145  10.097 0.1000000015
25501  33.144  -66.746  10.233 0.1000000015
25522  34.750  -67.032  9.373 0.1000000015
25548  34.260  -66.404  9.065 0.1000000015
25575  34.867  -66.815  7.493 0.1000000015
25577  33.892  -66.243  6.965 0.2000000030
25603  33.688  -66.295  5.562 0.2000000030
25740  36.184  -67.008  -3.761 0.5000000000
26613  31.140  -65.376  10.619 0.1000000015
26651  34.484  -66.489  8.341 0.1000000015
26669  34.236  -66.383  8.035 0.1000000015
26885  35.705  -65.536  -4.243 0.4000000060
26886  35.248  -65.013  -3.961 0.4000000060
26908  36.803  -65.394  -5.251 0.5000000000
26927  38.867  -65.854  -6.388 0.3000000119
27824  32.435  -63.962  4.581 0.2000000030
27921  40.569  -64.341  -0.826 0.1000000015
27945  39.680  -63.910  -1.180 0.1000000015
28927  30.919  -63.744  8.520 0.1000000015
29076  40.950  -63.995  -0.388 0.1000000015
29108  39.856  -63.819  -1.575 0.1000000015
29110  38.623  -63.048  -1.340 0.2000000030
29145  35.117  -63.333  -4.146 0.2000000030
29190  36.075  -63.764  -5.194 0.5000000000
30227  33.066  -62.095  2.744 0.2000000030
30228  32.723  -61.774  3.068 0.1000000015
30292  36.901  -61.296  -1.573 0.1000000015
30317  37.494  -61.870  -1.651 0.2000000030
30341  33.837  -62.844  -2.320 0.1000000015
30393  35.787  -62.851  -4.902 0.2000000030
30419  35.982  -63.225  -5.165 0.2000000030
31413  31.579  -61.401  4.916 0.1000000015
31488  38.288  -61.590  -0.616 0.1000000015
31508  36.361  -61.060  -1.713 0.1000000015
31589  37.288  -61.422  -4.604 0.1000000015
31604  38.763  -61.430  -5.211 0.1000000015
32613  31.588  -61.078  5.188 0.1000000015
32680  33.542  -60.304  0.104 0.1000000015
32717  36.096  -60.731  -1.528 0.1000000015
33750  32.298  -60.265  5.034 0.1000000015
34923  35.212  -57.764  1.786 0.1000000015
34945  37.107  -57.854  0.764 0.1000000015
34965  39.643  -58.120  -0.052 0.1000000015
34968  37.307  -58.305  0.325 0.1000000015
34993  37.516  -58.751  -0.120 0.1000000015
36102  35.948  -57.645  1.664 0.1000000015
36125  37.513  -57.824  0.687 0.1000000015
