#!ascii label  , from subject 3466 vox2ras=TkReg
374
81632  -29.079  -12.010  -5.338 0.0000000000
85400  -27.359  -9.136  -8.425 0.0000000000
99306  -24.143  2.663  -10.059 0.0000000000
96889  -26.738  0.736  -11.068 0.0000000000
92212  -28.661  -3.287  -8.581 0.0000000000
88839  -30.794  -6.364  -6.220 0.0000000000
101473  -24.148  4.598  -10.013 0.0000000000
94485  -27.713  -1.515  -9.892 0.0000000000
90006  -26.947  -5.146  -9.685 0.0000000000
82829  -28.327  -11.114  -6.711 0.0000000000
86613  -28.941  -7.684  -7.593 0.0000000000
85356  -30.532  -9.402  -5.663 0.0000000000
75808  -26.204  -16.395  -3.202 0.0000000000
80421  -26.904  -13.125  -6.285 0.0000000000
107947  -25.353  10.165  -10.155 0.0000000000
106858  -25.881  9.263  -11.713 0.0000000000
104771  -26.466  7.499  -12.506 0.0000000000
103698  -27.252  6.812  -13.160 0.0000000000
102605  -27.783  5.903  -12.402 0.0000000000
98117  -25.688  1.716  -11.321 0.0000000000
101479  -28.322  4.622  -11.123 0.0000000000
99308  -28.750  2.449  -10.060 0.0000000000
96848  -29.300  0.401  -8.159 0.0000000000
95643  -30.161  -0.513  -6.952 0.0000000000
88878  -28.103  -6.355  -8.624 0.0000000000
91092  -29.501  -4.584  -7.269 0.0000000000
91131  -26.530  -4.265  -10.155 0.0000000000
90004  -25.875  -5.358  -9.646 0.0000000000
82811  -28.672  -11.696  -6.001 0.0000000000
84060  -29.050  -10.424  -6.384 0.0000000000
82813  -30.015  -11.203  -5.185 0.0000000000
73526  -25.507  -19.395  -0.828 0.0000000000
74674  -26.387  -18.895  -1.081 0.0000000000
74695  -26.953  -18.076  -1.347 0.0000000000
81648  -26.693  -12.692  -6.898 0.0000000000
79203  -26.032  -13.683  -6.314 0.0000000000
105848  -26.273  8.370  -12.166 0.0000000000
100401  -23.834  3.656  -9.818 0.0000000000
102588  -25.764  5.628  -11.688 0.0000000000
101489  -26.049  4.718  -11.748 0.0000000000
102604  -27.273  5.929  -12.444 0.0000000000
101490  -26.643  4.785  -11.876 0.0000000000
96888  -26.032  0.687  -11.305 0.0000000000
99326  -27.472  3.234  -11.378 0.0000000000
99315  -27.626  2.562  -11.001 0.0000000000
100411  -28.908  3.806  -10.418 0.0000000000
98120  -27.910  1.673  -10.421 0.0000000000
93313  -28.154  -2.328  -9.406 0.0000000000
95666  -28.476  -0.658  -9.181 0.0000000000
95667  -28.971  -0.405  -8.614 0.0000000000
96840  -29.844  0.285  -7.438 0.0000000000
93290  -29.486  -2.427  -7.462 0.0000000000
86627  -26.673  -8.622  -8.672 0.0000000000
87773  -27.064  -7.344  -9.125 0.0000000000
86642  -27.588  -7.757  -8.557 0.0000000000
87732  -30.062  -6.836  -6.690 0.0000000000
88853  -29.522  -6.086  -7.215 0.0000000000
88838  -30.191  -5.812  -6.617 0.0000000000
92174  -30.494  -3.625  -6.263 0.0000000000
89955  -30.776  -5.321  -6.074 0.0000000000
76893  -26.789  -16.201  -2.926 0.0000000000
76922  -25.977  -15.800  -3.974 0.0000000000
78005  -27.299  -15.248  -3.524 0.0000000000
79156  -27.514  -14.841  -3.789 0.0000000000
94495  -26.023  -1.317  -11.039 0.0000000000
95690  -27.084  -0.284  -10.658 0.0000000000
93338  -26.803  -2.364  -10.483 0.0000000000
92226  -27.416  -3.192  -9.964 0.0000000000
91133  -27.771  -4.051  -9.555 0.0000000000
84076  -27.529  -10.558  -7.750 0.0000000000
85401  -28.113  -9.026  -8.102 0.0000000000
84078  -28.747  -9.694  -7.164 0.0000000000
85372  -30.084  -8.887  -6.335 0.0000000000
86582  -30.739  -8.475  -5.810 0.0000000000
75777  -27.205  -17.253  -1.795 0.0000000000
82854  -26.535  -10.868  -8.072 0.0000000000
81665  -27.066  -11.845  -7.281 0.0000000000
81650  -28.021  -11.952  -6.392 0.0000000000
81631  -28.151  -12.574  -5.481 0.0000000000
109928  -25.844  12.211  -12.515 0.0000000000
104726  -23.153  8.021  -8.054 0.0000000000
106850  -25.204  9.022  -10.557 0.0000000000
106893  -26.347  9.895  -13.537 0.0000000000
106907  -27.100  9.727  -15.020 0.0000000000
105888  -27.290  9.037  -15.441 0.0000000000
102576  -24.502  5.526  -10.248 0.0000000000
104787  -26.813  7.584  -13.355 0.0000000000
104812  -27.896  8.116  -15.154 0.0000000000
104804  -29.080  8.152  -14.560 0.0000000000
103700  -28.774  7.220  -13.225 0.0000000000
104772  -29.360  7.750  -12.640 0.0000000000
99312  -25.358  2.699  -11.194 0.0000000000
99324  -26.525  3.474  -11.666 0.0000000000
101492  -27.802  4.882  -11.605 0.0000000000
103672  -29.291  6.357  -11.291 0.0000000000
103664  -29.443  5.856  -10.561 0.0000000000
101463  -30.016  4.430  -8.867 0.0000000000
96877  -27.975  0.708  -9.869 0.0000000000
99299  -29.434  2.479  -8.932 0.0000000000
88891  -26.829  -6.460  -9.569 0.0000000000
90015  -27.306  -5.976  -9.335 0.0000000000
91118  -28.081  -4.730  -9.000 0.0000000000
87760  -28.346  -7.065  -8.203 0.0000000000
89983  -28.845  -5.246  -8.079 0.0000000000
92201  -28.978  -3.445  -7.975 0.0000000000
92190  -29.902  -3.134  -6.766 0.0000000000
93274  -30.536  -2.353  -6.354 0.0000000000
79192  -26.942  -13.954  -5.320 0.0000000000
80383  -27.573  -13.691  -4.916 0.0000000000
80385  -28.838  -13.146  -4.072 0.0000000000
82812  -29.430  -11.205  -5.683 0.0000000000
82795  -29.742  -11.730  -4.926 0.0000000000
82796  -30.486  -11.206  -4.595 0.0000000000
81616  -30.145  -12.040  -4.285 0.0000000000
72236  -26.853  -19.798  -0.255 0.0000000000
73527  -26.336  -19.224  -0.833 0.0000000000
73528  -27.361  -19.254  -0.597 0.0000000000
100402  -24.424  3.625  -10.360 0.0000000000
101478  -25.383  4.648  -11.286 0.0000000000
100408  -25.051  3.646  -10.948 0.0000000000
100409  -25.682  3.727  -11.499 0.0000000000
95689  -26.402  -0.346  -11.105 0.0000000000
95688  -25.648  -0.331  -11.115 0.0000000000
98119  -27.141  1.791  -11.066 0.0000000000
96890  -27.337  0.824  -10.640 0.0000000000
93314  -28.557  -2.656  -8.904 0.0000000000
94471  -28.698  -1.618  -8.918 0.0000000000
94457  -29.224  -1.426  -8.142 0.0000000000
93304  -28.927  -2.481  -8.348 0.0000000000
85411  -26.953  -8.712  -8.618 0.0000000000
85412  -27.200  -8.418  -8.609 0.0000000000
86628  -27.578  -8.336  -8.464 0.0000000000
87733  -30.701  -7.172  -6.222 0.0000000000
89937  -31.341  -5.145  -5.520 0.0000000000
88822  -31.383  -5.978  -5.641 0.0000000000
76894  -27.561  -15.838  -2.735 0.0000000000
93325  -25.529  -2.443  -10.486 0.0000000000
93337  -26.251  -2.342  -10.662 0.0000000000
93326  -26.016  -2.906  -10.551 0.0000000000
91139  -26.796  -3.654  -10.277 0.0000000000
91132  -27.191  -4.194  -9.952 0.0000000000
92227  -27.888  -3.129  -9.614 0.0000000000
84077  -28.092  -10.310  -7.479 0.0000000000
85386  -28.458  -9.495  -7.608 0.0000000000
84059  -28.473  -10.623  -6.866 0.0000000000
84061  -29.866  -9.732  -6.127 0.0000000000
85371  -29.340  -9.333  -6.746 0.0000000000
72234  -24.929  -19.760  -0.439 0.0000000000
72210  -24.440  -20.229  0.119 0.0000000000
82855  -26.937  -10.934  -7.904 0.0000000000
81649  -27.233  -12.560  -6.551 0.0000000000
81630  -27.544  -12.769  -5.919 0.0000000000
107944  -25.298  10.107  -9.412 0.0000000000
108975  -25.337  11.296  -10.605 0.0000000000
108981  -25.727  11.255  -11.720 0.0000000000
107954  -25.601  10.223  -11.151 0.0000000000
105821  -24.286  8.207  -9.688 0.0000000000
106849  -24.649  8.598  -10.136 0.0000000000
107972  -25.971  10.298  -12.217 0.0000000000
107987  -26.380  10.282  -13.900 0.0000000000
106875  -26.348  9.389  -12.918 0.0000000000
105849  -26.561  8.368  -13.042 0.0000000000
106876  -26.552  8.922  -13.466 0.0000000000
105863  -26.746  8.490  -13.797 0.0000000000
106915  -27.487  9.769  -15.727 0.0000000000
105877  -27.057  8.688  -14.627 0.0000000000
103681  -26.166  6.575  -12.074 0.0000000000
103697  -26.711  6.730  -12.669 0.0000000000
104788  -27.286  7.479  -13.799 0.0000000000
104803  -28.500  7.845  -14.777 0.0000000000
103709  -28.065  7.322  -14.099 0.0000000000
103699  -28.057  6.607  -13.213 0.0000000000
103682  -28.180  6.201  -12.502 0.0000000000
96887  -25.323  0.681  -11.015 0.0000000000
98116  -25.003  1.673  -10.871 0.0000000000
99313  -26.157  2.849  -11.603 0.0000000000
100422  -27.914  3.929  -11.363 0.0000000000
100421  -27.346  4.017  -11.660 0.0000000000
102578  -28.292  5.335  -11.413 0.0000000000
102592  -28.632  5.902  -11.580 0.0000000000
102579  -28.826  5.401  -10.929 0.0000000000
100403  -28.724  3.226  -10.429 0.0000000000
101474  -29.280  4.247  -10.105 0.0000000000
100404  -29.178  3.406  -9.926 0.0000000000
101462  -29.605  4.145  -9.446 0.0000000000
100393  -29.529  3.304  -9.209 0.0000000000
95678  -27.518  -0.654  -10.197 0.0000000000
96876  -27.562  0.176  -10.228 0.0000000000
95679  -27.948  -0.400  -9.685 0.0000000000
96863  -28.917  0.455  -8.639 0.0000000000
98094  -28.593  1.106  -9.087 0.0000000000
98095  -29.034  1.334  -8.716 0.0000000000
99288  -29.781  2.242  -8.063 0.0000000000
95642  -29.806  -0.455  -7.454 0.0000000000
95633  -30.609  -0.494  -6.481 0.0000000000
88876  -25.830  -6.775  -9.202 0.0000000000
87774  -27.624  -7.052  -8.783 0.0000000000
88892  -27.536  -6.267  -9.115 0.0000000000
88877  -27.769  -6.138  -8.922 0.0000000000
89993  -27.958  -5.618  -8.883 0.0000000000
89994  -28.368  -5.414  -8.568 0.0000000000
85402  -28.448  -8.229  -7.941 0.0000000000
86630  -28.400  -7.705  -8.023 0.0000000000
89969  -29.297  -5.245  -7.527 0.0000000000
88852  -29.069  -5.878  -7.784 0.0000000000
91106  -29.082  -4.437  -7.765 0.0000000000
92189  -29.457  -3.726  -7.324 0.0000000000
92175  -31.138  -3.118  -5.769 0.0000000000
79157  -28.159  -14.656  -3.462 0.0000000000
79176  -27.996  -14.021  -4.292 0.0000000000
80365  -28.594  -13.693  -3.854 0.0000000000
80384  -28.321  -13.194  -4.608 0.0000000000
92224  -25.914  -3.489  -10.401 0.0000000000
91130  -25.800  -4.425  -10.036 0.0000000000
90005  -26.460  -5.324  -9.732 0.0000000000
82830  -28.897  -11.139  -6.230 0.0000000000
84044  -29.577  -10.728  -5.829 0.0000000000
84045  -30.222  -10.518  -5.391 0.0000000000
84046  -30.968  -9.766  -5.029 0.0000000000
84029  -30.644  -10.733  -4.745 0.0000000000
72235  -25.917  -19.808  -0.332 0.0000000000
75776  -26.207  -17.733  -1.905 0.0000000000
81664  -26.423  -12.385  -7.277 0.0000000000
80432  -26.130  -12.842  -7.052 0.0000000000
80420  -26.467  -13.052  -6.721 0.0000000000
80402  -26.600  -13.582  -5.977 0.0000000000
106838  -24.525  9.333  -9.005 0.0000000000
105829  -25.244  8.037  -10.772 0.0000000000
105836  -25.695  8.249  -11.340 0.0000000000
104753  -25.019  7.406  -10.546 0.0000000000
104759  -25.428  7.386  -11.132 0.0000000000
104770  -25.976  7.426  -11.761 0.0000000000
101477  -24.756  4.603  -10.650 0.0000000000
102589  -26.569  5.736  -12.156 0.0000000000
102603  -26.956  6.286  -12.626 0.0000000000
102590  -26.919  5.356  -12.093 0.0000000000
101491  -27.207  5.021  -11.889 0.0000000000
98118  -26.449  1.792  -11.406 0.0000000000
99314  -26.560  2.526  -11.514 0.0000000000
98134  -26.828  2.359  -11.420 0.0000000000
98135  -27.182  2.604  -11.337 0.0000000000
99327  -27.928  3.245  -11.076 0.0000000000
100410  -28.430  3.717  -10.857 0.0000000000
99316  -28.233  2.807  -10.670 0.0000000000
94470  -28.212  -1.311  -9.442 0.0000000000
95653  -29.482  -0.456  -7.895 0.0000000000
94443  -29.696  -1.154  -7.475 0.0000000000
87772  -26.465  -7.336  -9.168 0.0000000000
86640  -26.798  -8.051  -8.806 0.0000000000
86641  -27.302  -7.827  -8.726 0.0000000000
87759  -27.942  -7.218  -8.464 0.0000000000
86614  -29.626  -7.551  -6.976 0.0000000000
87747  -29.410  -6.965  -7.237 0.0000000000
89970  -29.769  -5.182  -6.977 0.0000000000
91093  -29.963  -4.270  -6.765 0.0000000000
89954  -30.247  -5.033  -6.554 0.0000000000
91076  -30.492  -4.524  -6.271 0.0000000000
91077  -31.045  -4.302  -5.724 0.0000000000
92162  -31.711  -3.709  -5.209 0.0000000000
91061  -31.659  -4.614  -5.226 0.0000000000
76907  -25.819  -16.235  -3.707 0.0000000000
76909  -27.020  -15.750  -3.168 0.0000000000
78004  -26.670  -15.343  -3.866 0.0000000000
78025  -26.797  -15.109  -4.036 0.0000000000
79175  -27.106  -14.637  -4.411 0.0000000000
94494  -25.342  -1.300  -10.761 0.0000000000
94496  -26.742  -1.449  -10.719 0.0000000000
94484  -27.264  -1.221  -10.375 0.0000000000
93327  -27.232  -2.158  -10.226 0.0000000000
92235  -26.721  -2.989  -10.393 0.0000000000
92236  -27.045  -2.831  -10.266 0.0000000000
93328  -27.673  -2.476  -9.819 0.0000000000
92211  -28.280  -3.516  -9.122 0.0000000000
84090  -27.696  -9.717  -8.086 0.0000000000
85387  -28.834  -8.859  -7.510 0.0000000000
86597  -29.516  -8.373  -6.946 0.0000000000
86598  -30.261  -7.869  -6.442 0.0000000000
87717  -31.367  -7.027  -5.734 0.0000000000
86599  -30.913  -7.716  -5.916 0.0000000000
75807  -25.609  -16.819  -3.250 0.0000000000
75795  -26.368  -16.941  -2.589 0.0000000000
75796  -27.167  -16.558  -2.411 0.0000000000
76873  -27.873  -16.496  -1.988 0.0000000000
84089  -27.194  -10.276  -8.114 0.0000000000
82844  -27.354  -11.023  -7.581 0.0000000000
82845  -27.835  -11.035  -7.216 0.0000000000
82828  -27.633  -11.615  -6.992 0.0000000000
81614  -28.534  -12.769  -4.811 0.0000000000
105809  -23.305  8.589  -8.064 0.0000000000
106844  -24.983  9.559  -9.681 0.0000000000
105815  -24.253  8.749  -9.349 0.0000000000
109019  -26.342  11.624  -14.242 0.0000000000
106894  -26.548  9.482  -14.051 0.0000000000
108001  -27.116  10.566  -15.742 0.0000000000
108002  -27.486  10.235  -15.887 0.0000000000
106916  -27.663  10.069  -15.906 0.0000000000
106923  -27.894  9.813  -15.989 0.0000000000
103670  -24.769  6.233  -10.453 0.0000000000
103680  -25.568  6.549  -11.445 0.0000000000
102577  -25.104  5.677  -10.967 0.0000000000
104801  -27.094  8.005  -14.050 0.0000000000
105878  -27.490  8.420  -15.126 0.0000000000
106924  -28.343  9.710  -15.765 0.0000000000
106917  -28.801  9.671  -15.517 0.0000000000
105880  -29.388  8.867  -14.488 0.0000000000
104789  -28.481  7.401  -13.849 0.0000000000
98105  -24.412  1.662  -10.303 0.0000000000
99307  -24.719  2.654  -10.632 0.0000000000
100419  -26.308  3.915  -11.717 0.0000000000
99325  -26.856  3.122  -11.599 0.0000000000
102591  -28.131  5.762  -11.969 0.0000000000
104760  -29.454  7.139  -11.837 0.0000000000
101480  -28.839  4.476  -10.606 0.0000000000
102570  -29.373  5.072  -10.199 0.0000000000
103654  -30.310  6.172  -9.372 0.0000000000
102560  -29.897  5.109  -9.354 0.0000000000
96891  -27.675  0.850  -10.299 0.0000000000
98106  -28.535  1.407  -9.541 0.0000000000
96862  -28.477  0.458  -9.118 0.0000000000
98107  -29.029  2.071  -9.397 0.0000000000
98076  -29.901  0.827  -7.366 0.0000000000
88890  -25.939  -5.985  -9.517 0.0000000000
90013  -26.850  -5.757  -9.608 0.0000000000
87785  -26.770  -6.851  -9.450 0.0000000000
88901  -27.151  -6.324  -9.439 0.0000000000
90007  -27.494  -5.347  -9.293 0.0000000000
86629  -27.982  -7.808  -8.328 0.0000000000
87775  -27.975  -6.930  -8.533 0.0000000000
87746  -28.982  -6.641  -7.727 0.0000000000
88865  -28.644  -6.119  -8.221 0.0000000000
91119  -28.594  -4.307  -8.452 0.0000000000
94444  -30.036  -1.664  -6.901 0.0000000000
93291  -29.952  -2.393  -6.843 0.0000000000
94432  -30.548  -1.176  -6.431 0.0000000000
80404  -27.818  -13.147  -5.167 0.0000000000
81615  -29.194  -12.605  -4.412 0.0000000000
76908  -26.472  -15.759  -3.572 0.0000000000
77985  -27.786  -15.380  -3.046 0.0000000000
80403  -27.332  -13.183  -5.717 0.0000000000
80431  -25.950  -12.705  -7.181 0.0000000000
87786  -27.173  -6.761  -9.339 0.0000000000
87793  -27.034  -6.653  -9.531 0.0000000000
87794  -27.191  -6.595  -9.496 0.0000000000
88899  -26.722  -6.034  -9.598 0.0000000000
88900  -27.168  -6.007  -9.658 0.0000000000
90014  -27.102  -5.838  -9.497 0.0000000000
91140  -27.051  -3.392  -10.204 0.0000000000
92225  -26.380  -3.290  -10.434 0.0000000000
99309  -29.209  2.738  -9.537 0.0000000000
100420  -26.809  4.038  -11.768 0.0000000000
101505  -27.449  5.604  -12.145 0.0000000000
101506  -27.633  5.474  -11.949 0.0000000000
103671  -25.111  6.671  -10.821 0.0000000000
103683  -28.759  6.585  -12.322 0.0000000000
103708  -27.653  7.201  -13.786 0.0000000000
104790  -28.997  7.978  -13.834 0.0000000000
104802  -27.614  7.864  -14.471 0.0000000000
104813  -28.233  8.247  -15.396 0.0000000000
105808  -23.083  8.288  -7.877 0.0000000000
105814  -23.852  8.430  -8.886 0.0000000000
105828  -24.800  8.120  -10.314 0.0000000000
105879  -29.059  8.289  -14.997 0.0000000000
105889  -27.803  8.540  -15.737 0.0000000000
105890  -28.636  8.818  -15.535 0.0000000000
105894  -27.551  9.178  -15.920 0.0000000000
105895  -28.014  9.139  -16.052 0.0000000000
105896  -28.247  9.360  -15.881 0.0000000000
106839  -25.029  9.728  -9.203 0.0000000000
106843  -24.536  8.971  -9.797 0.0000000000
106922  -27.695  9.491  -15.993 0.0000000000
107994  -26.678  10.717  -14.670 0.0000000000
108003  -28.504  10.193  -15.704 0.0000000000
108009  -27.254  10.948  -16.226 0.0000000000
108010  -27.622  10.590  -16.133 0.0000000000
