#!ascii label  , from subject 3466 vox2ras=TkReg
750
60171  31.570  -27.090  76.675 0.0000000000
81969  45.015  -8.305  58.464 0.0000000000
78241  52.476  -11.610  56.367 0.0000000000
70076  48.092  -18.243  64.563 0.0000000000
59148  35.739  -27.914  71.003 0.0000000000
54367  34.806  -30.852  74.987 0.0000000000
83255  50.021  -8.246  58.046 0.0000000000
79514  48.144  -10.870  60.259 0.0000000000
68868  44.925  -19.928  67.537 0.0000000000
61402  39.883  -25.855  71.077 0.0000000000
84616  56.694  -7.085  47.785 0.0000000000
84519  52.930  -7.272  53.400 0.0000000000
74653  44.518  -14.346  62.092 0.0000000000
79436  47.323  -10.730  64.248 0.0000000000
59109  33.880  -28.143  74.229 0.0000000000
57957  33.180  -28.925  75.921 0.0000000000
83274  47.347  -7.647  58.541 0.0000000000
80741  49.432  -8.986  59.581 0.0000000000
83217  48.009  -7.603  60.730 0.0000000000
60323  43.543  -25.713  66.657 0.0000000000
56842  37.724  -29.578  72.786 0.0000000000
61405  38.323  -26.414  71.574 0.0000000000
56854  39.424  -29.331  71.460 0.0000000000
85723  55.316  -6.090  48.895 0.0000000000
83393  55.652  -7.710  49.977 0.0000000000
84579  55.028  -6.510  50.207 0.0000000000
83284  51.429  -8.362  55.402 0.0000000000
83334  50.869  -7.632  53.368 0.0000000000
82030  52.647  -9.641  54.777 0.0000000000
79577  53.499  -11.184  54.068 0.0000000000
77031  53.523  -13.208  55.256 0.0000000000
70055  46.566  -18.619  65.984 0.0000000000
72289  45.177  -16.645  65.833 0.0000000000
73445  46.960  -16.166  65.501 0.0000000000
76946  45.750  -12.322  63.816 0.0000000000
74632  48.392  -15.075  64.414 0.0000000000
75796  49.259  -14.007  62.533 0.0000000000
71180  49.132  -17.804  62.723 0.0000000000
58004  36.067  -29.410  73.554 0.0000000000
82046  49.246  -8.437  55.280 0.0000000000
81965  50.929  -9.385  57.342 0.0000000000
78201  50.241  -11.203  57.779 0.0000000000
78223  48.763  -11.423  57.933 0.0000000000
65127  42.372  -22.837  69.642 0.0000000000
63932  44.308  -22.867  68.265 0.0000000000
63972  45.948  -22.767  66.988 0.0000000000
65200  47.212  -21.845  65.010 0.0000000000
66402  47.702  -19.898  63.154 0.0000000000
65130  40.490  -23.399  70.057 0.0000000000
60249  41.235  -26.283  70.050 0.0000000000
80905  57.202  -9.255  47.224 0.0000000000
85697  53.398  -5.793  51.298 0.0000000000
83331  53.669  -8.145  52.465 0.0000000000
78301  53.488  -11.415  53.412 0.0000000000
83194  45.384  -7.704  61.407 0.0000000000
79471  48.242  -10.577  62.361 0.0000000000
74665  48.559  -14.639  60.022 0.0000000000
57941  31.465  -27.967  76.708 0.0000000000
59081  32.423  -27.622  76.200 0.0000000000
56783  32.046  -28.901  76.474 0.0000000000
81968  45.902  -8.116  58.536 0.0000000000
83242  47.461  -7.562  59.886 0.0000000000
83243  46.525  -7.641  59.905 0.0000000000
58018  38.484  -28.769  72.189 0.0000000000
86895  54.913  -5.737  49.043 0.0000000000
85705  55.087  -6.094  49.888 0.0000000000
85706  54.453  -5.682  50.237 0.0000000000
81985  51.872  -9.974  56.225 0.0000000000
82032  51.901  -8.503  55.066 0.0000000000
80773  52.359  -10.513  55.812 0.0000000000
79549  52.916  -11.390  55.375 0.0000000000
70068  47.350  -18.371  65.388 0.0000000000
72286  46.947  -17.152  65.738 0.0000000000
72285  47.409  -16.928  65.390 0.0000000000
74625  47.637  -15.625  65.008 0.0000000000
72293  48.387  -16.778  64.552 0.0000000000
72310  49.340  -16.415  63.539 0.0000000000
70084  48.768  -18.131  63.726 0.0000000000
58006  34.523  -28.758  74.047 0.0000000000
56809  35.413  -30.242  74.650 0.0000000000
56825  36.275  -30.193  73.811 0.0000000000
81989  48.468  -7.882  57.334 0.0000000000
82034  48.417  -8.732  55.829 0.0000000000
83287  49.513  -7.976  56.727 0.0000000000
81988  50.514  -8.429  57.316 0.0000000000
81966  50.544  -8.778  57.756 0.0000000000
80759  50.860  -9.907  57.541 0.0000000000
81949  50.005  -8.695  58.604 0.0000000000
79513  48.632  -10.106  59.887 0.0000000000
79525  48.805  -10.371  59.126 0.0000000000
78203  48.181  -11.151  59.065 0.0000000000
77020  47.609  -13.042  57.209 0.0000000000
76990  47.888  -12.475  59.151 0.0000000000
62692  42.873  -24.577  68.882 0.0000000000
65126  43.013  -22.812  69.003 0.0000000000
62691  43.495  -24.193  68.530 0.0000000000
62765  45.049  -24.003  66.535 0.0000000000
65195  46.633  -22.377  65.647 0.0000000000
60236  38.935  -26.643  71.705 0.0000000000
63912  39.161  -24.342  70.497 0.0000000000
62653  40.398  -24.603  70.498 0.0000000000
62652  40.849  -24.644  70.301 0.0000000000
60233  40.852  -25.924  70.389 0.0000000000
85742  55.795  -6.298  47.132 0.0000000000
82166  57.126  -8.350  47.674 0.0000000000
82100  54.894  -8.475  50.370 0.0000000000
84520  52.554  -7.186  53.512 0.0000000000
83354  51.315  -6.984  51.894 0.0000000000
84564  51.975  -6.616  52.309 0.0000000000
84580  52.213  -6.094  50.951 0.0000000000
85680  53.067  -6.228  52.538 0.0000000000
85688  53.924  -6.386  51.842 0.0000000000
84543  53.355  -7.429  52.831 0.0000000000
77053  53.556  -12.982  54.297 0.0000000000
78288  53.525  -11.881  53.938 0.0000000000
68855  44.333  -20.291  68.172 0.0000000000
70059  43.882  -18.819  66.872 0.0000000000
72311  44.664  -15.902  63.963 0.0000000000
72304  44.359  -16.488  64.215 0.0000000000
78123  46.144  -11.587  64.092 0.0000000000
79452  44.682  -10.552  62.802 0.0000000000
80698  45.010  -9.714  63.069 0.0000000000
81922  43.825  -8.268  61.540 0.0000000000
81894  46.601  -9.074  63.329 0.0000000000
83163  47.392  -8.658  62.710 0.0000000000
79450  48.260  -10.610  63.297 0.0000000000
73479  49.388  -15.762  61.760 0.0000000000
75802  49.100  -14.023  61.546 0.0000000000
72337  48.604  -16.719  59.896 0.0000000000
72338  48.174  -16.581  59.056 0.0000000000
59100  33.656  -28.001  75.105 0.0000000000
55587  34.229  -30.271  75.553 0.0000000000
53221  34.228  -31.230  75.497 0.0000000000
55588  33.520  -30.020  75.717 0.0000000000
83257  48.604  -7.587  58.813 0.0000000000
83239  49.679  -8.136  59.068 0.0000000000
83240  49.179  -7.770  59.454 0.0000000000
83216  49.018  -7.985  60.486 0.0000000000
80729  48.562  -8.994  60.810 0.0000000000
59119  37.090  -28.511  72.377 0.0000000000
60252  37.194  -26.993  71.171 0.0000000000
59117  38.293  -28.096  72.235 0.0000000000
59116  38.783  -27.893  71.920 0.0000000000
59130  39.705  -27.769  71.402 0.0000000000
59146  40.568  -27.510  70.588 0.0000000000
56853  40.050  -29.126  70.819 0.0000000000
84608  56.334  -6.671  48.202 0.0000000000
83414  56.623  -7.649  48.971 0.0000000000
84595  56.212  -7.052  49.020 0.0000000000
84578  55.435  -7.154  50.034 0.0000000000
83373  54.653  -7.499  51.059 0.0000000000
83320  49.988  -8.103  54.841 0.0000000000
83303  51.267  -7.956  54.974 0.0000000000
83302  51.898  -8.005  54.665 0.0000000000
83300  52.778  -8.662  54.196 0.0000000000
82045  53.266  -9.293  53.817 0.0000000000
80787  53.077  -10.183  54.503 0.0000000000
79559  53.373  -11.544  54.614 0.0000000000
68883  45.828  -19.712  66.697 0.0000000000
70057  45.339  -18.670  66.832 0.0000000000
71145  45.948  -18.006  66.515 0.0000000000
72288  45.929  -16.554  66.054 0.0000000000
74642  45.484  -14.373  64.164 0.0000000000
75793  45.139  -13.080  63.030 0.0000000000
75779  46.047  -13.533  64.657 0.0000000000
76917  47.011  -12.906  64.879 0.0000000000
78108  47.790  -12.438  64.318 0.0000000000
78119  48.599  -12.400  63.549 0.0000000000
74640  48.927  -14.786  64.075 0.0000000000
73472  49.590  -16.727  62.715 0.0000000000
71190  49.233  -17.852  61.764 0.0000000000
59135  33.718  -27.783  72.384 0.0000000000
59134  34.746  -28.416  72.289 0.0000000000
58035  36.151  -28.601  72.125 0.0000000000
58003  36.868  -29.514  73.155 0.0000000000
55607  37.413  -30.804  73.014 0.0000000000
83304  50.556  -7.998  55.397 0.0000000000
81987  51.000  -8.861  56.822 0.0000000000
80757  51.877  -10.391  56.778 0.0000000000
79522  51.498  -11.042  57.414 0.0000000000
78200  51.241  -11.540  57.471 0.0000000000
77002  50.725  -12.551  57.219 0.0000000000
80750  49.729  -9.373  58.840 0.0000000000
78222  49.672  -11.434  57.724 0.0000000000
67551  42.097  -21.739  68.979 0.0000000000
66310  42.816  -21.869  69.035 0.0000000000
67548  44.113  -20.971  68.475 0.0000000000
66326  45.040  -21.503  67.880 0.0000000000
62732  44.357  -24.329  67.574 0.0000000000
63945  45.222  -22.631  67.751 0.0000000000
66325  45.653  -21.396  67.433 0.0000000000
66338  46.627  -21.267  66.604 0.0000000000
66354  47.204  -21.037  65.922 0.0000000000
67605  47.566  -19.795  64.644 0.0000000000
67620  47.940  -19.280  63.725 0.0000000000
66388  47.594  -21.087  64.363 0.0000000000
65128  41.978  -22.802  70.060 0.0000000000
62650  41.771  -24.490  69.643 0.0000000000
60262  42.130  -25.995  69.072 0.0000000000
58048  41.168  -28.016  69.924 0.0000000000
58061  41.456  -28.089  69.483 0.0000000000
82194  57.011  -9.010  46.398 0.0000000000
85707  53.736  -5.487  50.247 0.0000000000
85696  54.123  -5.909  51.221 0.0000000000
84560  54.252  -7.133  51.560 0.0000000000
82066  53.811  -8.581  52.119 0.0000000000
82055  53.524  -9.098  53.069 0.0000000000
80823  53.583  -9.636  52.794 0.0000000000
79611  53.531  -10.240  52.588 0.0000000000
71156  43.998  -17.733  65.666 0.0000000000
83246  43.902  -7.880  59.765 0.0000000000
83245  44.766  -7.828  59.800 0.0000000000
83193  46.402  -7.656  61.548 0.0000000000
81906  48.087  -8.810  62.192 0.0000000000
79494  48.208  -10.714  61.351 0.0000000000
78132  48.962  -12.264  62.899 0.0000000000
78163  48.970  -12.642  61.571 0.0000000000
76977  48.375  -12.797  60.317 0.0000000000
74682  47.686  -14.569  58.169 0.0000000000
67640  48.040  -19.139  63.037 0.0000000000
67687  48.160  -19.201  61.609 0.0000000000
59066  31.432  -27.361  76.766 0.0000000000
59067  30.892  -27.235  77.315 0.0000000000
60172  31.070  -26.729  77.033 0.0000000000
59082  31.909  -27.497  76.435 0.0000000000
57959  31.806  -27.789  76.526 0.0000000000
83260  46.118  -7.855  59.191 0.0000000000
83261  45.305  -7.974  59.155 0.0000000000
86879  54.627  -5.611  49.590 0.0000000000
86880  54.266  -5.392  49.688 0.0000000000
80764  52.004  -10.308  56.362 0.0000000000
82011  52.138  -9.851  55.665 0.0000000000
79542  52.395  -10.967  56.136 0.0000000000
79550  52.604  -11.000  55.679 0.0000000000
79541  52.691  -11.657  55.873 0.0000000000
68894  47.556  -18.751  64.879 0.0000000000
71153  47.359  -17.543  65.513 0.0000000000
71161  47.700  -17.609  65.106 0.0000000000
72294  47.795  -16.822  64.926 0.0000000000
71160  48.270  -17.450  64.665 0.0000000000
71168  48.721  -17.816  64.228 0.0000000000
70085  48.450  -18.416  64.161 0.0000000000
56796  34.977  -30.331  75.040 0.0000000000
56810  35.074  -29.593  74.803 0.0000000000
54381  35.152  -31.109  74.564 0.0000000000
83272  48.728  -7.765  57.748 0.0000000000
82015  48.668  -8.076  56.856 0.0000000000
83271  49.543  -7.909  57.602 0.0000000000
83270  50.211  -8.000  57.162 0.0000000000
81948  50.406  -9.286  58.033 0.0000000000
79526  48.414  -10.591  59.622 0.0000000000
78224  48.003  -11.858  58.278 0.0000000000
61444  42.901  -25.195  68.697 0.0000000000
62671  43.059  -23.946  68.850 0.0000000000
61443  43.529  -24.767  68.323 0.0000000000
61403  39.259  -26.025  71.417 0.0000000000
62638  39.060  -25.620  71.346 0.0000000000
62637  39.491  -25.412  71.157 0.0000000000
62654  39.798  -24.790  70.777 0.0000000000
62636  40.089  -25.177  70.779 0.0000000000
61401  40.534  -25.429  70.546 0.0000000000
60234  40.297  -26.325  70.848 0.0000000000
84617  56.289  -6.605  47.471 0.0000000000
84638  56.169  -6.788  46.668 0.0000000000
84637  56.589  -7.086  47.192 0.0000000000
83477  56.689  -7.517  46.738 0.0000000000
83476  56.960  -7.624  47.347 0.0000000000
84546  52.301  -6.901  53.059 0.0000000000
84545  53.016  -6.725  52.991 0.0000000000
84563  52.694  -6.405  52.497 0.0000000000
84544  53.370  -6.978  52.790 0.0000000000
84518  53.097  -7.447  53.197 0.0000000000
75894  53.715  -13.926  54.132 0.0000000000
68854  44.660  -20.170  67.894 0.0000000000
70046  44.385  -19.232  67.419 0.0000000000
70045  44.828  -19.264  67.272 0.0000000000
73468  44.780  -15.316  63.420 0.0000000000
73474  44.647  -14.965  62.733 0.0000000000
79437  46.604  -10.795  64.151 0.0000000000
79438  45.945  -10.699  63.845 0.0000000000
80677  46.384  -10.157  63.880 0.0000000000
81895  45.387  -8.740  62.941 0.0000000000
80676  46.946  -10.006  63.956 0.0000000000
81876  47.208  -9.524  63.579 0.0000000000
79435  48.040  -10.538  64.059 0.0000000000
71199  49.174  -17.714  61.001 0.0000000000
72330  49.065  -16.803  60.655 0.0000000000
71207  48.841  -17.648  60.191 0.0000000000
71208  48.293  -17.572  59.459 0.0000000000
59091  32.976  -27.593  75.990 0.0000000000
59090  33.387  -27.903  75.604 0.0000000000
57973  33.592  -28.589  75.662 0.0000000000
56798  33.686  -29.496  75.658 0.0000000000
81991  46.843  -7.950  57.917 0.0000000000
82017  46.335  -8.852  56.997 0.0000000000
81990  48.003  -7.893  57.422 0.0000000000
83273  47.880  -7.610  58.224 0.0000000000
83258  47.781  -7.562  59.050 0.0000000000
83190  48.685  -8.221  60.993 0.0000000000
81920  48.628  -8.597  60.901 0.0000000000
81921  48.279  -8.709  61.502 0.0000000000
58020  37.300  -28.910  72.716 0.0000000000
59118  37.659  -28.108  72.246 0.0000000000
58019  37.924  -28.946  72.626 0.0000000000
56840  38.777  -29.501  71.977 0.0000000000
58017  39.161  -28.460  71.736 0.0000000000
59115  39.281  -27.564  71.693 0.0000000000
58034  39.704  -28.532  71.295 0.0000000000
86905  55.222  -5.975  48.179 0.0000000000
85733  55.639  -6.097  48.280 0.0000000000
85732  55.972  -6.162  47.872 0.0000000000
85722  55.848  -6.353  48.612 0.0000000000
84569  55.049  -7.173  50.505 0.0000000000
83372  55.046  -7.518  50.524 0.0000000000
84570  54.693  -6.987  51.005 0.0000000000
83319  50.784  -7.834  54.413 0.0000000000
82031  52.192  -8.996  54.957 0.0000000000
83301  52.353  -8.257  54.447 0.0000000000
78256  53.430  -12.707  55.270 0.0000000000
78271  53.236  -11.758  55.081 0.0000000000
78270  53.449  -12.438  54.996 0.0000000000
77043  53.562  -13.151  54.750 0.0000000000
75872  53.672  -13.992  54.920 0.0000000000
68882  46.174  -19.699  66.460 0.0000000000
70056  45.812  -19.025  66.558 0.0000000000
71144  46.483  -17.918  66.123 0.0000000000
72287  46.499  -16.766  65.953 0.0000000000
73446  46.468  -15.957  65.664 0.0000000000
73447  45.791  -15.767  65.383 0.0000000000
74628  46.444  -15.238  65.306 0.0000000000
74636  46.070  -14.577  65.021 0.0000000000
74627  46.851  -15.310  65.264 0.0000000000
74633  48.056  -15.101  64.966 0.0000000000
74634  47.416  -14.628  65.193 0.0000000000
75776  47.923  -13.728  64.891 0.0000000000
76916  47.521  -13.034  64.697 0.0000000000
75786  48.216  -14.018  64.442 0.0000000000
75785  48.646  -13.743  63.954 0.0000000000
72309  49.271  -17.068  63.518 0.0000000000
72317  49.437  -17.190  62.879 0.0000000000
72324  49.407  -17.470  62.307 0.0000000000
71189  49.128  -17.991  62.260 0.0000000000
59121  33.511  -27.536  73.440 0.0000000000
60240  33.051  -26.941  72.507 0.0000000000
59120  34.179  -28.294  73.273 0.0000000000
58005  35.274  -29.185  73.940 0.0000000000
58023  34.927  -28.752  73.260 0.0000000000
58037  35.238  -28.726  72.798 0.0000000000
58036  35.647  -28.715  72.460 0.0000000000
58021  36.468  -28.899  72.654 0.0000000000
83305  49.814  -8.099  55.805 0.0000000000
83269  50.708  -8.311  56.624 0.0000000000
81986  51.544  -9.735  56.594 0.0000000000
81964  51.210  -9.819  57.154 0.0000000000
79534  51.732  -10.772  57.221 0.0000000000
79535  51.223  -10.479  57.401 0.0000000000
79523  50.540  -10.423  57.810 0.0000000000
76988  51.118  -12.255  57.378 0.0000000000
81934  49.434  -8.565  59.623 0.0000000000
78202  49.159  -10.820  58.290 0.0000000000
77003  49.712  -12.231  57.087 0.0000000000
66294  42.315  -22.362  69.496 0.0000000000
67550  42.578  -21.463  68.817 0.0000000000
66293  42.756  -22.339  69.160 0.0000000000
63933  43.769  -23.190  68.508 0.0000000000
66309  43.524  -21.842  68.755 0.0000000000
65143  43.881  -22.365  68.567 0.0000000000
66308  44.522  -21.584  68.294 0.0000000000
61458  43.884  -24.969  67.943 0.0000000000
61475  43.997  -25.095  67.334 0.0000000000
63973  45.494  -23.416  66.745 0.0000000000
63960  45.270  -23.241  67.440 0.0000000000
63959  45.495  -22.622  67.527 0.0000000000
65157  45.409  -22.275  67.639 0.0000000000
65171  46.227  -21.919  67.057 0.0000000000
66324  46.234  -21.072  66.879 0.0000000000
65170  46.551  -21.621  66.740 0.0000000000
65194  47.096  -21.765  65.856 0.0000000000
66371  47.498  -21.152  65.210 0.0000000000
66353  47.464  -20.526  65.187 0.0000000000
65208  47.034  -21.632  64.196 0.0000000000
60251  37.715  -26.596  71.322 0.0000000000
61432  37.010  -25.999  70.531 0.0000000000
61420  37.518  -26.381  71.079 0.0000000000
65131  40.004  -23.537  69.838 0.0000000000
65146  40.201  -23.270  69.323 0.0000000000
65159  40.647  -22.752  68.846 0.0000000000
65144  41.360  -22.502  69.624 0.0000000000
65129  41.298  -22.811  69.993 0.0000000000
61416  41.277  -25.328  69.892 0.0000000000
62651  41.271  -24.576  69.946 0.0000000000
61415  41.881  -25.017  69.405 0.0000000000
60248  41.702  -25.757  69.474 0.0000000000
58060  41.743  -28.069  68.927 0.0000000000
82179  57.056  -8.385  46.753 0.0000000000
80919  57.119  -9.286  46.702 0.0000000000
79706  57.123  -10.184  47.566 0.0000000000
83415  56.153  -7.668  49.493 0.0000000000
83356  50.182  -7.962  52.751 0.0000000000
83355  50.799  -7.467  52.335 0.0000000000
85698  52.767  -5.874  51.363 0.0000000000
85708  52.846  -5.741  50.569 0.0000000000
85725  53.073  -5.847  49.578 0.0000000000
84561  54.055  -7.166  51.943 0.0000000000
83352  54.161  -7.580  51.670 0.0000000000
82044  53.427  -9.494  53.501 0.0000000000
80804  53.448  -10.034  53.635 0.0000000000
79594  53.506  -10.734  53.441 0.0000000000
77073  53.472  -11.901  53.416 0.0000000000
71146  45.417  -17.860  66.710 0.0000000000
71147  44.659  -17.716  66.355 0.0000000000
71155  44.505  -17.064  65.511 0.0000000000
75792  45.485  -12.887  63.528 0.0000000000
80716  43.724  -9.712  62.096 0.0000000000
83179  44.866  -7.904  61.990 0.0000000000
83222  43.607  -7.944  60.510 0.0000000000
83221  44.317  -7.808  60.381 0.0000000000
83220  45.054  -7.706  60.567 0.0000000000
83219  46.000  -7.621  60.684 0.0000000000
80714  48.098  -9.730  62.652 0.0000000000
81907  47.820  -8.805  62.693 0.0000000000
76945  48.898  -13.050  63.420 0.0000000000
76957  49.122  -13.114  62.726 0.0000000000
75810  48.734  -13.876  60.726 0.0000000000
75803  48.966  -13.664  61.137 0.0000000000
78164  48.527  -11.971  61.138 0.0000000000
75819  48.218  -13.638  59.655 0.0000000000
74670  48.147  -14.578  59.091 0.0000000000
72349  47.649  -16.522  58.207 0.0000000000
66386  47.853  -19.539  63.447 0.0000000000
66401  47.856  -19.463  63.099 0.0000000000
57974  32.950  -28.010  76.175 0.0000000000
56782  32.917  -29.314  75.989 0.0000000000
57958  32.454  -28.300  76.296 0.0000000000
57940  31.898  -28.409  76.495 0.0000000000
81992  45.681  -8.526  57.797 0.0000000000
83259  46.924  -7.689  59.016 0.0000000000
83218  46.995  -7.511  60.755 0.0000000000
56823  37.675  -30.353  72.822 0.0000000000
56841  38.087  -29.808  72.603 0.0000000000
55619  38.611  -30.572  72.228 0.0000000000
85695  54.631  -6.179  50.695 0.0000000000
82012  51.521  -9.019  55.758 0.0000000000
82010  52.485  -9.988  55.216 0.0000000000
80772  52.662  -10.452  55.227 0.0000000000
70054  46.925  -18.571  65.714 0.0000000000
70069  47.062  -18.163  65.719 0.0000000000
73444  47.462  -16.190  65.154 0.0000000000
73454  47.869  -16.039  64.722 0.0000000000
73453  48.386  -15.906  64.396 0.0000000000
72302  48.986  -16.882  64.127 0.0000000000
71167  49.066  -17.480  63.808 0.0000000000
70091  48.769  -18.111  63.081 0.0000000000
57986  34.843  -29.132  74.601 0.0000000000
56827  35.233  -29.412  74.464 0.0000000000
56826  35.599  -29.689  74.266 0.0000000000
56808  35.792  -30.569  74.156 0.0000000000
82016  47.533  -8.601  56.723 0.0000000000
82014  49.107  -8.049  56.585 0.0000000000
82033  49.133  -8.211  56.184 0.0000000000
83286  50.338  -8.029  56.296 0.0000000000
80749  50.354  -9.726  58.042 0.0000000000
80742  48.917  -9.170  60.140 0.0000000000
80751  49.146  -9.800  59.329 0.0000000000
77004  48.350  -12.095  57.406 0.0000000000
77005  47.639  -12.730  57.831 0.0000000000
75833  47.506  -13.698  57.672 0.0000000000
63920  42.885  -23.586  69.028 0.0000000000
63947  44.033  -23.572  68.266 0.0000000000
62748  44.481  -24.486  66.860 0.0000000000
63986  46.080  -22.920  66.226 0.0000000000
65184  46.520  -22.235  66.439 0.0000000000
64000  46.056  -22.900  65.450 0.0000000000
60237  38.490  -26.652  71.726 0.0000000000
61419  38.039  -25.993  71.256 0.0000000000
61418  38.541  -25.715  71.284 0.0000000000
62673  38.528  -24.520  70.225 0.0000000000
63924  39.744  -23.865  70.211 0.0000000000
65113  40.516  -23.733  70.380 0.0000000000
63909  40.919  -24.011  70.366 0.0000000000
61400  40.923  -25.442  70.288 0.0000000000
83491  56.368  -7.451  46.252 0.0000000000
82099  55.271  -8.040  50.242 0.0000000000
83318  51.753  -7.526  53.890 0.0000000000
83333  51.521  -7.169  52.840 0.0000000000
84573  51.746  -6.489  51.443 0.0000000000
84572  52.396  -6.187  51.798 0.0000000000
85690  53.042  -6.034  51.959 0.0000000000
85689  53.627  -6.182  52.040 0.0000000000
84562  53.629  -6.584  52.259 0.0000000000
83332  53.531  -7.747  52.650 0.0000000000
68870  43.652  -19.829  67.808 0.0000000000
72303  44.776  -16.108  64.549 0.0000000000
72296  44.483  -16.608  64.759 0.0000000000
72312  44.341  -16.246  63.371 0.0000000000
78134  45.586  -11.472  63.564 0.0000000000
78135  44.988  -11.422  63.043 0.0000000000
79451  45.336  -10.590  63.330 0.0000000000
80715  44.380  -9.699  62.550 0.0000000000
81923  43.413  -8.610  61.460 0.0000000000
81896  44.705  -9.152  62.750 0.0000000000
81908  45.012  -8.207  62.425 0.0000000000
83165  46.328  -8.344  62.835 0.0000000000
83177  46.806  -7.990  62.325 0.0000000000
80695  48.045  -9.887  63.449 0.0000000000
74652  49.396  -15.070  62.300 0.0000000000
74658  49.176  -14.963  61.413 0.0000000000
74664  48.959  -14.819  60.743 0.0000000000
73485  48.829  -15.374  60.315 0.0000000000
73490  48.458  -15.635  59.612 0.0000000000
59110  33.358  -27.402  74.487 0.0000000000
57987  34.233  -28.611  74.872 0.0000000000
56797  34.615  -29.794  75.322 0.0000000000
55586  34.743  -30.500  75.216 0.0000000000
54368  34.524  -30.884  75.352 0.0000000000
54369  33.888  -30.710  75.687 0.0000000000
83256  49.371  -7.815  58.499 0.0000000000
83215  49.445  -8.057  59.734 0.0000000000
83241  48.391  -7.625  59.765 0.0000000000
81935  49.033  -8.528  60.312 0.0000000000
80743  48.243  -9.982  60.581 0.0000000000
60277  43.219  -25.524  68.295 0.0000000000
59132  36.753  -28.040  71.763 0.0000000000
59147  36.369  -27.430  70.828 0.0000000000
59131  37.466  -27.671  71.889 0.0000000000
60223  38.152  -27.632  72.119 0.0000000000
60222  38.541  -27.302  71.943 0.0000000000
60221  39.083  -27.236  71.773 0.0000000000
60220  39.322  -27.220  71.661 0.0000000000
60235  39.569  -26.857  71.450 0.0000000000
59129  40.160  -27.199  70.956 0.0000000000
58033  40.146  -28.063  70.914 0.0000000000
56867  40.627  -29.382  70.326 0.0000000000
84607  56.661  -7.211  48.432 0.0000000000
85704  55.452  -6.507  49.433 0.0000000000
82079  54.971  -7.844  50.564 0.0000000000
82080  54.558  -8.102  51.008 0.0000000000
83335  50.136  -8.087  53.813 0.0000000000
83317  52.439  -7.643  53.992 0.0000000000
83316  52.796  -7.869  53.739 0.0000000000
83315  53.184  -8.047  53.310 0.0000000000
80786  53.351  -10.664  54.294 0.0000000000
79560  53.099  -10.982  54.860 0.0000000000
78282  53.484  -12.208  54.443 0.0000000000
75883  53.688  -14.006  54.506 0.0000000000
68867  45.406  -19.865  67.020 0.0000000000
72280  45.457  -17.169  66.380 0.0000000000
72278  46.433  -17.433  66.138 0.0000000000
72279  45.994  -17.278  66.387 0.0000000000
73448  45.247  -16.157  65.365 0.0000000000
73456  45.222  -15.830  64.912 0.0000000000
73463  45.119  -15.315  64.228 0.0000000000
74643  45.073  -14.810  63.743 0.0000000000
74649  44.958  -14.220  63.122 0.0000000000
75787  45.725  -13.202  64.033 0.0000000000
74635  46.799  -14.506  65.226 0.0000000000
75778  46.599  -13.673  65.060 0.0000000000
76933  46.247  -12.550  64.382 0.0000000000
78110  47.008  -12.374  64.612 0.0000000000
78109  47.339  -12.337  64.538 0.0000000000
78121  47.680  -11.547  64.362 0.0000000000
78120  48.256  -11.681  63.912 0.0000000000
76931  48.121  -13.040  64.036 0.0000000000
76930  48.581  -13.042  63.741 0.0000000000
75791  49.136  -13.892  63.377 0.0000000000
73461  49.174  -15.759  63.811 0.0000000000
73467  49.520  -15.794  63.101 0.0000000000
74647  49.356  -14.854  63.239 0.0000000000
73473  49.562  -16.227  62.441 0.0000000000
72325  49.403  -16.826  61.662 0.0000000000
59164  35.048  -27.777  70.384 0.0000000000
59149  34.884  -28.113  71.172 0.0000000000
59133  35.653  -28.384  71.770 0.0000000000
58002  37.471  -29.436  72.867 0.0000000000
56824  37.342  -30.083  73.115 0.0000000000
83285  50.951  -8.138  55.848 0.0000000000
82013  51.084  -8.543  56.094 0.0000000000
80765  51.746  -10.160  56.735 0.0000000000
79533  52.144  -10.921  56.788 0.0000000000
78220  52.461  -12.040  56.786 0.0000000000
78221  52.049  -11.297  57.159 0.0000000000
78199  52.045  -11.819  57.245 0.0000000000
79524  49.609  -10.276  58.540 0.0000000000
76989  50.356  -11.871  57.434 0.0000000000
67567  41.944  -21.460  68.419 0.0000000000
67549  43.349  -21.061  68.731 0.0000000000
67565  43.442  -20.510  68.331 0.0000000000
67547  44.739  -20.631  67.977 0.0000000000
67546  45.073  -20.662  67.730 0.0000000000
62713  44.158  -23.987  68.082 0.0000000000
62712  44.546  -23.541  67.981 0.0000000000
62747  44.960  -23.899  67.207 0.0000000000
62731  44.708  -23.671  67.776 0.0000000000
63946  44.752  -23.015  68.041 0.0000000000
65158  44.966  -22.026  67.947 0.0000000000
66307  45.086  -21.057  67.838 0.0000000000
67563  45.428  -20.593  67.382 0.0000000000
68866  45.750  -20.137  66.879 0.0000000000
67562  45.958  -20.594  66.904 0.0000000000
67578  46.513  -20.412  66.375 0.0000000000
65183  46.760  -21.640  66.507 0.0000000000
67591  46.919  -20.615  66.064 0.0000000000
67577  46.876  -19.990  65.809 0.0000000000
68895  47.182  -19.324  65.382 0.0000000000
68908  47.447  -19.399  64.901 0.0000000000
68907  47.838  -18.914  64.335 0.0000000000
67604  47.856  -19.279  64.116 0.0000000000
67621  47.770  -19.792  64.191 0.0000000000
66387  47.788  -20.146  63.865 0.0000000000
66403  47.159  -20.794  63.288 0.0000000000
65209  46.322  -21.710  63.669 0.0000000000
66404  46.164  -21.147  62.631 0.0000000000
60264  36.563  -26.858  70.492 0.0000000000
61431  37.725  -25.609  70.802 0.0000000000
66312  41.554  -22.163  69.161 0.0000000000
66295  41.840  -22.357  69.701 0.0000000000
63908  41.451  -23.919  70.049 0.0000000000
63922  41.925  -23.287  70.020 0.0000000000
63921  42.221  -23.655  69.645 0.0000000000
62672  42.480  -24.353  69.269 0.0000000000
61430  42.357  -25.155  69.116 0.0000000000
60278  42.554  -26.200  68.658 0.0000000000
60250  40.722  -26.746  70.522 0.0000000000
59145  41.106  -27.272  70.164 0.0000000000
59161  41.423  -27.399  69.691 0.0000000000
60263  41.569  -26.631  69.617 0.0000000000
59160  41.773  -27.035  69.103 0.0000000000
61345  30.986  -26.319  77.031 0.0000000000
80938  56.790  -9.461  46.212 0.0000000000
84571  54.240  -6.451  51.382 0.0000000000
80838  53.872  -9.118  51.787 0.0000000000
82056  53.427  -8.460  53.064 0.0000000000
78302  53.441  -11.171  52.850 0.0000000000
81970  44.095  -8.324  58.405 0.0000000000
70058  44.796  -18.546  67.040 0.0000000000
71148  43.989  -18.137  66.266 0.0000000000
83223  42.919  -8.227  60.705 0.0000000000
83263  43.539  -8.012  59.051 0.0000000000
83262  44.433  -8.020  59.094 0.0000000000
83244  45.623  -7.747  59.878 0.0000000000
83192  47.416  -7.779  61.604 0.0000000000
83175  48.056  -8.413  62.067 0.0000000000
83191  48.270  -8.223  61.481 0.0000000000
80730  48.181  -9.412  61.374 0.0000000000
78133  48.581  -11.466  63.087 0.0000000000
78147  48.631  -11.531  62.177 0.0000000000
76968  49.173  -13.194  61.933 0.0000000000
78146  49.041  -12.393  62.074 0.0000000000
78182  48.130  -11.825  60.015 0.0000000000
75832  47.767  -13.587  58.609 0.0000000000
73502  48.006  -15.555  58.609 0.0000000000
73503  47.510  -15.546  57.742 0.0000000000
68920  48.312  -18.722  63.871 0.0000000000
68919  48.538  -18.436  63.407 0.0000000000
68929  48.515  -18.468  62.826 0.0000000000
66416  47.824  -19.454  62.644 0.0000000000
68942  48.338  -18.834  62.434 0.0000000000
68941  48.615  -18.589  62.271 0.0000000000
68959  48.626  -18.845  61.636 0.0000000000
55599  35.073  -30.650  74.819 0.0000000000
58022  35.618  -28.971  73.135 0.0000000000
59101  33.198  -27.427  75.355 0.0000000000
60186  31.245  -26.565  76.803 0.0000000000
60238  37.919  -27.053  71.771 0.0000000000
60239  37.375  -27.459  71.655 0.0000000000
61404  38.684  -25.999  71.464 0.0000000000
61417  40.975  -25.085  70.216 0.0000000000
61433  36.392  -26.522  70.143 0.0000000000
62635  40.460  -24.971  70.511 0.0000000000
62675  37.026  -25.311  70.070 0.0000000000
62693  38.602  -24.264  69.709 0.0000000000
63907  41.660  -24.130  69.834 0.0000000000
63910  40.360  -24.112  70.497 0.0000000000
63911  39.695  -24.341  70.630 0.0000000000
63923  40.188  -23.874  70.424 0.0000000000
63925  39.048  -24.050  69.960 0.0000000000
65111  41.410  -23.381  70.120 0.0000000000
65112  40.867  -23.562  70.293 0.0000000000
65142  44.393  -22.494  68.286 0.0000000000
65145  40.923  -22.701  69.492 0.0000000000
65160  40.089  -23.133  68.466 0.0000000000
66296  41.581  -22.428  69.681 0.0000000000
66311  42.233  -21.949  69.302 0.0000000000
66313  40.965  -22.426  68.974 0.0000000000
66339  46.216  -21.434  66.987 0.0000000000
66370  47.639  -20.423  64.596 0.0000000000
67564  45.099  -20.348  67.567 0.0000000000
67590  47.243  -20.124  65.431 0.0000000000
67663  48.044  -19.132  62.312 0.0000000000
68856  43.833  -20.523  68.390 0.0000000000
68869  44.525  -19.750  67.786 0.0000000000
68881  46.735  -19.286  65.829 0.0000000000
68930  48.273  -18.744  63.271 0.0000000000
68958  48.771  -18.547  62.072 0.0000000000
70043  45.487  -19.449  66.825 0.0000000000
70044  45.250  -19.380  66.979 0.0000000000
70067  47.673  -18.309  64.913 0.0000000000
70077  47.804  -17.962  64.919 0.0000000000
70098  48.833  -18.283  62.449 0.0000000000
70107  48.985  -18.397  61.939 0.0000000000
70108  49.044  -18.474  61.276 0.0000000000
71154  46.930  -17.867  65.826 0.0000000000
71162  44.441  -16.808  65.068 0.0000000000
71173  49.081  -17.643  63.296 0.0000000000
72277  46.632  -17.496  65.995 0.0000000000
72295  44.816  -16.446  65.173 0.0000000000
72301  49.145  -17.162  63.824 0.0000000000
72318  49.559  -16.900  62.416 0.0000000000
73455  45.543  -15.150  64.677 0.0000000000
73462  45.397  -14.956  64.356 0.0000000000
73466  49.538  -16.573  63.056 0.0000000000
73484  49.152  -15.790  60.966 0.0000000000
73489  48.871  -16.058  60.274 0.0000000000
74626  47.384  -15.514  65.132 0.0000000000
74641  48.406  -14.538  64.341 0.0000000000
74648  45.368  -13.559  63.573 0.0000000000
75777  47.251  -13.704  65.139 0.0000000000
75809  49.029  -14.398  61.099 0.0000000000
76915  47.775  -13.093  64.420 0.0000000000
76918  46.524  -13.017  64.764 0.0000000000
76932  46.749  -12.520  64.612 0.0000000000
76969  48.924  -13.133  61.166 0.0000000000
78122  46.903  -11.786  64.401 0.0000000000
79472  44.062  -10.532  62.256 0.0000000000
80674  47.911  -9.928  63.829 0.0000000000
80675  47.573  -9.982  63.956 0.0000000000
80696  46.543  -9.677  63.705 0.0000000000
80697  45.874  -9.763  63.508 0.0000000000
80758  51.561  -10.252  57.070 0.0000000000
80805  53.339  -10.048  54.069 0.0000000000
80937  57.018  -9.591  46.537 0.0000000000
81875  47.692  -9.600  63.481 0.0000000000
81877  46.841  -9.557  63.652 0.0000000000
81892  47.957  -9.217  63.008 0.0000000000
81893  47.446  -8.963  63.016 0.0000000000
81909  44.206  -8.641  62.183 0.0000000000
81967  46.435  -7.885  58.656 0.0000000000
83164  47.048  -8.570  62.765 0.0000000000
83176  47.633  -8.426  62.358 0.0000000000
83178  45.727  -7.902  62.311 0.0000000000
83195  44.303  -7.886  61.251 0.0000000000
83196  43.496  -8.175  61.123 0.0000000000
83197  43.083  -8.477  61.112 0.0000000000
83288  49.130  -7.886  57.239 0.0000000000
83353  53.788  -7.593  52.193 0.0000000000
83435  56.819  -7.582  48.599 0.0000000000
84517  53.216  -7.625  53.068 0.0000000000
84594  56.626  -7.371  48.767 0.0000000000
85679  53.431  -6.540  52.541 0.0000000000
86904  55.637  -6.101  47.868 0.0000000000
