#!ascii label  , from subject 3027 vox2ras=TkReg
1395
113977  -51.472  28.062  27.771 0.0000000000
125494  -39.500  42.238  21.307 0.0000000000
120636  -41.225  37.158  28.436 0.0000000000
119891  -47.614  35.529  22.289 0.0000000000
120814  -42.965  35.689  14.593 0.0000000000
119915  -42.584  35.005  20.744 0.0000000000
115563  -43.599  29.904  17.687 0.0000000000
118161  -42.126  33.324  23.548 0.0000000000
111468  -46.697  25.824  33.225 0.0000000000
113168  -50.129  26.869  32.885 0.0000000000
130902  -36.217  49.132  27.145 0.0000000000
127781  -44.470  46.195  23.990 0.0000000000
122584  -46.850  38.309  15.231 0.0000000000
118049  -47.846  33.751  31.021 0.0000000000
122459  -38.786  38.933  25.266 0.0000000000
123292  -45.834  39.469  26.218 0.0000000000
118082  -48.904  33.411  26.786 0.0000000000
117131  -45.199  32.972  28.114 0.0000000000
115472  -39.789  30.891  28.639 0.0000000000
113251  -49.897  27.574  27.527 0.0000000000
117342  -43.669  31.476  12.289 0.0000000000
115585  -42.514  30.592  15.182 0.0000000000
114771  -41.276  29.522  15.720 0.0000000000
116350  -40.556  31.316  18.394 0.0000000000
111472  -50.158  25.513  33.528 0.0000000000
113148  -49.598  27.792  35.490 0.0000000000
129308  -31.960  47.681  25.517 0.0000000000
125525  -46.171  42.637  19.495 0.0000000000
116183  -45.721  31.761  31.170 0.0000000000
119810  -44.632  35.508  30.595 0.0000000000
127002  -36.038  44.564  22.888 0.0000000000
122495  -37.501  38.893  22.061 0.0000000000
119074  -45.914  34.317  20.604 0.0000000000
120678  -44.187  36.901  23.836 0.0000000000
121573  -47.587  37.802  23.371 0.0000000000
121527  -48.302  36.970  26.539 0.0000000000
120680  -47.647  36.441  24.509 0.0000000000
118103  -47.118  33.627  27.166 0.0000000000
119031  -45.272  35.152  25.202 0.0000000000
117127  -40.791  32.510  27.114 0.0000000000
123366  -41.653  39.235  18.040 0.0000000000
120748  -39.494  36.711  19.193 0.0000000000
118248  -40.978  33.859  16.981 0.0000000000
117278  -44.307  32.480  18.459 0.0000000000
117244  -46.022  32.122  20.288 0.0000000000
118164  -44.933  33.627  22.979 0.0000000000
117240  -42.347  32.396  20.601 0.0000000000
118193  -39.499  33.280  21.856 0.0000000000
110534  -49.016  24.633  30.423 0.0000000000
110524  -51.484  24.703  30.826 0.0000000000
113193  -50.823  27.345  30.433 0.0000000000
127740  -31.130  45.048  27.364 0.0000000000
128491  -35.563  46.131  28.277 0.0000000000
128544  -38.510  47.200  25.422 0.0000000000
127023  -42.268  44.623  22.705 0.0000000000
124125  -44.888  40.565  18.838 0.0000000000
120804  -46.476  36.383  15.104 0.0000000000
119178  -45.014  33.945  11.740 0.0000000000
121738  -44.649  37.171  12.786 0.0000000000
113175  -47.380  27.676  32.628 0.0000000000
114676  -48.593  29.304  30.652 0.0000000000
114703  -49.801  29.876  29.344 0.0000000000
124744  -40.369  41.390  28.150 0.0000000000
120693  -40.502  36.727  23.251 0.0000000000
122452  -43.014  39.371  26.472 0.0000000000
123255  -44.120  39.997  28.529 0.0000000000
121507  -46.846  37.223  29.061 0.0000000000
118998  -48.333  34.131  29.153 0.0000000000
115489  -49.879  30.443  27.469 0.0000000000
115488  -48.458  30.414  27.571 0.0000000000
115479  -46.457  30.366  28.710 0.0000000000
114700  -43.694  29.475  29.312 0.0000000000
118100  -43.028  34.069  25.836 0.0000000000
116235  -42.169  31.473  28.403 0.0000000000
113956  -41.004  28.466  29.616 0.0000000000
112436  -51.974  26.572  27.729 0.0000000000
112450  -51.421  26.369  27.308 0.0000000000
113982  -50.758  28.224  26.994 0.0000000000
115616  -41.946  30.447  12.125 0.0000000000
114806  -42.261  29.651  13.476 0.0000000000
114792  -40.902  29.681  13.824 0.0000000000
115571  -39.585  30.332  16.232 0.0000000000
119822  -43.153  35.906  29.577 0.0000000000
126221  -38.147  42.935  21.717 0.0000000000
119920  -47.131  34.612  21.153 0.0000000000
120730  -47.033  36.388  21.822 0.0000000000
121610  -48.253  36.665  22.050 0.0000000000
121575  -48.470  37.139  23.601 0.0000000000
120700  -47.641  36.299  23.485 0.0000000000
119869  -46.569  36.057  24.560 0.0000000000
119878  -46.723  35.518  23.354 0.0000000000
121689  -42.251  37.002  15.691 0.0000000000
120787  -40.713  36.375  16.456 0.0000000000
119127  -41.088  34.312  15.393 0.0000000000
115587  -43.782  30.068  15.859 0.0000000000
117307  -43.447  31.441  16.684 0.0000000000
115577  -44.763  30.502  17.293 0.0000000000
117264  -45.856  32.338  19.338 0.0000000000
115529  -44.828  30.935  18.920 0.0000000000
117242  -44.372  31.919  20.283 0.0000000000
116331  -43.086  31.374  19.304 0.0000000000
117256  -39.452  32.418  19.808 0.0000000000
111457  -50.972  25.993  33.757 0.0000000000
110494  -50.980  24.979  33.044 0.0000000000
112357  -51.622  25.901  32.669 0.0000000000
111500  -51.232  25.742  31.089 0.0000000000
112375  -50.647  26.640  31.557 0.0000000000
129310  -33.762  48.637  25.968 0.0000000000
128503  -33.734  46.787  27.026 0.0000000000
129269  -36.365  47.389  27.945 0.0000000000
128526  -37.227  47.157  26.458 0.0000000000
129290  -38.355  47.569  27.109 0.0000000000
128532  -42.919  47.084  25.363 0.0000000000
128547  -41.981  46.577  25.152 0.0000000000
127009  -43.749  45.155  23.386 0.0000000000
125512  -43.561  42.436  20.776 0.0000000000
125499  -44.881  43.163  21.468 0.0000000000
124872  -47.221  40.769  17.848 0.0000000000
123371  -46.766  39.583  17.564 0.0000000000
122586  -47.661  37.887  16.226 0.0000000000
119999  -46.510  34.837  13.402 0.0000000000
120831  -46.222  36.099  13.476 0.0000000000
120010  -44.178  35.348  11.954 0.0000000000
121725  -45.329  37.292  13.502 0.0000000000
114641  -42.760  29.443  33.469 0.0000000000
114622  -45.033  29.611  35.330 0.0000000000
113892  -45.126  28.648  34.153 0.0000000000
113155  -46.614  27.959  33.921 0.0000000000
113915  -45.031  28.756  32.512 0.0000000000
117071  -46.459  32.741  31.229 0.0000000000
115432  -46.898  30.609  30.823 0.0000000000
115445  -48.108  30.714  30.479 0.0000000000
114685  -49.183  29.801  30.412 0.0000000000
117083  -48.688  31.995  30.053 0.0000000000
124044  -37.667  40.416  26.522 0.0000000000
124024  -38.538  40.831  27.335 0.0000000000
124046  -39.571  40.315  26.508 0.0000000000
119913  -40.703  35.468  20.200 0.0000000000
120725  -39.675  36.574  21.154 0.0000000000
120727  -41.580  35.970  21.743 0.0000000000
121537  -45.429  37.948  25.147 0.0000000000
121535  -43.181  37.757  25.469 0.0000000000
122454  -44.643  39.530  26.416 0.0000000000
124027  -43.342  41.245  27.704 0.0000000000
124029  -45.192  40.998  27.839 0.0000000000
122436  -45.466  39.103  28.547 0.0000000000
122446  -46.537  39.310  27.807 0.0000000000
119841  -48.399  34.901  27.288 0.0000000000
119834  -48.117  35.012  28.318 0.0000000000
119011  -48.865  33.286  27.627 0.0000000000
117107  -49.164  32.020  28.585 0.0000000000
118083  -49.223  32.950  27.065 0.0000000000
115494  -49.207  30.391  26.969 0.0000000000
117160  -49.103  32.185  26.844 0.0000000000
118080  -46.304  33.476  27.525 0.0000000000
116261  -46.986  31.816  28.137 0.0000000000
117106  -45.819  31.715  28.414 0.0000000000
114709  -44.670  29.955  29.257 0.0000000000
116237  -44.332  31.379  28.584 0.0000000000
118162  -43.016  33.301  23.433 0.0000000000
119039  -43.702  33.871  24.440 0.0000000000
118126  -42.304  33.495  25.073 0.0000000000
116257  -40.160  32.041  27.742 0.0000000000
117128  -41.801  32.617  27.160 0.0000000000
116234  -41.301  31.480  28.319 0.0000000000
115460  -41.629  30.122  29.218 0.0000000000
115459  -40.706  30.243  29.144 0.0000000000
113955  -39.939  28.563  29.607 0.0000000000
108757  -52.064  23.343  27.433 0.0000000000
112412  -48.494  26.928  28.299 0.0000000000
119152  -43.449  33.269  13.108 0.0000000000
118282  -41.452  32.801  14.407 0.0000000000
116416  -42.023  31.130  13.479 0.0000000000
114782  -42.860  29.825  15.569 0.0000000000
114761  -42.444  29.580  16.825 0.0000000000
115545  -42.167  30.541  17.940 0.0000000000
115560  -40.840  30.297  17.135 0.0000000000
111470  -48.564  25.591  33.505 0.0000000000
112344  -48.972  26.371  34.759 0.0000000000
113159  -49.839  26.993  33.985 0.0000000000
130924  -34.327  49.537  25.765 0.0000000000
127035  -45.361  44.326  21.335 0.0000000000
124147  -45.782  40.936  17.115 0.0000000000
123409  -45.412  39.197  15.137 0.0000000000
114671  -44.548  30.011  31.604 0.0000000000
118046  -44.928  33.628  31.481 0.0000000000
118977  -46.533  34.551  31.311 0.0000000000
122471  -37.842  38.918  23.919 0.0000000000
119072  -43.972  34.424  20.562 0.0000000000
119886  -43.532  35.747  21.904 0.0000000000
119888  -45.513  35.963  21.988 0.0000000000
120698  -46.084  37.075  23.031 0.0000000000
122474  -46.794  38.137  24.417 0.0000000000
123294  -47.473  38.801  26.017 0.0000000000
122476  -48.170  38.389  24.612 0.0000000000
121538  -48.381  36.992  25.622 0.0000000000
119849  -48.224  34.892  26.499 0.0000000000
119020  -48.103  34.035  26.553 0.0000000000
119848  -47.744  34.982  26.299 0.0000000000
119018  -45.816  35.006  26.358 0.0000000000
118102  -44.916  34.490  26.430 0.0000000000
118125  -41.254  33.302  25.193 0.0000000000
121502  -39.647  38.329  29.052 0.0000000000
124101  -40.665  40.490  19.741 0.0000000000
123338  -39.381  39.401  19.774 0.0000000000
122547  -39.704  37.842  18.192 0.0000000000
119937  -40.233  35.413  18.448 0.0000000000
119096  -41.338  34.220  18.615 0.0000000000
117305  -41.703  32.308  16.598 0.0000000000
117276  -42.251  32.926  18.005 0.0000000000
118218  -43.014  33.550  19.416 0.0000000000
118220  -44.784  33.216  19.555 0.0000000000
118223  -46.690  33.030  20.020 0.0000000000
118196  -46.698  33.121  21.435 0.0000000000
119056  -45.996  33.901  22.578 0.0000000000
117206  -45.556  32.699  21.509 0.0000000000
117204  -43.722  32.725  21.961 0.0000000000
117202  -41.825  33.004  22.259 0.0000000000
117258  -41.697  32.175  19.847 0.0000000000
117239  -41.271  32.545  20.707 0.0000000000
110505  -49.407  25.199  32.274 0.0000000000
110523  -50.792  24.660  31.170 0.0000000000
110536  -51.205  23.988  29.971 0.0000000000
110537  -51.883  24.362  29.671 0.0000000000
111518  -51.788  25.892  29.149 0.0000000000
113223  -51.299  27.359  29.060 0.0000000000
126958  -32.976  44.447  28.751 0.0000000000
127743  -33.150  45.661  28.480 0.0000000000
127756  -34.770  45.162  27.015 0.0000000000
127776  -35.424  46.161  25.172 0.0000000000
127792  -37.995  45.975  23.659 0.0000000000
127020  -38.981  44.384  22.553 0.0000000000
130883  -39.049  49.273  27.594 0.0000000000
129292  -40.367  47.647  26.961 0.0000000000
127794  -40.273  45.831  23.538 0.0000000000
126209  -40.556  43.925  22.041 0.0000000000
124830  -42.075  41.046  19.634 0.0000000000
123351  -43.032  39.981  18.371 0.0000000000
121675  -44.313  37.605  16.211 0.0000000000
124834  -45.841  41.631  19.616 0.0000000000
122552  -45.500  38.836  17.247 0.0000000000
120816  -44.891  35.630  14.701 0.0000000000
119154  -45.229  33.835  13.372 0.0000000000
116435  -44.357  31.944  11.793 0.0000000000
119176  -43.027  33.874  11.266 0.0000000000
120009  -43.155  35.472  11.846 0.0000000000
123427  -44.893  38.794  14.198 0.0000000000
113157  -48.124  27.763  34.408 0.0000000000
113167  -49.418  27.128  33.283 0.0000000000
114673  -46.090  29.586  31.302 0.0000000000
113930  -47.292  28.686  31.357 0.0000000000
113190  -49.331  27.699  31.361 0.0000000000
113934  -50.168  28.177  30.604 0.0000000000
113946  -50.568  28.470  29.969 0.0000000000
113970  -50.877  28.857  28.491 0.0000000000
122431  -40.690  39.291  28.706 0.0000000000
121606  -38.552  37.859  20.992 0.0000000000
121589  -39.264  37.131  22.642 0.0000000000
121547  -39.277  37.826  24.390 0.0000000000
120695  -42.654  36.477  23.164 0.0000000000
121549  -41.551  37.262  24.603 0.0000000000
122450  -40.910  39.226  26.290 0.0000000000
124048  -41.736  40.972  27.416 0.0000000000
124007  -42.704  40.815  28.453 0.0000000000
121514  -43.065  37.998  28.333 0.0000000000
121503  -44.357  37.036  29.114 0.0000000000
120619  -45.983  36.587  30.263 0.0000000000
119813  -47.422  35.702  30.479 0.0000000000
121522  -47.429  37.370  27.496 0.0000000000
119824  -47.595  35.743  29.507 0.0000000000
118057  -48.496  33.500  29.873 0.0000000000
117092  -48.834  32.284  29.485 0.0000000000
116242  -49.680  30.566  28.368 0.0000000000
114720  -50.831  29.381  27.497 0.0000000000
114725  -49.955  29.407  26.843 0.0000000000
114718  -49.158  29.491  27.231 0.0000000000
113968  -47.845  28.606  28.274 0.0000000000
117134  -47.932  31.802  27.521 0.0000000000
115480  -47.486  30.360  28.232 0.0000000000
113967  -46.975  28.598  28.848 0.0000000000
113222  -45.625  28.179  29.205 0.0000000000
113220  -44.255  27.663  29.288 0.0000000000
119049  -44.811  33.934  23.460 0.0000000000
119016  -43.987  34.413  25.588 0.0000000000
118078  -43.534  33.675  27.022 0.0000000000
118099  -41.854  33.528  26.032 0.0000000000
117129  -42.884  32.615  27.677 0.0000000000
117103  -43.570  32.415  28.091 0.0000000000
115476  -43.494  30.506  28.971 0.0000000000
114699  -42.698  29.238  29.408 0.0000000000
113254  -52.059  27.225  28.145 0.0000000000
112451  -51.750  26.538  27.489 0.0000000000
113258  -51.354  26.800  27.331 0.0000000000
113257  -50.832  27.116  27.257 0.0000000000
113983  -51.261  27.805  27.375 0.0000000000
115615  -41.142  30.436  12.532 0.0000000000
114804  -41.258  29.783  12.902 0.0000000000
115598  -40.354  30.217  13.858 0.0000000000
119808  -42.575  35.402  30.048 0.0000000000
120627  -42.451  36.364  28.828 0.0000000000
126222  -39.001  43.005  21.631 0.0000000000
125493  -38.452  42.214  21.420 0.0000000000
124812  -38.892  41.322  20.943 0.0000000000
119058  -47.382  34.810  21.837 0.0000000000
119905  -47.533  35.373  21.771 0.0000000000
119892  -48.244  35.868  22.064 0.0000000000
120717  -47.943  36.194  22.817 0.0000000000
119879  -47.523  35.920  22.904 0.0000000000
119890  -46.889  35.091  22.547 0.0000000000
120801  -42.798  36.210  14.974 0.0000000000
120800  -41.452  36.230  15.674 0.0000000000
119971  -41.843  35.268  14.898 0.0000000000
114763  -44.062  29.728  17.215 0.0000000000
115576  -44.600  30.253  16.856 0.0000000000
114764  -44.721  29.918  17.440 0.0000000000
115549  -44.920  30.781  18.391 0.0000000000
115548  -44.560  30.366  18.436 0.0000000000
116332  -43.935  31.223  19.450 0.0000000000
116353  -43.495  30.809  18.807 0.0000000000
111482  -47.153  25.510  32.517 0.0000000000
112347  -51.041  26.145  33.516 0.0000000000
112348  -51.501  25.987  33.225 0.0000000000
112356  -51.249  26.245  32.945 0.0000000000
112364  -51.294  26.170  31.979 0.0000000000
112363  -50.735  26.551  32.474 0.0000000000
130098  -35.293  48.773  26.710 0.0000000000
129287  -34.840  48.014  26.721 0.0000000000
130072  -36.121  48.116  27.470 0.0000000000
129270  -37.494  47.762  27.520 0.0000000000
130073  -36.889  48.632  27.508 0.0000000000
128564  -43.743  46.745  23.969 0.0000000000
129328  -42.448  47.755  25.140 0.0000000000
128549  -43.620  46.659  24.694 0.0000000000
127779  -43.695  46.098  24.545 0.0000000000
127798  -44.129  45.617  23.953 0.0000000000
127025  -44.135  44.656  22.761 0.0000000000
127026  -44.712  44.738  22.476 0.0000000000
123390  -47.241  39.270  16.547 0.0000000000
123412  -47.538  38.549  16.321 0.0000000000
122604  -46.939  37.509  15.211 0.0000000000
121727  -46.468  36.393  14.287 0.0000000000
121708  -46.577  37.078  14.621 0.0000000000
121739  -45.522  36.564  13.128 0.0000000000
122603  -46.330  37.786  14.530 0.0000000000
114654  -42.359  29.844  32.796 0.0000000000
114655  -43.055  29.624  32.578 0.0000000000
114642  -43.761  29.039  33.387 0.0000000000
113903  -44.129  28.935  32.857 0.0000000000
113905  -45.464  28.383  33.382 0.0000000000
118048  -47.031  33.710  31.274 0.0000000000
116184  -46.928  31.747  30.893 0.0000000000
117081  -47.915  32.324  30.815 0.0000000000
116199  -48.467  31.555  30.289 0.0000000000
117082  -48.406  32.612  30.432 0.0000000000
123287  -37.787  39.694  24.889 0.0000000000
123288  -38.412  39.592  25.457 0.0000000000
124045  -38.742  40.540  26.607 0.0000000000
124066  -39.254  40.006  26.232 0.0000000000
119914  -41.641  35.203  20.502 0.0000000000
119898  -41.100  35.651  21.014 0.0000000000
119899  -42.085  35.463  21.216 0.0000000000
122465  -44.958  38.843  25.978 0.0000000000
123291  -45.060  39.653  26.427 0.0000000000
124051  -44.804  40.641  27.320 0.0000000000
124053  -45.890  40.308  27.336 0.0000000000
123267  -46.192  39.898  27.818 0.0000000000
123283  -46.250  40.028  27.007 0.0000000000
119010  -48.723  33.834  27.113 0.0000000000
118106  -49.121  32.760  26.704 0.0000000000
117132  -46.379  32.354  28.139 0.0000000000
117105  -45.212  31.987  28.378 0.0000000000
116238  -45.298  31.267  28.636 0.0000000000
118144  -42.662  33.409  24.204 0.0000000000
118143  -41.736  33.349  24.314 0.0000000000
116233  -40.421  31.483  28.253 0.0000000000
115473  -40.620  30.893  28.697 0.0000000000
115458  -40.016  30.348  28.916 0.0000000000
114696  -39.731  29.616  29.407 0.0000000000
109575  -52.458  24.065  28.191 0.0000000000
112434  -49.498  26.559  27.770 0.0000000000
113244  -49.450  27.241  27.826 0.0000000000
118294  -43.927  32.630  12.633 0.0000000000
118293  -42.855  32.642  13.049 0.0000000000
116417  -42.484  31.054  12.828 0.0000000000
114793  -41.816  29.217  14.101 0.0000000000
114794  -42.306  29.738  14.439 0.0000000000
114781  -41.943  29.468  15.084 0.0000000000
114772  -42.208  29.511  16.018 0.0000000000
115561  -41.793  30.028  17.334 0.0000000000
115573  -41.519  29.733  16.578 0.0000000000
115559  -39.798  30.461  17.078 0.0000000000
112326  -48.558  26.643  35.495 0.0000000000
112346  -50.161  26.542  34.172 0.0000000000
130923  -33.022  49.341  25.238 0.0000000000
125554  -45.461  42.158  18.187 0.0000000000
124146  -44.650  40.879  16.950 0.0000000000
125553  -44.381  42.092  18.026 0.0000000000
118989  -44.442  35.084  30.964 0.0000000000
118975  -44.498  34.600  31.294 0.0000000000
119796  -44.698  35.106  30.978 0.0000000000
118976  -45.550  34.504  31.333 0.0000000000
119797  -45.187  35.152  31.008 0.0000000000
127790  -35.307  45.312  23.867 0.0000000000
122483  -37.547  38.743  23.041 0.0000000000
119073  -44.952  34.391  20.614 0.0000000000
119902  -45.073  35.415  21.524 0.0000000000
119918  -45.568  34.961  21.044 0.0000000000
121591  -47.167  37.163  22.467 0.0000000000
121590  -46.547  37.117  22.742 0.0000000000
121572  -46.650  37.466  23.323 0.0000000000
121554  -46.958  37.953  23.889 0.0000000000
122475  -47.446  38.275  24.263 0.0000000000
122486  -48.053  38.153  23.808 0.0000000000
120681  -48.126  36.710  24.076 0.0000000000
121555  -48.462  37.117  24.606 0.0000000000
120663  -48.036  36.252  25.421 0.0000000000
119859  -47.985  35.440  25.944 0.0000000000
119858  -47.595  35.745  25.748 0.0000000000
119856  -46.053  35.725  25.362 0.0000000000
119846  -46.456  35.581  25.872 0.0000000000
123340  -41.350  40.135  19.189 0.0000000000
122528  -40.364  39.309  18.963 0.0000000000
122538  -40.604  38.953  18.467 0.0000000000
119960  -40.537  35.348  16.494 0.0000000000
119951  -40.192  35.636  17.388 0.0000000000
119095  -40.593  34.727  18.081 0.0000000000
119081  -40.880  34.835  18.958 0.0000000000
119111  -41.108  34.088  17.771 0.0000000000
116408  -41.417  31.718  14.763 0.0000000000
117314  -41.237  32.379  14.858 0.0000000000
116380  -41.591  31.748  15.835 0.0000000000
117291  -43.689  31.874  17.335 0.0000000000
117290  -42.595  32.421  17.359 0.0000000000
117277  -43.195  32.674  18.114 0.0000000000
118234  -42.650  33.251  18.651 0.0000000000
118235  -43.545  33.001  18.934 0.0000000000
118219  -43.895  33.393  19.591 0.0000000000
117262  -44.655  32.785  19.063 0.0000000000
116335  -45.704  31.645  19.427 0.0000000000
117265  -46.423  32.777  19.812 0.0000000000
117226  -46.772  32.741  20.368 0.0000000000
118197  -47.144  33.132  20.829 0.0000000000
117225  -46.572  32.578  20.673 0.0000000000
118195  -46.058  32.872  21.528 0.0000000000
117224  -45.951  32.469  21.007 0.0000000000
117241  -43.369  32.228  20.475 0.0000000000
117222  -44.047  32.381  21.156 0.0000000000
117221  -43.025  32.514  21.327 0.0000000000
117203  -42.725  32.864  22.115 0.0000000000
116351  -41.630  31.235  18.418 0.0000000000
116329  -41.086  31.761  19.122 0.0000000000
117238  -40.154  32.707  20.703 0.0000000000
111471  -49.329  25.599  33.605 0.0000000000
111484  -49.024  25.390  32.909 0.0000000000
111485  -49.709  25.330  32.984 0.0000000000
110507  -51.357  24.737  31.999 0.0000000000
110525  -51.859  24.927  30.532 0.0000000000
111508  -51.270  26.128  30.084 0.0000000000
112383  -51.348  26.835  29.829 0.0000000000
113224  -51.575  26.937  28.923 0.0000000000
113204  -51.067  27.467  29.974 0.0000000000
126982  -29.582  44.749  27.046 0.0000000000
126973  -29.746  44.384  27.745 0.0000000000
126975  -31.218  44.689  28.323 0.0000000000
126957  -32.235  44.398  28.913 0.0000000000
127730  -32.257  45.043  28.660 0.0000000000
129306  -29.688  47.590  25.473 0.0000000000
129307  -30.816  47.548  25.437 0.0000000000
129260  -35.037  46.823  28.172 0.0000000000
128489  -33.420  46.136  28.099 0.0000000000
128480  -34.273  46.191  28.550 0.0000000000
127733  -34.475  45.388  28.544 0.0000000000
127757  -35.364  45.600  27.500 0.0000000000
127768  -35.296  45.790  26.543 0.0000000000
128524  -35.833  46.197  27.150 0.0000000000
128527  -37.950  47.367  26.075 0.0000000000
128557  -36.870  46.693  24.897 0.0000000000
128558  -37.689  46.653  24.596 0.0000000000
127004  -38.482  45.132  23.006 0.0000000000
127793  -39.179  45.940  23.569 0.0000000000
129272  -39.908  48.167  27.440 0.0000000000
129273  -40.826  48.075  27.339 0.0000000000
127796  -42.409  45.644  23.786 0.0000000000
128561  -41.086  46.348  24.265 0.0000000000
127806  -41.322  45.121  23.109 0.0000000000
127006  -40.538  45.127  23.063 0.0000000000
126210  -41.680  44.031  22.085 0.0000000000
125510  -41.332  41.990  20.699 0.0000000000
126225  -42.274  43.400  21.634 0.0000000000
124822  -44.211  42.082  20.314 0.0000000000
124104  -43.290  40.849  19.413 0.0000000000
124124  -43.759  40.497  18.881 0.0000000000
123368  -43.628  39.467  17.775 0.0000000000
122551  -44.271  38.862  17.232 0.0000000000
126237  -45.914  43.083  20.434 0.0000000000
125515  -46.000  42.569  20.186 0.0000000000
124825  -46.128  42.040  19.830 0.0000000000
122569  -47.043  38.224  16.796 0.0000000000
122553  -46.509  38.848  17.220 0.0000000000
121692  -46.213  37.008  15.707 0.0000000000
121676  -45.628  37.508  16.339 0.0000000000
120803  -45.538  36.305  15.195 0.0000000000
119986  -45.446  34.907  14.246 0.0000000000
119987  -46.261  35.124  14.317 0.0000000000
119167  -46.122  34.189  12.439 0.0000000000
118321  -45.953  33.531  12.576 0.0000000000
118319  -45.233  33.195  11.793 0.0000000000
117353  -44.078  32.291  11.524 0.0000000000
118317  -43.585  33.027  11.356 0.0000000000
119177  -44.033  33.857  11.438 0.0000000000
120841  -43.923  36.358  12.152 0.0000000000
120840  -42.910  36.449  12.124 0.0000000000
113884  -46.988  29.092  35.433 0.0000000000
113164  -46.937  27.746  33.309 0.0000000000
113156  -47.188  27.910  34.186 0.0000000000
113165  -47.712  27.551  33.425 0.0000000000
113166  -48.583  27.330  33.454 0.0000000000
115430  -44.998  30.805  31.278 0.0000000000
114672  -45.244  29.912  31.424 0.0000000000
115431  -45.954  30.742  31.037 0.0000000000
114675  -47.895  29.572  30.734 0.0000000000
114674  -47.033  29.592  31.029 0.0000000000
113931  -48.173  28.469  31.263 0.0000000000
113189  -48.723  27.825  31.530 0.0000000000
113191  -49.904  27.571  31.186 0.0000000000
113932  -49.038  28.612  30.787 0.0000000000
115447  -49.311  30.626  29.834 0.0000000000
113945  -50.040  28.877  30.259 0.0000000000
114686  -49.809  29.730  29.856 0.0000000000
113962  -50.699  28.750  28.969 0.0000000000
115464  -49.791  29.930  29.073 0.0000000000
124743  -39.396  41.236  27.875 0.0000000000
123251  -40.235  40.100  28.697 0.0000000000
121637  -39.035  38.375  19.549 0.0000000000
123337  -38.826  39.158  20.029 0.0000000000
121624  -39.075  37.294  20.571 0.0000000000
120709  -39.947  36.604  22.251 0.0000000000
121607  -39.092  37.107  21.625 0.0000000000
120692  -39.829  36.842  22.948 0.0000000000
121568  -38.762  37.733  23.266 0.0000000000
121570  -40.303  37.002  23.758 0.0000000000
120713  -43.960  36.093  22.356 0.0000000000
120712  -43.103  36.115  22.474 0.0000000000
120677  -43.199  36.775  23.908 0.0000000000
122463  -42.558  38.493  26.059 0.0000000000
121550  -42.637  37.235  24.676 0.0000000000
121534  -42.050  37.738  25.435 0.0000000000
121533  -40.984  37.820  25.258 0.0000000000
122451  -41.936  39.285  26.477 0.0000000000
123278  -41.304  40.080  26.721 0.0000000000
123279  -42.383  40.120  26.952 0.0000000000
124748  -44.082  41.206  28.324 0.0000000000
124747  -43.220  41.243  28.250 0.0000000000
123254  -43.155  40.036  28.597 0.0000000000
122433  -42.599  39.110  28.481 0.0000000000
122434  -43.646  39.033  28.451 0.0000000000
121515  -44.195  37.812  28.625 0.0000000000
122435  -44.627  39.048  28.494 0.0000000000
121517  -45.877  38.182  28.776 0.0000000000
121505  -45.628  37.466  29.189 0.0000000000
121495  -46.383  37.007  29.923 0.0000000000
119812  -46.492  35.949  30.755 0.0000000000
120620  -46.818  36.622  30.310 0.0000000000
122455  -47.618  38.137  26.537 0.0000000000
119833  -47.739  35.607  28.800 0.0000000000
119825  -48.000  35.000  29.341 0.0000000000
118991  -48.217  34.401  30.058 0.0000000000
117091  -48.625  32.905  29.742 0.0000000000
118063  -48.649  33.187  29.084 0.0000000000
116264  -49.640  31.031  27.701 0.0000000000
116241  -49.552  31.080  28.410 0.0000000000
116265  -49.781  30.519  28.035 0.0000000000
115490  -50.176  29.891  27.815 0.0000000000
115496  -50.301  29.829  27.176 0.0000000000
114726  -50.706  29.150  26.896 0.0000000000
113969  -48.666  28.626  27.722 0.0000000000
114713  -48.322  29.435  27.857 0.0000000000
118104  -47.803  33.249  26.790 0.0000000000
117159  -48.308  32.249  27.068 0.0000000000
117158  -47.759  32.655  27.133 0.0000000000
116240  -46.958  30.847  28.355 0.0000000000
116262  -47.459  31.328  27.962 0.0000000000
114712  -47.579  29.424  28.341 0.0000000000
114711  -46.721  29.515  28.812 0.0000000000
113966  -46.056  28.668  29.142 0.0000000000
114710  -45.569  29.492  29.206 0.0000000000
114701  -44.592  29.122  29.327 0.0000000000
113959  -43.925  28.451  29.444 0.0000000000
113219  -43.293  27.590  29.292 0.0000000000
113958  -42.994  28.451  29.454 0.0000000000
118165  -45.607  33.782  22.726 0.0000000000
119050  -45.626  34.424  23.155 0.0000000000
118127  -43.152  33.748  24.746 0.0000000000
119029  -43.725  34.200  24.915 0.0000000000
118101  -44.143  34.325  26.365 0.0000000000
118098  -41.104  33.210  25.958 0.0000000000
117157  -41.345  32.923  26.500 0.0000000000
116259  -41.969  32.080  27.953 0.0000000000
116260  -42.567  31.965  28.110 0.0000000000
116236  -43.215  31.654  28.346 0.0000000000
115475  -42.428  30.760  28.811 0.0000000000
114698  -41.794  29.295  29.536 0.0000000000
113957  -42.028  28.414  29.622 0.0000000000
141901  -52.242  25.733  28.034 0.0000000000
111563  -52.034  25.591  27.512 0.0000000000
111562  -51.234  25.390  27.103 0.0000000000
115625  -43.258  30.849  12.032 0.0000000000
116424  -43.105  31.081  12.341 0.0000000000
114818  -42.232  29.623  12.924 0.0000000000
114805  -41.785  29.371  13.235 0.0000000000
114780  -41.080  29.412  14.785 0.0000000000
115572  -40.572  30.011  16.363 0.0000000000
114770  -40.354  29.812  15.490 0.0000000000
119809  -43.639  35.591  30.198 0.0000000000
120616  -43.865  36.001  29.842 0.0000000000
127018  -36.969  44.016  22.644 0.0000000000
125492  -37.449  42.328  21.726 0.0000000000
123314  -38.095  39.707  21.118 0.0000000000
119919  -46.535  34.902  21.025 0.0000000000
119903  -46.225  35.678  21.603 0.0000000000
119904  -47.119  35.513  21.554 0.0000000000
120731  -47.780  36.182  21.716 0.0000000000
121592  -48.036  37.319  22.510 0.0000000000
121574  -48.233  37.556  23.315 0.0000000000
121593  -48.411  36.972  22.737 0.0000000000
120701  -48.193  36.641  23.090 0.0000000000
120679  -47.165  36.357  24.842 0.0000000000
120699  -47.143  36.228  24.113 0.0000000000
119868  -45.858  35.485  24.375 0.0000000000
122564  -41.573  38.053  16.922 0.0000000000
121664  -41.238  37.886  17.048 0.0000000000
120788  -41.265  36.724  16.144 0.0000000000
120799  -40.804  35.818  16.038 0.0000000000
119119  -40.640  34.418  16.300 0.0000000000
115586  -43.055  30.389  15.676 0.0000000000
116382  -43.194  31.096  16.152 0.0000000000
115574  -43.757  30.608  16.002 0.0000000000
116384  -44.543  30.847  16.807 0.0000000000
117292  -44.506  31.708  17.813 0.0000000000
117279  -45.095  32.111  18.435 0.0000000000
116368  -45.035  31.381  18.347 0.0000000000
115530  -45.288  31.174  19.025 0.0000000000
116334  -45.206  31.360  19.420 0.0000000000
117243  -45.365  32.000  20.385 0.0000000000
116312  -44.401  31.495  19.761 0.0000000000
117260  -43.612  31.735  19.842 0.0000000000
117259  -42.732  32.012  19.817 0.0000000000
116328  -39.971  31.861  19.083 0.0000000000
110521  -48.509  25.240  31.486 0.0000000000
111473  -50.836  25.589  33.497 0.0000000000
110493  -50.703  25.275  33.140 0.0000000000
110495  -51.723  25.051  32.486 0.0000000000
110508  -51.881  24.932  31.632 0.0000000000
111501  -51.753  25.326  31.320 0.0000000000
111486  -51.652  25.710  31.814 0.0000000000
112376  -50.900  26.663  30.697 0.0000000000
127752  -29.513  45.244  26.368 0.0000000000
129309  -33.089  47.976  25.702 0.0000000000
128523  -32.551  46.935  25.865 0.0000000000
129286  -34.009  47.796  26.293 0.0000000000
129267  -34.977  47.393  27.491 0.0000000000
129262  -36.054  46.827  28.347 0.0000000000
128506  -36.335  46.566  27.545 0.0000000000
128493  -36.646  47.066  27.734 0.0000000000
129289  -37.595  47.390  27.041 0.0000000000
129312  -38.747  47.421  26.376 0.0000000000
130136  -42.197  48.373  25.754 0.0000000000
128509  -41.806  47.357  26.538 0.0000000000
128531  -42.344  47.151  25.977 0.0000000000
127778  -42.816  46.099  24.541 0.0000000000
127008  -42.854  45.135  23.329 0.0000000000
125497  -42.909  42.825  21.258 0.0000000000
126226  -43.371  43.427  21.831 0.0000000000
125498  -43.987  42.970  21.400 0.0000000000
124833  -44.954  41.698  19.860 0.0000000000
124850  -46.642  41.407  18.437 0.0000000000
124127  -46.606  40.872  18.549 0.0000000000
123356  -47.190  40.272  17.837 0.0000000000
122570  -47.526  38.356  16.671 0.0000000000
121693  -47.237  37.209  15.715 0.0000000000
119973  -46.495  35.792  14.574 0.0000000000
120818  -46.572  36.008  14.555 0.0000000000
120844  -46.411  35.286  13.079 0.0000000000
120012  -46.019  34.831  12.522 0.0000000000
120022  -44.390  34.546  11.743 0.0000000000
120843  -45.794  35.663  12.731 0.0000000000
120842  -44.904  36.044  12.431 0.0000000000
115412  -41.766  30.456  32.741 0.0000000000
114640  -42.001  29.782  33.427 0.0000000000
114631  -43.317  29.304  34.349 0.0000000000
113893  -46.291  28.558  34.621 0.0000000000
113906  -46.234  28.057  33.303 0.0000000000
113916  -45.863  28.573  32.233 0.0000000000
115444  -47.538  30.939  30.609 0.0000000000
114684  -48.568  30.062  30.511 0.0000000000
115446  -48.814  30.742  30.275 0.0000000000
116200  -48.893  31.442  29.868 0.0000000000
124756  -39.380  41.047  27.216 0.0000000000
124757  -40.158  41.334  27.594 0.0000000000
119912  -39.889  35.932  19.769 0.0000000000
120739  -39.497  36.650  20.145 0.0000000000
120740  -40.195  36.022  20.667 0.0000000000
120726  -40.585  36.203  21.540 0.0000000000
120710  -41.044  36.391  22.400 0.0000000000
121552  -44.989  37.369  24.326 0.0000000000
121551  -43.761  37.243  24.637 0.0000000000
121536  -44.369  37.804  25.411 0.0000000000
122464  -43.700  38.566  26.071 0.0000000000
123280  -43.446  40.119  26.913 0.0000000000
124050  -43.874  40.727  27.323 0.0000000000
124028  -44.276  41.195  27.697 0.0000000000
124009  -44.488  40.711  28.462 0.0000000000
123257  -45.704  39.963  28.328 0.0000000000
122437  -46.270  38.984  28.283 0.0000000000
121518  -46.418  37.944  28.621 0.0000000000
120646  -48.293  36.049  27.417 0.0000000000
119004  -48.625  33.818  28.122 0.0000000000
118064  -48.842  32.645  28.715 0.0000000000
119005  -48.763  33.196  28.023 0.0000000000
117135  -49.302  31.877  27.634 0.0000000000
116275  -49.434  31.074  27.155 0.0000000000
116274  -48.830  31.268  26.925 0.0000000000
119009  -46.732  33.936  27.145 0.0000000000
118081  -47.228  32.958  27.421 0.0000000000
116239  -46.371  31.283  28.439 0.0000000000
115478  -45.506  30.555  28.968 0.0000000000
115477  -44.559  30.671  28.955 0.0000000000
114708  -44.091  30.178  29.155 0.0000000000
118163  -43.924  33.400  23.195 0.0000000000
118146  -44.309  33.717  23.544 0.0000000000
118145  -43.597  33.575  23.981 0.0000000000
116258  -41.088  32.048  27.767 0.0000000000
115474  -41.482  30.839  28.778 0.0000000000
114697  -40.795  29.420  29.549 0.0000000000
113954  -38.859  28.668  29.546 0.0000000000
109587  -51.619  23.453  28.284 0.0000000000
119139  -43.294  34.083  13.582 0.0000000000
119138  -42.250  34.225  14.169 0.0000000000
118283  -41.998  33.160  13.747 0.0000000000
117322  -41.842  32.006  13.574 0.0000000000
115599  -42.206  30.641  14.527 0.0000000000
115610  -42.329  30.351  13.742 0.0000000000
115600  -42.579  30.178  14.845 0.0000000000
114773  -43.088  29.620  16.386 0.0000000000
114762  -43.312  29.621  17.030 0.0000000000
115546  -43.118  30.448  18.091 0.0000000000
115562  -42.748  30.012  17.440 0.0000000000
115544  -41.169  30.663  17.839 0.0000000000
115543  -40.118  30.813  17.769 0.0000000000
111469  -47.719  25.704  33.463 0.0000000000
111453  -48.209  25.796  34.036 0.0000000000
111454  -48.801  25.910  34.177 0.0000000000
111455  -49.517  25.997  34.304 0.0000000000
112327  -49.355  26.632  35.320 0.0000000000
112345  -49.383  26.373  34.791 0.0000000000
111456  -50.147  26.178  34.281 0.0000000000
112355  -50.588  26.518  33.371 0.0000000000
130118  -31.355  48.577  25.434 0.0000000000
130119  -32.425  48.699  25.472 0.0000000000
130121  -33.930  49.131  25.992 0.0000000000
131670  -35.053  49.731  26.551 0.0000000000
127809  -44.600  45.202  22.565 0.0000000000
126263  -45.913  42.899  19.232 0.0000000000
124849  -46.383  41.820  18.443 0.0000000000
124148  -46.670  40.731  17.381 0.0000000000
123389  -46.764  39.536  16.220 0.0000000000
123410  -46.443  39.063  15.478 0.0000000000
123388  -45.874  39.669  15.949 0.0000000000
124168  -45.289  40.303  16.447 0.0000000000
117070  -45.347  32.706  31.383 0.0000000000
118047  -45.995  33.655  31.396 0.0000000000
123297  -37.561  39.513  24.203 0.0000000000
123298  -38.087  39.153  24.744 0.0000000000
119071  -43.029  34.503  20.395 0.0000000000
119900  -43.059  35.347  21.357 0.0000000000
119901  -44.038  35.307  21.471 0.0000000000
119887  -44.493  35.783  21.962 0.0000000000
120714  -44.861  36.294  22.473 0.0000000000
119889  -46.124  36.127  21.936 0.0000000000
120715  -46.218  36.600  22.347 0.0000000000
120697  -45.144  36.842  23.233 0.0000000000
121571  -45.815  37.304  23.630 0.0000000000
122466  -46.423  38.465  25.279 0.0000000000
123293  -46.837  39.269  26.026 0.0000000000
122467  -47.437  38.598  25.287 0.0000000000
122468  -48.051  38.369  25.561 0.0000000000
122469  -48.216  37.672  25.922 0.0000000000
122487  -48.465  37.755  24.107 0.0000000000
122477  -48.508  37.792  25.048 0.0000000000
120653  -48.418  36.003  26.429 0.0000000000
119021  -48.532  33.784  26.752 0.0000000000
119019  -47.146  34.375  26.802 0.0000000000
119857  -46.933  36.071  25.450 0.0000000000
119847  -46.991  35.392  26.195 0.0000000000
119008  -46.219  34.211  27.064 0.0000000000
118079  -45.007  33.941  27.132 0.0000000000
118142  -40.768  33.335  24.280 0.0000000000
117176  -40.587  33.220  25.669 0.0000000000
117156  -40.420  32.899  26.362 0.0000000000
117126  -39.817  32.515  27.135 0.0000000000
116232  -39.531  31.481  28.248 0.0000000000
124089  -40.207  40.666  20.139 0.0000000000
124088  -39.397  40.422  20.420 0.0000000000
123324  -40.295  40.258  19.823 0.0000000000
122527  -39.616  38.891  19.149 0.0000000000
121653  -39.483  37.439  18.581 0.0000000000
121663  -40.573  37.491  17.272 0.0000000000
120760  -39.589  36.714  18.347 0.0000000000
119927  -39.797  35.980  18.860 0.0000000000
119928  -40.418  35.400  19.342 0.0000000000
119929  -41.233  34.990  19.761 0.0000000000
119082  -41.681  34.414  19.425 0.0000000000
119128  -41.693  34.291  14.694 0.0000000000
118261  -40.732  33.277  16.142 0.0000000000
118262  -41.296  33.149  16.965 0.0000000000
117306  -42.835  31.761  16.705 0.0000000000
118249  -41.423  33.451  17.558 0.0000000000
118233  -41.773  33.535  18.251 0.0000000000
118217  -42.111  33.773  19.103 0.0000000000
119083  -42.541  34.115  19.814 0.0000000000
119084  -43.446  33.940  20.070 0.0000000000
119085  -44.376  33.814  20.193 0.0000000000
118208  -45.316  33.702  20.238 0.0000000000
117263  -45.121  32.684  19.052 0.0000000000
118222  -46.347  33.079  19.839 0.0000000000
119075  -46.695  34.128  20.615 0.0000000000
119076  -47.096  33.737  20.742 0.0000000000
119064  -47.219  34.074  21.402 0.0000000000
119063  -46.901  33.745  21.665 0.0000000000
119057  -46.730  34.306  22.180 0.0000000000
118183  -46.622  33.596  21.827 0.0000000000
118182  -45.782  33.343  22.103 0.0000000000
118181  -44.422  33.107  22.478 0.0000000000
117223  -45.028  32.341  21.019 0.0000000000
117205  -44.777  32.697  21.749 0.0000000000
118180  -43.367  33.099  22.686 0.0000000000
118179  -42.446  33.145  22.841 0.0000000000
118178  -41.626  33.287  22.870 0.0000000000
116352  -42.631  31.061  18.561 0.0000000000
116330  -42.158  31.678  19.125 0.0000000000
117257  -40.596  32.326  19.843 0.0000000000
111483  -48.208  25.466  32.593 0.0000000000
110504  -48.807  25.325  32.329 0.0000000000
110522  -49.759  24.895  31.362 0.0000000000
110506  -50.424  25.012  32.475 0.0000000000
110547  -50.439  23.810  29.482 0.0000000000
109586  -50.818  23.496  28.728 0.0000000000
109574  -51.843  23.781  29.109 0.0000000000
141895  -52.272  24.752  28.617 0.0000000000
111509  -51.650  25.455  30.259 0.0000000000
110538  -52.042  24.984  29.236 0.0000000000
141894  -52.208  25.301  28.425 0.0000000000
112414  -52.091  26.234  28.295 0.0000000000
113246  -51.726  27.024  28.547 0.0000000000
113245  -51.532  27.627  28.245 0.0000000000
127765  -30.997  45.616  26.344 0.0000000000
128502  -32.591  46.146  26.962 0.0000000000
128488  -32.887  45.970  27.752 0.0000000000
127742  -32.631  45.621  28.064 0.0000000000
127722  -33.019  44.948  28.946 0.0000000000
126959  -33.597  44.549  28.454 0.0000000000
126985  -34.173  44.720  26.570 0.0000000000
127767  -34.464  45.226  25.794 0.0000000000
128542  -36.496  46.709  25.737 0.0000000000
127777  -36.302  46.508  24.907 0.0000000000
127003  -37.309  45.068  22.961 0.0000000000
127019  -37.940  44.256  22.540 0.0000000000
126207  -38.482  43.647  22.041 0.0000000000
126208  -39.494  43.783  22.028 0.0000000000
130881  -36.553  49.583  27.222 0.0000000000
130074  -38.263  48.700  27.687 0.0000000000
129291  -39.357  47.643  27.041 0.0000000000
129325  -39.617  47.237  25.869 0.0000000000
128530  -41.415  47.178  26.188 0.0000000000
128546  -40.787  46.748  25.274 0.0000000000
128560  -39.997  46.602  24.300 0.0000000000
127005  -39.563  45.128  23.044 0.0000000000
127021  -40.022  44.471  22.607 0.0000000000
126223  -40.037  43.082  21.611 0.0000000000
125509  -40.764  41.887  20.782 0.0000000000
124102  -41.437  40.635  19.547 0.0000000000
124122  -41.868  40.321  19.167 0.0000000000
124821  -43.115  41.739  20.292 0.0000000000
124123  -42.640  40.380  18.974 0.0000000000
123367  -42.359  39.361  17.896 0.0000000000
122550  -42.938  38.797  17.319 0.0000000000
121674  -42.913  37.682  16.139 0.0000000000
121690  -43.607  37.033  15.576 0.0000000000
126214  -45.154  44.090  22.152 0.0000000000
125514  -45.536  42.928  20.931 0.0000000000
124106  -45.390  41.131  19.272 0.0000000000
123354  -46.383  40.134  18.190 0.0000000000
124126  -45.866  40.675  18.717 0.0000000000
123353  -45.429  40.074  18.267 0.0000000000
122567  -44.953  38.219  16.731 0.0000000000
121691  -44.985  36.970  15.690 0.0000000000
120815  -43.676  35.715  14.571 0.0000000000
119985  -44.177  35.010  14.127 0.0000000000
119153  -44.275  33.599  13.131 0.0000000000
118295  -44.881  33.241  12.782 0.0000000000
118297  -46.110  33.903  13.335 0.0000000000
118309  -45.334  33.169  12.444 0.0000000000
117343  -44.184  31.798  12.202 0.0000000000
116434  -43.617  31.390  11.719 0.0000000000
116433  -42.679  31.367  11.590 0.0000000000
120021  -43.552  34.640  11.568 0.0000000000
120020  -42.566  34.641  11.590 0.0000000000
122602  -45.550  38.170  14.237 0.0000000000
122615  -44.879  38.027  13.555 0.0000000000
113896  -49.146  28.293  35.273 0.0000000000
113894  -47.579  28.497  34.986 0.0000000000
113895  -48.608  28.402  35.199 0.0000000000
113147  -49.348  28.165  35.342 0.0000000000
113158  -49.075  27.601  34.666 0.0000000000
114657  -44.729  29.335  31.971 0.0000000000
114658  -45.350  29.163  31.813 0.0000000000
113917  -46.749  28.068  32.248 0.0000000000
113929  -46.556  28.826  31.539 0.0000000000
113918  -47.511  27.969  31.883 0.0000000000
113176  -48.135  27.573  32.324 0.0000000000
113177  -48.986  27.302  32.336 0.0000000000
113178  -49.675  27.169  32.147 0.0000000000
113179  -50.221  26.946  31.833 0.0000000000
113192  -50.478  27.434  30.795 0.0000000000
113944  -49.582  29.102  30.401 0.0000000000
113947  -50.839  27.950  29.900 0.0000000000
113963  -50.824  28.011  29.367 0.0000000000
113971  -51.062  28.301  28.452 0.0000000000
114715  -50.978  28.901  28.264 0.0000000000
122430  -39.884  39.234  28.955 0.0000000000
121511  -40.289  38.592  28.789 0.0000000000
121512  -40.986  38.356  28.533 0.0000000000
123322  -38.801  39.590  20.431 0.0000000000
122506  -38.122  38.703  21.352 0.0000000000
121588  -38.496  37.684  22.081 0.0000000000
122496  -38.013  38.257  22.560 0.0000000000
121546  -38.666  38.077  23.927 0.0000000000
122473  -39.084  38.374  24.981 0.0000000000
120728  -42.572  35.802  21.865 0.0000000000
120711  -42.093  36.251  22.454 0.0000000000
120694  -41.588  36.579  23.179 0.0000000000
120676  -42.119  36.824  23.914 0.0000000000
120675  -41.115  36.810  23.911 0.0000000000
121548  -40.425  37.287  24.346 0.0000000000
121532  -40.004  37.966  25.134 0.0000000000
123290  -40.116  39.193  26.011 0.0000000000
123277  -40.217  39.876  26.430 0.0000000000
124047  -40.609  40.668  26.877 0.0000000000
124758  -40.975  41.541  27.818 0.0000000000
124026  -42.443  41.270  27.722 0.0000000000
124759  -41.873  41.434  27.847 0.0000000000
124745  -41.327  41.378  28.206 0.0000000000
123253  -42.158  40.099  28.461 0.0000000000
122432  -41.584  39.214  28.483 0.0000000000
121513  -41.966  38.129  28.369 0.0000000000
120638  -43.430  37.060  28.720 0.0000000000
120639  -43.980  37.061  28.929 0.0000000000
120630  -44.682  36.673  29.599 0.0000000000
121516  -45.153  38.156  28.754 0.0000000000
121504  -44.935  37.326  29.151 0.0000000000
120618  -45.116  36.293  30.183 0.0000000000
119811  -45.597  35.819  30.682 0.0000000000
119799  -46.863  35.307  31.090 0.0000000000
118978  -47.473  34.660  31.063 0.0000000000
123284  -47.137  39.225  26.793 0.0000000000
122447  -46.940  38.624  27.629 0.0000000000
121519  -46.875  37.658  28.251 0.0000000000
120645  -47.761  36.528  27.759 0.0000000000
120640  -47.369  36.548  28.594 0.0000000000
120633  -47.247  36.555  29.676 0.0000000000
119814  -47.893  35.168  30.016 0.0000000000
118990  -47.853  34.863  30.497 0.0000000000
118050  -48.248  33.650  30.528 0.0000000000
116216  -49.295  31.361  29.256 0.0000000000
115463  -49.610  30.419  29.126 0.0000000000
115483  -49.821  30.027  28.545 0.0000000000
114714  -50.662  29.329  28.336 0.0000000000
114727  -51.235  28.664  27.234 0.0000000000
113981  -50.405  28.851  26.772 0.0000000000
113975  -50.013  28.494  27.018 0.0000000000
114724  -49.540  29.890  26.956 0.0000000000
114719  -49.632  29.021  27.001 0.0000000000
113250  -49.632  28.152  27.393 0.0000000000
113243  -49.115  27.755  27.776 0.0000000000
113242  -48.214  27.772  28.295 0.0000000000
118105  -48.733  33.072  26.635 0.0000000000
116263  -48.229  31.353  27.480 0.0000000000
117133  -47.509  32.201  27.646 0.0000000000
115487  -47.925  30.871  27.784 0.0000000000
115481  -48.054  29.940  28.104 0.0000000000
113241  -47.242  27.671  28.675 0.0000000000
113240  -46.001  27.594  29.007 0.0000000000
113960  -44.707  28.435  29.356 0.0000000000
119051  -46.478  34.859  22.744 0.0000000000
119877  -45.781  35.126  23.721 0.0000000000
119041  -45.175  34.854  24.222 0.0000000000
119040  -44.388  34.150  24.070 0.0000000000
119030  -44.519  34.572  24.972 0.0000000000
119017  -44.733  34.715  25.841 0.0000000000
117130  -44.034  33.063  27.841 0.0000000000
118076  -41.886  33.084  26.596 0.0000000000
118077  -42.448  33.364  26.780 0.0000000000
117104  -44.247  32.264  28.296 0.0000000000
115461  -42.535  29.978  29.230 0.0000000000
109573  -51.353  23.611  29.118 0.0000000000
109597  -50.975  23.321  27.957 0.0000000000
110548  -50.998  23.657  29.361 0.0000000000
111441  -49.635  26.359  34.733 0.0000000000
111458  -51.354  25.932  33.453 0.0000000000
111474  -51.467  25.613  33.089 0.0000000000
111487  -51.821  25.470  32.227 0.0000000000
111517  -51.437  26.406  29.584 0.0000000000
112354  -47.828  25.899  34.102 0.0000000000
112365  -51.714  25.946  32.038 0.0000000000
112391  -51.529  26.691  29.244 0.0000000000
112392  -51.748  26.580  28.829 0.0000000000
113203  -50.775  27.752  30.221 0.0000000000
113253  -51.771  27.970  28.159 0.0000000000
113259  -51.733  26.990  27.649 0.0000000000
113891  -44.598  28.755  33.956 0.0000000000
113904  -44.586  28.713  33.338 0.0000000000
113933  -49.695  28.346  30.728 0.0000000000
113961  -45.342  28.596  29.263 0.0000000000
113974  -49.388  28.617  27.316 0.0000000000
113978  -51.910  27.798  28.025 0.0000000000
113984  -51.641  27.494  27.634 0.0000000000
114643  -44.321  28.839  33.803 0.0000000000
114687  -50.197  29.181  29.864 0.0000000000
114702  -45.039  28.912  29.292 0.0000000000
114704  -50.211  29.462  29.265 0.0000000000
114721  -51.155  28.848  27.889 0.0000000000
114753  -44.344  29.838  17.938 0.0000000000
114754  -44.858  30.037  18.105 0.0000000000
114755  -45.073  30.194  18.043 0.0000000000
114765  -45.050  29.994  17.822 0.0000000000
114774  -43.815  29.661  16.636 0.0000000000
114775  -44.334  29.761  16.748 0.0000000000
114779  -40.271  29.895  14.585 0.0000000000
114783  -43.705  29.782  16.201 0.0000000000
114784  -44.082  29.744  16.442 0.0000000000
114791  -40.326  30.096  14.118 0.0000000000
114816  -41.582  30.002  12.478 0.0000000000
114817  -41.942  29.756  12.602 0.0000000000
115429  -44.027  30.685  31.590 0.0000000000
115433  -47.505  30.299  30.691 0.0000000000
115462  -43.112  29.815  29.254 0.0000000000
115482  -49.645  30.545  28.614 0.0000000000
115495  -49.736  30.181  27.089 0.0000000000
115528  -44.243  30.721  18.940 0.0000000000
115531  -45.444  31.369  19.032 0.0000000000
115547  -43.900  30.204  18.400 0.0000000000
115550  -45.182  31.188  18.840 0.0000000000
115564  -44.801  30.207  17.297 0.0000000000
115565  -44.962  30.308  17.719 0.0000000000
115575  -44.287  30.430  16.267 0.0000000000
115588  -44.228  29.909  16.313 0.0000000000
115608  -40.406  30.467  13.283 0.0000000000
115609  -41.978  30.716  13.974 0.0000000000
115617  -42.418  30.477  12.623 0.0000000000
115618  -43.081  30.852  12.191 0.0000000000
115623  -42.333  30.902  11.787 0.0000000000
115624  -42.785  30.766  11.915 0.0000000000
116185  -47.596  32.164  30.846 0.0000000000
116197  -47.306  31.271  30.714 0.0000000000
116198  -47.825  31.682  30.673 0.0000000000
116313  -44.962  31.554  19.884 0.0000000000
116314  -45.623  31.695  19.888 0.0000000000
116315  -46.025  31.835  19.907 0.0000000000
116333  -44.613  31.204  19.397 0.0000000000
116354  -44.985  31.143  18.375 0.0000000000
116355  -45.338  31.430  18.787 0.0000000000
116365  -44.321  31.315  17.164 0.0000000000
116366  -44.656  31.177  17.422 0.0000000000
116367  -44.853  30.986  17.843 0.0000000000
116381  -42.270  31.406  16.096 0.0000000000
116383  -43.971  31.104  16.556 0.0000000000
116385  -44.728  30.771  17.158 0.0000000000
116395  -41.365  31.822  15.297 0.0000000000
116396  -41.925  31.182  15.222 0.0000000000
116397  -42.624  30.889  15.661 0.0000000000
116409  -41.642  31.263  14.217 0.0000000000
116425  -43.658  31.202  12.096 0.0000000000
116426  -44.203  31.605  11.965 0.0000000000
116432  -41.796  31.302  11.685 0.0000000000
117072  -47.606  32.790  31.034 0.0000000000
117073  -48.131  33.221  30.854 0.0000000000
117217  -39.260  33.131  21.372 0.0000000000
117218  -39.822  33.053  21.396 0.0000000000
117245  -46.336  32.220  19.983 0.0000000000
117246  -46.604  32.684  19.962 0.0000000000
117261  -44.089  31.588  19.824 0.0000000000
117275  -41.771  33.184  17.844 0.0000000000
117280  -45.241  31.717  18.473 0.0000000000
117289  -41.785  32.862  17.437 0.0000000000
117293  -44.793  31.509  18.018 0.0000000000
117294  -44.929  31.433  18.155 0.0000000000
117304  -41.049  32.376  15.646 0.0000000000
117321  -41.491  32.230  14.214 0.0000000000
117330  -42.381  31.832  13.033 0.0000000000
117331  -43.191  31.774  12.556 0.0000000000
117332  -43.884  31.898  12.362 0.0000000000
117344  -44.726  32.265  12.066 0.0000000000
117345  -45.228  32.754  12.046 0.0000000000
117352  -43.153  32.154  11.425 0.0000000000
117354  -44.840  32.568  11.778 0.0000000000
117355  -45.307  32.909  11.873 0.0000000000
118068  -48.735  33.085  28.391 0.0000000000
118069  -48.900  32.694  28.005 0.0000000000
118209  -46.150  33.595  20.272 0.0000000000
118210  -46.713  33.434  20.316 0.0000000000
118211  -46.937  33.113  20.351 0.0000000000
118221  -45.675  33.147  19.647 0.0000000000
118236  -44.249  32.920  19.157 0.0000000000
118271  -41.290  33.319  14.878 0.0000000000
118272  -41.777  33.773  14.372 0.0000000000
118284  -42.880  33.315  13.331 0.0000000000
118292  -42.256  32.420  13.327 0.0000000000
118296  -45.688  33.588  13.117 0.0000000000
118307  -44.194  32.138  12.351 0.0000000000
118308  -44.586  32.492  12.366 0.0000000000
118310  -46.126  33.649  13.029 0.0000000000
118318  -44.521  33.105  11.508 0.0000000000
118320  -45.556  33.259  12.172 0.0000000000
118979  -48.007  34.294  30.686 0.0000000000
118988  -43.924  35.045  30.912 0.0000000000
119070  -42.109  34.678  20.129 0.0000000000
119110  -40.563  34.637  17.173 0.0000000000
119140  -44.708  34.318  13.689 0.0000000000
119141  -45.551  34.369  13.749 0.0000000000
119142  -46.083  34.599  13.935 0.0000000000
119143  -46.400  34.815  14.016 0.0000000000
119155  -45.916  34.103  13.530 0.0000000000
119156  -46.331  34.390  13.555 0.0000000000
119166  -45.638  34.298  12.200 0.0000000000
119168  -46.399  34.061  12.876 0.0000000000
119179  -45.656  33.727  12.105 0.0000000000
119180  -46.013  33.715  12.407 0.0000000000
119798  -46.060  35.251  31.080 0.0000000000
119823  -43.633  35.961  29.759 0.0000000000
119831  -41.814  36.426  28.680 0.0000000000
119832  -42.216  36.371  28.760 0.0000000000
119906  -48.067  35.703  21.949 0.0000000000
119916  -43.537  34.885  20.940 0.0000000000
119917  -44.529  34.884  21.047 0.0000000000
119936  -39.816  36.075  18.016 0.0000000000
119950  -40.001  36.251  17.544 0.0000000000
119970  -40.949  35.242  15.740 0.0000000000
119972  -42.582  35.601  14.658 0.0000000000
119974  -46.632  35.895  14.701 0.0000000000
119983  -42.112  34.750  14.482 0.0000000000
119984  -42.842  35.084  14.333 0.0000000000
119988  -46.521  35.260  14.153 0.0000000000
120011  -45.142  34.936  12.216 0.0000000000
120013  -46.419  34.625  12.820 0.0000000000
120617  -44.306  36.084  29.986 0.0000000000
120628  -42.933  36.386  28.991 0.0000000000
120629  -43.822  36.460  29.412 0.0000000000
120631  -45.419  36.886  29.680 0.0000000000
120632  -45.959  37.078  29.696 0.0000000000
120637  -42.398  36.938  28.524 0.0000000000
120641  -47.804  35.905  28.160 0.0000000000
120661  -47.218  36.296  25.182 0.0000000000
120662  -47.478  36.280  25.218 0.0000000000
120674  -40.579  36.919  23.836 0.0000000000
120696  -43.866  36.467  23.062 0.0000000000
120716  -46.960  36.772  22.128 0.0000000000
120718  -48.191  36.297  22.322 0.0000000000
120729  -46.436  36.219  21.887 0.0000000000
120732  -48.206  36.030  21.872 0.0000000000
120775  -39.882  36.757  17.643 0.0000000000
120776  -40.266  36.586  17.144 0.0000000000
120802  -44.291  36.384  15.037 0.0000000000
120805  -46.727  36.345  14.940 0.0000000000
120817  -45.937  35.643  14.724 0.0000000000
120832  -46.508  35.618  13.848 0.0000000000
121496  -46.784  37.075  29.738 0.0000000000
121506  -46.264  37.370  29.266 0.0000000000
121523  -48.038  36.899  27.233 0.0000000000
121526  -47.937  37.419  26.841 0.0000000000
121531  -39.462  38.169  25.048 0.0000000000
121553  -46.190  37.764  24.305 0.0000000000
121569  -39.740  37.176  23.541 0.0000000000
121608  -47.166  36.913  21.933 0.0000000000
121609  -47.697  36.864  21.945 0.0000000000
121623  -38.780  38.095  20.081 0.0000000000
121638  -39.147  37.686  19.414 0.0000000000
121662  -39.777  37.427  17.904 0.0000000000
121672  -40.734  36.960  16.840 0.0000000000
121673  -41.466  37.373  16.480 0.0000000000
121677  -46.763  37.576  16.353 0.0000000000
121678  -47.478  37.802  16.356 0.0000000000
121679  -47.707  37.884  16.453 0.0000000000
121688  -41.562  36.873  15.960 0.0000000000
121694  -47.621  37.648  16.193 0.0000000000
121709  -46.790  36.733  14.978 0.0000000000
121726  -46.016  36.973  13.974 0.0000000000
122438  -46.617  38.330  28.208 0.0000000000
122453  -44.047  39.432  26.461 0.0000000000
122456  -48.056  37.574  26.433 0.0000000000
122460  -39.609  38.683  25.478 0.0000000000
122461  -40.517  38.575  25.684 0.0000000000
122462  -41.478  38.486  25.939 0.0000000000
122472  -38.521  38.487  24.430 0.0000000000
122484  -38.213  38.361  23.535 0.0000000000
122485  -47.734  38.165  23.750 0.0000000000
122505  -37.768  39.261  21.551 0.0000000000
122516  -38.539  38.701  20.391 0.0000000000
122526  -38.923  38.795  19.758 0.0000000000
122537  -39.682  38.227  18.551 0.0000000000
122539  -41.304  39.140  18.167 0.0000000000
122548  -40.220  38.146  17.912 0.0000000000
122549  -41.447  38.562  17.553 0.0000000000
122554  -47.145  38.914  17.103 0.0000000000
122555  -47.367  38.949  16.963 0.0000000000
122565  -42.292  38.224  16.756 0.0000000000
122566  -43.624  38.283  16.678 0.0000000000
122568  -46.145  38.171  16.802 0.0000000000
122585  -47.537  38.042  15.684 0.0000000000
122616  -45.593  37.640  14.029 0.0000000000
123256  -44.973  39.999  28.501 0.0000000000
123268  -46.653  39.490  27.428 0.0000000000
123276  -39.712  39.950  26.341 0.0000000000
123281  -44.466  40.094  26.776 0.0000000000
123282  -45.352  40.133  26.812 0.0000000000
123289  -39.373  39.614  26.026 0.0000000000
123323  -39.784  40.011  20.028 0.0000000000
123339  -40.522  39.838  19.380 0.0000000000
123349  -40.765  39.470  18.866 0.0000000000
123350  -41.595  39.712  18.644 0.0000000000
123352  -44.286  40.020  18.325 0.0000000000
123355  -47.050  40.165  18.050 0.0000000000
123369  -44.874  39.500  17.722 0.0000000000
123370  -45.971  39.531  17.671 0.0000000000
123372  -47.145  39.654  17.382 0.0000000000
123391  -47.353  39.036  16.850 0.0000000000
123411  -47.236  38.849  15.852 0.0000000000
123428  -45.983  38.580  14.766 0.0000000000
124006  -41.734  40.870  28.454 0.0000000000
124008  -43.648  40.764  28.508 0.0000000000
124010  -45.174  40.722  28.271 0.0000000000
124011  -45.725  40.536  28.034 0.0000000000
124025  -42.045  41.268  27.699 0.0000000000
124030  -45.833  40.427  27.584 0.0000000000
124049  -42.869  40.775  27.407 0.0000000000
124052  -45.570  40.450  27.342 0.0000000000
124065  -38.830  40.031  26.108 0.0000000000
124090  -40.920  40.994  19.910 0.0000000000
124103  -42.342  40.731  19.425 0.0000000000
124105  -44.377  41.017  19.375 0.0000000000
124107  -46.070  41.226  19.058 0.0000000000
124128  -47.140  40.710  18.136 0.0000000000
124149  -47.136  40.451  17.665 0.0000000000
124169  -46.300  40.236  16.658 0.0000000000
124170  -46.991  40.026  16.920 0.0000000000
124171  -47.180  39.682  17.101 0.0000000000
124746  -42.283  41.286  28.184 0.0000000000
124749  -44.699  41.097  28.294 0.0000000000
124750  -45.029  41.101  28.172 0.0000000000
124760  -42.820  41.485  27.967 0.0000000000
124761  -43.732  41.471  28.019 0.0000000000
124762  -44.516  41.318  28.072 0.0000000000
124763  -44.852  41.223  28.108 0.0000000000
124770  -39.425  40.814  26.820 0.0000000000
124771  -39.992  41.030  27.021 0.0000000000
124772  -40.801  41.243  27.400 0.0000000000
124773  -41.350  41.381  27.641 0.0000000000
124813  -39.979  41.688  20.882 0.0000000000
124814  -40.495  41.826  20.821 0.0000000000
124817  -39.173  40.804  20.649 0.0000000000
124818  -39.709  41.068  20.553 0.0000000000
124819  -40.650  41.445  20.478 0.0000000000
124820  -41.827  41.431  20.085 0.0000000000
124823  -45.053  42.326  20.434 0.0000000000
124824  -45.657  42.202  20.162 0.0000000000
124831  -42.744  41.217  19.757 0.0000000000
124832  -43.798  41.460  19.804 0.0000000000
124835  -46.345  41.669  19.183 0.0000000000
124851  -47.223  40.928  18.024 0.0000000000
124870  -46.290  41.585  17.870 0.0000000000
124871  -47.046  41.059  17.861 0.0000000000
125495  -40.625  42.294  21.141 0.0000000000
125496  -41.775  42.659  21.144 0.0000000000
125500  -45.280  43.389  21.470 0.0000000000
125511  -42.419  42.201  20.667 0.0000000000
125513  -44.599  42.637  20.916 0.0000000000
125526  -46.242  42.312  19.647 0.0000000000
125543  -46.317  42.271  18.839 0.0000000000
125544  -46.460  42.079  19.138 0.0000000000
125555  -46.116  42.124  18.413 0.0000000000
126206  -37.484  43.319  22.140 0.0000000000
126211  -42.782  43.985  22.267 0.0000000000
126212  -43.794  43.979  22.402 0.0000000000
126213  -44.613  44.064  22.334 0.0000000000
126224  -41.134  43.247  21.574 0.0000000000
126227  -44.345  43.491  21.948 0.0000000000
126228  -45.054  43.620  21.889 0.0000000000
126229  -45.414  43.762  21.554 0.0000000000
126236  -45.654  43.602  20.844 0.0000000000
126251  -46.145  42.832  19.992 0.0000000000
126960  -34.081  44.924  28.529 0.0000000000
126964  -30.162  44.105  28.452 0.0000000000
126965  -30.902  44.398  28.668 0.0000000000
126966  -31.602  44.616  28.680 0.0000000000
126968  -34.199  44.815  28.198 0.0000000000
126974  -30.686  44.665  27.843 0.0000000000
126976  -33.755  44.215  26.936 0.0000000000
126977  -34.270  44.704  27.461 0.0000000000
126983  -30.130  44.681  27.348 0.0000000000
127007  -41.055  45.127  23.077 0.0000000000
127010  -44.318  45.269  23.171 0.0000000000
127011  -44.477  45.290  22.914 0.0000000000
127022  -41.138  44.709  22.713 0.0000000000
127024  -43.291  44.616  22.790 0.0000000000
127027  -45.235  44.418  21.998 0.0000000000
127721  -32.612  44.968  28.919 0.0000000000
127723  -33.645  44.965  28.762 0.0000000000
127724  -33.977  44.936  28.682 0.0000000000
127731  -32.890  45.312  28.723 0.0000000000
127732  -33.602  45.575  28.698 0.0000000000
127734  -35.197  45.796  28.482 0.0000000000
127741  -31.655  45.107  27.949 0.0000000000
127744  -34.810  45.141  27.905 0.0000000000
127745  -35.259  45.640  28.175 0.0000000000
127753  -30.508  45.088  26.844 0.0000000000
127754  -31.583  45.543  26.879 0.0000000000
127755  -32.121  45.600  27.482 0.0000000000
127780  -44.271  46.166  24.253 0.0000000000
127791  -36.570  46.006  23.984 0.0000000000
127795  -41.316  45.587  23.476 0.0000000000
127797  -43.352  45.588  24.015 0.0000000000
127799  -44.445  45.778  23.503 0.0000000000
127807  -41.875  45.131  23.184 0.0000000000
127810  -44.955  44.776  22.254 0.0000000000
127815  -45.062  44.785  21.937 0.0000000000
128479  -33.759  46.003  28.601 0.0000000000
128481  -35.183  46.227  28.467 0.0000000000
128482  -35.734  46.519  28.319 0.0000000000
128490  -34.327  46.764  27.779 0.0000000000
128492  -36.150  46.592  28.121 0.0000000000
128501  -31.918  45.948  26.528 0.0000000000
128504  -34.424  47.303  27.027 0.0000000000
128505  -35.749  46.110  27.841 0.0000000000
128507  -36.921  47.117  27.228 0.0000000000
128508  -41.561  47.355  26.548 0.0000000000
128525  -36.479  46.638  26.791 0.0000000000
128528  -39.991  47.193  25.897 0.0000000000
128529  -40.447  47.189  25.926 0.0000000000
128541  -35.863  46.385  26.331 0.0000000000
128543  -37.417  47.088  25.493 0.0000000000
128545  -39.708  47.093  25.454 0.0000000000
128548  -43.004  46.677  25.074 0.0000000000
128550  -44.220  46.396  24.197 0.0000000000
128559  -38.835  46.678  24.414 0.0000000000
128562  -41.992  46.187  24.175 0.0000000000
128563  -43.382  46.868  23.760 0.0000000000
128565  -44.377  46.245  23.684 0.0000000000
129261  -35.703  46.886  28.353 0.0000000000
129268  -35.627  47.468  27.878 0.0000000000
129271  -38.838  48.115  27.505 0.0000000000
129274  -41.570  47.777  27.223 0.0000000000
129275  -42.048  47.908  27.149 0.0000000000
129285  -33.267  47.051  26.243 0.0000000000
129288  -35.508  48.031  27.155 0.0000000000
129293  -41.332  47.544  26.781 0.0000000000
129294  -42.060  47.799  26.805 0.0000000000
129311  -37.965  47.414  26.649 0.0000000000
129313  -39.821  47.330  26.239 0.0000000000
129314  -40.813  47.403  26.455 0.0000000000
129315  -41.239  47.375  26.506 0.0000000000
129316  -42.539  47.675  25.974 0.0000000000
129317  -43.042  47.187  25.211 0.0000000000
129324  -39.282  47.283  25.880 0.0000000000
129329  -43.304  47.079  24.571 0.0000000000
129336  -43.400  47.023  24.154 0.0000000000
130075  -39.466  48.692  27.830 0.0000000000
130097  -34.498  48.954  26.296 0.0000000000
130099  -35.876  48.678  27.078 0.0000000000
130100  -36.279  48.659  27.305 0.0000000000
130120  -33.389  48.958  25.709 0.0000000000
130126  -41.906  48.703  26.167 0.0000000000
130127  -42.311  48.349  26.137 0.0000000000
130135  -41.801  48.399  25.472 0.0000000000
130879  -35.360  49.826  26.888 0.0000000000
130880  -35.879  49.718  27.064 0.0000000000
130899  -34.922  49.643  26.343 0.0000000000
130900  -35.154  49.483  26.611 0.0000000000
130901  -35.935  49.112  26.990 0.0000000000
131660  -35.049  50.022  27.078 0.0000000000
131671  -35.175  49.910  26.664 0.0000000000
131682  -34.895  49.965  26.272 0.0000000000
141896  -52.573  24.000  27.828 0.0000000000
141897  -52.031  25.376  28.945 0.0000000000
141898  -52.518  24.229  28.033 0.0000000000
141899  -52.530  23.891  27.615 0.0000000000
141900  -52.074  25.822  28.616 0.0000000000
