#!ascii label  , from subject 3027 vox2ras=TkReg
1008
59458  -39.532  -20.335  55.322 0.0000000000
50643  -20.765  -28.684  58.432 0.0000000000
57150  -29.894  -23.324  54.946 0.0000000000
86820  -43.416  2.399  39.910 0.0000000000
89431  -49.817  5.264  35.041 0.0000000000
50591  -11.594  -28.709  62.576 0.0000000000
83176  -40.379  -0.160  42.604 0.0000000000
65000  -41.207  -15.602  53.750 0.0000000000
57165  -34.830  -22.810  54.865 0.0000000000
50618  -15.629  -28.256  59.875 0.0000000000
48559  -16.207  -31.459  63.692 0.0000000000
60586  -34.886  -19.037  50.584 0.0000000000
65025  -36.359  -15.767  51.778 0.0000000000
53735  -25.118  -26.479  55.937 0.0000000000
61640  -30.012  -17.756  52.795 0.0000000000
72388  -38.032  -9.361  43.850 0.0000000000
76027  -40.714  -6.155  42.311 0.0000000000
80772  -43.527  -3.007  39.718 0.0000000000
43343  -9.710  -35.528  65.233 0.0000000000
41440  -5.899  -37.491  67.998 0.0000000000
67329  -32.245  -14.187  51.950 0.0000000000
71088  -30.793  -11.919  49.115 0.0000000000
68629  -34.075  -12.056  45.678 0.0000000000
45381  -12.853  -34.155  63.835 0.0000000000
49647  -20.843  -29.718  61.068 0.0000000000
50624  -23.422  -29.208  59.820 0.0000000000
58414  -37.060  -21.392  54.795 0.0000000000
52664  -18.579  -26.204  58.674 0.0000000000
50631  -18.039  -28.424  58.895 0.0000000000
49620  -18.117  -30.151  60.625 0.0000000000
61644  -34.301  -17.718  53.802 0.0000000000
61676  -32.676  -18.720  51.241 0.0000000000
75994  -36.404  -6.256  44.442 0.0000000000
73587  -38.880  -8.094  42.794 0.0000000000
78354  -37.688  -4.412  43.440 0.0000000000
81986  -40.914  -1.643  40.670 0.0000000000
83205  -43.040  -0.601  38.935 0.0000000000
82025  -45.679  -1.764  38.668 0.0000000000
84400  -44.655  0.367  37.911 0.0000000000
85581  -46.154  1.577  37.086 0.0000000000
66107  -34.458  -15.296  54.453 0.0000000000
66146  -35.014  -14.723  51.544 0.0000000000
68556  -31.541  -13.529  54.110 0.0000000000
72303  -29.688  -9.824  51.188 0.0000000000
74722  -30.178  -8.510  48.312 0.0000000000
69842  -32.848  -12.807  47.842 0.0000000000
73524  -31.953  -8.683  46.973 0.0000000000
72346  -33.974  -8.183  46.053 0.0000000000
53768  -27.636  -25.569  55.397 0.0000000000
47514  -10.286  -31.719  63.759 0.0000000000
48576  -11.337  -30.836  62.687 0.0000000000
38385  -7.118  -40.345  68.277 0.0000000000
37281  -5.447  -40.606  69.326 0.0000000000
81960  -38.605  -1.851  44.348 0.0000000000
67305  -40.529  -13.050  53.173 0.0000000000
58388  -31.797  -22.740  54.994 0.0000000000
50604  -13.347  -28.244  60.849 0.0000000000
48596  -13.586  -30.671  61.622 0.0000000000
48616  -15.969  -30.478  61.115 0.0000000000
89450  -50.452  5.210  33.921 0.0000000000
59500  -37.058  -19.860  52.201 0.0000000000
61665  -38.587  -18.171  52.250 0.0000000000
62758  -36.477  -17.370  51.686 0.0000000000
52678  -21.021  -26.309  57.064 0.0000000000
51645  -23.539  -27.807  57.691 0.0000000000
53751  -22.465  -24.935  55.714 0.0000000000
55915  -24.795  -22.527  54.504 0.0000000000
58404  -27.223  -21.375  53.504 0.0000000000
62707  -27.068  -17.917  54.113 0.0000000000
59481  -29.069  -20.586  52.653 0.0000000000
58432  -31.486  -21.378  52.240 0.0000000000
59498  -35.104  -21.270  52.466 0.0000000000
69906  -39.382  -12.295  45.535 0.0000000000
80759  -39.672  -2.808  41.684 0.0000000000
78389  -42.565  -4.811  41.160 0.0000000000
85588  -47.651  1.660  36.332 0.0000000000
43333  -7.595  -35.632  66.345 0.0000000000
40412  -9.146  -39.062  67.622 0.0000000000
65028  -38.959  -15.601  51.482 0.0000000000
67334  -37.961  -13.895  51.865 0.0000000000
68558  -35.900  -12.513  51.843 0.0000000000
69774  -30.132  -11.821  53.003 0.0000000000
69788  -31.404  -12.922  50.686 0.0000000000
71022  -34.763  -11.996  51.148 0.0000000000
71092  -35.761  -12.096  50.100 0.0000000000
68594  -36.167  -13.290  48.956 0.0000000000
68633  -37.560  -13.160  46.540 0.0000000000
69903  -36.064  -11.078  44.848 0.0000000000
73561  -35.542  -7.821  45.103 0.0000000000
51620  -25.701  -27.982  59.862 0.0000000000
46393  -9.096  -32.548  65.305 0.0000000000
44353  -10.830  -34.380  64.250 0.0000000000
46432  -14.104  -32.909  63.333 0.0000000000
36275  -4.328  -41.291  69.322 0.0000000000
50633  -20.273  -29.422  59.507 0.0000000000
50623  -22.468  -29.377  60.296 0.0000000000
50635  -22.558  -29.164  59.093 0.0000000000
59457  -38.449  -20.826  55.372 0.0000000000
51642  -20.125  -27.483  57.799 0.0000000000
51640  -18.332  -27.097  58.449 0.0000000000
50642  -19.617  -28.393  58.431 0.0000000000
49663  -19.277  -29.580  59.673 0.0000000000
77184  -36.152  -5.035  45.444 0.0000000000
77200  -37.325  -5.323  43.611 0.0000000000
78348  -37.047  -4.247  44.208 0.0000000000
85548  -42.712  1.602  41.355 0.0000000000
84379  -42.276  0.595  40.096 0.0000000000
84380  -42.829  1.075  39.772 0.0000000000
83222  -43.595  -0.207  38.529 0.0000000000
86829  -43.566  2.053  38.836 0.0000000000
86830  -44.303  2.512  38.112 0.0000000000
67301  -33.144  -14.113  54.710 0.0000000000
74677  -30.440  -6.863  49.864 0.0000000000
73506  -31.365  -8.008  47.637 0.0000000000
74725  -31.939  -6.924  47.974 0.0000000000
73508  -33.490  -7.241  47.436 0.0000000000
55916  -28.375  -24.117  54.750 0.0000000000
54828  -29.281  -25.356  55.840 0.0000000000
55907  -29.917  -24.395  55.859 0.0000000000
49544  -10.943  -29.683  63.500 0.0000000000
49568  -11.642  -29.732  62.473 0.0000000000
88147  -49.329  3.331  34.583 0.0000000000
37282  -6.462  -41.287  69.146 0.0000000000
63812  -42.124  -16.635  54.991 0.0000000000
66111  -41.353  -14.698  53.549 0.0000000000
58409  -32.584  -22.536  54.299 0.0000000000
57138  -34.267  -23.245  56.395 0.0000000000
51617  -16.342  -26.697  59.632 0.0000000000
52635  -15.232  -26.407  60.230 0.0000000000
52621  -13.716  -25.832  61.416 0.0000000000
50617  -15.025  -28.269  60.173 0.0000000000
49616  -14.177  -29.338  60.844 0.0000000000
49617  -15.219  -29.348  60.501 0.0000000000
48602  -19.436  -30.427  62.278 0.0000000000
48601  -18.599  -30.582  62.147 0.0000000000
59515  -36.043  -19.852  51.278 0.0000000000
60570  -37.045  -18.895  51.255 0.0000000000
61699  -35.852  -18.499  50.908 0.0000000000
54813  -20.630  -23.973  57.194 0.0000000000
53732  -22.157  -25.719  56.179 0.0000000000
54824  -21.955  -23.926  55.874 0.0000000000
55914  -24.143  -22.471  54.979 0.0000000000
57148  -24.857  -21.413  55.166 0.0000000000
55925  -25.929  -22.946  53.955 0.0000000000
59465  -25.463  -20.077  54.551 0.0000000000
62710  -30.175  -17.151  54.477 0.0000000000
62728  -28.535  -17.637  53.525 0.0000000000
60536  -27.639  -19.441  53.014 0.0000000000
60548  -29.189  -18.997  52.346 0.0000000000
59483  -30.537  -21.162  52.463 0.0000000000
60550  -30.622  -19.577  51.560 0.0000000000
60584  -33.768  -18.899  50.723 0.0000000000
59512  -33.111  -20.471  51.331 0.0000000000
59514  -35.315  -20.290  51.412 0.0000000000
59499  -36.272  -20.416  52.138 0.0000000000
71165  -38.970  -11.319  44.764 0.0000000000
71166  -40.200  -11.579  45.042 0.0000000000
72389  -39.137  -9.604  43.826 0.0000000000
76008  -39.844  -6.489  42.550 0.0000000000
73589  -40.916  -8.570  43.055 0.0000000000
81972  -39.294  -1.174  43.630 0.0000000000
81979  -38.727  -2.318  42.766 0.0000000000
81980  -39.089  -1.693  42.410 0.0000000000
80771  -42.695  -2.693  40.042 0.0000000000
79582  -41.742  -3.239  40.499 0.0000000000
79584  -43.278  -3.541  40.192 0.0000000000
78390  -43.623  -4.849  40.862 0.0000000000
85582  -46.995  1.547  36.751 0.0000000000
88114  -47.504  3.091  36.687 0.0000000000
88115  -47.998  3.646  36.593 0.0000000000
44323  -8.126  -34.086  65.999 0.0000000000
44310  -7.468  -34.395  67.153 0.0000000000
43341  -8.235  -35.505  65.799 0.0000000000
41450  -9.698  -38.201  67.231 0.0000000000
39421  -9.404  -40.135  68.928 0.0000000000
63843  -37.621  -16.590  51.060 0.0000000000
62761  -38.979  -16.856  51.592 0.0000000000
65026  -37.049  -15.808  51.220 0.0000000000
66135  -33.088  -14.748  52.262 0.0000000000
67347  -36.689  -14.431  51.315 0.0000000000
67332  -36.223  -13.789  51.329 0.0000000000
68572  -36.863  -13.109  52.019 0.0000000000
68570  -34.813  -13.098  51.464 0.0000000000
71021  -30.101  -10.262  53.591 0.0000000000
71087  -30.072  -11.020  49.574 0.0000000000
69800  -30.094  -11.728  51.115 0.0000000000
69802  -31.674  -12.550  50.228 0.0000000000
69790  -33.991  -12.491  50.839 0.0000000000
71067  -33.155  -12.496  49.982 0.0000000000
71042  -35.084  -11.716  50.853 0.0000000000
71090  -33.428  -12.567  49.512 0.0000000000
69858  -33.228  -12.703  46.714 0.0000000000
69843  -34.050  -13.445  48.005 0.0000000000
68604  -34.971  -13.602  47.330 0.0000000000
68606  -36.941  -13.180  48.226 0.0000000000
68632  -36.537  -12.956  46.103 0.0000000000
69877  -37.346  -12.532  45.561 0.0000000000
69875  -35.214  -11.317  45.314 0.0000000000
73527  -34.702  -7.326  46.796 0.0000000000
72377  -35.243  -8.864  44.929 0.0000000000
73541  -35.510  -6.908  46.519 0.0000000000
52667  -24.057  -27.205  57.235 0.0000000000
51633  -24.341  -28.015  58.640 0.0000000000
52669  -25.791  -27.270  57.902 0.0000000000
46429  -11.254  -32.865  63.130 0.0000000000
45379  -10.981  -33.788  63.836 0.0000000000
45380  -11.997  -34.155  64.000 0.0000000000
47548  -15.227  -31.636  62.196 0.0000000000
47546  -13.608  -31.602  62.180 0.0000000000
47517  -15.355  -32.053  64.116 0.0000000000
49597  -20.716  -30.278  62.114 0.0000000000
49625  -21.879  -30.124  62.029 0.0000000000
50595  -23.597  -29.325  62.413 0.0000000000
50609  -24.595  -28.848  61.108 0.0000000000
58392  -36.019  -21.999  54.974 0.0000000000
57140  -36.240  -22.830  56.221 0.0000000000
52653  -18.345  -25.772  59.277 0.0000000000
51629  -17.452  -27.387  58.897 0.0000000000
50630  -17.237  -28.395  59.286 0.0000000000
49642  -16.660  -29.320  60.110 0.0000000000
49644  -18.630  -29.818  60.083 0.0000000000
49622  -19.743  -30.055  61.093 0.0000000000
61678  -34.579  -18.031  51.464 0.0000000000
61664  -35.655  -17.609  52.529 0.0000000000
61619  -31.251  -17.372  54.417 0.0000000000
60551  -31.099  -18.961  51.657 0.0000000000
61643  -33.316  -17.652  53.321 0.0000000000
73576  -37.425  -8.417  43.623 0.0000000000
73577  -38.479  -8.654  43.195 0.0000000000
74803  -37.499  -7.028  43.334 0.0000000000
76007  -38.764  -6.491  42.870 0.0000000000
77215  -39.580  -5.414  42.316 0.0000000000
83183  -40.433  -0.549  41.300 0.0000000000
83184  -40.970  -0.276  40.828 0.0000000000
83203  -41.794  -0.751  39.724 0.0000000000
81999  -43.090  -2.073  39.708 0.0000000000
82001  -44.594  -2.535  38.997 0.0000000000
83206  -44.051  -0.977  38.605 0.0000000000
83207  -45.026  -1.050  38.486 0.0000000000
83225  -46.332  -0.589  37.854 0.0000000000
85580  -45.364  1.455  37.373 0.0000000000
86831  -44.944  2.776  37.747 0.0000000000
43336  -10.736  -36.016  65.476 0.0000000000
43335  -10.044  -36.569  65.936 0.0000000000
43328  -10.959  -37.018  66.834 0.0000000000
65024  -35.784  -15.562  52.281 0.0000000000
66147  -35.471  -15.139  51.661 0.0000000000
66123  -34.354  -15.322  53.306 0.0000000000
66121  -32.706  -14.788  52.969 0.0000000000
66134  -32.471  -14.592  52.576 0.0000000000
73438  -29.614  -8.925  52.504 0.0000000000
73457  -29.995  -7.791  51.560 0.0000000000
73488  -29.771  -8.930  49.501 0.0000000000
71106  -30.215  -10.977  48.771 0.0000000000
71108  -31.580  -12.267  48.326 0.0000000000
72334  -30.866  -10.080  47.503 0.0000000000
71121  -31.958  -10.797  46.854 0.0000000000
72356  -32.668  -10.341  46.066 0.0000000000
71137  -34.429  -10.280  45.453 0.0000000000
72345  -33.319  -8.823  46.244 0.0000000000
53755  -27.072  -25.948  55.773 0.0000000000
52684  -26.588  -27.047  57.259 0.0000000000
53737  -27.497  -26.641  56.635 0.0000000000
47515  -10.572  -31.506  63.334 0.0000000000
46430  -12.139  -32.892  62.891 0.0000000000
40404  -6.955  -38.623  67.702 0.0000000000
41431  -5.670  -37.620  69.242 0.0000000000
39420  -6.036  -39.119  68.780 0.0000000000
38361  -5.443  -39.493  69.347 0.0000000000
38360  -5.067  -39.700  69.349 0.0000000000
68547  -39.903  -12.232  53.711 0.0000000000
58370  -30.487  -22.984  55.012 0.0000000000
57134  -30.563  -23.609  55.792 0.0000000000
51590  -12.971  -26.953  61.768 0.0000000000
51589  -12.516  -27.741  62.064 0.0000000000
49593  -12.390  -29.621  61.748 0.0000000000
49594  -13.300  -29.446  61.192 0.0000000000
48597  -14.670  -31.048  61.571 0.0000000000
48598  -15.743  -31.297  61.808 0.0000000000
48617  -16.930  -30.503  61.281 0.0000000000
48599  -16.703  -31.058  62.011 0.0000000000
48560  -16.880  -31.223  63.867 0.0000000000
89449  -49.923  4.568  34.149 0.0000000000
59472  -38.153  -20.054  54.493 0.0000000000
60543  -38.865  -18.897  53.708 0.0000000000
60554  -38.008  -18.875  52.125 0.0000000000
61681  -37.467  -18.190  51.297 0.0000000000
63842  -36.837  -16.581  51.407 0.0000000000
62757  -36.100  -17.593  52.238 0.0000000000
63835  -36.390  -16.532  52.141 0.0000000000
65018  -36.228  -15.920  52.698 0.0000000000
66108  -35.277  -15.491  54.763 0.0000000000
51655  -20.861  -27.091  57.450 0.0000000000
51644  -22.449  -28.202  57.928 0.0000000000
52679  -21.883  -26.469  56.719 0.0000000000
52680  -22.792  -26.540  56.626 0.0000000000
53734  -24.009  -26.240  55.855 0.0000000000
54826  -23.336  -23.220  55.213 0.0000000000
53764  -24.085  -24.715  54.869 0.0000000000
53765  -24.997  -24.880  54.601 0.0000000000
53766  -26.037  -24.995  54.604 0.0000000000
55926  -27.040  -23.192  53.990 0.0000000000
57164  -28.537  -22.807  54.100 0.0000000000
61599  -25.933  -18.264  55.467 0.0000000000
60535  -26.668  -19.428  53.440 0.0000000000
59467  -27.832  -21.070  53.276 0.0000000000
58406  -29.294  -22.115  53.366 0.0000000000
58407  -30.281  -22.128  53.285 0.0000000000
58422  -31.153  -21.766  52.728 0.0000000000
58424  -33.351  -22.040  53.604 0.0000000000
59511  -32.132  -20.438  51.397 0.0000000000
59496  -32.625  -21.189  51.836 0.0000000000
58425  -34.378  -21.978  53.703 0.0000000000
58427  -35.955  -21.556  53.889 0.0000000000
59471  -37.316  -20.826  54.364 0.0000000000
52666  -20.231  -26.266  57.502 0.0000000000
72399  -40.556  -9.303  43.529 0.0000000000
79540  -38.024  -3.563  43.244 0.0000000000
79551  -38.678  -3.640  42.588 0.0000000000
78367  -39.876  -4.610  41.994 0.0000000000
80760  -40.544  -2.633  41.092 0.0000000000
78387  -40.943  -4.042  41.185 0.0000000000
78369  -41.794  -5.075  41.552 0.0000000000
77238  -42.743  -5.496  41.498 0.0000000000
85597  -48.527  1.963  35.498 0.0000000000
88128  -48.463  3.476  35.693 0.0000000000
89420  -49.177  5.146  36.133 0.0000000000
43327  -6.914  -34.978  67.212 0.0000000000
42424  -6.476  -36.307  67.389 0.0000000000
42432  -9.476  -37.402  66.587 0.0000000000
41458  -8.486  -37.553  66.720 0.0000000000
41448  -7.438  -37.635  67.091 0.0000000000
39428  -7.884  -39.596  67.888 0.0000000000
61649  -39.314  -18.326  53.397 0.0000000000
62734  -39.906  -17.351  53.393 0.0000000000
65010  -39.974  -15.556  52.879 0.0000000000
66149  -37.352  -14.995  51.294 0.0000000000
66151  -38.755  -14.928  51.616 0.0000000000
66126  -39.926  -14.840  52.725 0.0000000000
67320  -39.238  -13.455  52.722 0.0000000000
68560  -37.773  -12.542  52.921 0.0000000000
69764  -37.177  -12.176  52.878 0.0000000000
68555  -30.609  -12.846  54.129 0.0000000000
67328  -31.206  -13.782  52.241 0.0000000000
71039  -30.028  -10.784  51.647 0.0000000000
69787  -30.349  -12.601  51.074 0.0000000000
68581  -32.112  -13.443  51.292 0.0000000000
69775  -33.376  -12.951  51.131 0.0000000000
69762  -35.608  -12.266  51.706 0.0000000000
69822  -33.735  -12.916  48.975 0.0000000000
69823  -35.117  -13.012  49.362 0.0000000000
69878  -38.473  -12.893  46.000 0.0000000000
69905  -38.185  -11.983  45.131 0.0000000000
71163  -36.738  -10.390  44.588 0.0000000000
71161  -35.102  -10.023  45.166 0.0000000000
72378  -36.076  -9.418  44.577 0.0000000000
72386  -36.321  -8.798  44.244 0.0000000000
74788  -36.252  -7.078  44.703 0.0000000000
75985  -35.893  -5.900  45.335 0.0000000000
51632  -23.415  -28.420  58.511 0.0000000000
51619  -24.766  -28.280  59.620 0.0000000000
52656  -26.938  -27.118  59.259 0.0000000000
45364  -8.846  -33.485  65.318 0.0000000000
46394  -9.670  -32.620  64.633 0.0000000000
45365  -9.552  -33.503  64.702 0.0000000000
44341  -10.625  -34.913  64.614 0.0000000000
44324  -11.195  -35.594  65.011 0.0000000000
48595  -12.746  -30.803  61.891 0.0000000000
47532  -13.469  -32.320  62.604 0.0000000000
46431  -13.245  -33.105  63.012 0.0000000000
36277  -5.837  -42.490  69.597 0.0000000000
36276  -5.031  -41.852  69.475 0.0000000000
37261  -4.361  -39.698  69.527 0.0000000000
60516  -40.011  -19.453  54.920 0.0000000000
50634  -21.539  -29.283  59.367 0.0000000000
50644  -21.835  -28.711  58.492 0.0000000000
77194  -36.553  -5.226  44.438 0.0000000000
78340  -37.031  -4.039  45.408 0.0000000000
85556  -42.921  1.658  40.466 0.0000000000
85561  -43.134  1.506  39.441 0.0000000000
55917  -29.144  -23.995  54.897 0.0000000000
55906  -29.366  -24.603  55.465 0.0000000000
55918  -29.902  -23.809  55.364 0.0000000000
50574  -11.168  -28.618  63.205 0.0000000000
88130  -49.309  4.103  34.770 0.0000000000
88148  -49.758  3.787  34.300 0.0000000000
65001  -41.960  -15.697  54.087 0.0000000000
58410  -33.898  -22.746  54.584 0.0000000000
58390  -33.730  -23.021  55.402 0.0000000000
57152  -34.435  -22.965  55.565 0.0000000000
51616  -15.879  -27.263  59.685 0.0000000000
51615  -15.231  -27.505  60.012 0.0000000000
51602  -14.625  -27.275  60.369 0.0000000000
49640  -15.426  -28.749  60.190 0.0000000000
49641  -15.898  -29.041  60.184 0.0000000000
60568  -35.458  -19.520  50.860 0.0000000000
60569  -36.242  -19.115  50.905 0.0000000000
60587  -35.548  -18.915  50.648 0.0000000000
54823  -21.287  -23.991  56.369 0.0000000000
58384  -24.803  -20.204  56.178 0.0000000000
59464  -25.142  -20.335  55.305 0.0000000000
58402  -25.258  -20.870  54.742 0.0000000000
62729  -29.523  -17.471  53.569 0.0000000000
62709  -28.936  -17.140  54.363 0.0000000000
61639  -29.098  -17.966  52.842 0.0000000000
61657  -28.946  -18.654  52.577 0.0000000000
61658  -29.525  -18.471  52.311 0.0000000000
60549  -29.586  -19.453  51.979 0.0000000000
61659  -30.493  -18.437  51.973 0.0000000000
61697  -34.388  -18.589  50.826 0.0000000000
60567  -34.597  -19.696  50.859 0.0000000000
71178  -38.526  -10.317  44.233 0.0000000000
76009  -40.917  -6.989  42.520 0.0000000000
76028  -41.738  -6.642  42.281 0.0000000000
83163  -39.670  -0.817  43.449 0.0000000000
83175  -39.633  -0.790  42.969 0.0000000000
79568  -43.911  -4.236  40.455 0.0000000000
88103  -47.080  3.525  37.294 0.0000000000
44339  -8.576  -34.550  65.354 0.0000000000
44338  -8.344  -35.083  65.578 0.0000000000
43342  -8.933  -35.656  65.524 0.0000000000
67330  -33.743  -14.155  51.598 0.0000000000
67331  -35.055  -14.159  51.250 0.0000000000
68571  -35.906  -13.128  51.710 0.0000000000
68569  -33.255  -13.404  51.382 0.0000000000
71065  -30.668  -12.035  49.856 0.0000000000
71066  -31.814  -12.423  49.718 0.0000000000
69803  -32.615  -12.585  50.218 0.0000000000
71089  -32.001  -12.368  49.003 0.0000000000
68615  -34.043  -12.573  46.130 0.0000000000
69859  -34.163  -13.264  46.828 0.0000000000
68616  -34.847  -12.920  46.429 0.0000000000
68617  -35.761  -13.323  46.714 0.0000000000
68631  -35.518  -12.583  45.802 0.0000000000
68630  -34.649  -12.211  45.716 0.0000000000
52682  -24.536  -26.823  56.673 0.0000000000
52668  -24.896  -27.242  57.502 0.0000000000
52683  -25.535  -26.990  56.900 0.0000000000
45393  -12.071  -33.635  63.306 0.0000000000
45392  -11.428  -33.566  63.495 0.0000000000
45367  -12.811  -34.469  64.760 0.0000000000
48578  -15.787  -31.548  62.880 0.0000000000
47534  -15.242  -31.895  62.967 0.0000000000
48558  -15.730  -31.721  63.589 0.0000000000
42418  -5.793  -36.098  68.419 0.0000000000
62692  -41.302  -17.401  54.765 0.0000000000
49623  -20.496  -29.987  61.374 0.0000000000
49598  -21.459  -30.266  62.421 0.0000000000
49624  -21.349  -29.943  61.560 0.0000000000
50608  -23.683  -29.364  61.085 0.0000000000
58393  -36.805  -21.837  55.199 0.0000000000
57154  -36.395  -22.337  55.565 0.0000000000
53719  -19.300  -25.427  58.933 0.0000000000
50641  -18.653  -27.992  58.507 0.0000000000
51639  -17.874  -26.958  58.693 0.0000000000
49661  -17.801  -28.900  59.342 0.0000000000
49643  -17.584  -29.402  59.847 0.0000000000
49662  -18.385  -29.233  59.430 0.0000000000
49664  -19.850  -29.699  59.998 0.0000000000
49645  -19.478  -29.907  60.343 0.0000000000
49596  -19.960  -30.284  61.839 0.0000000000
61662  -33.896  -17.755  52.350 0.0000000000
61663  -34.923  -17.644  52.517 0.0000000000
61641  -31.145  -17.545  53.100 0.0000000000
60539  -33.697  -17.729  53.940 0.0000000000
74789  -36.906  -7.288  43.799 0.0000000000
74790  -37.677  -7.786  43.320 0.0000000000
76006  -37.850  -6.330  43.249 0.0000000000
77201  -38.259  -5.425  43.038 0.0000000000
77202  -39.053  -5.799  42.676 0.0000000000
77214  -38.849  -5.129  42.605 0.0000000000
84364  -40.885  0.325  41.769 0.0000000000
84372  -41.355  0.405  40.875 0.0000000000
84388  -42.606  0.034  39.344 0.0000000000
83192  -41.855  -0.177  39.925 0.0000000000
83204  -42.262  -0.440  39.462 0.0000000000
82022  -42.634  -1.278  39.368 0.0000000000
82023  -43.697  -1.689  39.095 0.0000000000
84399  -43.852  0.461  38.396 0.0000000000
83223  -44.381  -0.336  38.243 0.0000000000
84401  -45.643  0.346  37.466 0.0000000000
85571  -44.852  1.007  37.649 0.0000000000
88081  -44.660  3.451  38.619 0.0000000000
66137  -35.160  -15.387  52.614 0.0000000000
67300  -32.246  -13.867  54.494 0.0000000000
67318  -32.804  -14.627  53.802 0.0000000000
67317  -32.029  -14.412  53.296 0.0000000000
74704  -30.039  -8.220  48.845 0.0000000000
74676  -29.988  -7.861  49.724 0.0000000000
72325  -29.999  -9.986  49.142 0.0000000000
72333  -30.338  -10.102  48.277 0.0000000000
73505  -30.514  -8.935  47.845 0.0000000000
72343  -31.569  -9.863  46.948 0.0000000000
72344  -32.438  -9.674  46.431 0.0000000000
71134  -32.419  -10.898  46.328 0.0000000000
72357  -33.101  -9.949  45.895 0.0000000000
73525  -32.881  -8.183  46.764 0.0000000000
53767  -26.943  -25.367  55.015 0.0000000000
54815  -30.051  -25.786  57.020 0.0000000000
54814  -29.447  -26.079  56.557 0.0000000000
48557  -10.610  -30.756  63.375 0.0000000000
47530  -11.216  -31.861  62.915 0.0000000000
47531  -12.296  -31.983  62.512 0.0000000000
39427  -6.663  -39.426  68.170 0.0000000000
40403  -6.178  -38.517  68.400 0.0000000000
38373  -5.676  -40.124  69.112 0.0000000000
39409  -5.266  -39.762  69.223 0.0000000000
37280  -5.005  -40.253  69.220 0.0000000000
67306  -41.345  -13.450  53.479 0.0000000000
68548  -40.949  -12.602  53.670 0.0000000000
58387  -30.822  -22.527  54.574 0.0000000000
58371  -31.172  -22.988  55.492 0.0000000000
58372  -32.000  -23.126  56.005 0.0000000000
51601  -13.878  -27.105  60.951 0.0000000000
50593  -12.644  -28.382  61.541 0.0000000000
48615  -14.961  -30.326  61.112 0.0000000000
49619  -17.220  -29.966  60.639 0.0000000000
48618  -17.834  -30.534  61.324 0.0000000000
48581  -18.195  -30.720  63.137 0.0000000000
48600  -17.606  -30.823  62.165 0.0000000000
48580  -17.261  -31.016  63.045 0.0000000000
60527  -37.806  -19.762  53.644 0.0000000000
60541  -37.685  -19.551  52.621 0.0000000000
61680  -36.568  -18.214  51.165 0.0000000000
60571  -37.617  -18.741  51.573 0.0000000000
62759  -37.195  -17.412  51.168 0.0000000000
62746  -35.970  -17.355  52.874 0.0000000000
65009  -37.145  -15.951  54.027 0.0000000000
63826  -36.587  -16.505  53.323 0.0000000000
65008  -36.287  -15.718  53.917 0.0000000000
65007  -35.859  -15.638  53.570 0.0000000000
51656  -21.671  -27.273  57.294 0.0000000000
53733  -23.089  -25.870  56.074 0.0000000000
53752  -23.396  -25.163  55.268 0.0000000000
54838  -24.163  -23.515  54.685 0.0000000000
54839  -25.591  -23.915  54.354 0.0000000000
57162  -26.529  -22.164  53.705 0.0000000000
57163  -27.649  -22.533  53.782 0.0000000000
62708  -27.895  -17.400  54.262 0.0000000000
62666  -27.283  -16.983  56.076 0.0000000000
62687  -27.131  -17.266  54.980 0.0000000000
62665  -26.409  -17.489  55.758 0.0000000000
62706  -26.566  -18.165  54.339 0.0000000000
60522  -25.833  -19.284  53.965 0.0000000000
61636  -26.387  -18.767  53.755 0.0000000000
59480  -28.173  -20.387  52.964 0.0000000000
59468  -28.674  -21.289  53.037 0.0000000000
59469  -29.434  -21.483  52.921 0.0000000000
59494  -31.039  -20.941  52.084 0.0000000000
58423  -32.252  -21.968  53.286 0.0000000000
58433  -32.042  -21.595  52.385 0.0000000000
61660  -31.757  -18.379  51.869 0.0000000000
60564  -31.543  -19.532  51.367 0.0000000000
61675  -32.073  -19.012  51.295 0.0000000000
59513  -34.237  -20.512  51.358 0.0000000000
59497  -33.710  -21.280  51.975 0.0000000000
58435  -34.067  -21.778  52.867 0.0000000000
58436  -34.738  -21.736  53.117 0.0000000000
58426  -35.344  -21.678  53.526 0.0000000000
59484  -35.573  -21.385  53.122 0.0000000000
59486  -37.062  -20.258  53.064 0.0000000000
59485  -36.199  -21.113  53.444 0.0000000000
53730  -20.452  -25.241  57.341 0.0000000000
53720  -20.010  -25.197  58.303 0.0000000000
69907  -40.581  -12.280  46.012 0.0000000000
71180  -40.818  -10.768  44.606 0.0000000000
73578  -39.253  -9.098  43.359 0.0000000000
73588  -39.667  -8.618  42.956 0.0000000000
80733  -38.051  -2.720  45.127 0.0000000000
80738  -37.677  -3.029  44.566 0.0000000000
80739  -37.936  -2.676  43.909 0.0000000000
80749  -38.991  -2.825  42.404 0.0000000000
80748  -38.432  -2.819  43.008 0.0000000000
79552  -39.446  -3.708  42.038 0.0000000000
78366  -39.099  -4.501  42.337 0.0000000000
81985  -39.955  -1.657  41.439 0.0000000000
79566  -42.069  -3.932  40.725 0.0000000000
79565  -41.191  -3.499  40.906 0.0000000000
78388  -41.550  -4.339  41.167 0.0000000000
78368  -40.770  -4.597  41.604 0.0000000000
78370  -42.337  -5.305  41.507 0.0000000000
77240  -44.331  -5.486  41.218 0.0000000000
82002  -45.558  -2.411  39.006 0.0000000000
84416  -46.675  0.496  37.104 0.0000000000
84427  -47.987  1.153  36.081 0.0000000000
85589  -48.163  1.714  35.896 0.0000000000
89419  -48.565  4.337  36.032 0.0000000000
89429  -48.615  3.988  35.451 0.0000000000
43332  -6.916  -35.773  66.930 0.0000000000
42430  -7.397  -36.586  66.721 0.0000000000
42433  -10.285  -37.231  66.599 0.0000000000
40413  -9.802  -38.762  67.722 0.0000000000
41459  -9.103  -37.848  66.889 0.0000000000
41449  -8.674  -38.231  67.055 0.0000000000
40411  -8.072  -38.797  67.365 0.0000000000
39434  -8.435  -39.244  67.635 0.0000000000
38387  -8.988  -40.358  68.824 0.0000000000
61648  -38.809  -18.352  52.874 0.0000000000
61666  -38.977  -18.073  52.713 0.0000000000
63845  -39.039  -16.326  51.476 0.0000000000
62749  -39.230  -17.471  52.324 0.0000000000
63836  -39.461  -16.376  51.922 0.0000000000
63828  -39.919  -16.339  52.946 0.0000000000
65019  -39.682  -15.555  52.287 0.0000000000
66148  -36.418  -15.135  51.328 0.0000000000
67348  -37.385  -14.310  51.486 0.0000000000
66139  -38.506  -14.464  51.712 0.0000000000
66140  -39.231  -14.732  52.013 0.0000000000
67335  -38.813  -13.954  52.207 0.0000000000
67336  -39.508  -14.116  52.443 0.0000000000
68559  -36.705  -12.510  52.368 0.0000000000
71003  -29.955  -11.143  53.721 0.0000000000
69759  -29.828  -12.117  53.783 0.0000000000
68554  -30.272  -12.541  53.275 0.0000000000
67315  -30.659  -13.211  52.916 0.0000000000
68567  -30.315  -12.635  52.510 0.0000000000
72289  -29.762  -9.612  52.319 0.0000000000
69801  -30.532  -12.280  50.435 0.0000000000
68580  -30.906  -13.284  51.201 0.0000000000
68582  -32.924  -13.135  51.124 0.0000000000
69789  -32.903  -12.804  50.776 0.0000000000
69777  -35.352  -12.037  51.531 0.0000000000
71005  -36.168  -11.996  52.007 0.0000000000
71069  -35.509  -11.722  50.528 0.0000000000
69841  -31.808  -12.257  47.797 0.0000000000
69821  -32.611  -12.592  48.621 0.0000000000
69844  -35.220  -13.612  48.409 0.0000000000
68619  -37.708  -13.209  47.581 0.0000000000
68607  -37.883  -12.966  48.489 0.0000000000
68620  -38.559  -12.985  47.874 0.0000000000
68634  -38.522  -13.175  47.064 0.0000000000
69879  -39.698  -12.956  46.920 0.0000000000
69876  -36.253  -12.136  45.229 0.0000000000
69904  -37.061  -11.629  44.750 0.0000000000
71164  -37.832  -10.972  44.518 0.0000000000
72358  -33.802  -9.437  45.709 0.0000000000
72359  -34.488  -8.805  45.459 0.0000000000
72385  -35.740  -8.564  44.580 0.0000000000
73574  -35.998  -7.920  44.555 0.0000000000
74776  -35.828  -6.627  45.595 0.0000000000
51634  -25.111  -27.707  59.147 0.0000000000
51604  -25.078  -28.423  60.553 0.0000000000
52685  -27.650  -27.079  57.669 0.0000000000
52670  -26.759  -27.209  58.296 0.0000000000
52671  -27.704  -27.065  58.594 0.0000000000
57117  -31.225  -24.183  56.845 0.0000000000
47500  -9.699  -31.536  64.581 0.0000000000
45378  -10.198  -33.567  64.217 0.0000000000
44352  -10.160  -34.220  64.444 0.0000000000
44342  -11.433  -35.018  64.595 0.0000000000
49569  -12.154  -30.282  61.969 0.0000000000
47533  -14.554  -32.382  62.971 0.0000000000
35232  -4.768  -42.196  69.365 0.0000000000
37268  -4.790  -40.351  69.300 0.0000000000
50621  -20.628  -29.592  60.228 0.0000000000
50622  -21.269  -29.579  60.631 0.0000000000
59456  -37.726  -20.934  55.068 0.0000000000
52665  -19.419  -26.231  58.003 0.0000000000
51641  -19.049  -27.255  58.134 0.0000000000
50632  -19.034  -28.890  59.029 0.0000000000
60525  -34.189  -17.821  54.757 0.0000000000
75995  -37.023  -6.257  43.743 0.0000000000
84373  -42.065  1.165  41.219 0.0000000000
85555  -42.439  1.318  40.767 0.0000000000
84389  -43.043  0.516  39.098 0.0000000000
85569  -43.508  1.169  38.749 0.0000000000
85570  -44.141  1.313  38.133 0.0000000000
86821  -43.938  3.071  39.247 0.0000000000
66106  -33.586  -14.996  54.143 0.0000000000
68544  -32.606  -13.399  55.338 0.0000000000
74723  -30.493  -7.938  48.181 0.0000000000
74724  -31.114  -7.291  48.297 0.0000000000
73507  -32.463  -7.572  47.391 0.0000000000
74726  -33.040  -6.748  47.895 0.0000000000
54841  -28.179  -24.884  55.027 0.0000000000
54827  -28.613  -25.414  55.555 0.0000000000
54842  -29.008  -24.704  55.301 0.0000000000
54829  -29.893  -25.001  56.425 0.0000000000
86860  -49.109  2.594  34.732 0.0000000000
86875  -49.618  2.646  34.271 0.0000000000
37298  -7.239  -41.020  68.680 0.0000000000
37297  -6.731  -40.736  68.640 0.0000000000
37270  -6.155  -42.019  69.522 0.0000000000
66112  -41.974  -14.723  54.063 0.0000000000
67322  -40.890  -13.907  53.032 0.0000000000
58389  -32.942  -23.053  55.499 0.0000000000
57151  -33.723  -23.001  55.911 0.0000000000
52637  -16.870  -26.107  59.717 0.0000000000
52636  -16.059  -26.139  59.977 0.0000000000
53692  -15.720  -25.348  60.549 0.0000000000
53691  -14.996  -25.420  60.713 0.0000000000
52622  -14.382  -26.098  60.712 0.0000000000
50605  -14.310  -28.287  60.494 0.0000000000
48619  -18.548  -30.395  61.302 0.0000000000
48582  -19.310  -30.523  63.154 0.0000000000
60553  -37.420  -19.321  51.803 0.0000000000
60552  -36.724  -19.624  51.518 0.0000000000
53731  -21.175  -25.271  56.528 0.0000000000
53750  -21.778  -24.789  56.080 0.0000000000
55904  -23.665  -22.264  55.593 0.0000000000
55905  -24.308  -21.776  55.545 0.0000000000
57161  -25.425  -21.806  54.109 0.0000000000
58403  -26.080  -20.993  53.776 0.0000000000
62689  -29.302  -16.829  55.360 0.0000000000
62727  -27.660  -17.951  53.604 0.0000000000
61637  -27.135  -18.504  53.460 0.0000000000
61638  -28.188  -18.437  52.911 0.0000000000
60537  -28.732  -19.481  52.566 0.0000000000
59482  -29.926  -21.079  52.672 0.0000000000
59492  -29.542  -20.344  52.282 0.0000000000
59493  -30.204  -20.492  51.964 0.0000000000
59509  -30.823  -20.314  51.659 0.0000000000
60565  -32.471  -19.618  51.086 0.0000000000
60566  -33.523  -19.465  50.827 0.0000000000
71179  -39.648  -10.595  44.393 0.0000000000
72390  -40.190  -9.907  44.037 0.0000000000
74805  -39.280  -7.479  42.711 0.0000000000
74806  -40.330  -7.694  42.619 0.0000000000
81971  -38.560  -2.007  43.316 0.0000000000
81987  -41.476  -2.126  40.363 0.0000000000
80770  -41.889  -2.630  40.231 0.0000000000
79583  -42.438  -3.384  40.334 0.0000000000
79567  -43.002  -4.061  40.740 0.0000000000
78391  -44.604  -4.889  40.752 0.0000000000
86842  -46.486  2.531  37.032 0.0000000000
86843  -47.223  2.513  36.677 0.0000000000
86849  -47.785  2.561  36.318 0.0000000000
44322  -7.974  -34.573  66.167 0.0000000000
39429  -9.090  -39.789  68.249 0.0000000000
62760  -38.325  -17.513  51.444 0.0000000000
62748  -38.730  -17.730  51.965 0.0000000000
63844  -38.511  -16.445  51.239 0.0000000000
65027  -37.952  -15.730  51.144 0.0000000000
67346  -35.810  -14.575  51.232 0.0000000000
68573  -37.574  -13.326  52.259 0.0000000000
71020  -30.013  -10.729  52.759 0.0000000000
72317  -29.721  -9.912  50.092 0.0000000000
71064  -30.031  -11.078  50.549 0.0000000000
71040  -33.416  -12.563  50.470 0.0000000000
71041  -34.226  -12.353  50.599 0.0000000000
71068  -34.406  -12.315  50.301 0.0000000000
71091  -34.661  -12.436  49.880 0.0000000000
69857  -32.326  -11.875  46.966 0.0000000000
68605  -35.994  -13.597  47.831 0.0000000000
68618  -36.772  -13.383  47.161 0.0000000000
72347  -34.456  -7.775  45.983 0.0000000000
73540  -35.148  -7.370  45.946 0.0000000000
74775  -35.667  -7.142  45.739 0.0000000000
51658  -23.335  -27.165  57.000 0.0000000000
51646  -24.393  -27.577  57.884 0.0000000000
52654  -25.054  -27.464  58.381 0.0000000000
46428  -10.640  -32.520  63.470 0.0000000000
46410  -10.264  -32.720  63.941 0.0000000000
46411  -10.859  -33.140  63.492 0.0000000000
44354  -11.517  -34.471  64.233 0.0000000000
45366  -12.175  -34.888  64.622 0.0000000000
47547  -14.486  -31.665  62.128 0.0000000000
63811  -41.458  -16.718  54.585 0.0000000000
63818  -40.932  -16.338  54.156 0.0000000000
49571  -20.844  -30.401  62.954 0.0000000000
49599  -22.202  -30.145  62.624 0.0000000000
50594  -22.957  -29.836  62.855 0.0000000000
50606  -21.669  -29.738  61.290 0.0000000000
50607  -22.370  -29.772  61.631 0.0000000000
57166  -35.255  -22.610  54.765 0.0000000000
52638  -17.384  -25.650  59.803 0.0000000000
52663  -18.123  -26.610  58.750 0.0000000000
52652  -17.769  -26.191  59.272 0.0000000000
52651  -17.160  -26.737  59.246 0.0000000000
51628  -16.660  -27.315  59.316 0.0000000000
51627  -16.258  -27.725  59.490 0.0000000000
50629  -16.522  -28.192  59.478 0.0000000000
50619  -16.258  -28.625  59.836 0.0000000000
50620  -16.845  -28.805  59.716 0.0000000000
49621  -18.966  -30.192  60.815 0.0000000000
49595  -19.214  -30.332  61.585 0.0000000000
61698  -35.148  -18.408  50.842 0.0000000000
62730  -30.325  -17.455  53.557 0.0000000000
61642  -32.341  -17.651  52.983 0.0000000000
61661  -32.898  -17.960  52.077 0.0000000000
61677  -33.654  -18.431  51.175 0.0000000000
72387  -37.094  -9.072  44.002 0.0000000000
74804  -38.299  -7.419  42.971 0.0000000000
76026  -40.117  -5.873  42.282 0.0000000000
83190  -40.921  -0.813  40.620 0.0000000000
84378  -41.706  0.094  40.273 0.0000000000
83191  -41.393  -0.508  40.248 0.0000000000
81997  -41.208  -1.144  40.297 0.0000000000
81998  -41.872  -1.609  39.952 0.0000000000
82000  -43.794  -2.558  39.299 0.0000000000
80773  -44.423  -3.242  39.412 0.0000000000
82024  -44.763  -1.751  38.781 0.0000000000
84415  -45.945  0.946  37.223 0.0000000000
85579  -44.661  1.687  37.698 0.0000000000
86840  -44.931  2.197  37.599 0.0000000000
86841  -45.586  2.556  37.399 0.0000000000
88101  -45.659  3.095  37.582 0.0000000000
66136  -34.310  -15.043  51.979 0.0000000000
66122  -33.424  -15.028  53.046 0.0000000000
73456  -29.579  -8.814  51.881 0.0000000000
73471  -29.677  -8.630  50.643 0.0000000000
73472  -30.022  -7.516  50.573 0.0000000000
71107  -30.912  -11.563  48.047 0.0000000000
69840  -31.437  -11.581  47.592 0.0000000000
69856  -31.766  -11.501  47.295 0.0000000000
73523  -31.175  -9.069  47.252 0.0000000000
69872  -32.776  -11.695  46.240 0.0000000000
69873  -33.471  -11.795  45.774 0.0000000000
69874  -34.251  -11.395  45.546 0.0000000000
71136  -33.663  -10.631  45.631 0.0000000000
73526  -33.791  -7.639  46.778 0.0000000000
73510  -35.370  -6.785  47.682 0.0000000000
53736  -26.290  -26.593  56.234 0.0000000000
52686  -28.302  -27.039  58.063 0.0000000000
53756  -28.315  -25.919  55.901 0.0000000000
53738  -28.947  -26.577  57.358 0.0000000000
48537  -10.653  -30.094  63.997 0.0000000000
48556  -10.292  -31.107  63.628 0.0000000000
47529  -10.754  -32.099  63.276 0.0000000000
45394  -12.774  -33.589  63.239 0.0000000000
48538  -16.449  -31.415  64.561 0.0000000000
40395  -5.776  -38.422  69.081 0.0000000000
39411  -5.779  -38.840  69.522 0.0000000000
38374  -6.262  -40.103  68.630 0.0000000000
38362  -5.990  -39.131  69.024 0.0000000000
38351  -5.502  -39.100  70.202 0.0000000000
80734  -39.159  -2.038  45.261 0.0000000000
81961  -39.513  -1.404  44.559 0.0000000000
81973  -39.803  -0.982  44.161 0.0000000000
83164  -40.148  -0.609  43.751 0.0000000000
69751  -39.303  -11.847  53.932 0.0000000000
57135  -31.490  -23.453  56.292 0.0000000000
57139  -35.214  -23.059  56.315 0.0000000000
51570  -12.302  -27.211  62.606 0.0000000000
50592  -12.101  -28.362  62.239 0.0000000000
49592  -11.849  -29.105  62.197 0.0000000000
48614  -14.129  -30.171  61.272 0.0000000000
49618  -16.294  -29.821  60.600 0.0000000000
48579  -16.432  -31.273  62.914 0.0000000000
60515  -38.981  -19.855  54.731 0.0000000000
60528  -38.544  -19.380  54.020 0.0000000000
60542  -38.457  -18.922  53.076 0.0000000000
61682  -38.020  -18.314  51.686 0.0000000000
61679  -35.660  -17.898  51.592 0.0000000000
62732  -36.407  -17.277  53.275 0.0000000000
62747  -36.273  -17.082  52.537 0.0000000000
65017  -35.806  -15.587  53.098 0.0000000000
66124  -35.393  -15.531  53.745 0.0000000000
51643  -21.269  -27.998  57.778 0.0000000000
51657  -22.604  -27.326  57.124 0.0000000000
52681  -23.638  -26.649  56.586 0.0000000000
55902  -22.313  -22.945  56.169 0.0000000000
54825  -22.731  -23.825  55.408 0.0000000000
53753  -24.541  -25.664  55.169 0.0000000000
53754  -25.859  -25.841  55.209 0.0000000000
54840  -26.800  -24.527  54.547 0.0000000000
54852  -26.555  -23.741  54.240 0.0000000000
54853  -27.448  -23.993  54.494 0.0000000000
54854  -28.028  -24.114  54.686 0.0000000000
55928  -28.736  -23.252  54.557 0.0000000000
57149  -29.162  -22.937  54.616 0.0000000000
60508  -25.575  -19.113  55.060 0.0000000000
59478  -26.230  -20.151  53.706 0.0000000000
58420  -26.750  -20.865  53.568 0.0000000000
59479  -27.162  -20.474  53.386 0.0000000000
58405  -28.342  -22.011  53.460 0.0000000000
58385  -29.075  -22.581  53.887 0.0000000000
58386  -29.869  -22.627  54.266 0.0000000000
58421  -30.422  -21.577  52.742 0.0000000000
58408  -31.457  -22.309  53.895 0.0000000000
60563  -31.070  -19.973  51.471 0.0000000000
59495  -31.765  -21.069  51.842 0.0000000000
58434  -33.005  -21.719  52.621 0.0000000000
58411  -34.993  -22.305  54.328 0.0000000000
58412  -35.730  -21.892  54.292 0.0000000000
58413  -36.512  -21.529  54.336 0.0000000000
59470  -36.681  -21.149  54.044 0.0000000000
72398  -39.758  -9.320  43.547 0.0000000000
79533  -37.485  -3.387  44.871 0.0000000000
79539  -37.512  -3.506  44.004 0.0000000000
78355  -38.381  -4.448  42.823 0.0000000000
77216  -40.378  -5.385  42.058 0.0000000000
83182  -39.678  -0.800  42.030 0.0000000000
80761  -41.278  -2.625  40.618 0.0000000000
79564  -40.386  -3.610  41.337 0.0000000000
79553  -40.051  -4.022  41.707 0.0000000000
77217  -41.286  -5.593  41.992 0.0000000000
77218  -42.263  -5.832  41.808 0.0000000000
77239  -43.410  -5.463  41.333 0.0000000000
86850  -48.267  2.667  35.882 0.0000000000
86859  -48.678  2.628  35.293 0.0000000000
88129  -48.857  3.525  35.042 0.0000000000
89430  -48.993  4.450  35.343 0.0000000000
43319  -6.670  -34.921  67.865 0.0000000000
43334  -8.737  -36.365  65.943 0.0000000000
42431  -8.245  -36.849  66.363 0.0000000000
42425  -9.928  -37.799  66.986 0.0000000000
41457  -7.888  -37.177  66.673 0.0000000000
38386  -8.227  -40.632  68.666 0.0000000000
60529  -39.276  -19.083  54.225 0.0000000000
63829  -40.463  -16.249  53.501 0.0000000000
65011  -40.584  -15.545  53.279 0.0000000000
66127  -40.594  -14.586  53.010 0.0000000000
67321  -40.101  -13.809  52.782 0.0000000000
68562  -39.742  -12.985  53.071 0.0000000000
67319  -38.352  -13.323  52.586 0.0000000000
68561  -38.938  -12.750  53.153 0.0000000000
68546  -38.781  -12.146  53.619 0.0000000000
69760  -30.112  -11.661  54.727 0.0000000000
67316  -31.308  -13.760  53.120 0.0000000000
67344  -31.654  -13.812  51.747 0.0000000000
69786  -30.188  -11.868  51.976 0.0000000000
68579  -30.367  -12.903  51.731 0.0000000000
67343  -31.141  -13.633  51.651 0.0000000000
68568  -32.542  -13.703  51.496 0.0000000000
69761  -35.037  -12.530  51.524 0.0000000000
69776  -34.352  -12.571  51.282 0.0000000000
69763  -36.758  -11.961  52.583 0.0000000000
69748  -37.263  -12.106  52.945 0.0000000000
70990  -37.628  -11.634  52.849 0.0000000000
72291  -36.595  -11.401  51.418 0.0000000000
71177  -37.500  -9.954  44.251 0.0000000000
69902  -35.536  -10.643  45.078 0.0000000000
71162  -35.829  -10.075  44.970 0.0000000000
72379  -36.761  -9.541  44.368 0.0000000000
73575  -36.614  -8.095  44.061 0.0000000000
77183  -35.913  -5.509  45.191 0.0000000000
51631  -22.826  -28.693  58.608 0.0000000000
50636  -23.286  -28.952  59.000 0.0000000000
51618  -23.983  -28.702  59.272 0.0000000000
51603  -24.337  -28.923  60.224 0.0000000000
52655  -25.944  -27.417  58.967 0.0000000000
52639  -26.439  -27.534  59.732 0.0000000000
51621  -26.434  -27.788  60.398 0.0000000000
51605  -25.889  -28.121  60.926 0.0000000000
57116  -30.469  -24.133  56.396 0.0000000000
55893  -30.447  -24.732  56.781 0.0000000000
45351  -8.197  -33.439  66.274 0.0000000000
44340  -9.639  -34.568  64.790 0.0000000000
47499  -9.231  -31.830  65.141 0.0000000000
43344  -10.395  -35.378  64.968 0.0000000000
44325  -11.986  -35.386  65.300 0.0000000000
48577  -11.998  -30.954  61.981 0.0000000000
47545  -12.828  -31.539  62.226 0.0000000000
46412  -13.383  -33.739  63.724 0.0000000000
47518  -15.937  -31.652  64.221 0.0000000000
46413  -14.027  -33.436  64.054 0.0000000000
37269  -5.571  -41.445  69.501 0.0000000000
35233  -5.351  -43.140  69.439 0.0000000000
37262  -4.612  -39.526  69.611 0.0000000000
36287  -3.942  -41.622  68.855 0.0000000000
37267  -4.076  -40.029  69.439 0.0000000000
38352  -5.636  -38.988  69.753 0.0000000000
38372  -5.216  -40.198  69.213 0.0000000000
39410  -5.478  -39.815  69.113 0.0000000000
39418  -4.881  -40.082  69.131 0.0000000000
39419  -5.387  -40.037  69.150 0.0000000000
39435  -8.641  -39.458  67.799 0.0000000000
41439  -5.820  -38.016  68.672 0.0000000000
43326  -6.639  -35.437  67.508 0.0000000000
44293  -6.580  -34.722  68.274 0.0000000000
45350  -8.078  -33.927  66.422 0.0000000000
49646  -20.330  -29.737  60.538 0.0000000000
50628  -16.056  -28.053  59.595 0.0000000000
50645  -22.417  -28.693  58.532 0.0000000000
51630  -18.033  -27.600  58.616 0.0000000000
53757  -29.067  -26.136  56.295 0.0000000000
54837  -23.490  -24.114  54.993 0.0000000000
55927  -28.128  -23.492  54.403 0.0000000000
57155  -36.815  -22.141  55.662 0.0000000000
58383  -24.932  -20.555  55.723 0.0000000000
58391  -35.556  -22.350  54.701 0.0000000000
58394  -37.559  -21.343  55.310 0.0000000000
58419  -26.552  -20.619  53.621 0.0000000000
59466  -27.421  -20.956  53.412 0.0000000000
59510  -31.373  -20.422  51.553 0.0000000000
60526  -34.623  -17.810  55.283 0.0000000000
60538  -29.212  -19.968  52.371 0.0000000000
60540  -33.873  -17.780  54.222 0.0000000000
60585  -34.174  -19.076  50.651 0.0000000000
61616  -26.130  -18.510  54.446 0.0000000000
61617  -26.621  -18.348  53.986 0.0000000000
61696  -33.981  -18.741  50.786 0.0000000000
62686  -26.478  -17.879  54.823 0.0000000000
62711  -30.732  -17.386  53.888 0.0000000000
62726  -27.284  -18.123  53.709 0.0000000000
62731  -36.027  -17.431  53.209 0.0000000000
66138  -37.892  -14.505  51.479 0.0000000000
66150  -38.246  -15.016  51.383 0.0000000000
67327  -30.638  -13.338  52.123 0.0000000000
67333  -37.103  -13.780  51.660 0.0000000000
67342  -30.704  -13.342  51.655 0.0000000000
67345  -35.297  -14.640  51.392 0.0000000000
68557  -35.349  -12.532  51.631 0.0000000000
68635  -39.058  -12.989  47.463 0.0000000000
69820  -31.964  -12.458  48.442 0.0000000000
71120  -31.368  -10.914  47.313 0.0000000000
71135  -32.929  -10.899  45.836 0.0000000000
73504  -29.995  -9.101  48.600 0.0000000000
74705  -30.482  -7.347  48.931 0.0000000000
74757  -35.549  -7.017  46.061 0.0000000000
74787  -35.926  -7.351  45.164 0.0000000000
77193  -36.070  -5.599  44.890 0.0000000000
79563  -39.880  -3.537  41.686 0.0000000000
80732  -37.711  -3.034  44.873 0.0000000000
82021  -42.064  -1.048  39.496 0.0000000000
83150  -40.479  -0.703  44.220 0.0000000000
84371  -40.861  0.015  41.173 0.0000000000
