#!ascii label  , from subject 3027 vox2ras=TkReg
292
70587  -30.203  -11.128  -6.240 0.0000000000
74286  -29.908  -8.624  -9.806 0.0000000000
90012  -27.294  4.594  -11.416 0.0000000000
85034  -28.770  0.245  -9.417 0.0000000000
80224  -32.310  -3.773  -9.665 0.0000000000
76641  -33.618  -7.064  -6.203 0.0000000000
92571  -26.520  6.429  -11.928 0.0000000000
81444  -30.494  -2.482  -9.677 0.0000000000
79057  -28.798  -4.550  -9.733 0.0000000000
71896  -30.206  -10.315  -8.158 0.0000000000
75495  -32.086  -8.080  -8.546 0.0000000000
73029  -31.543  -9.392  -6.992 0.0000000000
65729  -26.900  -15.227  -5.251 0.0000000000
69376  -28.642  -12.240  -7.894 0.0000000000
99588  -25.632  11.933  -14.000 0.0000000000
97301  -27.566  10.672  -13.535 0.0000000000
96139  -28.483  8.859  -11.762 0.0000000000
93745  -29.341  7.731  -10.758 0.0000000000
90006  -29.920  4.677  -9.227 0.0000000000
87460  -27.802  2.041  -10.598 0.0000000000
87447  -31.222  2.458  -9.087 0.0000000000
85037  -31.948  0.527  -9.658 0.0000000000
82658  -32.883  -1.353  -9.592 0.0000000000
81398  -34.057  -2.592  -7.836 0.0000000000
76722  -30.993  -6.602  -9.679 0.0000000000
77870  -33.065  -5.165  -8.353 0.0000000000
80240  -28.284  -3.541  -9.929 0.0000000000
79056  -27.632  -4.413  -10.120 0.0000000000
71875  -30.009  -10.756  -7.550 0.0000000000
73047  -30.787  -9.711  -7.878 0.0000000000
71852  -31.116  -9.892  -6.512 0.0000000000
63418  -26.028  -18.038  -1.866 0.0000000000
64528  -26.626  -16.549  -2.599 0.0000000000
64553  -26.880  -16.058  -2.959 0.0000000000
70633  -27.876  -11.876  -9.238 0.0000000000
69402  -27.340  -12.344  -8.716 0.0000000000
97291  -27.708  10.160  -12.857 0.0000000000
91314  -26.712  5.286  -11.959 0.0000000000
93743  -27.339  7.162  -11.238 0.0000000000
92552  -28.472  6.419  -10.501 0.0000000000
92554  -29.996  6.371  -10.027 0.0000000000
90004  -28.410  4.842  -10.385 0.0000000000
86208  -28.438  1.037  -9.505 0.0000000000
87446  -29.748  2.446  -8.885 0.0000000000
86210  -30.412  1.388  -8.869 0.0000000000
86211  -31.495  1.387  -9.347 0.0000000000
85036  -30.949  0.398  -9.275 0.0000000000
80222  -30.788  -3.230  -10.178 0.0000000000
82657  -31.972  -1.505  -9.823 0.0000000000
81446  -32.514  -2.682  -9.528 0.0000000000
81424  -33.960  -1.916  -8.306 0.0000000000
80205  -33.250  -3.528  -8.517 0.0000000000
75525  -29.294  -7.560  -9.759 0.0000000000
76734  -29.371  -6.227  -9.870 0.0000000000
75526  -30.709  -7.724  -9.547 0.0000000000
75479  -32.503  -7.626  -7.236 0.0000000000
76708  -32.328  -6.575  -8.658 0.0000000000
76693  -32.786  -6.487  -7.493 0.0000000000
78972  -33.879  -5.276  -6.882 0.0000000000
77825  -34.118  -5.895  -6.484 0.0000000000
66879  -27.587  -14.922  -4.182 0.0000000000
66900  -27.196  -14.788  -5.459 0.0000000000
66901  -27.993  -13.984  -5.271 0.0000000000
68123  -28.433  -13.306  -5.717 0.0000000000
82681  -28.228  -1.677  -9.756 0.0000000000
83843  -29.397  -0.560  -9.429 0.0000000000
81470  -29.017  -2.601  -9.679 0.0000000000
80221  -30.012  -3.123  -9.746 0.0000000000
80243  -30.939  -3.946  -10.320 0.0000000000
73090  -29.471  -9.819  -9.485 0.0000000000
74287  -30.553  -8.535  -9.584 0.0000000000
73071  -31.271  -8.925  -8.621 0.0000000000
73049  -31.897  -8.771  -7.454 0.0000000000
74235  -32.812  -8.177  -6.440 0.0000000000
65681  -27.213  -15.620  -3.456 0.0000000000
73089  -28.070  -9.674  -9.743 0.0000000000
71912  -29.237  -10.975  -9.543 0.0000000000
70614  -29.320  -11.433  -7.954 0.0000000000
69377  -29.193  -11.939  -7.283 0.0000000000
99607  -25.507  13.075  -15.537 0.0000000000
98458  -25.908  11.176  -12.872 0.0000000000
98465  -26.231  11.456  -13.805 0.0000000000
98467  -28.354  11.112  -13.992 0.0000000000
97303  -29.514  10.641  -13.146 0.0000000000
96153  -29.973  9.803  -11.819 0.0000000000
94908  -27.041  7.850  -11.911 0.0000000000
94910  -28.938  8.216  -11.215 0.0000000000
94911  -29.933  8.459  -10.851 0.0000000000
94897  -30.668  8.093  -10.260 0.0000000000
92555  -31.036  6.523  -9.758 0.0000000000
91269  -31.522  4.907  -9.325 0.0000000000
88752  -28.203  3.804  -10.712 0.0000000000
88738  -29.066  3.843  -9.739 0.0000000000
88726  -30.774  3.691  -9.263 0.0000000000
88727  -31.967  3.542  -9.317 0.0000000000
87463  -32.107  2.740  -9.464 0.0000000000
83861  -33.289  0.268  -9.672 0.0000000000
83845  -31.468  -0.530  -9.620 0.0000000000
83846  -32.555  -0.338  -9.752 0.0000000000
77901  -28.233  -5.393  -9.935 0.0000000000
79039  -30.341  -5.240  -9.769 0.0000000000
79040  -31.082  -5.124  -9.967 0.0000000000
75527  -31.444  -7.096  -9.495 0.0000000000
77868  -31.976  -5.943  -9.116 0.0000000000
79023  -32.631  -4.776  -9.060 0.0000000000
79024  -33.238  -4.250  -8.457 0.0000000000
80155  -35.001  -3.916  -6.613 0.0000000000
68158  -28.260  -12.863  -7.497 0.0000000000
69330  -28.971  -12.600  -6.257 0.0000000000
69331  -29.705  -11.906  -5.849 0.0000000000
71850  -30.094  -10.904  -6.982 0.0000000000
71851  -30.451  -10.590  -6.603 0.0000000000
71822  -30.693  -10.719  -5.944 0.0000000000
63419  -26.847  -17.815  -1.514 0.0000000000
63434  -26.256  -17.298  -2.135 0.0000000000
63435  -27.168  -17.012  -1.870 0.0000000000
91294  -27.254  5.378  -11.513 0.0000000000
92573  -27.735  6.215  -10.903 0.0000000000
91295  -27.866  5.583  -11.222 0.0000000000
91276  -28.419  5.547  -10.413 0.0000000000
90013  -27.911  4.707  -10.918 0.0000000000
85053  -28.113  0.496  -9.834 0.0000000000
86209  -29.081  1.466  -9.023 0.0000000000
85035  -29.829  0.355  -9.100 0.0000000000
80223  -31.646  -3.602  -10.116 0.0000000000
81422  -32.901  -3.021  -9.109 0.0000000000
80204  -32.880  -3.637  -9.119 0.0000000000
75480  -32.934  -7.551  -6.583 0.0000000000
76669  -32.588  -7.040  -7.327 0.0000000000
76670  -33.184  -6.455  -6.813 0.0000000000
76671  -33.840  -6.532  -6.354 0.0000000000
76642  -34.477  -6.745  -5.971 0.0000000000
81469  -27.771  -2.507  -10.118 0.0000000000
80241  -29.396  -3.727  -9.831 0.0000000000
80242  -30.295  -3.870  -10.037 0.0000000000
79058  -29.863  -4.582  -9.758 0.0000000000
73069  -29.846  -9.980  -8.904 0.0000000000
73091  -30.389  -9.149  -9.524 0.0000000000
73070  -30.480  -9.674  -8.640 0.0000000000
73048  -31.241  -9.234  -7.888 0.0000000000
74234  -32.413  -8.223  -7.059 0.0000000000
73030  -32.249  -9.056  -6.664 0.0000000000
74211  -32.668  -8.605  -6.314 0.0000000000
62296  -25.646  -18.618  -1.897 0.0000000000
66863  -27.823  -15.100  -3.561 0.0000000000
71911  -28.392  -10.615  -9.653 0.0000000000
69403  -28.218  -12.220  -8.672 0.0000000000
70634  -28.637  -11.790  -9.137 0.0000000000
70613  -28.822  -11.853  -8.551 0.0000000000
99587  -25.103  12.415  -13.730 0.0000000000
99594  -24.932  12.743  -14.883 0.0000000000
99595  -25.856  12.276  -14.717 0.0000000000
99608  -26.456  12.998  -15.747 0.0000000000
97290  -26.523  10.608  -12.908 0.0000000000
97300  -26.929  10.958  -13.593 0.0000000000
98477  -27.146  11.752  -14.589 0.0000000000
98466  -27.369  11.143  -14.124 0.0000000000
98478  -28.118  11.762  -14.474 0.0000000000
96151  -28.045  9.497  -12.297 0.0000000000
97292  -28.777  10.082  -12.730 0.0000000000
97293  -29.736  10.207  -12.488 0.0000000000
96152  -29.067  9.605  -12.076 0.0000000000
93742  -26.571  7.018  -11.785 0.0000000000
93744  -28.450  7.242  -10.757 0.0000000000
94909  -27.927  8.036  -11.444 0.0000000000
96140  -29.433  9.090  -11.445 0.0000000000
94896  -29.953  7.710  -10.484 0.0000000000
91277  -29.459  5.568  -9.879 0.0000000000
91278  -30.509  5.639  -9.541 0.0000000000
91279  -31.771  5.543  -9.558 0.0000000000
91268  -30.973  4.956  -9.221 0.0000000000
87459  -27.406  1.893  -10.870 0.0000000000
87478  -28.015  2.919  -10.718 0.0000000000
88753  -28.617  3.828  -10.309 0.0000000000
87479  -28.565  3.367  -10.275 0.0000000000
87462  -29.496  3.304  -9.121 0.0000000000
89998  -31.415  4.362  -9.207 0.0000000000
88740  -32.502  3.131  -9.589 0.0000000000
86212  -32.437  1.494  -9.553 0.0000000000
85038  -32.872  0.771  -9.645 0.0000000000
82655  -29.741  -1.692  -9.392 0.0000000000
83844  -30.403  -0.617  -9.375 0.0000000000
82656  -30.940  -1.578  -9.609 0.0000000000
83847  -33.440  -0.444  -9.567 0.0000000000
82659  -33.595  -1.137  -9.271 0.0000000000
81399  -35.091  -2.439  -7.450 0.0000000000
76721  -29.998  -6.503  -9.809 0.0000000000
77885  -30.141  -5.793  -9.877 0.0000000000
77886  -30.685  -5.849  -9.784 0.0000000000
75509  -31.197  -8.065  -9.304 0.0000000000
75510  -31.813  -7.878  -9.102 0.0000000000
77851  -32.713  -6.163  -8.206 0.0000000000
77869  -32.462  -5.909  -8.626 0.0000000000
79022  -32.093  -5.431  -9.232 0.0000000000
78973  -34.410  -4.849  -6.620 0.0000000000
79001  -34.264  -4.060  -7.181 0.0000000000
68140  -28.334  -13.112  -6.776 0.0000000000
68124  -29.236  -12.661  -5.500 0.0000000000
71876  -30.501  -10.159  -7.695 0.0000000000
73028  -30.861  -9.740  -7.231 0.0000000000
73010  -31.796  -9.662  -6.124 0.0000000000
71823  -31.173  -10.427  -5.821 0.0000000000
62297  -26.555  -18.637  -1.380 0.0000000000
64552  -26.373  -16.232  -3.508 0.0000000000
64529  -27.501  -16.208  -2.500 0.0000000000
70655  -27.609  -11.240  -9.554 0.0000000000
69375  -27.825  -12.719  -8.104 0.0000000000
98464  -25.564  11.877  -13.562 0.0000000000
96138  -27.483  8.714  -12.029 0.0000000000
92572  -26.977  6.333  -11.542 0.0000000000
93730  -28.846  6.758  -10.451 0.0000000000
93731  -29.436  7.046  -10.411 0.0000000000
92553  -29.080  6.297  -10.227 0.0000000000
90005  -28.924  4.845  -9.923 0.0000000000
86225  -28.065  1.347  -10.075 0.0000000000
87461  -28.648  2.487  -9.608 0.0000000000
87445  -29.116  2.157  -9.107 0.0000000000
81445  -31.402  -2.499  -9.979 0.0000000000
81447  -33.237  -1.934  -9.259 0.0000000000
81423  -33.348  -2.731  -8.641 0.0000000000
81397  -33.605  -2.909  -8.052 0.0000000000
75540  -29.187  -6.669  -9.874 0.0000000000
75496  -32.312  -7.726  -8.044 0.0000000000
75511  -32.294  -7.112  -8.681 0.0000000000
76692  -32.587  -6.629  -8.120 0.0000000000
77852  -33.011  -5.920  -7.790 0.0000000000
79000  -33.615  -4.821  -7.520 0.0000000000
77824  -33.498  -5.637  -7.048 0.0000000000
77826  -34.963  -5.567  -6.077 0.0000000000
77798  -34.695  -6.114  -6.097 0.0000000000
66899  -26.663  -15.152  -5.853 0.0000000000
68122  -27.624  -13.930  -5.922 0.0000000000
68139  -27.810  -13.632  -6.536 0.0000000000
68104  -28.576  -13.685  -4.874 0.0000000000
83860  -28.001  -0.516  -9.831 0.0000000000
83842  -28.744  -0.497  -9.567 0.0000000000
82654  -28.840  -1.131  -9.593 0.0000000000
81443  -29.836  -2.527  -9.495 0.0000000000
79060  -31.281  -4.411  -10.192 0.0000000000
74268  -31.039  -8.584  -9.208 0.0000000000
74269  -31.526  -8.483  -8.848 0.0000000000
74250  -31.787  -8.424  -8.293 0.0000000000
74251  -32.094  -8.279  -7.725 0.0000000000
75453  -33.440  -7.617  -6.046 0.0000000000
73011  -32.715  -9.314  -5.671 0.0000000000
61199  -25.259  -19.463  -1.702 0.0000000000
65728  -26.490  -15.458  -5.490 0.0000000000
65680  -26.627  -15.931  -3.806 0.0000000000
65705  -26.956  -15.342  -4.729 0.0000000000
74285  -28.729  -8.715  -9.789 0.0000000000
71895  -29.707  -10.539  -8.648 0.0000000000
70657  -28.962  -11.477  -9.398 0.0000000000
70635  -29.148  -11.373  -8.910 0.0000000000
70586  -29.797  -11.336  -6.791 0.0000000000
100673  -24.791  13.396  -14.207 0.0000000000
98457  -25.297  11.767  -12.659 0.0000000000
98476  -26.506  11.909  -14.574 0.0000000000
99596  -26.881  12.374  -15.062 0.0000000000
97302  -28.552  10.561  -13.395 0.0000000000
98468  -29.293  11.211  -13.686 0.0000000000
97304  -30.410  10.798  -12.866 0.0000000000
96154  -30.711  9.882  -11.693 0.0000000000
96141  -30.366  9.347  -11.252 0.0000000000
94912  -30.964  8.868  -10.759 0.0000000000
93733  -31.391  7.490  -9.957 0.0000000000
93732  -30.396  7.223  -10.097 0.0000000000
88751  -27.273  3.728  -11.252 0.0000000000
88737  -28.521  4.305  -10.346 0.0000000000
88739  -29.869  4.055  -9.016 0.0000000000
89997  -30.728  4.420  -9.097 0.0000000000
90007  -31.916  4.769  -9.387 0.0000000000
87448  -32.037  2.109  -9.413 0.0000000000
86227  -33.328  1.732  -9.687 0.0000000000
85054  -33.690  1.054  -9.673 0.0000000000
82637  -33.737  -1.648  -8.868 0.0000000000
76733  -28.760  -6.162  -9.951 0.0000000000
77902  -29.454  -5.569  -9.770 0.0000000000
79059  -30.645  -4.544  -10.064 0.0000000000
79041  -31.932  -4.681  -9.769 0.0000000000
76707  -31.956  -6.621  -9.142 0.0000000000
77887  -31.508  -5.842  -9.518 0.0000000000
79042  -32.480  -4.231  -9.476 0.0000000000
80179  -33.680  -3.498  -7.882 0.0000000000
80180  -34.565  -3.222  -7.215 0.0000000000
69345  -28.823  -12.516  -7.079 0.0000000000
69346  -29.305  -12.069  -6.651 0.0000000000
70559  -30.040  -11.377  -6.080 0.0000000000
70656  -28.482  -11.394  -9.557 0.0000000000
76723  -31.479  -6.545  -9.480 0.0000000000
82682  -28.941  -1.794  -9.545 0.0000000000
86226  -28.521  1.598  -9.519 0.0000000000
89999  -32.110  4.287  -9.375 0.0000000000
