#!ascii label  , from subject 3027 vox2ras=TkReg
1258
62102  23.709  -21.005  59.340 0.0000000000
71470  34.104  -12.484  68.915 0.0000000000
83968  41.537  -3.329  42.456 0.0000000000
70355  35.728  -14.532  55.791 0.0000000000
65351  39.278  -17.690  64.689 0.0000000000
89954  54.546  2.264  33.418 0.0000000000
79126  42.485  -7.168  44.896 0.0000000000
76718  37.310  -9.410  46.107 0.0000000000
57288  18.342  -25.597  57.841 0.0000000000
70193  29.467  -14.462  65.262 0.0000000000
67754  33.492  -16.235  63.176 0.0000000000
66613  26.857  -17.112  56.498 0.0000000000
88669  47.853  0.532  37.429 0.0000000000
62047  27.322  -20.330  64.730 0.0000000000
58350  22.076  -24.252  62.423 0.0000000000
87396  48.508  0.236  41.922 0.0000000000
55959  15.742  -24.284  63.512 0.0000000000
55938  10.749  -25.773  63.162 0.0000000000
76648  37.349  -9.671  52.549 0.0000000000
68994  36.273  -15.218  60.778 0.0000000000
60928  38.351  -21.512  60.361 0.0000000000
62073  35.084  -20.777  61.800 0.0000000000
79099  43.079  -7.606  46.275 0.0000000000
76745  39.949  -8.373  45.254 0.0000000000
75546  39.772  -9.027  47.395 0.0000000000
80304  45.701  -6.669  45.696 0.0000000000
59757  22.444  -23.012  56.155 0.0000000000
57354  20.327  -26.083  55.058 0.0000000000
57305  22.201  -24.516  57.905 0.0000000000
65412  27.075  -18.216  61.332 0.0000000000
68980  28.702  -15.489  61.251 0.0000000000
63269  25.002  -19.782  57.612 0.0000000000
63299  23.486  -20.344  55.217 0.0000000000
85152  41.801  -1.961  40.749 0.0000000000
83958  45.452  -3.624  43.499 0.0000000000
86273  44.936  -1.803  42.215 0.0000000000
86288  45.082  -0.711  40.468 0.0000000000
55910  21.000  -25.936  64.205 0.0000000000
139880  19.329  -25.594  62.926 0.0000000000
55888  17.448  -25.897  65.063 0.0000000000
57099  10.680  -25.546  68.633 0.0000000000
55893  12.318  -24.646  65.531 0.0000000000
54546  9.428  -26.405  65.537 0.0000000000
53299  7.948  -28.418  65.299 0.0000000000
53274  7.364  -28.509  67.759 0.0000000000
71585  38.711  -13.100  60.997 0.0000000000
67770  38.100  -16.208  62.659 0.0000000000
65409  38.027  -18.265  61.317 0.0000000000
62058  37.763  -20.032  62.298 0.0000000000
66570  32.148  -17.142  59.688 0.0000000000
64274  33.638  -18.753  62.704 0.0000000000
63253  32.874  -19.183  58.368 0.0000000000
60981  34.277  -21.239  57.698 0.0000000000
71700  35.993  -12.453  53.596 0.0000000000
72973  35.036  -11.868  50.901 0.0000000000
70392  34.607  -14.519  53.158 0.0000000000
89966  57.879  2.270  31.997 0.0000000000
89989  55.023  1.636  31.330 0.0000000000
81474  41.806  -5.323  43.647 0.0000000000
79146  39.498  -6.846  43.971 0.0000000000
81470  45.751  -5.383  44.326 0.0000000000
72772  32.215  -12.442  66.628 0.0000000000
68901  34.049  -15.124  66.310 0.0000000000
71546  32.066  -13.519  63.634 0.0000000000
70288  31.371  -14.841  60.078 0.0000000000
67867  29.125  -16.339  55.337 0.0000000000
88656  50.739  1.273  39.391 0.0000000000
88674  50.522  0.999  37.331 0.0000000000
89945  51.223  1.444  35.128 0.0000000000
88695  51.375  1.444  33.510 0.0000000000
62090  25.447  -20.226  61.407 0.0000000000
59681  22.496  -22.797  60.149 0.0000000000
60883  24.401  -21.903  63.992 0.0000000000
65353  28.221  -17.801  64.481 0.0000000000
88639  48.106  0.550  40.398 0.0000000000
57242  20.718  -25.373  59.905 0.0000000000
57246  17.012  -25.006  60.032 0.0000000000
55981  14.193  -25.404  60.023 0.0000000000
55891  14.816  -24.897  65.669 0.0000000000
57185  12.963  -24.646  63.562 0.0000000000
50898  5.259  -30.107  68.830 0.0000000000
77854  39.535  -8.418  50.719 0.0000000000
71669  36.887  -12.971  55.677 0.0000000000
71622  38.184  -12.822  58.678 0.0000000000
69050  35.659  -15.067  57.781 0.0000000000
66576  36.645  -17.971  59.296 0.0000000000
63234  38.939  -20.888  59.374 0.0000000000
59747  38.590  -22.359  57.243 0.0000000000
65317  35.175  -17.261  65.926 0.0000000000
62000  35.790  -19.710  64.955 0.0000000000
60851  37.529  -20.658  63.536 0.0000000000
59674  36.026  -21.847  60.663 0.0000000000
59750  36.280  -22.020  57.070 0.0000000000
75515  36.626  -10.083  49.434 0.0000000000
74284  34.756  -11.531  47.447 0.0000000000
77881  42.291  -7.744  47.736 0.0000000000
77899  40.966  -8.429  47.052 0.0000000000
77882  41.422  -8.149  48.223 0.0000000000
79098  44.010  -7.289  46.533 0.0000000000
60968  22.519  -21.381  57.417 0.0000000000
58449  22.358  -23.629  57.181 0.0000000000
59716  22.480  -22.894  58.299 0.0000000000
63239  25.806  -19.716  59.617 0.0000000000
64337  26.404  -18.969  59.296 0.0000000000
63255  24.937  -20.281  58.388 0.0000000000
62138  23.351  -20.600  57.094 0.0000000000
83974  41.980  -2.731  42.120 0.0000000000
83966  43.542  -3.263  42.951 0.0000000000
85136  45.006  -2.409  42.653 0.0000000000
85138  43.255  -2.493  42.418 0.0000000000
85144  42.955  -1.892  41.882 0.0000000000
57100  9.906  -25.770  68.699 0.0000000000
57117  10.793  -25.468  67.745 0.0000000000
55877  9.245  -26.387  66.892 0.0000000000
54547  9.117  -27.004  66.242 0.0000000000
54548  8.410  -27.462  66.769 0.0000000000
53273  7.780  -28.138  67.193 0.0000000000
68959  38.630  -15.427  62.775 0.0000000000
66516  38.516  -17.181  63.589 0.0000000000
65387  38.148  -18.776  63.045 0.0000000000
64273  38.585  -18.843  63.952 0.0000000000
68853  35.523  -13.994  68.854 0.0000000000
65467  31.693  -17.430  56.483 0.0000000000
64336  32.757  -18.623  58.754 0.0000000000
64364  32.437  -18.542  57.000 0.0000000000
63282  32.769  -19.235  56.663 0.0000000000
70379  35.981  -13.480  54.148 0.0000000000
71701  35.695  -12.894  53.319 0.0000000000
89941  54.379  2.160  34.360 0.0000000000
89929  56.157  2.361  34.960 0.0000000000
89939  56.351  2.300  34.062 0.0000000000
89952  56.587  2.210  33.113 0.0000000000
89969  54.792  2.148  32.414 0.0000000000
80329  42.293  -6.185  44.197 0.0000000000
80330  41.162  -6.093  43.971 0.0000000000
77937  41.003  -7.266  44.499 0.0000000000
76731  39.172  -9.002  45.778 0.0000000000
76747  37.958  -8.644  44.914 0.0000000000
76733  37.324  -9.139  45.350 0.0000000000
79125  43.622  -6.969  45.169 0.0000000000
81458  44.436  -5.994  44.382 0.0000000000
81472  43.911  -5.469  43.911 0.0000000000
57308  20.140  -25.272  57.031 0.0000000000
57289  17.047  -25.830  57.691 0.0000000000
71514  31.004  -12.853  65.701 0.0000000000
71523  32.792  -13.074  65.328 0.0000000000
71537  30.479  -13.648  64.036 0.0000000000
67827  27.797  -16.224  58.626 0.0000000000
70256  29.834  -14.428  61.036 0.0000000000
67826  28.769  -15.630  58.093 0.0000000000
67825  30.468  -15.741  57.895 0.0000000000
67869  27.663  -16.530  56.223 0.0000000000
66630  26.437  -17.165  55.492 0.0000000000
65454  37.059  -18.915  57.642 0.0000000000
88657  49.745  0.941  39.014 0.0000000000
88665  51.141  1.258  38.656 0.0000000000
88667  49.646  0.961  38.004 0.0000000000
88688  50.299  1.281  35.342 0.0000000000
88689  49.267  0.842  34.612 0.0000000000
89958  51.446  1.503  34.496 0.0000000000
63189  26.738  -20.065  63.832 0.0000000000
62064  25.047  -20.998  62.708 0.0000000000
62049  25.983  -20.929  63.981 0.0000000000
64259  28.047  -18.976  64.566 0.0000000000
63196  27.226  -19.216  63.404 0.0000000000
88637  49.721  0.914  40.932 0.0000000000
88632  48.393  0.454  41.168 0.0000000000
87410  44.901  -0.562  39.495 0.0000000000
59663  22.374  -23.491  61.539 0.0000000000
57240  22.188  -24.828  60.174 0.0000000000
57219  21.695  -25.273  61.277 0.0000000000
55957  17.570  -24.632  62.987 0.0000000000
55979  18.582  -25.150  62.120 0.0000000000
57200  16.647  -24.442  61.879 0.0000000000
57247  15.511  -25.347  59.841 0.0000000000
57201  15.713  -24.419  62.078 0.0000000000
55851  14.234  -24.960  67.295 0.0000000000
55916  11.763  -24.774  64.583 0.0000000000
55915  13.103  -24.592  64.586 0.0000000000
57186  11.845  -24.925  63.432 0.0000000000
57227  12.562  -25.193  61.746 0.0000000000
72932  37.339  -11.476  55.551 0.0000000000
70268  37.301  -14.231  60.607 0.0000000000
71602  38.041  -13.211  59.642 0.0000000000
70286  36.976  -13.853  59.794 0.0000000000
70328  36.914  -13.819  57.824 0.0000000000
69012  36.155  -14.903  59.910 0.0000000000
66577  36.052  -16.819  59.409 0.0000000000
66568  36.369  -17.027  60.508 0.0000000000
63205  38.204  -20.121  60.867 0.0000000000
64320  38.277  -19.776  60.111 0.0000000000
62098  38.670  -21.045  59.746 0.0000000000
60958  39.355  -22.000  58.404 0.0000000000
59706  38.886  -22.333  58.958 0.0000000000
67734  33.737  -15.687  65.144 0.0000000000
67709  34.557  -15.862  66.111 0.0000000000
66483  34.054  -17.102  64.461 0.0000000000
63186  34.165  -19.810  62.506 0.0000000000
63170  34.295  -19.407  63.306 0.0000000000
62045  35.138  -20.452  63.068 0.0000000000
60838  36.475  -20.218  64.322 0.0000000000
60876  36.099  -21.237  62.663 0.0000000000
59635  36.832  -21.676  62.094 0.0000000000
60913  35.620  -21.736  61.656 0.0000000000
62166  33.843  -20.994  55.826 0.0000000000
60980  34.960  -21.500  57.505 0.0000000000
76666  38.560  -9.074  51.260 0.0000000000
76689  38.524  -9.052  49.618 0.0000000000
75505  37.094  -9.724  50.953 0.0000000000
71719  34.210  -13.392  50.613 0.0000000000
72994  34.700  -12.183  49.599 0.0000000000
89987  57.295  2.119  31.122 0.0000000000
79112  42.803  -7.489  45.536 0.0000000000
77917  40.870  -7.945  44.860 0.0000000000
77907  41.497  -8.041  45.568 0.0000000000
76730  40.080  -8.850  45.972 0.0000000000
76704  38.564  -9.460  47.067 0.0000000000
79109  45.602  -6.776  46.136 0.0000000000
79111  43.831  -7.221  45.813 0.0000000000
58451  22.071  -24.302  55.821 0.0000000000
57331  21.636  -24.533  56.585 0.0000000000
57286  20.381  -25.345  58.119 0.0000000000
67755  28.335  -16.033  64.175 0.0000000000
68961  28.981  -14.822  62.678 0.0000000000
66557  27.830  -17.041  61.189 0.0000000000
65445  27.162  -17.676  59.183 0.0000000000
65459  26.150  -18.008  57.422 0.0000000000
64398  24.622  -18.731  55.720 0.0000000000
63297  24.357  -19.420  56.202 0.0000000000
62173  22.983  -21.000  55.471 0.0000000000
88670  46.976  0.304  37.202 0.0000000000
62016  26.330  -21.023  65.564 0.0000000000
85130  47.011  -2.715  43.447 0.0000000000
86266  47.059  -2.103  42.886 0.0000000000
86271  46.756  -1.259  42.419 0.0000000000
87398  46.469  -0.309  41.317 0.0000000000
86279  44.665  -1.380  41.583 0.0000000000
86290  43.044  -1.322  40.606 0.0000000000
57161  21.959  -24.978  64.168 0.0000000000
54621  20.824  -25.720  62.162 0.0000000000
139874  19.951  -25.998  63.657 0.0000000000
55911  19.088  -25.926  64.034 0.0000000000
139883  16.925  -25.208  64.465 0.0000000000
57131  13.132  -24.811  67.227 0.0000000000
57116  11.859  -25.421  67.743 0.0000000000
55894  10.948  -24.959  65.347 0.0000000000
55918  9.812  -26.137  64.211 0.0000000000
54581  9.020  -27.301  64.416 0.0000000000
68975  38.305  -15.174  62.188 0.0000000000
67786  37.556  -16.195  62.253 0.0000000000
66553  37.379  -17.405  61.551 0.0000000000
66552  37.923  -17.983  61.839 0.0000000000
64286  38.161  -19.059  62.081 0.0000000000
62072  37.979  -20.413  61.294 0.0000000000
66555  32.688  -16.776  61.043 0.0000000000
66517  33.554  -17.372  62.434 0.0000000000
65410  32.585  -17.973  61.049 0.0000000000
64304  33.022  -19.079  60.697 0.0000000000
62089  33.808  -19.852  60.077 0.0000000000
60944  34.451  -20.948  59.463 0.0000000000
62134  33.330  -20.318  57.726 0.0000000000
62167  33.407  -20.804  56.463 0.0000000000
74209  36.326  -11.216  53.271 0.0000000000
74224  36.040  -11.011  51.992 0.0000000000
72961  35.543  -11.917  52.573 0.0000000000
71710  34.588  -12.824  51.838 0.0000000000
89951  57.571  2.237  32.956 0.0000000000
89968  55.837  2.085  32.250 0.0000000000
82652  41.710  -4.602  43.217 0.0000000000
82660  39.843  -4.192  42.640 0.0000000000
81483  40.267  -5.065  43.141 0.0000000000
77938  40.019  -7.575  44.432 0.0000000000
77940  38.050  -7.703  44.012 0.0000000000
80310  47.414  -6.062  45.327 0.0000000000
82638  46.981  -5.066  44.459 0.0000000000
82647  46.674  -4.398  44.204 0.0000000000
82648  45.778  -4.600  43.967 0.0000000000
82650  43.640  -4.314  43.383 0.0000000000
71483  33.073  -12.411  68.189 0.0000000000
70159  34.369  -13.749  67.261 0.0000000000
71503  33.763  -13.337  66.549 0.0000000000
70192  33.821  -14.327  65.538 0.0000000000
68942  33.304  -15.230  63.779 0.0000000000
71562  30.243  -13.747  62.485 0.0000000000
70237  31.731  -13.842  62.400 0.0000000000
68977  32.825  -15.014  61.871 0.0000000000
67804  32.120  -16.248  59.897 0.0000000000
66588  31.433  -16.222  57.626 0.0000000000
66627  29.987  -16.507  54.907 0.0000000000
89920  52.549  1.481  37.707 0.0000000000
88681  50.272  1.171  36.397 0.0000000000
89935  51.013  1.366  36.096 0.0000000000
89925  52.596  1.505  36.661 0.0000000000
89933  52.683  1.502  35.669 0.0000000000
89943  52.708  1.654  34.733 0.0000000000
89956  52.780  1.730  33.817 0.0000000000
89970  53.852  1.890  32.677 0.0000000000
62091  24.770  -20.437  60.790 0.0000000000
60935  23.274  -21.973  59.734 0.0000000000
62079  23.891  -21.088  61.374 0.0000000000
60920  22.774  -22.129  61.556 0.0000000000
60885  22.806  -22.713  62.982 0.0000000000
60860  25.122  -21.439  65.144 0.0000000000
58339  22.130  -24.152  63.518 0.0000000000
57145  21.780  -25.032  65.249 0.0000000000
72738  33.088  -12.260  68.875 0.0000000000
72753  32.372  -12.225  68.393 0.0000000000
72782  30.564  -12.779  66.706 0.0000000000
70183  30.060  -14.554  65.865 0.0000000000
67720  29.501  -15.974  66.204 0.0000000000
67736  28.534  -15.966  65.273 0.0000000000
65391  28.182  -18.022  63.339 0.0000000000
63222  26.468  -19.501  61.056 0.0000000000
89905  51.111  1.421  40.251 0.0000000000
88644  49.730  1.105  40.002 0.0000000000
88646  47.981  0.460  39.348 0.0000000000
87403  46.264  -0.193  40.545 0.0000000000
87408  46.553  0.196  39.169 0.0000000000
87417  46.301  0.123  37.921 0.0000000000
57261  22.265  -23.985  58.944 0.0000000000
57264  21.304  -25.352  59.250 0.0000000000
57266  19.728  -25.313  58.934 0.0000000000
53354  19.783  -25.504  61.438 0.0000000000
57221  18.568  -25.208  60.381 0.0000000000
57268  17.602  -25.333  58.831 0.0000000000
57269  16.301  -25.684  58.852 0.0000000000
56001  15.148  -25.927  59.267 0.0000000000
55889  16.193  -25.672  65.415 0.0000000000
55935  15.336  -24.781  64.485 0.0000000000
55914  14.375  -24.891  64.930 0.0000000000
55960  14.688  -24.487  63.598 0.0000000000
57226  13.401  -24.903  61.383 0.0000000000
50897  5.930  -29.564  68.444 0.0000000000
77870  41.255  -7.897  49.226 0.0000000000
76631  37.267  -10.007  53.373 0.0000000000
74192  36.630  -11.276  53.987 0.0000000000
71680  36.657  -12.560  54.926 0.0000000000
70354  36.563  -13.818  56.065 0.0000000000
71654  37.807  -12.622  57.014 0.0000000000
70345  36.856  -13.891  56.972 0.0000000000
70346  36.021  -14.420  56.794 0.0000000000
67835  35.426  -16.468  57.583 0.0000000000
66586  35.892  -17.331  58.440 0.0000000000
65441  37.633  -19.106  58.861 0.0000000000
65421  37.833  -18.475  60.610 0.0000000000
65431  37.701  -18.939  59.610 0.0000000000
64334  38.334  -19.767  59.045 0.0000000000
62113  39.305  -21.426  58.611 0.0000000000
60979  39.180  -22.154  57.629 0.0000000000
64244  39.538  -18.812  65.544 0.0000000000
68875  35.054  -14.542  67.230 0.0000000000
66450  35.384  -16.534  66.788 0.0000000000
64213  35.832  -18.147  67.042 0.0000000000
64246  34.366  -18.330  64.076 0.0000000000
64236  35.517  -18.275  65.885 0.0000000000
63114  36.850  -19.094  67.175 0.0000000000
61982  37.775  -19.575  66.189 0.0000000000
62010  38.120  -20.071  65.084 0.0000000000
62025  38.910  -19.693  64.413 0.0000000000
62044  37.676  -20.165  62.925 0.0000000000
59651  37.699  -21.222  61.561 0.0000000000
58357  37.404  -22.103  60.648 0.0000000000
59676  35.359  -21.637  59.841 0.0000000000
58413  36.027  -22.204  59.430 0.0000000000
58411  37.398  -22.473  58.834 0.0000000000
59726  37.398  -22.457  57.914 0.0000000000
76698  39.379  -8.950  48.930 0.0000000000
75523  38.589  -9.351  48.768 0.0000000000
75535  37.358  -9.915  47.723 0.0000000000
74259  35.891  -10.609  50.096 0.0000000000
75525  36.382  -10.189  48.450 0.0000000000
75537  35.541  -10.586  47.456 0.0000000000
88721  53.668  1.153  31.344 0.0000000000
79077  43.187  -7.195  48.248 0.0000000000
79078  42.181  -7.648  48.755 0.0000000000
60967  22.494  -21.757  57.847 0.0000000000
60949  23.091  -21.883  58.756 0.0000000000
63240  25.176  -20.283  59.275 0.0000000000
62119  24.389  -20.507  59.018 0.0000000000
62120  23.657  -20.715  58.206 0.0000000000
83975  41.174  -2.742  41.799 0.0000000000
82657  42.855  -3.827  43.095 0.0000000000
83967  42.546  -3.138  42.599 0.0000000000
85139  42.544  -2.420  42.172 0.0000000000
55853  9.254  -26.202  67.826 0.0000000000
54534  8.870  -26.860  67.077 0.0000000000
54535  8.283  -27.151  67.684 0.0000000000
66515  39.085  -16.957  64.258 0.0000000000
67753  39.029  -16.267  63.923 0.0000000000
65368  38.429  -18.209  63.620 0.0000000000
70126  35.008  -12.449  69.396 0.0000000000
70140  35.248  -13.064  68.819 0.0000000000
65480  31.351  -17.446  55.653 0.0000000000
64365  32.187  -18.104  57.022 0.0000000000
64380  32.017  -17.962  56.376 0.0000000000
64396  31.960  -18.025  55.596 0.0000000000
70367  35.436  -14.550  54.896 0.0000000000
70380  35.354  -14.027  53.924 0.0000000000
89940  55.335  2.378  34.201 0.0000000000
89953  55.563  2.314  33.247 0.0000000000
80315  42.537  -6.686  44.551 0.0000000000
79144  41.416  -6.731  44.347 0.0000000000
79143  41.981  -6.906  44.533 0.0000000000
76732  38.207  -9.077  45.576 0.0000000000
76719  36.657  -9.505  45.701 0.0000000000
75550  36.180  -10.069  46.455 0.0000000000
80313  44.524  -6.540  44.838 0.0000000000
80314  43.379  -6.401  44.497 0.0000000000
57309  19.106  -25.531  56.841 0.0000000000
57310  18.019  -26.174  56.728 0.0000000000
57311  17.248  -26.216  56.953 0.0000000000
71525  30.482  -13.816  65.031 0.0000000000
71524  31.499  -13.033  65.275 0.0000000000
70208  29.866  -14.084  64.536 0.0000000000
66601  27.400  -16.866  57.745 0.0000000000
69034  28.424  -15.753  58.943 0.0000000000
67838  27.850  -16.278  57.587 0.0000000000
67850  28.317  -16.177  56.560 0.0000000000
67851  27.500  -16.663  56.997 0.0000000000
66614  26.296  -17.426  56.176 0.0000000000
65453  37.561  -19.204  58.203 0.0000000000
88658  48.821  0.822  38.676 0.0000000000
88668  48.727  0.819  37.688 0.0000000000
88696  50.701  1.350  33.944 0.0000000000
62062  26.341  -20.302  63.592 0.0000000000
62048  26.726  -20.553  64.286 0.0000000000
63173  27.869  -19.681  64.839 0.0000000000
63188  27.169  -19.756  64.092 0.0000000000
87390  48.092  -0.270  42.464 0.0000000000
87397  47.310  0.002  41.514 0.0000000000
58365  22.160  -24.468  61.240 0.0000000000
57199  21.771  -24.999  62.257 0.0000000000
55958  16.682  -24.279  62.798 0.0000000000
55980  17.350  -24.663  62.242 0.0000000000
55828  14.055  -25.615  67.720 0.0000000000
57167  11.235  -25.373  63.910 0.0000000000
57166  11.517  -25.110  63.949 0.0000000000
57205  11.361  -25.343  62.989 0.0000000000
55962  11.056  -25.872  62.184 0.0000000000
68993  37.014  -14.965  61.350 0.0000000000
69011  36.700  -14.582  60.529 0.0000000000
70287  36.353  -14.314  59.130 0.0000000000
67803  36.010  -15.928  60.371 0.0000000000
60927  38.307  -21.093  60.421 0.0000000000
63218  38.375  -20.604  60.305 0.0000000000
60942  38.612  -21.620  59.883 0.0000000000
59705  39.048  -22.032  59.298 0.0000000000
59690  38.585  -22.023  59.862 0.0000000000
67735  33.690  -16.180  64.279 0.0000000000
67719  33.852  -16.470  65.039 0.0000000000
63194  34.315  -19.908  61.892 0.0000000000
62046  34.574  -20.208  62.917 0.0000000000
62060  35.039  -20.697  62.404 0.0000000000
60855  35.668  -20.586  63.056 0.0000000000
60898  35.342  -21.306  61.967 0.0000000000
60897  35.722  -21.732  62.181 0.0000000000
60914  35.324  -21.192  61.123 0.0000000000
76667  37.630  -9.479  51.604 0.0000000000
76679  37.916  -9.325  50.671 0.0000000000
77906  42.122  -7.654  45.597 0.0000000000
77897  42.152  -7.749  46.032 0.0000000000
76714  40.820  -8.571  46.448 0.0000000000
76715  40.337  -8.724  46.838 0.0000000000
76716  39.297  -9.215  46.730 0.0000000000
75547  39.667  -9.089  47.080 0.0000000000
79108  46.480  -6.613  46.372 0.0000000000
79086  43.169  -7.462  47.142 0.0000000000
58434  22.291  -24.067  57.357 0.0000000000
57306  21.650  -24.798  57.672 0.0000000000
57307  21.004  -25.029  57.333 0.0000000000
66540  28.077  -17.233  62.096 0.0000000000
67773  28.190  -16.710  62.320 0.0000000000
65423  27.296  -17.639  60.853 0.0000000000
64351  25.849  -19.139  58.559 0.0000000000
65435  27.103  -18.395  59.623 0.0000000000
64350  26.112  -18.377  58.382 0.0000000000
65458  26.483  -17.739  57.941 0.0000000000
64367  25.728  -18.834  57.453 0.0000000000
64382  24.991  -19.031  56.654 0.0000000000
64368  25.120  -19.329  57.168 0.0000000000
61011  22.362  -21.754  56.260 0.0000000000
62156  23.507  -20.582  56.164 0.0000000000
83957  46.399  -3.642  43.771 0.0000000000
85131  46.181  -2.920  43.217 0.0000000000
85135  45.972  -2.281  42.665 0.0000000000
86272  45.536  -1.617  42.186 0.0000000000
86278  45.863  -0.754  41.394 0.0000000000
86281  42.667  -1.612  41.204 0.0000000000
86280  43.522  -1.465  41.355 0.0000000000
86291  42.348  -1.619  40.572 0.0000000000
139872  20.461  -26.129  64.254 0.0000000000
57164  17.307  -24.960  64.092 0.0000000000
57098  11.590  -25.535  68.535 0.0000000000
55876  10.041  -25.633  66.556 0.0000000000
55895  9.933  -25.734  65.039 0.0000000000
54559  9.347  -26.587  64.693 0.0000000000
53298  8.443  -27.658  65.557 0.0000000000
54560  8.982  -27.179  65.137 0.0000000000
52098  7.324  -29.083  67.219 0.0000000000
52090  7.033  -28.891  67.902 0.0000000000
67769  38.611  -16.102  63.293 0.0000000000
68976  37.567  -15.451  61.865 0.0000000000
66536  37.689  -16.864  62.356 0.0000000000
66535  37.972  -17.489  62.660 0.0000000000
65388  38.092  -18.561  62.752 0.0000000000
64285  38.051  -19.227  62.463 0.0000000000
63193  37.910  -19.787  62.039 0.0000000000
66556  32.416  -17.218  60.712 0.0000000000
66538  32.653  -17.689  61.179 0.0000000000
65422  32.476  -17.936  60.327 0.0000000000
64322  32.876  -18.731  59.906 0.0000000000
63237  33.006  -19.264  59.201 0.0000000000
63220  33.341  -19.403  60.196 0.0000000000
63252  33.119  -19.768  58.847 0.0000000000
62100  33.553  -20.098  59.252 0.0000000000
63266  33.219  -19.708  58.047 0.0000000000
63295  33.016  -20.252  55.944 0.0000000000
74210  36.004  -11.409  52.731 0.0000000000
72954  35.879  -11.985  53.243 0.0000000000
70391  35.042  -13.610  52.905 0.0000000000
71709  35.106  -12.746  52.576 0.0000000000
70406  34.713  -13.283  52.436 0.0000000000
82651  42.505  -4.575  43.322 0.0000000000
81482  41.135  -4.918  43.335 0.0000000000
79145  40.522  -6.753  44.188 0.0000000000
80331  40.010  -5.973  43.726 0.0000000000
80332  39.390  -6.402  43.605 0.0000000000
79147  38.662  -7.191  43.713 0.0000000000
76762  39.687  -8.065  44.816 0.0000000000
77919  38.487  -8.082  44.514 0.0000000000
77920  37.562  -8.270  44.327 0.0000000000
80303  46.291  -6.539  45.768 0.0000000000
80311  46.757  -6.222  45.280 0.0000000000
81457  45.292  -5.979  44.576 0.0000000000
81456  46.301  -5.756  44.689 0.0000000000
82639  46.322  -5.083  44.280 0.0000000000
81473  42.900  -5.356  43.681 0.0000000000
71493  33.092  -12.476  67.748 0.0000000000
71492  33.854  -13.067  67.221 0.0000000000
71504  33.116  -12.596  66.985 0.0000000000
71535  32.510  -13.459  64.357 0.0000000000
71522  33.606  -13.708  65.241 0.0000000000
71534  33.285  -13.711  64.756 0.0000000000
70207  33.291  -14.316  64.256 0.0000000000
70220  32.801  -14.186  63.443 0.0000000000
67790  28.532  -15.667  61.795 0.0000000000
70223  29.422  -14.191  63.219 0.0000000000
70239  29.821  -14.130  62.146 0.0000000000
70270  30.718  -14.518  60.484 0.0000000000
70255  30.778  -14.166  61.295 0.0000000000
70269  31.628  -14.577  60.695 0.0000000000
70253  32.303  -14.309  62.059 0.0000000000
68978  32.552  -15.148  60.930 0.0000000000
68995  32.045  -15.355  60.222 0.0000000000
69013  31.486  -15.369  59.569 0.0000000000
67849  29.494  -16.014  55.898 0.0000000000
67836  30.417  -15.884  56.546 0.0000000000
66611  30.836  -16.621  55.914 0.0000000000
66612  30.196  -16.257  55.612 0.0000000000
63307  24.320  -19.413  55.305 0.0000000000
64397  24.951  -17.957  55.267 0.0000000000
63308  23.912  -19.822  54.593 0.0000000000
89904  51.727  1.596  40.059 0.0000000000
88673  51.112  1.117  37.903 0.0000000000
89921  51.738  1.344  38.180 0.0000000000
89926  51.558  1.185  37.045 0.0000000000
88676  48.562  0.748  36.661 0.0000000000
89934  51.850  1.408  35.926 0.0000000000
89944  51.975  1.474  34.979 0.0000000000
89957  51.849  1.566  33.935 0.0000000000
89972  52.243  1.583  33.300 0.0000000000
62092  23.875  -21.099  60.306 0.0000000000
62078  24.858  -20.678  61.818 0.0000000000
62051  24.237  -21.336  63.284 0.0000000000
62065  24.073  -20.951  62.406 0.0000000000
62052  23.550  -21.494  62.826 0.0000000000
60902  23.041  -22.084  62.539 0.0000000000
60884  23.462  -22.199  63.564 0.0000000000
59607  23.564  -22.532  65.192 0.0000000000
59627  22.656  -23.177  63.881 0.0000000000
59608  22.833  -23.264  65.196 0.0000000000
58327  22.162  -24.071  64.647 0.0000000000
65341  28.367  -17.774  65.498 0.0000000000
66484  28.502  -16.767  66.049 0.0000000000
67721  28.821  -15.814  66.095 0.0000000000
66498  28.397  -16.939  64.878 0.0000000000
66518  27.791  -17.005  63.835 0.0000000000
65371  28.080  -17.762  63.710 0.0000000000
63209  26.377  -19.370  62.184 0.0000000000
63208  26.962  -19.099  62.759 0.0000000000
63210  26.009  -19.878  61.520 0.0000000000
63223  25.749  -19.919  60.664 0.0000000000
88638  49.001  0.723  40.581 0.0000000000
88645  48.891  0.817  39.664 0.0000000000
86287  45.712  -0.491  40.706 0.0000000000
87404  45.665  -0.476  40.355 0.0000000000
87419  44.818  -0.490  38.929 0.0000000000
87409  45.499  -0.408  39.671 0.0000000000
87418  45.561  -0.201  38.530 0.0000000000
59697  22.620  -22.777  59.168 0.0000000000
58381  22.400  -23.547  59.047 0.0000000000
57241  21.380  -25.352  60.341 0.0000000000
57263  21.910  -25.169  59.365 0.0000000000
57265  20.578  -25.364  59.056 0.0000000000
57243  20.001  -25.335  59.745 0.0000000000
54622  20.221  -25.697  62.401 0.0000000000
54643  20.529  -25.666  61.784 0.0000000000
53353  19.612  -25.439  62.063 0.0000000000
57222  18.070  -24.972  60.771 0.0000000000
55978  18.606  -25.214  61.006 0.0000000000
57245  18.193  -25.102  59.775 0.0000000000
57248  14.727  -25.307  60.041 0.0000000000
56002  14.558  -25.839  59.556 0.0000000000
56003  13.622  -26.081  59.593 0.0000000000
55871  15.759  -25.491  66.310 0.0000000000
55890  15.502  -25.336  65.630 0.0000000000
55912  15.693  -25.540  65.158 0.0000000000
55913  15.218  -25.336  65.052 0.0000000000
55874  12.791  -24.609  66.499 0.0000000000
55937  13.358  -24.545  64.096 0.0000000000
55936  13.975  -24.548  64.099 0.0000000000
57184  13.882  -24.627  63.255 0.0000000000
57202  14.477  -24.581  62.461 0.0000000000
57203  13.241  -24.843  62.500 0.0000000000
53266  6.523  -28.508  68.897 0.0000000000
52087  6.240  -28.738  69.289 0.0000000000
76646  38.963  -8.880  52.008 0.0000000000
76616  37.624  -9.814  54.175 0.0000000000
75448  36.868  -10.638  53.591 0.0000000000
75427  37.130  -10.637  54.152 0.0000000000
71679  37.123  -12.130  55.575 0.0000000000
72933  36.962  -11.732  55.043 0.0000000000
71640  38.028  -12.793  57.791 0.0000000000
70309  36.278  -14.329  58.297 0.0000000000
70329  36.319  -14.255  57.514 0.0000000000
69065  35.279  -15.399  56.686 0.0000000000
65442  37.071  -18.751  58.589 0.0000000000
65432  37.220  -18.724  59.227 0.0000000000
63219  38.399  -20.333  60.167 0.0000000000
65430  38.009  -19.240  60.078 0.0000000000
63235  38.791  -20.491  59.149 0.0000000000
60959  39.102  -22.189  58.331 0.0000000000
68887  34.471  -14.875  66.735 0.0000000000
66472  34.515  -16.815  65.836 0.0000000000
66461  35.060  -16.609  66.084 0.0000000000
65307  35.286  -17.110  66.300 0.0000000000
65306  35.423  -17.430  66.740 0.0000000000
65316  35.386  -17.497  66.372 0.0000000000
65370  33.353  -18.300  62.406 0.0000000000
65340  34.143  -17.888  63.857 0.0000000000
64257  34.138  -18.652  63.378 0.0000000000
63154  35.390  -19.455  64.477 0.0000000000
63143  35.161  -18.650  64.783 0.0000000000
63142  35.542  -19.086  65.184 0.0000000000
63130  35.750  -18.676  66.268 0.0000000000
63129  36.187  -19.318  66.102 0.0000000000
63128  36.687  -19.381  66.376 0.0000000000
61984  36.599  -19.654  65.893 0.0000000000
60836  37.495  -20.192  64.174 0.0000000000
60824  37.769  -19.935  64.884 0.0000000000
60835  37.941  -19.966  64.591 0.0000000000
62008  39.172  -20.054  65.367 0.0000000000
60850  38.023  -20.181  64.019 0.0000000000
62026  37.838  -19.917  64.002 0.0000000000
60872  37.646  -20.458  63.264 0.0000000000
59653  36.673  -21.941  61.563 0.0000000000
59634  37.411  -21.283  62.311 0.0000000000
59652  37.363  -21.732  61.287 0.0000000000
58358  36.914  -22.071  61.055 0.0000000000
60961  34.332  -21.048  58.620 0.0000000000
60943  34.904  -21.364  59.279 0.0000000000
60960  34.923  -21.385  58.386 0.0000000000
59729  35.478  -21.722  57.357 0.0000000000
59711  35.447  -21.793  58.115 0.0000000000
59709  36.322  -22.436  58.540 0.0000000000
58412  36.573  -22.392  58.940 0.0000000000
59727  36.523  -22.431  58.026 0.0000000000
59749  36.980  -22.314  57.068 0.0000000000
77871  40.255  -7.970  49.950 0.0000000000
77884  39.792  -8.500  49.326 0.0000000000
75514  37.639  -9.455  49.751 0.0000000000
75524  37.492  -9.732  48.622 0.0000000000
75534  38.332  -9.609  47.736 0.0000000000
74239  35.700  -10.806  51.041 0.0000000000
74240  35.388  -11.033  50.494 0.0000000000
74274  35.162  -10.957  48.584 0.0000000000
75526  35.846  -10.384  48.008 0.0000000000
89986  58.337  2.260  31.066 0.0000000000
89985  59.225  2.392  31.024 0.0000000000
89991  53.380  1.476  32.043 0.0000000000
77887  42.260  -7.853  46.810 0.0000000000
77888  41.524  -8.219  47.315 0.0000000000
77889  40.768  -8.490  47.626 0.0000000000
59734  22.120  -22.317  56.790 0.0000000000
59756  22.390  -23.405  56.816 0.0000000000
59733  22.342  -22.881  57.294 0.0000000000
58433  22.385  -23.713  57.812 0.0000000000
64323  26.985  -19.123  60.326 0.0000000000
65424  27.138  -18.346  60.566 0.0000000000
64338  25.948  -19.418  59.074 0.0000000000
63268  25.491  -19.607  58.155 0.0000000000
63256  24.520  -20.319  57.884 0.0000000000
62139  22.641  -21.185  57.061 0.0000000000
85145  42.063  -2.114  41.553 0.0000000000
83959  44.535  -3.707  43.371 0.0000000000
83964  44.982  -3.123  43.168 0.0000000000
83965  44.366  -3.084  43.038 0.0000000000
85137  44.097  -2.515  42.580 0.0000000000
85142  44.517  -1.971  42.256 0.0000000000
85143  43.839  -1.906  42.058 0.0000000000
139871  20.280  -26.451  65.467 0.0000000000
139870  19.994  -26.209  64.506 0.0000000000
55852  10.040  -25.724  67.542 0.0000000000
53285  8.481  -27.542  66.202 0.0000000000
53264  7.554  -27.825  68.079 0.0000000000
67768  39.198  -15.312  63.816 0.0000000000
65369  38.230  -17.917  63.222 0.0000000000
63185  37.918  -19.365  63.163 0.0000000000
65456  32.260  -17.631  57.566 0.0000000000
65433  32.586  -17.911  59.299 0.0000000000
65444  32.363  -18.145  57.533 0.0000000000
64348  32.468  -18.546  57.732 0.0000000000
63267  32.791  -19.150  57.537 0.0000000000
64379  32.445  -18.500  56.216 0.0000000000
64395  32.397  -18.544  55.403 0.0000000000
71690  36.180  -12.812  54.092 0.0000000000
71691  35.850  -13.315  53.853 0.0000000000
89931  54.270  2.031  35.233 0.0000000000
89930  55.177  2.250  35.088 0.0000000000
76746  38.967  -8.395  45.107 0.0000000000
76748  37.032  -8.803  44.685 0.0000000000
79124  44.627  -6.902  45.436 0.0000000000
80312  45.624  -6.514  45.207 0.0000000000
81471  45.000  -5.363  44.125 0.0000000000
80328  43.130  -5.884  44.073 0.0000000000
57333  19.956  -25.687  55.728 0.0000000000
56037  16.801  -26.428  57.093 0.0000000000
57290  16.335  -26.046  58.112 0.0000000000
72781  31.314  -12.574  66.073 0.0000000000
72790  31.762  -12.670  65.656 0.0000000000
71536  31.370  -13.399  64.263 0.0000000000
67816  27.964  -16.297  59.546 0.0000000000
68996  29.254  -15.027  60.710 0.0000000000
69016  28.631  -15.691  59.671 0.0000000000
69015  29.570  -15.216  59.684 0.0000000000
70290  30.213  -15.031  59.713 0.0000000000
69014  30.629  -15.330  59.252 0.0000000000
69032  30.128  -15.433  58.842 0.0000000000
67837  29.198  -15.745  57.046 0.0000000000
67868  28.426  -16.326  55.697 0.0000000000
66628  28.604  -16.549  54.907 0.0000000000
66629  27.455  -16.685  55.335 0.0000000000
66649  26.758  -17.112  54.362 0.0000000000
66597  36.405  -18.501  57.601 0.0000000000
88655  51.156  1.319  39.048 0.0000000000
88666  50.503  1.044  38.371 0.0000000000
88682  49.356  1.013  35.914 0.0000000000
62076  26.071  -19.941  62.960 0.0000000000
62063  25.745  -20.634  63.194 0.0000000000
62050  25.179  -21.317  63.683 0.0000000000
64258  28.279  -18.613  64.966 0.0000000000
64275  28.098  -18.382  64.056 0.0000000000
64276  27.735  -19.003  63.910 0.0000000000
63197  26.627  -19.591  63.324 0.0000000000
86294  44.959  -0.612  39.802 0.0000000000
59682  22.342  -23.468  60.504 0.0000000000
58382  22.114  -23.834  59.995 0.0000000000
58383  22.172  -24.185  60.391 0.0000000000
55997  20.707  -25.543  60.620 0.0000000000
139887  18.696  -25.251  62.920 0.0000000000
57223  17.315  -24.709  61.328 0.0000000000
57224  16.130  -24.581  60.939 0.0000000000
57225  14.665  -24.781  60.821 0.0000000000
55850  14.989  -25.356  67.105 0.0000000000
54532  14.903  -24.923  66.752 0.0000000000
57165  12.217  -24.718  64.024 0.0000000000
57204  12.083  -25.078  62.545 0.0000000000
75426  37.412  -10.478  54.737 0.0000000000
74176  37.339  -11.002  55.206 0.0000000000
71668  37.404  -12.370  56.287 0.0000000000
70267  38.043  -14.071  61.028 0.0000000000
71586  38.282  -13.357  60.402 0.0000000000
70285  37.737  -13.722  60.303 0.0000000000
71603  37.486  -13.313  59.011 0.0000000000
71623  37.519  -13.311  58.215 0.0000000000
70308  36.861  -13.734  58.705 0.0000000000
69031  35.674  -14.975  58.936 0.0000000000
67823  35.609  -16.111  58.646 0.0000000000
67813  35.835  -15.877  59.562 0.0000000000
66569  36.089  -16.427  59.956 0.0000000000
64303  38.181  -19.548  61.256 0.0000000000
65420  38.157  -18.983  60.875 0.0000000000
60941  38.963  -21.632  59.442 0.0000000000
59724  38.744  -22.349  58.168 0.0000000000
68911  33.863  -15.111  65.738 0.0000000000
67718  33.963  -16.097  65.762 0.0000000000
66482  34.166  -17.022  65.265 0.0000000000
63187  33.714  -19.282  62.597 0.0000000000
63171  33.940  -19.042  62.985 0.0000000000
62029  34.920  -19.858  63.594 0.0000000000
62012  35.599  -19.721  64.440 0.0000000000
62011  35.941  -20.016  64.465 0.0000000000
60854  36.118  -20.449  63.615 0.0000000000
60853  36.761  -20.737  63.708 0.0000000000
60874  36.932  -21.247  63.465 0.0000000000
59598  37.445  -21.140  63.338 0.0000000000
59618  36.576  -21.708  62.496 0.0000000000
59637  35.961  -22.131  61.785 0.0000000000
59655  35.798  -21.738  61.099 0.0000000000
62150  33.690  -21.123  56.962 0.0000000000
61007  34.376  -21.438  56.778 0.0000000000
61006  35.226  -21.620  56.690 0.0000000000
59751  35.745  -21.756  57.038 0.0000000000
61005  35.861  -21.805  56.289 0.0000000000
77855  38.921  -8.754  50.568 0.0000000000
77872  39.233  -8.618  49.803 0.0000000000
76678  38.439  -9.005  50.385 0.0000000000
76690  38.094  -9.150  50.101 0.0000000000
89967  56.887  2.131  32.133 0.0000000000
79127  41.722  -7.638  45.048 0.0000000000
79113  42.116  -7.573  45.316 0.0000000000
76744  40.670  -8.446  45.479 0.0000000000
77898  41.314  -8.325  46.493 0.0000000000
76729  40.825  -8.604  46.093 0.0000000000
76717  38.271  -9.393  46.465 0.0000000000
79097  44.913  -7.001  46.704 0.0000000000
79110  44.739  -7.048  46.026 0.0000000000
79123  45.276  -6.817  45.687 0.0000000000
57352  21.754  -24.766  55.230 0.0000000000
58450  22.321  -23.981  56.589 0.0000000000
57332  20.899  -25.085  56.128 0.0000000000
57287  19.437  -25.461  57.959 0.0000000000
68928  28.587  -14.702  64.860 0.0000000000
70209  28.975  -14.373  64.462 0.0000000000
67772  28.331  -15.966  62.714 0.0000000000
67791  28.278  -16.241  61.556 0.0000000000
66571  27.589  -16.965  60.220 0.0000000000
67805  28.131  -16.278  60.469 0.0000000000
66579  27.386  -16.971  59.318 0.0000000000
66590  26.962  -17.554  58.143 0.0000000000
65468  26.584  -17.627  57.221 0.0000000000
65469  26.165  -17.907  56.707 0.0000000000
64381  25.345  -18.307  56.322 0.0000000000
63298  23.906  -20.057  55.692 0.0000000000
63284  24.005  -20.063  56.617 0.0000000000
62172  23.484  -20.485  55.666 0.0000000000
88677  47.606  0.476  36.441 0.0000000000
62030  27.412  -20.367  65.468 0.0000000000
62014  27.207  -20.279  66.296 0.0000000000
86265  47.568  -1.850  43.185 0.0000000000
85132  45.529  -2.868  43.062 0.0000000000
85134  46.630  -2.302  42.873 0.0000000000
86270  47.826  -0.965  42.880 0.0000000000
87391  47.461  -0.570  42.372 0.0000000000
86277  46.558  -0.509  41.712 0.0000000000
86289  43.967  -1.069  40.580 0.0000000000
86296  43.236  -1.141  39.803 0.0000000000
57183  21.811  -25.040  63.260 0.0000000000
55955  21.290  -25.548  62.234 0.0000000000
55934  21.307  -25.449  63.023 0.0000000000
55956  20.601  -25.828  62.940 0.0000000000
139876  19.837  -26.065  64.065 0.0000000000
57162  18.818  -25.627  63.521 0.0000000000
57163  18.081  -25.236  63.639 0.0000000000
139888  16.817  -24.574  63.905 0.0000000000
57115  12.745  -25.253  67.701 0.0000000000
57132  12.237  -25.050  67.107 0.0000000000
57133  11.285  -25.217  67.127 0.0000000000
55875  11.566  -24.890  66.386 0.0000000000
55917  10.833  -25.525  64.145 0.0000000000
55939  9.994  -26.276  63.467 0.0000000000
54580  9.277  -26.952  63.889 0.0000000000
70251  38.981  -14.007  62.183 0.0000000000
70252  38.395  -14.372  61.701 0.0000000000
68992  37.899  -14.819  61.615 0.0000000000
67787  36.922  -16.130  61.861 0.0000000000
66554  36.652  -16.705  61.373 0.0000000000
65408  38.063  -18.628  61.840 0.0000000000
64302  38.110  -19.817  61.479 0.0000000000
63204  38.082  -20.131  61.267 0.0000000000
67771  32.996  -16.243  62.266 0.0000000000
65389  32.983  -18.040  62.010 0.0000000000
64287  32.940  -18.889  61.847 0.0000000000
64305  32.740  -18.502  60.907 0.0000000000
63207  33.600  -19.455  61.007 0.0000000000
62075  34.236  -19.856  60.782 0.0000000000
62088  34.485  -20.307  60.340 0.0000000000
60915  34.912  -20.771  60.532 0.0000000000
62099  34.172  -20.400  59.653 0.0000000000
62114  33.968  -20.515  58.869 0.0000000000
62133  33.676  -20.795  57.913 0.0000000000
63281  33.096  -19.904  57.176 0.0000000000
62151  33.254  -20.650  57.045 0.0000000000
75475  36.786  -10.410  52.890 0.0000000000
75495  36.801  -10.207  51.974 0.0000000000
74223  36.369  -10.852  52.563 0.0000000000
72972  35.468  -11.529  51.721 0.0000000000
72962  35.042  -12.088  51.998 0.0000000000
89988  56.218  1.860  31.255 0.0000000000
82658  42.031  -3.929  42.954 0.0000000000
82659  41.013  -4.224  42.808 0.0000000000
81475  40.876  -5.467  43.618 0.0000000000
80341  39.669  -5.567  43.163 0.0000000000
77916  41.600  -7.354  44.727 0.0000000000
76763  39.249  -7.914  44.616 0.0000000000
77939  38.986  -7.504  44.255 0.0000000000
81455  47.230  -5.655  44.918 0.0000000000
83956  47.275  -3.584  44.136 0.0000000000
82649  44.737  -4.543  43.676 0.0000000000
71482  33.705  -12.725  68.081 0.0000000000
70151  34.755  -13.418  68.001 0.0000000000
70170  34.042  -14.143  66.779 0.0000000000
71513  33.072  -12.737  66.175 0.0000000000
71512  33.629  -13.512  65.846 0.0000000000
70182  33.868  -14.300  66.193 0.0000000000
68925  33.801  -14.936  65.189 0.0000000000
68926  33.583  -15.133  64.607 0.0000000000
70222  29.759  -13.905  63.886 0.0000000000
71548  30.192  -13.556  63.160 0.0000000000
71547  31.268  -13.456  63.280 0.0000000000
70238  30.872  -13.910  62.062 0.0000000000
70221  32.150  -13.748  63.008 0.0000000000
70236  32.557  -14.320  62.565 0.0000000000
68960  33.002  -15.218  62.854 0.0000000000
67788  32.868  -16.141  61.361 0.0000000000
67789  32.597  -16.201  60.616 0.0000000000
67815  30.711  -15.626  58.672 0.0000000000
67824  31.422  -16.143  58.018 0.0000000000
66587  32.023  -16.830  57.873 0.0000000000
66600  31.503  -16.616  56.991 0.0000000000
65481  30.941  -17.096  54.928 0.0000000000
65482  25.759  -17.615  55.824 0.0000000000
64412  24.998  -17.988  54.501 0.0000000000
89919  53.515  1.932  37.347 0.0000000000
88675  49.532  0.929  36.994 0.0000000000
89924  53.409  1.786  36.322 0.0000000000
89932  53.459  1.751  35.424 0.0000000000
89942  53.527  1.855  34.535 0.0000000000
89955  53.619  1.950  33.602 0.0000000000
89971  52.778  1.555  32.765 0.0000000000
62101  24.502  -20.501  59.806 0.0000000000
60919  23.147  -21.824  60.767 0.0000000000
62080  23.271  -21.585  61.436 0.0000000000
60921  22.527  -22.784  61.570 0.0000000000
59643  22.363  -23.396  62.753 0.0000000000
62032  26.111  -21.118  64.845 0.0000000000
62033  25.509  -21.331  64.393 0.0000000000
60861  24.185  -21.837  64.915 0.0000000000
55885  21.288  -26.096  65.964 0.0000000000
71460  34.326  -12.277  69.988 0.0000000000
72764  32.225  -12.347  67.487 0.0000000000
72765  31.253  -12.311  67.948 0.0000000000
72773  31.317  -12.499  67.082 0.0000000000
71515  30.402  -13.324  65.951 0.0000000000
68902  30.041  -15.512  66.323 0.0000000000
68912  29.522  -15.304  65.821 0.0000000000
68913  28.692  -15.053  65.530 0.0000000000
66539  28.112  -17.289  62.939 0.0000000000
65392  28.093  -18.015  62.692 0.0000000000
64289  28.071  -18.485  63.350 0.0000000000
64306  27.005  -18.639  62.051 0.0000000000
64307  26.880  -18.855  61.291 0.0000000000
63224  25.219  -20.154  60.034 0.0000000000
83969  40.507  -3.416  42.335 0.0000000000
88643  50.421  1.244  40.481 0.0000000000
88659  48.019  0.483  38.367 0.0000000000
87402  47.215  0.320  40.076 0.0000000000
87407  47.273  0.396  39.380 0.0000000000
88647  47.395  0.426  38.894 0.0000000000
88660  47.171  0.420  38.174 0.0000000000
58418  22.389  -23.711  58.370 0.0000000000
57304  22.336  -24.199  58.273 0.0000000000
57239  22.240  -24.348  59.530 0.0000000000
57283  22.258  -24.832  58.658 0.0000000000
57284  21.812  -25.106  58.505 0.0000000000
57285  21.174  -25.259  58.321 0.0000000000
54666  20.546  -25.669  61.151 0.0000000000
54667  20.256  -25.602  60.888 0.0000000000
53355  19.349  -25.379  61.519 0.0000000000
54669  19.327  -25.432  60.796 0.0000000000
55999  19.566  -25.399  60.344 0.0000000000
57244  19.105  -25.314  59.801 0.0000000000
57267  18.748  -25.290  58.860 0.0000000000
56017  15.932  -26.239  58.309 0.0000000000
57270  15.605  -25.818  59.214 0.0000000000
56018  15.438  -26.205  58.751 0.0000000000
54556  16.609  -25.618  64.896 0.0000000000
139884  16.228  -24.909  64.433 0.0000000000
139885  16.078  -24.490  64.217 0.0000000000
57130  13.697  -24.817  67.287 0.0000000000
54545  14.496  -24.736  66.800 0.0000000000
54557  14.445  -24.671  65.990 0.0000000000
55892  13.771  -24.588  65.774 0.0000000000
55982  13.467  -25.386  60.343 0.0000000000
53265  6.947  -28.371  68.404 0.0000000000
52091  6.499  -29.102  68.425 0.0000000000
50906  6.183  -29.828  67.682 0.0000000000
52092  5.846  -29.283  68.880 0.0000000000
76647  38.205  -9.211  52.243 0.0000000000
72953  36.208  -11.969  53.780 0.0000000000
74177  36.973  -11.193  54.600 0.0000000000
72943  36.539  -11.936  54.423 0.0000000000
70366  36.242  -13.665  54.872 0.0000000000
71655  37.267  -13.225  56.498 0.0000000000
71641  37.505  -13.355  57.351 0.0000000000
66585  36.444  -18.274  58.168 0.0000000000
64347  38.019  -19.563  58.436 0.0000000000
66567  37.147  -18.139  60.253 0.0000000000
66575  37.160  -18.502  59.629 0.0000000000
64335  37.989  -19.302  58.997 0.0000000000
63251  39.118  -20.612  58.051 0.0000000000
63250  39.458  -21.107  58.044 0.0000000000
60957  39.644  -21.888  57.562 0.0000000000
60978  39.712  -22.150  56.900 0.0000000000
64255  39.283  -18.774  64.821 0.0000000000
68865  35.495  -14.476  68.208 0.0000000000
67685  35.448  -15.513  67.330 0.0000000000
67697  35.097  -15.625  66.587 0.0000000000
66439  35.613  -16.218  67.389 0.0000000000
64199  36.568  -18.276  67.237 0.0000000000
66497  33.947  -17.154  63.516 0.0000000000
65339  34.407  -17.704  64.594 0.0000000000
65329  34.757  -17.458  65.288 0.0000000000
64256  34.465  -18.833  63.930 0.0000000000
64245  34.766  -18.328  64.588 0.0000000000
64237  35.227  -18.039  65.361 0.0000000000
64224  35.523  -18.040  66.507 0.0000000000
63115  36.174  -18.691  66.826 0.0000000000
64211  36.684  -18.860  67.655 0.0000000000
63113  37.596  -19.256  67.265 0.0000000000
61997  37.494  -19.811  65.493 0.0000000000
61996  38.175  -19.846  65.365 0.0000000000
61995  38.920  -20.109  66.036 0.0000000000
63153  39.304  -19.517  65.069 0.0000000000
63169  38.914  -19.102  64.042 0.0000000000
62043  37.896  -19.633  63.627 0.0000000000
60873  37.708  -21.012  62.832 0.0000000000
60896  37.665  -21.040  62.385 0.0000000000
60894  37.735  -20.445  62.006 0.0000000000
60911  37.859  -20.659  61.495 0.0000000000
59672  38.082  -21.663  60.755 0.0000000000
59673  37.987  -22.150  60.406 0.0000000000
60929  34.987  -21.250  60.126 0.0000000000
59656  35.475  -21.513  60.497 0.0000000000
59675  35.700  -21.697  60.320 0.0000000000
59693  35.716  -21.913  59.617 0.0000000000
58395  35.925  -21.953  59.789 0.0000000000
58375  36.982  -22.070  60.366 0.0000000000
58374  37.639  -22.271  59.975 0.0000000000
59691  38.272  -22.353  59.550 0.0000000000
59707  38.269  -22.521  58.746 0.0000000000
59725  38.130  -22.516  57.943 0.0000000000
59748  37.791  -22.438  57.083 0.0000000000
77883  40.343  -8.514  48.656 0.0000000000
76697  39.700  -8.976  48.236 0.0000000000
76688  39.004  -8.943  49.350 0.0000000000
75522  39.327  -9.204  48.237 0.0000000000
75533  39.207  -9.307  47.609 0.0000000000
75548  37.970  -9.619  47.178 0.0000000000
75549  37.240  -9.660  46.937 0.0000000000
75496  36.412  -10.346  51.289 0.0000000000
75506  36.566  -10.171  50.424 0.0000000000
74260  35.216  -11.100  49.850 0.0000000000
74273  35.812  -10.506  49.291 0.0000000000
75536  36.451  -10.160  47.502 0.0000000000
89990  54.149  1.655  31.834 0.0000000000
53335  19.829  -25.608  62.396 0.0000000000
53352  20.073  -25.614  62.169 0.0000000000
53373  19.688  -25.511  61.180 0.0000000000
53374  19.421  -25.461  61.103 0.0000000000
54533  14.718  -24.947  67.063 0.0000000000
54544  14.743  -24.780  66.303 0.0000000000
54558  14.283  -24.628  66.333 0.0000000000
54578  15.994  -25.392  64.800 0.0000000000
54579  15.614  -25.479  64.930 0.0000000000
54599  15.535  -25.310  64.820 0.0000000000
54642  21.081  -25.736  62.100 0.0000000000
54644  20.147  -25.594  61.394 0.0000000000
54645  19.961  -25.678  61.007 0.0000000000
54646  18.760  -25.267  61.226 0.0000000000
54668  19.796  -25.520  60.811 0.0000000000
55872  15.229  -25.020  66.297 0.0000000000
55976  21.135  -25.652  61.653 0.0000000000
55977  21.292  -25.685  61.122 0.0000000000
55995  22.294  -24.279  59.033 0.0000000000
55996  22.287  -24.330  59.275 0.0000000000
55998  20.191  -25.449  60.384 0.0000000000
56000  18.949  -25.342  60.563 0.0000000000
56015  22.328  -24.436  58.861 0.0000000000
56016  22.339  -24.585  59.199 0.0000000000
56035  22.327  -24.635  58.755 0.0000000000
56036  22.359  -24.738  58.975 0.0000000000
57114  13.533  -25.152  67.597 0.0000000000
57187  11.274  -25.363  63.615 0.0000000000
57220  21.347  -25.533  61.083 0.0000000000
57238  22.240  -24.091  59.232 0.0000000000
57262  22.346  -24.941  59.328 0.0000000000
57282  22.321  -24.189  58.672 0.0000000000
57330  22.009  -24.366  57.244 0.0000000000
58359  36.568  -22.059  61.284 0.0000000000
58376  36.486  -21.987  60.842 0.0000000000
58392  37.801  -22.476  59.260 0.0000000000
58393  37.133  -22.256  59.557 0.0000000000
58394  36.339  -21.979  59.969 0.0000000000
58401  22.384  -23.533  58.804 0.0000000000
58402  22.234  -23.535  60.102 0.0000000000
58403  22.043  -24.004  60.123 0.0000000000
58410  37.850  -22.544  58.823 0.0000000000
58419  22.064  -23.610  60.040 0.0000000000
58420  22.025  -23.861  59.847 0.0000000000
58428  37.434  -22.476  58.403 0.0000000000
58429  37.074  -22.428  58.419 0.0000000000
59597  37.575  -21.045  63.333 0.0000000000
59606  23.800  -22.133  65.520 0.0000000000
59616  37.529  -21.201  63.110 0.0000000000
59617  37.138  -21.583  63.053 0.0000000000
59619  36.188  -21.898  62.191 0.0000000000
59633  37.636  -21.055  62.108 0.0000000000
59636  36.430  -22.078  61.960 0.0000000000
59654  36.263  -22.061  61.374 0.0000000000
59661  22.699  -22.379  60.870 0.0000000000
59662  22.535  -22.842  61.026 0.0000000000
59683  22.293  -23.902  60.663 0.0000000000
59689  38.844  -21.866  59.613 0.0000000000
59692  35.869  -21.824  60.098 0.0000000000
59694  35.402  -21.737  59.015 0.0000000000
59698  22.134  -23.690  60.161 0.0000000000
59699  22.118  -23.907  60.270 0.0000000000
59708  37.778  -22.535  58.447 0.0000000000
59710  35.895  -22.315  58.679 0.0000000000
59717  21.834  -23.706  59.984 0.0000000000
59718  21.947  -23.788  60.100 0.0000000000
59728  35.825  -22.158  57.685 0.0000000000
59752  35.498  -21.676  57.033 0.0000000000
60823  37.761  -20.027  65.112 0.0000000000
60825  37.046  -19.970  65.048 0.0000000000
60826  36.786  -20.028  64.789 0.0000000000
60834  38.186  -20.026  64.549 0.0000000000
60837  36.980  -20.272  64.167 0.0000000000
60852  37.231  -20.914  63.640 0.0000000000
60862  23.813  -22.278  64.404 0.0000000000
60875  36.620  -21.243  63.179 0.0000000000
60877  35.495  -21.023  62.508 0.0000000000
60882  24.923  -21.603  64.412 0.0000000000
60895  37.724  -20.774  62.183 0.0000000000
60903  22.563  -22.728  62.164 0.0000000000
60912  37.970  -21.120  61.045 0.0000000000
60930  34.592  -20.796  60.024 0.0000000000
60985  22.081  -22.151  57.307 0.0000000000
60986  22.227  -21.643  57.050 0.0000000000
60987  22.310  -21.566  56.830 0.0000000000
61012  22.309  -21.611  56.666 0.0000000000
61971  37.439  -19.386  66.790 0.0000000000
61983  37.031  -19.629  66.227 0.0000000000
61994  39.375  -20.159  65.899 0.0000000000
61998  36.898  -19.875  65.425 0.0000000000
61999  36.300  -19.832  65.179 0.0000000000
62009  38.449  -19.967  64.844 0.0000000000
62013  35.305  -19.657  64.089 0.0000000000
62027  35.740  -20.032  64.097 0.0000000000
62028  35.479  -20.078  63.722 0.0000000000
62031  26.873  -20.797  65.135 0.0000000000
62059  37.712  -20.338  62.315 0.0000000000
62061  34.631  -20.318  62.161 0.0000000000
62066  23.338  -21.437  62.044 0.0000000000
62074  34.722  -20.335  61.257 0.0000000000
62077  25.757  -20.308  62.227 0.0000000000
62087  38.241  -20.695  60.573 0.0000000000
62115  33.451  -20.216  58.445 0.0000000000
62121  22.818  -20.998  57.590 0.0000000000
62140  22.425  -21.408  56.981 0.0000000000
62157  22.933  -21.110  56.460 0.0000000000
62158  22.484  -21.433  56.715 0.0000000000
63099  37.345  -19.105  67.869 0.0000000000
63100  36.787  -19.133  68.053 0.0000000000
63116  35.794  -18.419  66.739 0.0000000000
63139  39.533  -19.656  65.928 0.0000000000
63140  39.307  -19.809  66.405 0.0000000000
63141  35.915  -19.542  65.368 0.0000000000
63155  34.965  -19.199  64.244 0.0000000000
63172  28.139  -19.166  64.945 0.0000000000
63195  33.755  -19.542  61.926 0.0000000000
63206  34.163  -19.752  61.398 0.0000000000
63221  33.129  -19.295  59.791 0.0000000000
63236  33.252  -19.680  59.564 0.0000000000
63238  26.319  -19.471  60.177 0.0000000000
63254  25.664  -19.843  58.812 0.0000000000
63270  24.209  -20.178  57.419 0.0000000000
63283  24.554  -19.538  57.011 0.0000000000
64200  36.148  -17.993  67.268 0.0000000000
64212  36.404  -18.562  67.252 0.0000000000
64225  35.401  -17.702  66.037 0.0000000000
64288  32.748  -18.358  61.367 0.0000000000
64290  27.611  -18.721  62.810 0.0000000000
64321  33.111  -19.150  60.155 0.0000000000
64349  32.333  -18.268  57.299 0.0000000000
64366  25.956  -18.109  57.832 0.0000000000
65352  33.940  -18.085  62.961 0.0000000000
65390  32.774  -18.076  61.505 0.0000000000
65411  27.557  -17.914  61.872 0.0000000000
65434  27.342  -17.726  59.937 0.0000000000
65443  32.484  -17.893  58.187 0.0000000000
65446  26.824  -18.009  58.707 0.0000000000
65457  32.112  -17.709  57.089 0.0000000000
66537  32.888  -17.256  61.530 0.0000000000
66578  32.238  -17.169  58.781 0.0000000000
66589  27.260  -17.114  58.348 0.0000000000
66599  32.075  -17.206  57.296 0.0000000000
66602  27.105  -17.234  57.548 0.0000000000
66626  30.835  -16.873  55.349 0.0000000000
67673  35.732  -15.560  67.902 0.0000000000
67802  36.051  -16.012  61.387 0.0000000000
67814  31.653  -16.021  58.760 0.0000000000
67839  27.437  -16.776  57.487 0.0000000000
67848  30.304  -16.090  55.935 0.0000000000
68914  28.474  -14.872  65.143 0.0000000000
68927  28.428  -15.115  64.723 0.0000000000
68943  28.701  -15.078  63.639 0.0000000000
68979  28.902  -14.947  61.719 0.0000000000
68997  28.706  -15.599  60.552 0.0000000000
69033  29.300  -15.461  58.821 0.0000000000
70194  28.781  -14.605  65.101 0.0000000000
70195  28.566  -14.714  65.096 0.0000000000
70206  33.725  -14.334  64.885 0.0000000000
70210  28.755  -14.543  64.864 0.0000000000
70254  31.863  -14.319  61.570 0.0000000000
70271  30.015  -14.768  60.199 0.0000000000
70289  30.736  -14.889  59.816 0.0000000000
71549  29.880  -13.834  62.676 0.0000000000
71561  30.851  -13.552  62.623 0.0000000000
71563  29.967  -13.877  62.423 0.0000000000
72752  33.072  -12.369  68.438 0.0000000000
72780  32.225  -12.555  65.863 0.0000000000
72789  32.071  -12.746  65.472 0.0000000000
75513  38.245  -9.280  49.359 0.0000000000
75521  39.534  -9.131  48.114 0.0000000000
75532  39.606  -9.119  47.869 0.0000000000
76617  37.235  -10.292  53.818 0.0000000000
76699  38.890  -9.110  49.152 0.0000000000
76702  40.080  -8.839  47.748 0.0000000000
76703  38.864  -9.400  47.274 0.0000000000
77873  38.739  -8.807  50.088 0.0000000000
77918  40.149  -8.007  44.808 0.0000000000
77936  41.504  -7.083  44.542 0.0000000000
82646  47.266  -4.357  44.472 0.0000000000
83960  44.022  -3.584  43.228 0.0000000000
86282  42.178  -1.731  41.049 0.0000000000
88631  49.084  0.559  41.403 0.0000000000
89914  51.281  1.453  39.695 0.0000000000
89927  50.859  1.163  36.704 0.0000000000
139873  20.265  -26.099  64.106 0.0000000000
139875  19.459  -25.892  63.520 0.0000000000
139877  19.407  -25.345  62.208 0.0000000000
139878  19.189  -25.258  62.220 0.0000000000
139879  19.283  -25.360  62.426 0.0000000000
139881  18.967  -25.158  62.271 0.0000000000
139882  19.054  -25.275  62.470 0.0000000000
139886  16.239  -24.247  64.031 0.0000000000
