#!ascii label  , from subject 3027 vox2ras=TkReg
823
108109  42.622  19.800  28.108 0.0000000000
104854  45.928  15.413  19.801 0.0000000000
110969  51.569  21.823  12.707 0.0000000000
99989  48.582  10.503  15.596 0.0000000000
102093  42.685  12.654  27.141 0.0000000000
107356  54.674  18.971  18.059 0.0000000000
104034  48.885  14.422  16.019 0.0000000000
107345  42.530  18.832  19.085 0.0000000000
107284  49.730  18.462  22.302 0.0000000000
105648  44.881  16.438  24.471 0.0000000000
101033  46.507  11.340  23.659 0.0000000000
111748  48.269  23.494  16.721 0.0000000000
107389  43.754  17.838  14.925 0.0000000000
109198  48.465  20.326  16.748 0.0000000000
105729  46.637  16.106  12.470 0.0000000000
110024  43.537  21.803  19.298 0.0000000000
107250  46.635  18.856  25.033 0.0000000000
107253  44.077  17.809  25.665 0.0000000000
101013  44.566  11.767  24.643 0.0000000000
110061  54.332  21.252  15.252 0.0000000000
110902  51.855  22.125  16.883 0.0000000000
110925  49.928  23.042  15.044 0.0000000000
110930  46.351  21.958  15.691 0.0000000000
109264  46.631  20.717  12.769 0.0000000000
107304  46.820  18.435  21.219 0.0000000000
108218  48.784  19.466  20.021 0.0000000000
108255  45.861  18.725  18.564 0.0000000000
102209  50.181  12.569  14.795 0.0000000000
104909  48.079  15.195  13.717 0.0000000000
103163  47.685  12.934  14.628 0.0000000000
103165  46.324  14.066  15.030 0.0000000000
101123  46.713  11.319  16.545 0.0000000000
97785  45.483  9.265  19.012 0.0000000000
107241  40.633  18.172  27.922 0.0000000000
105635  41.925  16.348  26.454 0.0000000000
109243  53.973  20.508  14.552 0.0000000000
102163  47.647  12.483  19.420 0.0000000000
104862  47.223  14.922  17.671 0.0000000000
102183  49.319  12.638  17.458 0.0000000000
102189  51.424  11.891  15.665 0.0000000000
108174  51.677  19.661  22.911 0.0000000000
109108  49.248  20.156  24.841 0.0000000000
106459  46.939  17.532  23.705 0.0000000000
105670  44.937  16.281  22.172 0.0000000000
104805  43.483  15.565  25.077 0.0000000000
103105  43.811  13.415  22.897 0.0000000000
103122  45.434  13.508  21.174 0.0000000000
101072  48.836  10.868  21.386 0.0000000000
108095  38.652  19.162  29.823 0.0000000000
110880  50.477  22.412  18.750 0.0000000000
111741  46.557  23.752  18.241 0.0000000000
110047  45.187  22.141  17.471 0.0000000000
108283  43.750  18.906  16.978 0.0000000000
104886  42.003  16.170  17.275 0.0000000000
107318  52.526  18.988  20.301 0.0000000000
109179  51.761  20.013  17.683 0.0000000000
109229  50.240  20.603  14.832 0.0000000000
105715  47.180  16.656  15.770 0.0000000000
108294  47.142  19.092  13.687 0.0000000000
108313  47.924  19.375  11.576 0.0000000000
106533  45.304  17.558  12.978 0.0000000000
104883  44.049  15.274  16.228 0.0000000000
110884  43.334  23.424  19.488 0.0000000000
111731  44.421  23.919  19.394 0.0000000000
108132  44.794  19.204  26.475 0.0000000000
108133  43.846  18.955  26.585 0.0000000000
110940  52.913  22.030  13.281 0.0000000000
110923  52.204  22.483  14.509 0.0000000000
110959  50.764  22.369  13.228 0.0000000000
110945  48.771  22.289  13.947 0.0000000000
110083  49.071  21.440  12.634 0.0000000000
106483  45.534  17.804  20.958 0.0000000000
108221  46.111  19.062  19.913 0.0000000000
106496  45.635  17.516  19.037 0.0000000000
100012  49.587  11.073  14.652 0.0000000000
102210  48.987  12.577  14.637 0.0000000000
101143  48.133  11.660  14.823 0.0000000000
102200  47.573  12.475  15.058 0.0000000000
100002  47.565  10.761  15.721 0.0000000000
98891  46.661  9.892  16.910 0.0000000000
98872  48.309  9.630  16.893 0.0000000000
104793  40.653  15.845  28.100 0.0000000000
108290  55.161  19.748  15.256 0.0000000000
108278  54.172  19.450  16.549 0.0000000000
101092  48.995  11.212  19.282 0.0000000000
102174  48.111  12.772  18.610 0.0000000000
101103  49.410  11.664  18.375 0.0000000000
101121  52.106  11.605  16.067 0.0000000000
101128  54.020  11.183  14.971 0.0000000000
101139  52.292  11.473  14.611 0.0000000000
106438  46.026  17.733  24.817 0.0000000000
107262  47.093  18.634  24.670 0.0000000000
105646  46.140  17.173  23.907 0.0000000000
105661  46.320  17.414  22.910 0.0000000000
105656  44.999  16.203  23.574 0.0000000000
103953  41.772  14.819  26.451 0.0000000000
104806  42.861  15.326  25.598 0.0000000000
103084  42.616  13.616  25.739 0.0000000000
101034  45.627  11.509  23.730 0.0000000000
102132  44.159  12.343  23.884 0.0000000000
102138  45.091  12.250  22.507 0.0000000000
103113  44.955  13.503  21.754 0.0000000000
101075  46.120  11.760  21.950 0.0000000000
101083  47.189  11.704  20.804 0.0000000000
101054  47.630  11.120  22.579 0.0000000000
101029  50.475  11.268  23.554 0.0000000000
110904  49.942  22.969  16.757 0.0000000000
110892  51.125  22.238  17.848 0.0000000000
110894  49.145  22.964  17.589 0.0000000000
110882  48.830  22.920  18.560 0.0000000000
111740  47.448  23.689  17.917 0.0000000000
111751  45.824  23.366  17.639 0.0000000000
111763  46.128  23.133  16.724 0.0000000000
108295  45.012  19.744  14.915 0.0000000000
109217  44.984  20.161  15.985 0.0000000000
107379  44.146  18.758  15.820 0.0000000000
106512  41.792  17.010  16.778 0.0000000000
106520  42.705  16.956  15.856 0.0000000000
108193  50.804  19.007  22.572 0.0000000000
107282  51.857  19.068  21.779 0.0000000000
107300  50.612  18.628  21.351 0.0000000000
109168  48.706  20.303  18.653 0.0000000000
108252  50.230  20.024  18.944 0.0000000000
109197  49.676  20.514  16.955 0.0000000000
109213  50.439  20.621  15.994 0.0000000000
109214  49.373  20.665  15.709 0.0000000000
104026  48.143  14.541  17.019 0.0000000000
105706  47.419  15.638  16.750 0.0000000000
105714  47.559  15.934  15.814 0.0000000000
105734  47.501  15.714  13.288 0.0000000000
106525  47.155  17.294  13.808 0.0000000000
106531  46.856  17.057  12.888 0.0000000000
108306  47.719  18.833  12.561 0.0000000000
107401  47.263  17.996  11.951 0.0000000000
107411  46.408  18.874  11.658 0.0000000000
105730  45.438  16.424  12.918 0.0000000000
103146  45.990  13.295  16.941 0.0000000000
104046  45.191  14.897  15.645 0.0000000000
103147  45.291  13.931  17.218 0.0000000000
104029  43.996  14.676  17.723 0.0000000000
107316  54.726  18.697  20.103 0.0000000000
110025  43.309  21.301  19.654 0.0000000000
109170  43.491  20.900  19.329 0.0000000000
108136  47.743  20.038  26.139 0.0000000000
108131  45.904  19.319  26.139 0.0000000000
107243  45.754  18.917  25.689 0.0000000000
105638  44.707  16.749  24.871 0.0000000000
100989  43.524  11.898  25.972 0.0000000000
110055  52.629  22.032  15.947 0.0000000000
110910  51.655  22.450  15.693 0.0000000000
111759  49.086  23.318  15.880 0.0000000000
110914  47.254  22.803  15.826 0.0000000000
110928  47.585  22.415  15.086 0.0000000000
110077  46.526  21.115  13.960 0.0000000000
108307  45.298  19.742  14.135 0.0000000000
107302  48.640  18.393  21.555 0.0000000000
107321  49.237  18.817  20.634 0.0000000000
107322  48.210  18.925  20.744 0.0000000000
108236  47.277  19.812  18.838 0.0000000000
108253  47.395  19.828  17.354 0.0000000000
104042  49.464  13.971  14.979 0.0000000000
104890  48.453  14.867  15.168 0.0000000000
104053  48.794  14.276  14.493 0.0000000000
103178  48.134  14.238  13.812 0.0000000000
104063  46.884  14.841  13.228 0.0000000000
104056  46.059  14.743  13.952 0.0000000000
103164  47.113  13.517  14.972 0.0000000000
103155  46.739  12.954  16.209 0.0000000000
101113  46.423  11.627  17.190 0.0000000000
97800  46.167  9.292  18.414 0.0000000000
108125  41.961  19.130  27.499 0.0000000000
107247  42.122  17.875  26.590 0.0000000000
106431  41.242  17.219  27.069 0.0000000000
104795  41.225  15.785  27.160 0.0000000000
103072  41.722  13.668  27.959 0.0000000000
109223  55.637  20.362  15.751 0.0000000000
109256  54.148  20.864  14.157 0.0000000000
110082  52.594  21.059  13.122 0.0000000000
104008  46.543  14.497  19.280 0.0000000000
104853  46.325  15.454  18.953 0.0000000000
104007  47.199  14.087  18.764 0.0000000000
104016  48.413  14.047  17.448 0.0000000000
103154  49.195  13.938  16.671 0.0000000000
101100  51.455  11.158  17.642 0.0000000000
102181  50.433  12.107  16.706 0.0000000000
103161  50.261  12.746  15.887 0.0000000000
102208  51.522  11.883  14.903 0.0000000000
101140  51.117  11.655  14.612 0.0000000000
99999  50.240  10.560  14.887 0.0000000000
98871  49.391  9.660  16.878 0.0000000000
108155  50.905  19.860  23.759 0.0000000000
107271  49.550  18.623  23.182 0.0000000000
108157  48.062  19.567  24.805 0.0000000000
107261  48.566  18.610  23.955 0.0000000000
106466  48.291  17.786  22.814 0.0000000000
106467  47.119  17.624  22.886 0.0000000000
106476  45.968  17.589  21.879 0.0000000000
104837  45.012  16.178  21.299 0.0000000000
106434  43.190  17.234  25.811 0.0000000000
105639  43.906  16.484  25.209 0.0000000000
104804  44.229  16.112  24.729 0.0000000000
102124  43.241  12.839  24.772 0.0000000000
103975  43.601  14.379  23.728 0.0000000000
104823  44.583  15.742  23.549 0.0000000000
104830  44.474  15.531  22.537 0.0000000000
103999  44.731  15.038  21.222 0.0000000000
103998  45.358  14.624  20.715 0.0000000000
103129  46.476  13.497  19.909 0.0000000000
101082  47.863  11.467  20.395 0.0000000000
99923  49.059  10.791  20.835 0.0000000000
101053  48.652  10.976  22.524 0.0000000000
99905  50.226  10.664  21.989 0.0000000000
108093  40.569  19.631  29.050 0.0000000000
107236  39.690  18.207  28.666 0.0000000000
106423  37.848  17.543  30.462 0.0000000000
110878  52.252  21.954  19.084 0.0000000000
110860  50.229  22.632  20.338 0.0000000000
111743  44.800  23.578  18.690 0.0000000000
110896  44.803  22.746  18.126 0.0000000000
109185  44.031  20.793  18.525 0.0000000000
110916  45.950  22.303  16.338 0.0000000000
108269  44.203  19.608  17.240 0.0000000000
107360  43.229  18.915  17.913 0.0000000000
107339  53.462  19.024  19.092 0.0000000000
107342  50.893  19.285  19.707 0.0000000000
108231  52.000  19.356  19.013 0.0000000000
108265  52.974  19.564  17.618 0.0000000000
109211  52.375  20.150  16.342 0.0000000000
109245  51.995  20.630  14.296 0.0000000000
109260  50.940  20.717  13.200 0.0000000000
106495  46.047  17.069  18.363 0.0000000000
107371  46.620  18.130  17.025 0.0000000000
108268  46.822  19.143  16.516 0.0000000000
105721  47.662  15.933  14.828 0.0000000000
106518  47.087  17.235  15.046 0.0000000000
108281  46.863  19.207  15.100 0.0000000000
109231  48.513  20.214  13.882 0.0000000000
109249  48.465  20.410  12.776 0.0000000000
109262  49.314  21.071  12.724 0.0000000000
110094  47.223  20.710  11.753 0.0000000000
108315  45.601  19.405  12.964 0.0000000000
107395  44.440  18.081  14.068 0.0000000000
104902  45.375  15.265  14.023 0.0000000000
104903  44.532  15.721  14.272 0.0000000000
105716  43.296  16.372  15.163 0.0000000000
104884  43.282  15.577  16.447 0.0000000000
98846  44.370  9.945  19.382 0.0000000000
108108  43.583  19.756  28.003 0.0000000000
108123  44.160  19.540  27.225 0.0000000000
108124  43.114  19.140  27.045 0.0000000000
110957  52.244  22.064  12.947 0.0000000000
110941  52.275  22.422  13.515 0.0000000000
110960  50.003  22.385  13.267 0.0000000000
110971  50.216  22.071  12.686 0.0000000000
105685  45.599  16.568  19.740 0.0000000000
106489  45.342  17.586  20.001 0.0000000000
100013  48.944  11.051  14.960 0.0000000000
101142  48.753  11.588  14.787 0.0000000000
100001  48.317  10.917  15.221 0.0000000000
101132  47.734  11.562  15.257 0.0000000000
99990  48.041  10.351  15.814 0.0000000000
98889  47.816  9.889  16.379 0.0000000000
98888  48.901  10.156  16.096 0.0000000000
107337  55.755  18.517  19.278 0.0000000000
107355  55.720  18.656  18.336 0.0000000000
107370  55.170  19.075  17.328 0.0000000000
108263  54.650  19.238  17.125 0.0000000000
99955  49.398  10.613  19.916 0.0000000000
101091  49.862  11.055  18.788 0.0000000000
101119  54.057  11.127  15.774 0.0000000000
101118  54.381  11.023  15.316 0.0000000000
101137  54.332  11.072  14.425 0.0000000000
106450  45.722  17.288  24.597 0.0000000000
106449  46.464  17.602  24.378 0.0000000000
105647  45.564  16.877  24.261 0.0000000000
105655  45.456  16.638  23.640 0.0000000000
104813  45.048  16.222  24.055 0.0000000000
102094  42.156  13.418  27.155 0.0000000000
103085  42.244  14.059  26.278 0.0000000000
102109  42.479  13.241  26.415 0.0000000000
101057  45.088  11.872  23.085 0.0000000000
101056  45.739  11.659  22.705 0.0000000000
101055  46.701  11.369  22.665 0.0000000000
110905  49.236  23.184  16.638 0.0000000000
110893  50.182  22.592  17.719 0.0000000000
110895  48.598  23.169  18.031 0.0000000000
111739  48.281  23.434  17.537 0.0000000000
111750  46.706  23.579  17.334 0.0000000000
111749  47.552  23.641  17.036 0.0000000000
108308  44.690  19.093  14.551 0.0000000000
108296  44.652  19.338  15.466 0.0000000000
107388  44.154  18.510  15.160 0.0000000000
106510  42.881  17.451  15.990 0.0000000000
106519  43.086  17.169  15.391 0.0000000000
107270  50.202  18.850  22.819 0.0000000000
107283  50.688  18.795  22.319 0.0000000000
109183  48.113  20.247  18.056 0.0000000000
109182  49.041  20.460  17.879 0.0000000000
104035  48.490  14.574  16.536 0.0000000000
104882  48.049  15.046  16.273 0.0000000000
104881  48.376  14.940  15.691 0.0000000000
105735  47.177  15.716  12.773 0.0000000000
105728  47.206  16.178  13.058 0.0000000000
106532  46.273  17.194  12.394 0.0000000000
103137  45.704  12.717  17.612 0.0000000000
103138  45.140  13.335  17.835 0.0000000000
110883  43.652  22.928  19.183 0.0000000000
110871  43.319  22.354  19.581 0.0000000000
108120  47.066  19.838  27.956 0.0000000000
108121  46.140  19.842  27.508 0.0000000000
107245  44.377  18.525  26.021 0.0000000000
107244  45.312  18.779  25.811 0.0000000000
107252  44.954  18.047  25.463 0.0000000000
106439  45.351  17.443  24.999 0.0000000000
106440  44.495  17.240  25.270 0.0000000000
110054  53.595  21.586  16.075 0.0000000000
110062  53.280  21.880  14.843 0.0000000000
110924  51.049  22.773  14.805 0.0000000000
110911  50.526  22.915  15.834 0.0000000000
111771  49.332  23.102  15.439 0.0000000000
111772  48.751  23.009  15.497 0.0000000000
110926  49.147  22.785  14.844 0.0000000000
110075  48.274  21.585  13.314 0.0000000000
110946  47.876  22.008  14.249 0.0000000000
110076  46.982  21.354  13.533 0.0000000000
109251  46.198  20.588  13.649 0.0000000000
109250  46.599  20.913  13.295 0.0000000000
107303  47.607  18.450  21.425 0.0000000000
107323  47.209  18.906  20.674 0.0000000000
108237  45.992  19.201  19.177 0.0000000000
108220  46.714  19.281  19.901 0.0000000000
108254  46.440  19.100  17.913 0.0000000000
103169  49.680  13.402  14.944 0.0000000000
104052  49.300  13.865  14.713 0.0000000000
103170  49.047  13.525  14.589 0.0000000000
103171  47.994  13.541  14.087 0.0000000000
103177  48.449  14.081  14.148 0.0000000000
104062  47.638  14.692  13.482 0.0000000000
104054  47.321  14.245  13.692 0.0000000000
104055  46.774  14.329  13.960 0.0000000000
103172  47.305  13.905  14.123 0.0000000000
101133  47.111  11.095  15.957 0.0000000000
102201  47.172  12.136  15.851 0.0000000000
102192  46.762  12.139  16.656 0.0000000000
99981  46.267  10.802  17.205 0.0000000000
97813  47.237  9.387  17.439 0.0000000000
98856  46.439  9.539  17.837 0.0000000000
108126  41.001  18.850  27.826 0.0000000000
107240  41.396  18.152  27.179 0.0000000000
106432  40.738  17.310  27.620 0.0000000000
104796  40.900  15.851  27.669 0.0000000000
103949  41.158  14.886  28.299 0.0000000000
103073  41.371  14.379  27.793 0.0000000000
103066  41.459  14.197  28.659 0.0000000000
109225  54.519  20.005  14.943 0.0000000000
108304  55.213  20.156  14.895 0.0000000000
109257  53.530  20.799  13.848 0.0000000000
103128  47.071  13.487  19.306 0.0000000000
103136  47.627  13.441  18.651 0.0000000000
102173  48.832  12.414  18.180 0.0000000000
103135  48.304  13.456  18.040 0.0000000000
103144  49.048  13.431  17.287 0.0000000000
103143  49.474  12.921  17.049 0.0000000000
101101  50.865  11.036  18.068 0.0000000000
101122  51.482  11.679  16.643 0.0000000000
102190  50.837  12.115  16.212 0.0000000000
103152  50.215  12.662  16.200 0.0000000000
102198  50.690  12.264  15.379 0.0000000000
99997  52.524  10.637  14.740 0.0000000000
100010  51.874  11.084  14.419 0.0000000000
100011  50.693  11.103  14.424 0.0000000000
99998  51.377  10.607  14.787 0.0000000000
98901  50.819  10.120  15.372 0.0000000000
109107  50.316  20.219  24.684 0.0000000000
108156  49.555  19.326  23.876 0.0000000000
108176  49.840  19.004  23.337 0.0000000000
108137  46.865  19.253  25.421 0.0000000000
108158  47.308  19.176  24.899 0.0000000000
106448  47.616  17.949  24.048 0.0000000000
106447  48.372  18.103  23.661 0.0000000000
106458  47.902  17.758  23.435 0.0000000000
105662  45.635  17.042  22.695 0.0000000000
106468  46.364  17.548  22.508 0.0000000000
105669  45.312  16.987  21.643 0.0000000000
106436  41.779  17.154  26.660 0.0000000000
106435  42.497  17.236  26.251 0.0000000000
105640  43.179  16.001  25.622 0.0000000000
104815  43.871  15.587  24.538 0.0000000000
100988  44.176  11.698  25.536 0.0000000000
102107  43.516  12.209  25.317 0.0000000000
102123  43.863  12.257  24.669 0.0000000000
102140  43.761  12.905  23.374 0.0000000000
103106  43.585  13.728  23.485 0.0000000000
103982  43.651  14.225  23.387 0.0000000000
103974  43.903  15.172  23.857 0.0000000000
103981  43.885  14.535  22.990 0.0000000000
103989  44.581  14.545  21.774 0.0000000000
103988  45.054  14.041  21.327 0.0000000000
103121  45.967  13.541  20.588 0.0000000000
103997  46.123  14.198  20.130 0.0000000000
101073  47.777  11.109  21.505 0.0000000000
101081  48.629  11.012  20.290 0.0000000000
101030  49.456  11.214  23.545 0.0000000000
101051  50.782  10.976  22.719 0.0000000000
99904  50.950  10.726  22.054 0.0000000000
108092  41.199  19.932  29.139 0.0000000000
109046  39.243  19.786  29.792 0.0000000000
108094  39.529  19.021  29.103 0.0000000000
107228  39.159  18.078  29.035 0.0000000000
107229  38.744  18.272  29.505 0.0000000000
110879  51.384  22.221  18.913 0.0000000000
110866  52.409  22.023  20.125 0.0000000000
110867  51.585  22.300  19.938 0.0000000000
110868  50.741  22.453  19.741 0.0000000000
111727  48.141  23.268  18.404 0.0000000000
111729  46.422  23.686  19.209 0.0000000000
111742  45.690  23.656  18.562 0.0000000000
110907  45.252  22.913  17.637 0.0000000000
110034  44.830  21.844  17.951 0.0000000000
109184  44.574  21.388  18.106 0.0000000000
110915  46.549  22.615  16.075 0.0000000000
110056  45.928  21.449  15.855 0.0000000000
108282  44.370  19.306  16.450 0.0000000000
108270  43.664  19.209  17.617 0.0000000000
107372  43.082  18.579  17.334 0.0000000000
107374  41.616  17.563  17.509 0.0000000000
107373  42.196  17.760  17.156 0.0000000000
105709  41.911  16.644  16.847 0.0000000000
108173  52.902  19.838  22.949 0.0000000000
107299  51.652  18.789  21.246 0.0000000000
107281  52.356  19.180  21.625 0.0000000000
107298  52.682  19.058  21.153 0.0000000000
107317  53.606  18.696  20.129 0.0000000000
108217  49.682  19.348  19.960 0.0000000000
107320  50.430  18.917  20.318 0.0000000000
109180  51.169  20.161  17.877 0.0000000000
108232  51.249  19.525  19.188 0.0000000000
108250  51.790  19.706  18.267 0.0000000000
108249  52.542  19.472  18.333 0.0000000000
108266  52.418  19.642  17.913 0.0000000000
109193  52.942  19.673  17.119 0.0000000000
109194  52.379  19.871  17.354 0.0000000000
109228  51.224  20.544  15.104 0.0000000000
109246  51.044  20.712  14.065 0.0000000000
109259  51.745  20.742  13.468 0.0000000000
109247  50.161  20.651  13.737 0.0000000000
104863  46.809  15.101  18.165 0.0000000000
105691  46.368  16.185  18.354 0.0000000000
105700  46.996  15.901  17.458 0.0000000000
105707  47.136  16.427  16.601 0.0000000000
106503  46.533  16.994  17.442 0.0000000000
106509  46.844  17.270  16.262 0.0000000000
104901  48.065  15.357  14.537 0.0000000000
106524  47.401  16.587  14.343 0.0000000000
107387  46.793  18.190  14.361 0.0000000000
108280  47.685  19.782  14.494 0.0000000000
108305  48.317  19.498  12.178 0.0000000000
109263  48.539  20.402  11.951 0.0000000000
109275  47.585  20.244  11.467 0.0000000000
107402  45.976  18.323  12.132 0.0000000000
108322  46.091  19.415  12.015 0.0000000000
107403  45.234  18.453  13.128 0.0000000000
106526  44.571  17.042  13.707 0.0000000000
104045  45.659  14.735  14.987 0.0000000000
104037  44.871  14.848  16.191 0.0000000000
104893  44.582  15.401  15.317 0.0000000000
104904  43.863  15.939  14.912 0.0000000000
104894  43.390  15.779  15.624 0.0000000000
104874  43.824  15.250  16.783 0.0000000000
103139  44.324  13.344  18.542 0.0000000000
104020  43.616  14.542  18.431 0.0000000000
98858  45.473  10.026  18.566 0.0000000000
98845  45.078  9.804  19.108 0.0000000000
111733  43.054  23.749  19.603 0.0000000000
111732  43.635  23.802  19.419 0.0000000000
111744  44.122  23.521  19.024 0.0000000000
108122  45.152  19.751  27.272 0.0000000000
110922  52.954  22.271  13.922 0.0000000000
110942  51.416  22.601  13.817 0.0000000000
110943  50.471  22.656  14.032 0.0000000000
110944  49.615  22.586  14.058 0.0000000000
110074  48.839  21.940  13.176 0.0000000000
107324  46.223  18.597  20.522 0.0000000000
107325  45.508  18.314  20.202 0.0000000000
107344  45.463  18.405  19.428 0.0000000000
107359  45.621  18.296  18.794 0.0000000000
101141  49.905  11.777  14.595 0.0000000000
102211  48.068  12.274  14.595 0.0000000000
100003  47.154  10.604  16.091 0.0000000000
99992  46.743  10.422  16.553 0.0000000000
99991  47.350  10.271  16.171 0.0000000000
98873  47.471  9.569  16.999 0.0000000000
97812  47.754  9.295  17.491 0.0000000000
106429  39.796  17.342  28.536 0.0000000000
106428  40.262  17.346  28.160 0.0000000000
105623  40.132  16.359  28.667 0.0000000000
108276  55.781  19.770  16.152 0.0000000000
108262  55.509  19.322  16.865 0.0000000000
108277  55.009  19.375  16.163 0.0000000000
108291  54.353  19.591  15.674 0.0000000000
102162  48.364  12.125  19.025 0.0000000000
102172  49.480  12.110  17.805 0.0000000000
101110  52.101  11.239  17.192 0.0000000000
101109  53.070  11.172  16.563 0.0000000000
101120  53.152  11.381  15.832 0.0000000000
101130  52.664  11.596  15.516 0.0000000000
102207  52.567  11.717  14.810 0.0000000000
101138  53.362  11.365  14.680 0.0000000000
100009  52.995  11.059  14.446 0.0000000000
109088  48.751  20.385  25.799 0.0000000000
107263  46.424  18.088  24.783 0.0000000000
105654  46.241  17.288  23.348 0.0000000000
105663  44.959  16.263  23.070 0.0000000000
104799  41.666  15.546  26.544 0.0000000000
104798  42.386  15.620  26.069 0.0000000000
103960  42.409  14.869  25.924 0.0000000000
103959  42.822  14.564  25.399 0.0000000000
101012  45.388  11.464  24.633 0.0000000000
101035  44.838  11.840  23.786 0.0000000000
102139  44.394  12.525  22.926 0.0000000000
103114  44.359  13.549  22.367 0.0000000000
102148  44.831  12.843  22.217 0.0000000000
102147  45.499  12.540  21.793 0.0000000000
102155  45.928  12.873  21.097 0.0000000000
102146  46.177  12.242  21.384 0.0000000000
101074  46.820  11.574  21.586 0.0000000000
101028  51.484  11.378  23.550 0.0000000000
110903  50.866  22.526  16.781 0.0000000000
110891  52.076  21.976  18.004 0.0000000000
110881  49.594  22.637  18.580 0.0000000000
110906  45.493  22.702  16.998 0.0000000000
109232  45.487  20.540  15.095 0.0000000000
109233  45.023  19.957  15.360 0.0000000000
107380  43.257  18.098  16.171 0.0000000000
107381  42.573  17.651  16.566 0.0000000000
106511  42.365  17.185  16.408 0.0000000000
105708  42.389  16.454  16.345 0.0000000000
108192  51.311  19.185  22.397 0.0000000000
108234  49.462  20.005  19.202 0.0000000000
109167  49.327  20.325  18.513 0.0000000000
109181  50.078  20.317  18.185 0.0000000000
109196  50.743  20.399  17.072 0.0000000000
109195  51.663  20.237  17.116 0.0000000000
109230  49.326  20.468  14.438 0.0000000000
104872  47.490  15.002  17.149 0.0000000000
105699  47.259  15.468  17.212 0.0000000000
105727  47.660  16.128  14.067 0.0000000000
106530  47.281  16.602  13.528 0.0000000000
107394  46.927  18.133  13.071 0.0000000000
107400  47.683  18.703  11.641 0.0000000000
107409  47.272  18.707  11.500 0.0000000000
107410  46.743  18.421  11.577 0.0000000000
103156  46.249  13.829  15.706 0.0000000000
104036  45.592  14.376  16.063 0.0000000000
104027  45.296  14.272  16.743 0.0000000000
104028  44.512  14.625  17.140 0.0000000000
107338  54.653  18.695  19.157 0.0000000000
110872  43.030  23.029  19.768 0.0000000000
108240  42.611  19.409  19.585 0.0000000000
108239  43.363  20.009  19.169 0.0000000000
108130  46.896  19.796  26.739 0.0000000000
108138  46.261  19.063  25.561 0.0000000000
107251  46.057  18.547  25.276 0.0000000000
105637  45.243  16.937  24.622 0.0000000000
100969  43.331  12.031  26.779 0.0000000000
100968  44.061  11.589  26.570 0.0000000000
100967  44.748  11.435  26.271 0.0000000000
100987  45.065  11.425  25.507 0.0000000000
101011  46.276  11.336  24.637 0.0000000000
101032  47.460  11.260  23.623 0.0000000000
110044  53.809  21.423  17.222 0.0000000000
110045  52.860  21.876  17.059 0.0000000000
110063  52.476  22.271  15.223 0.0000000000
110912  49.628  23.256  15.945 0.0000000000
111747  48.825  23.324  16.414 0.0000000000
111761  47.729  23.296  16.306 0.0000000000
111760  48.443  23.287  16.077 0.0000000000
111773  48.017  22.926  15.639 0.0000000000
110929  46.883  22.093  15.247 0.0000000000
110947  47.248  21.871  14.568 0.0000000000
110065  46.382  21.372  14.695 0.0000000000
107285  49.162  18.275  22.086 0.0000000000
107301  49.647  18.512  21.389 0.0000000000
108219  47.727  19.532  20.006 0.0000000000
108235  48.311  20.053  19.338 0.0000000000
109169  48.048  20.245  18.751 0.0000000000
104033  49.420  13.918  15.549 0.0000000000
104043  48.958  14.422  15.084 0.0000000000
104900  48.469  14.808  14.474 0.0000000000
104908  48.442  14.733  14.086 0.0000000000
104061  48.314  14.560  13.866 0.0000000000
104915  47.453  15.324  13.162 0.0000000000
104069  47.243  14.986  12.930 0.0000000000
104910  46.681  15.299  12.928 0.0000000000
104911  46.087  15.354  13.097 0.0000000000
104064  46.436  14.816  13.506 0.0000000000
103145  46.517  12.657  16.745 0.0000000000
102184  46.439  12.360  17.076 0.0000000000
101114  45.819  11.312  17.816 0.0000000000
98876  45.912  10.059  18.006 0.0000000000
98875  46.254  10.002  17.412 0.0000000000
98857  46.017  9.759  18.130 0.0000000000
97801  45.788  9.585  18.529 0.0000000000
107239  42.435  18.590  26.833 0.0000000000
107248  41.610  17.618  26.833 0.0000000000
105631  40.894  16.433  27.518 0.0000000000
105630  41.363  16.586  26.925 0.0000000000
103954  41.347  15.149  26.910 0.0000000000
103077  41.672  14.089  27.084 0.0000000000
110052  55.456  20.723  16.467 0.0000000000
110060  55.157  20.889  15.516 0.0000000000
108289  55.462  20.152  15.242 0.0000000000
109241  55.320  20.546  15.040 0.0000000000
110072  54.200  21.217  14.382 0.0000000000
110073  53.443  21.690  13.862 0.0000000000
110081  53.060  21.331  13.393 0.0000000000
110968  52.143  21.603  12.764 0.0000000000
105684  46.072  16.079  19.184 0.0000000000
104018  47.048  14.525  18.549 0.0000000000
104017  47.606  14.371  17.952 0.0000000000
104025  48.787  14.259  16.875 0.0000000000
101090  50.347  11.020  18.485 0.0000000000
101102  50.042  11.571  18.031 0.0000000000
101112  50.426  11.644  17.577 0.0000000000
101111  50.938  11.689  17.147 0.0000000000
102182  49.941  12.245  17.135 0.0000000000
102191  50.180  12.476  16.477 0.0000000000
103153  49.655  13.240  16.355 0.0000000000
103162  49.901  13.252  15.446 0.0000000000
102199  50.068  12.884  15.162 0.0000000000
98902  49.844  10.218  15.502 0.0000000000
98887  50.135  9.860  16.102 0.0000000000
108175  50.472  19.140  22.995 0.0000000000
106464  49.399  18.342  22.851 0.0000000000
107260  49.244  18.789  23.690 0.0000000000
106456  49.216  18.254  23.041 0.0000000000
106465  49.061  18.127  22.707 0.0000000000
106473  48.632  18.075  22.303 0.0000000000
106474  47.883  17.970  22.164 0.0000000000
106475  46.851  17.991  21.964 0.0000000000
106482  46.267  18.087  21.327 0.0000000000
105677  45.255  16.844  20.697 0.0000000000
104844  45.326  15.854  20.549 0.0000000000
107238  42.910  18.714  26.674 0.0000000000
107246  43.183  18.312  26.204 0.0000000000
107254  43.563  17.626  25.741 0.0000000000
105634  42.792  16.492  25.977 0.0000000000
105633  43.388  16.641  25.606 0.0000000000
106441  43.788  17.148  25.512 0.0000000000
102108  42.880  12.653  25.827 0.0000000000
103093  42.931  13.686  24.998 0.0000000000
102133  43.559  12.910  24.016 0.0000000000
103099  43.307  13.725  24.206 0.0000000000
103968  43.452  14.785  24.493 0.0000000000
103967  43.887  15.392  24.271 0.0000000000
104814  44.396  15.790  24.244 0.0000000000
104838  44.642  15.540  21.655 0.0000000000
104845  44.942  15.462  21.052 0.0000000000
104009  46.062  14.716  20.035 0.0000000000
102164  46.934  12.813  19.829 0.0000000000
102154  46.552  12.530  20.630 0.0000000000
102153  47.182  12.156  20.155 0.0000000000
101093  48.282  11.661  19.671 0.0000000000
99938  49.186  10.680  20.351 0.0000000000
99937  49.845  10.530  20.511 0.0000000000
101052  49.723  10.819  22.464 0.0000000000
101071  49.494  10.723  21.774 0.0000000000
99922  49.608  10.646  21.277 0.0000000000
99921  50.457  10.545  21.324 0.0000000000
108110  41.424  19.707  28.431 0.0000000000
108127  40.658  18.632  28.048 0.0000000000
108112  39.855  18.694  28.724 0.0000000000
107235  40.116  17.989  28.301 0.0000000000
106425  39.352  17.369  28.939 0.0000000000
107221  38.160  18.354  30.106 0.0000000000
106422  38.479  17.474  29.948 0.0000000000
105620  39.025  16.670  29.866 0.0000000000
111704  49.423  22.849  20.577 0.0000000000
110870  49.170  22.716  19.213 0.0000000000
111716  49.200  22.698  19.748 0.0000000000
111730  45.387  23.900  19.544 0.0000000000
110897  44.262  23.042  18.640 0.0000000000
111752  45.255  23.287  18.126 0.0000000000
110035  44.233  22.107  18.533 0.0000000000
108257  43.012  19.160  18.963 0.0000000000
111762  46.949  23.242  16.541 0.0000000000
110046  45.507  21.675  16.726 0.0000000000
109216  45.467  20.940  16.309 0.0000000000
109199  45.438  21.131  16.805 0.0000000000
109200  44.962  20.761  17.292 0.0000000000
109201  44.060  19.979  17.794 0.0000000000
108256  43.507  19.456  18.370 0.0000000000
107361  42.555  18.620  18.266 0.0000000000
106504  41.953  17.369  16.940 0.0000000000
108191  52.597  19.347  21.974 0.0000000000
107297  53.785  18.886  20.890 0.0000000000
107319  51.488  18.859  20.435 0.0000000000
108233  50.419  19.581  19.468 0.0000000000
107341  51.402  19.170  19.739 0.0000000000
107340  52.275  19.130  19.603 0.0000000000
108230  52.734  19.302  18.879 0.0000000000
108248  53.351  19.325  18.215 0.0000000000
107357  53.877  19.104  18.286 0.0000000000
108264  53.793  19.448  17.382 0.0000000000
108292  53.678  19.625  16.202 0.0000000000
109226  53.419  20.037  15.465 0.0000000000
109212  51.444  20.400  16.169 0.0000000000
109227  52.248  20.357  15.291 0.0000000000
109244  53.007  20.501  14.450 0.0000000000
109258  52.633  20.808  13.597 0.0000000000
109271  51.607  20.872  12.908 0.0000000000
109272  50.885  21.041  12.735 0.0000000000
105692  45.940  16.689  18.943 0.0000000000
107358  46.114  17.990  18.175 0.0000000000
104891  48.016  15.334  15.362 0.0000000000
106517  47.373  16.460  15.146 0.0000000000
107378  46.793  18.203  15.726 0.0000000000
108267  47.484  19.933  15.921 0.0000000000
109215  48.424  20.295  15.209 0.0000000000
108293  47.883  19.713  13.158 0.0000000000
109248  49.307  20.684  13.363 0.0000000000
109261  50.154  20.907  12.958 0.0000000000
109273  50.204  21.276  12.602 0.0000000000
109274  49.755  21.441  12.518 0.0000000000
110084  47.817  20.962  12.303 0.0000000000
110085  47.039  20.865  12.217 0.0000000000
108329  46.706  19.643  11.435 0.0000000000
109277  46.237  20.231  12.113 0.0000000000
109265  46.238  20.094  12.469 0.0000000000
108316  44.982  18.979  13.726 0.0000000000
107396  44.021  17.761  14.482 0.0000000000
104912  45.119  15.748  13.474 0.0000000000
104892  45.047  15.354  14.641 0.0000000000
105722  44.637  16.278  13.678 0.0000000000
105723  43.902  16.550  14.451 0.0000000000
106527  43.911  17.405  14.470 0.0000000000
105717  42.770  16.543  15.792 0.0000000000
104895  42.722  15.965  16.102 0.0000000000
104885  42.552  15.953  16.812 0.0000000000
104875  43.470  15.305  17.379 0.0000000000
97786  44.943  9.564  19.329 0.0000000000
98874  46.834  9.568  17.282 0.0000000000
98890  47.084  9.856  16.650 0.0000000000
99906  49.774  10.674  21.897 0.0000000000
100000  49.185  10.630  15.255 0.0000000000
100007  54.479  11.036  14.219 0.0000000000
100008  53.919  11.138  14.679 0.0000000000
101108  53.646  11.158  16.219 0.0000000000
101127  54.411  11.038  14.935 0.0000000000
101129  53.207  11.570  15.165 0.0000000000
101131  48.170  11.373  14.938 0.0000000000
101136  54.501  10.897  14.408 0.0000000000
102196  52.774  11.762  14.951 0.0000000000
102197  52.143  11.787  15.236 0.0000000000
102206  53.010  11.658  14.842 0.0000000000
103078  41.382  14.653  27.126 0.0000000000
103951  41.159  15.016  27.525 0.0000000000
104019  44.380  14.158  17.980 0.0000000000
104044  46.366  14.265  14.549 0.0000000000
104070  47.149  14.964  13.149 0.0000000000
104792  40.924  15.416  27.877 0.0000000000
104822  45.043  16.183  23.816 0.0000000000
104873  47.133  15.286  17.513 0.0000000000
104916  47.032  15.332  12.886 0.0000000000
104917  46.682  15.561  12.710 0.0000000000
105627  40.397  16.519  28.189 0.0000000000
105628  40.025  16.777  28.493 0.0000000000
105736  46.908  15.683  12.598 0.0000000000
106457  48.784  18.078  23.236 0.0000000000
106538  47.129  18.429  11.514 0.0000000000
106539  46.951  18.516  11.478 0.0000000000
106540  46.724  18.666  11.520 0.0000000000
106544  47.066  18.654  11.458 0.0000000000
106545  46.903  18.832  11.453 0.0000000000
106546  46.686  18.908  11.527 0.0000000000
107272  48.833  18.322  23.520 0.0000000000
107343  45.743  18.814  19.889 0.0000000000
107416  47.102  19.073  11.381 0.0000000000
107417  46.897  19.054  11.280 0.0000000000
107418  46.644  19.131  11.397 0.0000000000
108111  40.352  18.812  28.409 0.0000000000
108134  43.389  18.826  26.602 0.0000000000
108238  45.560  18.755  18.953 0.0000000000
108247  54.078  19.243  17.817 0.0000000000
108251  50.846  19.920  18.696 0.0000000000
108279  53.442  19.620  16.916 0.0000000000
108303  55.253  20.349  14.893 0.0000000000
108314  48.004  18.840  11.890 0.0000000000
108320  47.353  19.491  11.335 0.0000000000
108321  46.438  19.791  11.720 0.0000000000
108328  47.026  19.575  11.260 0.0000000000
108330  46.427  19.367  11.654 0.0000000000
109210  53.032  19.797  16.562 0.0000000000
109224  55.034  20.047  14.783 0.0000000000
109242  54.819  20.523  14.641 0.0000000000
109270  52.187  20.872  13.124 0.0000000000
109276  46.771  20.336  11.689 0.0000000000
109285  47.144  19.989  11.187 0.0000000000
109286  46.872  19.981  11.269 0.0000000000
110016  43.309  22.024  19.639 0.0000000000
110017  43.083  21.862  20.044 0.0000000000
110064  46.879  21.651  14.536 0.0000000000
110071  54.963  21.004  14.796 0.0000000000
110080  53.732  21.184  13.879 0.0000000000
110088  52.604  21.343  13.031 0.0000000000
110089  52.196  21.179  12.861 0.0000000000
110090  51.557  21.314  12.697 0.0000000000
110091  50.884  21.494  12.572 0.0000000000
110092  50.269  21.646  12.458 0.0000000000
110093  49.797  21.711  12.487 0.0000000000
110095  46.976  20.697  11.790 0.0000000000
110869  49.835  22.586  19.590 0.0000000000
110913  49.195  23.309  16.212 0.0000000000
110927  48.374  22.566  14.917 0.0000000000
110956  52.607  21.670  13.010 0.0000000000
110958  51.556  22.281  13.086 0.0000000000
110961  49.307  22.195  13.203 0.0000000000
110967  52.424  21.460  12.880 0.0000000000
110970  50.878  21.969  12.712 0.0000000000
110972  49.661  22.029  12.706 0.0000000000
111738  48.739  23.286  16.978 0.0000000000
111758  49.406  23.237  15.700 0.0000000000
111770  49.577  23.161  15.540 0.0000000000
